0 0.16904790660225444 0.08911764705882354 0.02461755233494363 0.027551742919389968
0 0.1503623188405797 0.13594771241830064 0.11040056360708535 0.04075980392156862
0 0.24102858293075685 0.11152777777777777 0.017393317230273722 0.01490740740740741
0 0.29432367149758454 0.1060702614379085 0.028856682769726274 0.021228213507625285
0 0.3707628824476651 0.109229302832244 0.044989935587761626 0.027549019607843128
0 0.3987902576489533 0.08509803921568627 0.04419082125603864 0.01496732026143792
0 0.33042069243156197 0.09026960784313726 0.03739130434782604 0.020716230936819156
0 0.45739533011272143 0.08337418300653594 0.04164653784218994 0.017265795206971673
0 0.3752194041867955 0.12991557734204792 0.22462157809983904 0.028695533769063183
0 0.35249798711755237 0.14916666666666667 0.2683615136876007 0.021220043572984754
0 0.3512278582930757 0.1649673202614379 0.03564814814814813 0.018341503267973833
0 0.2930495169082125 0.19082516339869282 0.09510466988727859 0.02867919389978212
0 0.39178341384863125 0.19111383442265795 0.038619162640901795 0.021209150326797415
0 0.43318840579710144 0.1850789760348584 0.03394524959742358 0.018338779956426993
0 0.46206521739130435 0.20433006535947712 0.02290257648953296 0.015460239651416118
0 0.4121678743961353 0.20633986928104575 0.015686392914653798 0.011437908496732025
0 0.2418780193236715 0.20748910675381263 0.034380032206119196 0.014885620915032703
0 0.25461755233494365 0.22673747276688455 0.04287238325281799 0.028099128540305027
0 0.33551529790660223 0.2276007625272331 0.03310185185185181 0.017181372549019587
0 0.38838566827697263 0.22674019607843138 0.04116747181964573 0.016606753812636172
0 0.2495209339774557 0.24800108932461873 0.06750402576489535 0.018899782135076277
0 0.3384883252818035 0.2491503267973856 0.041594202898550696 0.017750544662309384
0 0.4268196457326892 0.24541666666666664 0.11043880837359095 0.01615196078431371
0 0.3329710144927536 0.26983660130718956 0.2412298711755233 0.023627450980392154
0 0.3198047504025765 0.3129330065359477 0.05522745571658613 0.028232570806100237
0 0.362481884057971 0.31034858387799563 0.020831320450885624 0.024210239651416148
0 0.4410446859903382 0.3074754901960784 0.011493558776167544 0.017314814814814793
0 0.4612157809983897 0.306900871459695 0.012769726247987037 0.02190904139433546
0 0.2482487922705314 0.32959967320261435 0.05734702093397748 0.0305337690631808
0 0.4520873590982286 0.3456862745098039 0.06670088566827695 0.027088779956426962
0 0.37140297906602254 0.36522331154684096 0.18135466988727864 0.023646514161220024
0 0.22892713365539452 0.3703948801742919 0.018701690821256008 0.014452614379085012
0 0.28328301127214167 0.38503812636165574 0.038238727858293034 0.017309368191721117
0 0.23168679549114332 0.39135893246187364 0.051400966183574905 0.025354030501089298
0 0.34973832528180354 0.41089324618736384 0.26793880837359096 0.02635620915032685
0 0.35249798711755237 0.43043028322440086 0.2692109500805154 0.02750272331154678
0 0.25886272141706923 0.45197712418300656 0.0904347826086957 0.025773420479302797
0 0.34273349436392914 0.46433278867102395 0.10189613526570045 0.02289760348583876
0 0.339549114331723 0.48960784313725486 0.10996376811594206 0.028651960784313736
0 0.3711855877616747 0.5091448801742919 0.16729267310789053 0.02979847494553379
0 0.3306320450885668 0.5298338779956427 0.0462661030595813 0.02289760348583876
0 0.32468599033816425 0.6694253812636166 0.03947262479871173 0.02064814814814807
0 0.3953925120772947 0.6697140522875817 0.04753623188405794 0.014327342047930194
0 0.45251006441223834 0.6679901960784314 0.041163446054750405 0.01892429193899776
0 0.2401791465378422 0.6858033769063181 0.01909219001610304 0.015473856209150247
0 0.2964472624798712 0.6849400871459694 0.028856682769726274 0.02179466230936812
0 0.37755636070853466 0.6883877995642702 0.06367351046698871 0.022943899782135076
0 0.3692733494363929 0.709074074074074 0.22037439613526574 0.02408769063180823
0 0.33933373590982285 0.7334967320261438 0.2581702898550725 0.0292565359477125
0 0.35823470209339775 0.7461383442265795 0.042866344605475046 0.022355664488017468
0 0.29495974235104666 0.7679738562091504 0.09977455716586148 0.02120098039215696
0 0.38944847020933976 0.7728567538126361 0.03734500805152983 0.021775599128540313
0 0.43106481481481485 0.7696977124183007 0.03734299516908221 0.016604030501089394
0 0.2435768921095008 0.7854983660130719 0.03862721417069245 0.02062363834422646
0 0.41025563607085347 0.7932570806100219 0.013562801932367172 0.016598583877995593
0 0.46185386473429946 0.7946949891067537 0.03272946859903389 0.0196023965141611
0 0.25631843800322063 0.8099237472766885 0.04630636070853466 0.02477668845315892
0 0.33445450885668276 0.8113589324618736 0.0378180354267311 0.020754357298474954
0 0.3852012882447665 0.8099210239651417 0.04079307568438 0.013284313725490127
0 0.23423510466988728 0.8251497821350762 0.04460547504025763 0.024204793028322468
0 0.3395511272141707 0.8308959694989108 0.0378180354267311 0.01730936819172124
0 0.43021336553945255 0.8343436819172113 0.11717793880837361 0.03569989106753817
0 0.30345611916264087 0.853306100217865 0.17710346215780998 0.02650871459694993
0 0.31895330112721415 0.8929547930283224 0.045841384863123946 0.021919934640522817
0 0.362481884057971 0.8978404139433551 0.014838969404186756 0.03054193899782125
0 0.252493961352657 0.9084694989106754 0.07514694041867953 0.026519607843137286
0 0.45293478260869563 0.9386220043572985 0.06749194847020938 0.036266339869281065
0 0.15949476650563607 0.6723066448801743 0.020797101449275348 0.027627995642701474
0 0.13804951690821257 0.7128159041394335 0.10447665056360708 0.03970315904139433
0 0.5330314009661835 0.08114106753812636 0.04009460547504018 0.020021786492374724
0 0.5964673913043478 0.07824346405228758 0.03773752012882439 0.020547385620915036
0 0.6427818035426731 0.08061274509803922 0.03384259259259261 0.026339869281045758
0 0.710499194847021 0.0814025054466231 0.08132045088566828 0.024760348583877993
0 0.5326409017713365 0.10694444444444444 0.04396940418679541 0.01686819172113288
0 0.5799275362318841 0.10404684095860567 0.03267914653784226 0.018444989106753816
0 0.6532850241545893 0.12352941176470589 0.2517854267310789 0.022625272331154696
0 0.6476429146537842 0.14591230936819172 0.2692995169082126 0.027361111111111117
0 0.5365338164251208 0.16671296296296295 0.05175120772946867 0.02998910675381267
0 0.6390821256038648 0.18040305010893248 0.09805958132045085 0.024719498910675375
0 0.6388888888888888 0.2033115468409586 0.10856682769726242 0.026296296296296283
0 0.6406400966183574 0.24280773420479304 0.07392914653784213 0.02312636165577344
0 0.6766384863123993 0.22332244008714597 0.16772141706924312 0.026290849673202603
0 0.8811553945249597 0.3863099128540305 0.050563607085346365 0.018357843137254862
0 0.8496316425120773 0.42554193899782133 0.11750603864734309 0.02835511982570803
0 0.625462962962963 0.38578431372549016 0.042795893719806695 0.018357843137254862
0 0.6896779388083736 0.38525871459694994 0.04279186795491146 0.014144880174291954
0 0.7540881642512077 0.38130718954248366 0.043955314009661815 0.01993736383442267
0 0.5382850241545893 0.40445533769063186 0.01633655394524957 0.013662854030501109
0 0.5949114331723028 0.4007679738562091 0.03540257648953303 0.021034858387799504
0 0.6743035426731079 0.40550925925925924 0.048631239935587836 0.01787581699346402
0 0.6686594202898551 0.4263099128540305 0.23660628019323673 0.027875816993464086
0 0.6274053945249597 0.445531045751634 0.22882648953301116 0.02102668845315905
0 0.6519263285024155 0.4642265795206972 0.0381239935587761 0.01628267973856208
0 0.5851811594202898 0.4842374727668845 0.08054951690821258 0.0236519607843137
0 0.6906501610305958 0.4858169934640523 0.0369545088566828 0.020490196078431312
0 0.7313204508856682 0.4860811546840959 0.033448067632850256 0.016805555555555567
0 0.5388687600644122 0.5037227668845317 0.03384863123993556 0.01732843137254905
0 0.7122504025764895 0.5074074074074074 0.013991545893719851 0.01311274509803924
0 0.7647906602254428 0.5050381263616558 0.03111111111111119 0.023120915032679764
0 0.6328562801932368 0.5274183006535947 0.037347020933977446 0.017322984749455372
0 0.6799476650563607 0.5253131808278867 0.040456924315619924 0.017322984749455372
0 0.5308896940418679 0.5471677559912853 0.03968800322061193 0.022058823529411704
0 0.6289653784219001 0.5476933551198258 0.024893317230273767 0.017845860566448855
0 0.7293739935587762 0.5450599128540305 0.11128623188405795 0.018899782135076277
0 0.6172866344605474 0.569812091503268 0.22026368760064402 0.03153322440087145
0 0.6135909822866344 0.6122031590413944 0.0509681964573269 0.027837690631808347
0 0.6589331723027375 0.6135212418300653 0.01944243156199681 0.028363289760348485
0 0.7389090177133656 0.6074645969498911 0.008929146537842124 0.01309368191721131
0 0.75914653784219 0.608254357298475 0.0058152173913044135 0.016778322440087055
0 0.7762721417069243 0.6098366013071896 0.0034782608695651663 0.007298474945533819
0 0.5388687600644122 0.6282652505446622 0.05408615136876003 0.02098856209150319
0 0.752530193236715 0.6466748366013072 0.06575080515297899 0.023137254901960794
0 0.5277777777777778 0.6716884531590414 0.029569243156199604 0.013126361655773371
0 0.5956904186795491 0.6695806100217865 0.03540257648953303 0.020501089324618665
0 0.6379166666666667 0.6727423747276688 0.042793880837359174 0.02681917211328964
0 0.7122504025764895 0.6687908496732027 0.08248792270531405 0.02102668845315905
0 0.5310849436392915 0.6919635076252723 0.04941626409017713 0.027342047930283126
0 0.5760366344605475 0.689330065359477 0.03812801932367151 0.02207516339869292
0 0.6527012882447665 0.713818082788671 0.26618558776167467 0.02891884531590403
0 0.5849859098228664 0.7314596949891068 0.14709943639291465 0.014694989106753823
0 0.6256561996779388 0.748047385620915 0.09300120772946854 0.025748910675381313
0 0.6215700483091787 0.7722712418300655 0.10817834138486318 0.026797385620914934
0 0.677999194847021 0.7891230936819171 0.19224033816425123 0.021527777777777826
0 0.625072463768116 0.8133469498910676 0.038126006441223804 0.019417211328976083