0 0.36484375 0.07421875 0.1546875 0.1484375
0 0.52109375 0.07109375 0.1234375 0.0890625
0 0.67890625 0.08359375 0.1734375 0.09375
0 0.34296875 0.14375 0.0859375 0.0796875
0 0.4640625 0.175 0.14375 0.1046875
0 0.5578125 0.17421875 0.053125 0.0421875
0 0.6203125 0.18046875 0.065625 0.0484375
0 0.67421875 0.17734375 0.059375 0.06875
0 0.77109375 0.209375 0.1078125 0.10625
0 0.38828125 0.23515625 0.178125 0.10625
0 0.56171875 0.246875 0.140625 0.096875
0 0.665625 0.25390625 0.0328125 0.0484375
0 0.7171875 0.24765625 0.0515625 0.0625
0 0.7765625 0.25 0.0703125 0.0734375
0 0.3484375 0.26484375 0.09375 0.0921875
0 0.44375 0.29765625 0.090625 0.05
0 0.5421875 0.3 0.059375 0.06875
0 0.60625 0.303125 0.0578125 0.0546875
0 0.69375 0.32265625 0.11875 0.090625
0 0.33046875 0.34765625 0.0796875 0.059375
0 0.42421875 0.3546875 0.0578125 0.046875
0 0.51015625 0.353125 0.1125 0.0734375
0 0.6484375 0.3828125 0.1625 0.10625
0 0.32734375 0.43125 0.1046875 0.071875
0 0.64375 0.51796875 0.065625 0.053125
0 0.7171875 0.525 0.078125 0.075
0 0.765625 0.52734375 0.0328125 0.0515625
0 0.3265625 0.571875 0.1125 0.0875
0 0.43359375 0.5734375 0.0421875 0.0515625
0 0.51796875 0.57265625 0.0296875 0.053125
0 0.5953125 0.5796875 0.0390625 0.0515625
0 0.66171875 0.57734375 0.053125 0.0640625
0 0.72421875 0.59453125 0.15625 0.0828125
0 0.690625 0.6453125 0.0640625 0.0578125
0 0.73671875 0.6453125 0.025 0.0328125
0 0.7921875 0.64296875 0.0609375 0.04375
0 0.31015625 0.64921875 0.10625 0.084375
0 0.715625 0.69609375 0.125 0.1046875
0 0.65546875 0.7421875 0.0765625 0.05
0 0.71796875 0.7671875 0.0421875 0.078125
0 0.7609375 0.7484375 0.0375 0.0609375
0 0.26953125 0.7640625 0.0765625 0.0609375
0 0.340625 0.7875 0.0625 0.075
0 0.4390625 0.77890625 0.1 0.0625
0 0.540625 0.7875 0.0890625 0.0453125
0 0.33984375 0.84140625 0.1734375 0.13125
0 0.46875 0.83984375 0.0390625 0.04375
0 0.5671875 0.8546875 0.13125 0.09375
0 0.66171875 0.84453125 0.046875 0.0640625
0 0.70859375 0.8671875 0.0375 0.059375
0 0.38046875 0.88125 0.0734375 0.0515625
0 0.48671875 0.90390625 0.134375 0.075