0 0.15 0.228125 0.1546875 0.1234375
0 0.33125 0.215625 0.18125 0.10625
0 0.484375 0.23515625 0.0671875 0.0875
0 0.5703125 0.20078125 0.0640625 0.05625
0 0.72109375 0.18125 0.2140625 0.15625
0 0.1421875 0.4125 0.1125 0.1109375
0 0.265625 0.3953125 0.11875 0.1078125
0 0.3953125 0.39765625 0.08125 0.096875
0 0.5375 0.41640625 0.1890625 0.1890625
0 0.68828125 0.3859375 0.1359375 0.1703125
0 0.803125 0.37265625 0.0765625 0.075
0 0.8984375 0.35390625 0.090625 0.0703125
0 0.165625 0.54375 0.1046875 0.1078125
0 0.26015625 0.54296875 0.0375 0.0609375
0 0.321875 0.54375 0.028125 0.0484375
0 0.42421875 0.51875 0.134375 0.0953125
0 0.615625 0.52109375 0.19375 0.125
0 0.74609375 0.51171875 0.0296875 0.0359375
0 0.8328125 0.49765625 0.1046875 0.0765625
0 0.946875 0.4984375 0.10625 0.10625
0 0.23828125 0.7234375 0.184375 0.1234375
0 0.36484375 0.71328125 0.0265625 0.0421875
0 0.4640625 0.71328125 0.1359375 0.13125
0 0.6265625 0.72421875 0.134375 0.1109375
0 0.72734375 0.69765625 0.0609375 0.0921875
0 0.82109375 0.71796875 0.1 0.146875
0 0.928125 0.69765625 0.1125 0.140625
0 0.26015625 0.86953125 0.171875 0.1171875
0 0.46640625 0.88828125 0.2109375 0.1828125