0 0.34296875 0.02109375 0.2828125 0.0421875
0 0.2515625 0.06328125 0.0890625 0.0375
0 0.4234375 0.0703125 0.165625 0.0421875
0 0.1125 0.0953125 0.128125 0.0515625
0 0.27265625 0.13046875 0.2078125 0.065625
0 0.1359375 0.15546875 0.0921875 0.0359375
0 0.11640625 0.125 0.05625 0.0390625
0 0.11328125 0.23671875 0.1796875 0.0546875
0 0.19140625 0.27109375 0.2078125 0.0609375
0 0.4515625 0.2859375 0.3 0.078125
0 0.0578125 0.2796875 0.08125 0.0359375
0 0.20234375 0.31015625 0.1625 0.0546875
0 0.1515625 0.35078125 0.01875 0.0078125
0 0.24140625 0.3515625 0.0953125 0.0375
0 0.509375 0.46171875 0.0328125 0.0140625
0 0.0828125 0.465625 0.128125 0.040625
0 0.2109375 0.48359375 0.1 0.028125
0 0.33515625 0.49765625 0.1078125 0.034375
0 0.46328125 0.509375 0.1515625 0.0390625
0 0.04765625 0.5015625 0.0375 0.028125
0 0.20078125 0.525 0.159375 0.0421875
0 0.32578125 0.52890625 0.1484375 0.0484375
0 0.046875 0.56328125 0.0296875 0.028125
0 0.17890625 0.57734375 0.09375 0.046875
0 0.26171875 0.57734375 0.0453125 0.028125
0 0.3640625 0.59296875 0.1234375 0.05
0 0.2015625 0.39375 0.1640625 0.040625
0 0.18515625 0.43671875 0.1359375 0.04375
0 0.3 0.44375 0.034375 0.0296875
0 0.37578125 0.45078125 0.034375 0.0296875
0 0.446875 0.45859375 0.0703125 0.0390625
0 0.5921875 0.4625 0.1203125 0.059375
0 0.7078125 0.48515625 0.1234375 0.0703125
0 0.8171875 0.5015625 0.0734375 0.0375
0 0.61875 0.60546875 0.3109375 0.078125
0 0.80625 0.62890625 0.0515625 0.034375
0 0.5390625 0.640625 0.2265625 0.059375