0 0.04296875 0.2484375 0.0859375 0.06875
0 0.15625 0.23359375 0.1203125 0.1140625
0 0.2296875 0.2015625 0.0203125 0.0296875
0 0.3140625 0.19921875 0.15 0.128125
0 0.05078125 0.346875 0.08125 0.0765625
0 0.1328125 0.32265625 0.090625 0.0640625
0 0.228125 0.3 0.0890625 0.05
0 0.3015625 0.29296875 0.03125 0.021875
0 0.3875 0.27890625 0.1140625 0.1015625
0 0.534375 0.25 0.1984375 0.1390625
0 0.6984375 0.2140625 0.2 0.1296875
0 0.82109375 0.1765625 0.0484375 0.046875
0 0.059375 0.4265625 0.08125 0.053125
0 0.13046875 0.42578125 0.0609375 0.08125
0 0.2515625 0.403125 0.1765625 0.125
0 0.37109375 0.3640625 0.0671875 0.0421875
0 0.41796875 0.3484375 0.0453125 0.0546875
0 0.48125 0.340625 0.0640625 0.075
0 0.56953125 0.3296875 0.0984375 0.0765625
0 0.63125 0.31875 0.040625 0.078125
0 0.68671875 0.2890625 0.06875 0.08125
0 0.73125 0.28671875 0.009375 0.009375
0 0.0625 0.52890625 0.065625 0.090625
0 0.15390625 0.5140625 0.1109375 0.0859375
0 0.30703125 0.49375 0.184375 0.16875
0 0.44765625 0.44140625 0.090625 0.0609375
0 0.55 0.4203125 0.1 0.059375
0 0.6296875 0.40546875 0.025 0.028125
0 0.72109375 0.3890625 0.1171875 0.096875
0 0.85703125 0.35546875 0.1578125 0.1015625
0 0.11796875 0.65625 0.109375 0.096875
0 0.265625 0.603125 0.1578125 0.0765625
0 0.41484375 0.5796875 0.1265625 0.0765625
0 0.5625 0.54375 0.1609375 0.078125
0 0.7546875 0.50546875 0.215625 0.11875
0 0.8578125 0.46875 0.0765625 0.1046875
0 0.92578125 0.46328125 0.1140625 0.0796875
0 0.09921875 0.75390625 0.0671875 0.0890625
0 0.17890625 0.73515625 0.0984375 0.1328125
0 0.37265625 0.74609375 0.1546875 0.1109375
0 0.484375 0.7046875 0.078125 0.0625
0 0.54609375 0.684375 0.040625 0.05
0 0.61796875 0.69453125 0.0875 0.0859375
0 0.6984375 0.6328125 0.0984375 0.071875
0 0.75546875 0.7109375 0.2453125 0.125
0 0.92421875 0.63828125 0.115625 0.075
0 0.77109375 0.74375 0.0625 0.06875
0 0.796875 0.74765625 0.0546875 0.053125
0 0.8234375 0.7453125 0.0359375 0.053125
0 0.9890625 0.6421875 0.021875 0.059375
0 0.95703125 0.70390625 0.0859375 0.0859375