0 0.78515625 0.11328125 0.0359375 0.0265625
0 0.90546875 0.1390625 0.034375 0.0234375
0 0.2359375 0.015625 0.0625 0.03125
0 0.27890625 0.0296875 0.0171875 0.015625
0 0.37265625 0.05 0.0671875 0.0359375
0 0.48515625 0.0765625 0.159375 0.0546875
0 0.7734375 0.14296875 0.128125 0.05
0 0.4328125 0.09921875 0.103125 0.0421875
0 0.52421875 0.11953125 0.0640625 0.034375
0 0.628125 0.146875 0.1453125 0.0515625
0 0.89375 0.20234375 0.0984375 0.046875
0 0.44296875 0.134375 0.1296875 0.0484375
0 0.553125 0.1640625 0.06875 0.0375
0 0.90390625 0.24296875 0.140625 0.059375
0 0.1765625 0.14921875 0.071875 0.034375
0 0.2265625 0.165625 0.0265625 0.0171875
0 0.35859375 0.1953125 0.1109375 0.05625
0 0.46796875 0.21484375 0.0765625 0.0421875
0 0.57890625 0.23984375 0.140625 0.05
0 0.75078125 0.28515625 0.0953125 0.0453125
0 0.40703125 0.24140625 0.065625 0.034375
0 0.89609375 0.35390625 0.1109375 0.053125
0 0.12578125 0.2546875 0.065625 0.040625
0 0.171875 0.26875 0.021875 0.01875
0 0.34140625 0.303125 0.071875 0.0375
0 0.440625 0.3265625 0.1296875 0.0515625
0 0.7296875 0.39609375 0.109375 0.05
0 0.3671875 0.35 0.06875 0.040625
0 0.46953125 0.371875 0.13125 0.053125
0 0.58515625 0.41015625 0.0984375 0.046875
0 0.88984375 0.46953125 0.1203125 0.0515625
0 0.52890625 0.43046875 0.3109375 0.09375
0 0.70234375 0.46796875 0.0453125 0.0265625
0 0.09140625 0.41640625 0.0875 0.0484375
0 0.14921875 0.43125 0.0359375 0.03125
0 0.05546875 0.553125 0.0921875 0.0671875
0 0.115625 0.5578125 0.0234375 0.0203125
0 0.27734375 0.59375 0.0859375 0.04375
0 0.40703125 0.6234375 0.1421875 0.0546875
0 0.54765625 0.6609375 0.1125 0.0546875
0 0.6984375 0.6828125 0.1125 0.0484375
0 0.3484375 0.65703125 0.090625 0.046875
0 0.86640625 0.75625 0.1109375 0.05
0 0.01640625 0.6828125 0.0328125 0.05
0 0.0515625 0.69921875 0.03125 0.0234375
0 0.26328125 0.740625 0.078125 0.0421875
0 0.39609375 0.76875 0.18125 0.0671875
0 0.678125 0.81875 0.128125 0.0578125
0 0.32578125 0.81015625 0.140625 0.075
0 0.44375 0.8265625 0.0828125 0.040625
0 0.575 0.8515625 0.175 0.0765625
0 0.8421875 0.9015625 0.134375 0.071875
0 0.29765625 0.84609375 0.0765625 0.046875
0 0.35859375 0.8609375 0.0359375 0.03125
0 0.44609375 0.88515625 0.1375 0.0671875
0 0.83515625 0.95078125 0.1234375 0.0640625
0 0.571875 0.91171875 0.1265625 0.0734375
0 0.678125 0.91953125 0.078125 0.0421875
0 0.60078125 0.175 0.0390625 0.0265625
0 0.6671875 0.19453125 0.09375 0.05