0 0.00625 0.28203125 0.0125 0.0171875
0 0.06640625 0.26640625 0.0734375 0.0296875
0 0.1125 0.25625 0.01875 0.015625
0 0.14140625 0.2484375 0.0390625 0.0203125
0 0.109375 0.28203125 0.08125 0.0328125
0 0.15546875 0.2703125 0.0171875 0.0140625
0 0.18046875 0.26328125 0.03125 0.01875
0 0.20546875 0.25703125 0.0171875 0.0140625
0 0.221875 0.25234375 0.021875 0.01875
0 0.25703125 0.24609375 0.0484375 0.0234375
0 0.28984375 0.2390625 0.025 0.015625
0 0.3078125 0.23359375 0.0171875 0.0140625
0 0.34375 0.22421875 0.0578125 0.025
0 0.3828125 0.215625 0.01875 0.0140625
0 0.4359375 0.20625 0.0875 0.0359375
0 0.5171875 0.1875 0.071875 0.0296875
0 0.1796875 0.2875 0.0359375 0.0171875
0 0.2234375 0.27734375 0.0546875 0.025
0 0.25625 0.2703125 0.009375 0.0078125
0 0.26640625 0.26875 0.0109375 0.009375
0 0.10234375 0.328125 0.04375 0.025
0 0.19453125 0.30546875 0.065625 0.0265625
0 0.24609375 0.29375 0.034375 0.01875
0 0.1078125 0.3484375 0.0453125 0.0234375
0 0.20234375 0.32578125 0.0734375 0.03125
0 0.2546875 0.3125 0.034375 0.0203125
0 0.346875 0.24765625 0.0359375 0.0203125
0 0.39296875 0.23671875 0.0546875 0.0234375
0 0.4265625 0.2296875 0.0140625 0.009375
0 0.4375 0.228125 0.009375 0.009375
0 0.37578125 0.26484375 0.075 0.03125
0 0.43046875 0.2515625 0.034375 0.01875
0 0.37421875 0.28515625 0.059375 0.025
0 0.4203125 0.27578125 0.03125 0.01875
0 0.03125 0.41015625 0.0171875 0.0140625
0 0.128125 0.38984375 0.1421875 0.053125
0 0.24453125 0.3640625 0.09375 0.0375
0 0.3 0.34921875 0.0203125 0.015625
0 0.33125 0.3421875 0.0375 0.01875
0 0.38359375 0.33046875 0.0640625 0.025
0 0.0859375 0.42109375 0.0453125 0.01875
0 0.11875 0.4125 0.0203125 0.0140625
0 0.15 0.40703125 0.034375 0.01875
0 0.18984375 0.3984375 0.04375 0.0171875
0 0.234375 0.38671875 0.0453125 0.021875
0 0.2671875 0.38046875 0.015625 0.0109375
0 0.29140625 0.3734375 0.0296875 0.0171875
0 0.32421875 0.36640625 0.03125 0.01875
0 0.36484375 0.359375 0.0484375 0.0203125
0 0.42734375 0.3453125 0.0734375 0.0265625
0 0.48359375 0.3328125 0.0453125 0.025
0 0.528125 0.325 0.034375 0.0203125
0 0.5671875 0.3125 0.053125 0.025
0 0.6046875 0.30390625 0.01875 0.015625
0 0.63125 0.29765625 0.0328125 0.01875
0 0.69609375 0.28359375 0.1 0.0375
0 0.7875 0.26015625 0.084375 0.0296875
0 0.85390625 0.246875 0.0453125 0.021875
0 0.8828125 0.240625 0.021875 0.01875
0 0.128125 0.43203125 0.0359375 0.01875
0 0.24140625 0.40546875 0.1921875 0.059375
0 0.11640625 0.459375 0.0453125 0.0265625
0 0.1453125 0.45 0.0203125 0.015625
0 0.16875 0.446875 0.0234375 0.0140625
0 0.20078125 0.43828125 0.0359375 0.0203125
0 0.23828125 0.43046875 0.03125 0.01875
0 0.30625 0.4171875 0.103125 0.0375
0 0.096875 0.484375 0.021875 0.0140625
0 0.13828125 0.47421875 0.05 0.021875
0 0.1796875 0.465625 0.03125 0.01875
0 0.23515625 0.45703125 0.0828125 0.0375
0 0.3125 0.43515625 0.0765625 0.0296875
0 0.37265625 0.42109375 0.046875 0.021875
0 0.4265625 0.41171875 0.0625 0.028125
0 0.09921875 0.5078125 0.01875 0.0125
0 0.14609375 0.4953125 0.0515625 0.0234375
0 0.18828125 0.4859375 0.0328125 0.01875
0 0.234375 0.47734375 0.0609375 0.028125
0 0.309375 0.459375 0.0875 0.03125
0 0.37578125 0.44375 0.0484375 0.021875
0 0.43203125 0.4328125 0.0671875 0.0296875
0 0.484375 0.41953125 0.04375 0.0203125
0 0.55078125 0.4046875 0.0828125 0.03125
0 0.1015625 0.52890625 0.021875 0.0140625
0 0.13984375 0.51953125 0.0328125 0.0171875
0 0.17109375 0.5125 0.0296875 0.0171875
0 0.19921875 0.5078125 0.021875 0.0125
0 0.2515625 0.49609375 0.0828125 0.034375
0 0.33046875 0.478125 0.0734375 0.0296875
0 0.40234375 0.46328125 0.06875 0.028125
0 0.4578125 0.44921875 0.046875 0.0234375
0 0.4984375 0.43984375 0.0328125 0.01875
0 0.56328125 0.42734375 0.0953125 0.0375
0 0.065625 0.58203125 0.0171875 0.0140625
0 0.12890625 0.565625 0.0546875 0.025
0 0.20625 0.55 0.0984375 0.034375
0 0.27578125 0.53359375 0.04375 0.0203125
0 0.30078125 0.52734375 0.0109375 0.0109375
0 0.34140625 0.52109375 0.0671875 0.0296875
0 0.39375 0.5078125 0.0421875 0.01875
0 0.42265625 0.503125 0.021875 0.0171875
0 0.47734375 0.48984375 0.090625 0.03125
0 0.534375 0.478125 0.0203125 0.0109375
0 0.56015625 0.471875 0.0296875 0.0171875
0 0.603125 0.4640625 0.059375 0.025
0 0.65390625 0.44921875 0.05 0.021875
0 0.68984375 0.44296875 0.0203125 0.015625
0 0.71484375 0.43671875 0.03125 0.01875
0 0.7796875 0.42265625 0.096875 0.0359375
0 0.86875 0.40546875 0.08125 0.03125
0 0.2296875 0.5703125 0.2125 0.0765625
0 0.2515625 0.58046875 0.0125 0.0078125
0 0.259375 0.5859375 0.0703125 0.0265625
0 0.725 0.4453125 0.0125 0.0109375
0 0.7765625 0.4453125 0.059375 0.0234375
0 0.82578125 0.4359375 0.0390625 0.015625
0 0.85390625 0.428125 0.028125 0.01875
0 0.8875 0.42109375 0.0328125 0.021875
0 0.64921875 0.5 0.0140625 0.0109375
0 0.73125 0.478125 0.01875 0.0109375
0 0.1265625 0.63203125 0.034375 0.0203125
0 0.14375 0.6296875 0.0171875 0.01875
0 0.15625 0.6265625 0.0125 0.0078125
0 0.17109375 0.62265625 0.0140625 0.0125
0 0.18828125 0.62109375 0.021875 0.015625
0 0.2125 0.615625 0.0265625 0.015625
0 0.2328125 0.609375 0.01875 0.015625
0 0.2671875 0.6 0.053125 0.0234375
0 0.3125 0.5921875 0.0359375 0.0203125
0 0.33828125 0.584375 0.0140625 0.0078125
0 0.38984375 0.5734375 0.090625 0.034375
0 0.43828125 0.5625 0.0140625 0.0125
0 0.4609375 0.5578125 0.034375 0.01875
0 0.496875 0.54921875 0.0453125 0.021875
0 0.54609375 0.5390625 0.0578125 0.025
0 0.61328125 0.52421875 0.078125 0.028125
0 0.721875 0.49296875 0.0125 0.0109375
0 0.78125 0.4890625 0.0421875 0.01875
0 0.821875 0.48125 0.021875 0.0140625
0 0.85546875 0.4734375 0.0328125 0.01875
0 0.69609375 0.5296875 0.015625 0.009375
0 0.746875 0.51640625 0.0171875 0.0109375
0 0.8015625 0.5046875 0.06875 0.025
0 0.878125 0.48984375 0.084375 0.0375
0 0.95859375 0.471875 0.0828125 0.034375
0 0.12578125 0.6546875 0.025 0.0171875
0 0.1515625 0.6515625 0.0296875 0.01875
0 0.17734375 0.64375 0.021875 0.015625
0 0.19375 0.63984375 0.0140625 0.0140625
0 0.215625 0.634375 0.0296875 0.015625
0 0.23828125 0.63046875 0.015625 0.0125
0 0.27578125 0.62421875 0.0625 0.028125
0 0.3234375 0.61171875 0.04375 0.0234375
0 0.37890625 0.6015625 0.071875 0.0296875
0 0.42578125 0.58984375 0.0203125 0.0140625
0 0.44609375 0.584375 0.021875 0.0125
0 0.46640625 0.57890625 0.0234375 0.015625
0 0.50234375 0.57109375 0.0453125 0.021875
0 0.56875 0.55703125 0.0921875 0.0375
0 0.10234375 0.68515625 0.01875 0.0140625
0 0.175 0.66640625 0.1140625 0.040625
0 0.2421875 0.6515625 0.0203125 0.015625
0 0.2671875 0.64609375 0.03125 0.015625
0 0.32890625 0.63203125 0.090625 0.0328125
0 0.140625 0.696875 0.01875 0.0109375
0 0.17109375 0.68828125 0.0359375 0.0203125
0 0.21484375 0.6796875 0.0515625 0.0296875
0 0.25390625 0.6703125 0.0296875 0.01875
0 0.27890625 0.66328125 0.03125 0.01875
0 0.32109375 0.65703125 0.0515625 0.025
0 0.353125 0.64765625 0.0140625 0.0140625
0 0.37578125 0.6421875 0.0328125 0.01875
0 0.425 0.63203125 0.0671875 0.025
0 0.1421875 0.71875 0.0203125 0.0125
0 0.17578125 0.709375 0.0328125 0.01875
0 0.2140625 0.70234375 0.04375 0.0171875
0 0.26953125 0.68828125 0.075 0.028125
0 0.328125 0.67421875 0.0515625 0.021875
0 0.3625 0.66796875 0.015625 0.0125
0 0.38125 0.66328125 0.01875 0.0140625
0 0.40546875 0.66015625 0.028125 0.0203125
0 0.43515625 0.65234375 0.034375 0.01875
0 0.4828125 0.6421875 0.0609375 0.0234375
0 0.52265625 0.6328125 0.0171875 0.015625
0 0.54921875 0.62734375 0.034375 0.01875
0 0.58515625 0.61875 0.0453125 0.03125
0 0.146875 0.7390625 0.021875 0.0140625
0 0.17890625 0.73125 0.0359375 0.01875
0 0.2265625 0.72265625 0.0609375 0.03125
0 0.26640625 0.7109375 0.03125 0.0171875
0 0.325 0.69609375 0.0890625 0.0328125
0 0.40546875 0.678125 0.071875 0.0296875
0 0.45078125 0.671875 0.021875 0.01875
0 0.478125 0.6625 0.03125 0.01875
0 0.52265625 0.65390625 0.0546875 0.025
0 0.5953125 0.640625 0.0984375 0.0375
0 0.68203125 0.6203125 0.0734375 0.028125
0 0.15 0.7609375 0.025 0.0140625
0 0.1859375 0.753125 0.0234375 0.0140625
0 0.11875 0.81171875 0.0203125 0.0140625
0 0.19375 0.7953125 0.0953125 0.0359375
0 0.25546875 0.77890625 0.025 0.01875
0 0.12265625 0.82578125 0.0296875 0.01875
0 0.1765625 0.8203125 0.053125 0.025
0 0.21875 0.809375 0.0421875 0.021875
0 0.2921875 0.79453125 0.103125 0.0359375
0 0.35078125 0.7796875 0.0125 0.0078125
0 0.41171875 0.76484375 0.109375 0.0390625
0 0.47109375 0.753125 0.0125 0.009375
0 0.53515625 0.74140625 0.1109375 0.0421875
0 0.190625 0.83984375 0.075 0.028125
0 0.2390625 0.82890625 0.0203125 0.0109375
0 0.28125 0.8171875 0.0640625 0.025
0 0.34921875 0.8015625 0.071875 0.028125
0 0.39453125 0.79375 0.0203125 0.0171875
0 0.4140625 0.7875 0.0203125 0.015625
0 0.43203125 0.784375 0.015625 0.0125
0 0.4671875 0.775 0.05625 0.0265625
0 0.53671875 0.76328125 0.075 0.034375
0 0.58203125 0.753125 0.021875 0.0109375
0 0.61484375 0.74375 0.040625 0.0203125
0 0.66328125 0.73359375 0.0578125 0.025
0 0.709375 0.72421875 0.0265625 0.015625
0 0.740625 0.71796875 0.025 0.0140625
0 0.7609375 0.71171875 0.0203125 0.015625
0 0.80390625 0.703125 0.059375 0.0234375
0 0.353125 0.8234375 0.271875 0.0859375
0 0.17578125 0.884375 0.028125 0.0171875
0 0.221875 0.87265625 0.065625 0.0265625
0 0.2921875 0.8578125 0.075 0.028125
0 0.33984375 0.8484375 0.021875 0.01875
0 0.3625 0.84140625 0.0203125 0.015625
0 0.38203125 0.83671875 0.0203125 0.015625
0 0.40703125 0.8328125 0.03125 0.0171875
0 0.4421875 0.82578125 0.034375 0.0171875
0 0.48515625 0.81484375 0.05 0.0234375
0 0.52265625 0.80703125 0.028125 0.01875
0 0.3578125 0.87265625 0.3 0.1
0 0.1875 0.94765625 0.0265625 0.01875
0 0.225 0.9390625 0.05 0.0234375
0 0.2625 0.93125 0.021875 0.0140625
0 0.30859375 0.91953125 0.06875 0.0265625
0 0.3484375 0.9109375 0.021875 0.01875
0 0.3734375 0.90546875 0.0296875 0.015625
0 0.41953125 0.89453125 0.0625 0.025
0 0.46015625 0.88671875 0.0203125 0.015625
0 0.48671875 0.88125 0.0296875 0.0171875
0 0.51640625 0.8765625 0.03125 0.015625
0 0.571875 0.8625 0.075 0.028125
0 0.6171875 0.85234375 0.01875 0.0140625
0 0.640625 0.84765625 0.03125 0.01875
0 0.67421875 0.840625 0.034375 0.0171875
0 0.71953125 0.83203125 0.0515625 0.0234375
0 0.76171875 0.821875 0.025 0.0140625
0 0.8 0.815625 0.0484375 0.025
0 0.8546875 0.803125 0.0609375 0.028125
0 0.8953125 0.7921875 0.021875 0.01875
0 0.92734375 0.7859375 0.0421875 0.021875
0 0.959375 0.77734375 0.0234375 0.021875