0 0.1796875 0.2203125 0.2375 0.1203125
0 0.3625 0.20625 0.103125 0.0671875
0 0.4875 0.1671875 0.0640625 0.0484375
0 0.5859375 0.16484375 0.034375 0.028125
0 0.21171875 0.34609375 0.275 0.1421875
0 0.49296875 0.2828125 0.20625 0.0828125
0 0.6890625 0.25859375 0.0734375 0.0375
0 0.79765625 0.2484375 0.0921875 0.0296875
0 0.1390625 0.44375 0.15625 0.084375
0 0.44296875 0.4171875 0.3203125 0.1421875
0 0.6984375 0.378125 0.221875 0.1234375
0 0.15 0.5421875 0.109375 0.0640625
0 0.2703125 0.5546875 0.115625 0.075
0 0.4765625 0.53671875 0.29375 0.128125