0 0.621875 0.05 0.1125 0.075
0 0.73125 0.0296875 0.11875 0.059375
0 0.321875 0.178125 0.1578125 0.1578125
0 0.4828125 0.1953125 0.153125 0.1421875
0 0.5828125 0.14921875 0.034375 0.03125
0 0.65 0.12890625 0.1234375 0.0859375
0 0.7828125 0.103125 0.11875 0.10625
0 0.4234375 0.38828125 0.14375 0.0546875
0 0.5125 0.37421875 0.03125 0.0234375
0 0.56953125 0.3625 0.08125 0.0515625
0 0.64140625 0.3609375 0.0609375 0.0546875
0 0.6953125 0.3359375 0.0625 0.0453125
0 0.753125 0.31953125 0.0578125 0.040625
0 0.8046875 0.3140625 0.0640625 0.046875
0 0.45859375 0.4375 0.0140625 0.025
0 0.521875 0.42578125 0.1171875 0.0609375
0 0.5953125 0.41171875 0.03125 0.0234375
0 0.684375 0.390625 0.1421875 0.0546875
0 0.48046875 0.5421875 0.1171875 0.053125
0 0.5921875 0.521875 0.109375 0.065625
0 0.6703125 0.50546875 0.0484375 0.0359375
0 0.7203125 0.4953125 0.0515625 0.034375
0 0.78984375 0.4796875 0.0859375 0.04375
0 0.540625 0.5875 0.0421875 0.034375
0 0.58046875 0.5796875 0.0421875 0.034375
0 0.65234375 0.56953125 0.09375 0.053125
0 0.728125 0.54921875 0.05625 0.0375
0 0.44140625 0.68125 0.1140625 0.071875
0 0.571875 0.64296875 0.096875 0.0921875
0 0.6515625 0.6296875 0.05625 0.0546875
0 0.7390625 0.63125 0.1 0.103125
0 0.84609375 0.5953125 0.09375 0.084375
0 0.41484375 0.77421875 0.115625 0.125
0 0.54921875 0.75 0.109375 0.084375
0 0.71171875 0.71328125 0.2 0.10625
0 0.86796875 0.6734375 0.1265625 0.0859375
0 0.42265625 0.81328125 0.090625 0.071875
0 0.51640625 0.80859375 0.0859375 0.1078125
0 0.6328125 0.78046875 0.140625 0.1015625
0 0.753125 0.71796875 0.15 0.1078125
0 0.603125 0.81953125 0.234375 0.14375
0 0.77265625 0.8 0.1265625 0.090625
0 0.91328125 0.76640625 0.1734375 0.1171875
0 0.5109375 0.92890625 0.1625 0.1125
0 0.62421875 0.8859375 0.0421875 0.0359375
0 0.71875 0.8578125 0.1421875 0.0984375