0 0.70625 0.06015625 0.1375 0.05625
0 0.478125 0.0984375 0.2640625 0.1390625
0 0.6828125 0.12734375 0.109375 0.0515625
0 0.82265625 0.16953125 0.140625 0.06875
0 0.37265625 0.13828125 0.3 0.1015625
0 0.54375 0.18125 0.0265625 0.0375
0 0.62109375 0.2015625 0.0859375 0.040625
0 0.78125 0.24765625 0.228125 0.09375
0 0.93515625 0.26171875 0.05 0.0265625
0 0.9796875 0.2703125 0.040625 0.0375
0 0.221875 0.15234375 0.1421875 0.05
0 0.39296875 0.19921875 0.1375 0.04375
0 0.49921875 0.2171875 0.05625 0.0359375
0 0.64375 0.24609375 0.1734375 0.0625
0 0.74609375 0.2703125 0.021875 0.0328125
0 0.86484375 0.2875 0.1546875 0.05625
0 0.2609375 0.2109375 0.1453125 0.0578125
0 0.3875 0.23671875 0.053125 0.03125
0 0.575 0.27734375 0.2421875 0.065625
0 0.8578125 0.32578125 0.0265625 0.025
0 0.28359375 0.27578125 0.18125 0.0953125
0 0.43359375 0.29375 0.0546875 0.028125
0 0.54140625 0.3140625 0.1125 0.046875
0 0.69296875 0.3609375 0.1453125 0.078125
0 0.88515625 0.37890625 0.034375 0.028125
0 0.8796875 0.43984375 0.2265625 0.1
0 0.73046875 0.396875 0.0625 0.028125
0 0.6 0.3734375 0.14375 0.0515625
0 0.45546875 0.34609375 0.0796875 0.0359375
0 0.26171875 0.31328125 0.246875 0.09375
0 0.15703125 0.33359375 0.065625 0.03125
0 0.25703125 0.34765625 0.1 0.0421875
0 0.44453125 0.38359375 0.25 0.075
0 0.7453125 0.434375 0.0515625 0.046875
0 0.2671875 0.3921875 0.29375 0.090625
0 0.71171875 0.475 0.0171875 0.0265625
0 0.7765625 0.52578125 0.0296875 0.028125
0 0.47421875 0.48359375 0.18125 0.05625
0 0.24140625 0.43984375 0.2609375 0.0796875
0 0.19375 0.48515625 0.1765625 0.109375
0 0.434375 0.53125 0.296875 0.115625
0 0.66875 0.575 0.15 0.0734375
0 0.8078125 0.58046875 0.0296875 0.0328125
0 0.8078125 0.63203125 0.040625 0.0359375
0 0.60703125 0.61796875 0.1734375 0.0984375
0 0.47421875 0.57421875 0.0765625 0.0359375
0 0.38125 0.559375 0.0453125 0.0234375
0 0.2359375 0.54140625 0.228125 0.084375
0 0.240625 0.59296875 0.25 0.1015625
0 0.25078125 0.62421875 0.334375 0.096875
0 0.55078125 0.03125 0.1578125 0.0625