0 0.040625 0.07890625 0.0265625 0.0234375
0 0.125 0.071875 0.134375 0.0375
0 0.22421875 0.0734375 0.046875 0.0234375
0 0.2828125 0.06484375 0.0734375 0.0359375
0 0.3375 0.0640625 0.03125 0.0359375
0 0.40546875 0.06171875 0.0125 0.021875
0 0.44375 0.0578125 0.0625 0.0375
0 0.48515625 0.0578125 0.025 0.025
0 0.553125 0.053125 0.10625 0.0421875
0 0.625 0.0484375 0.0390625 0.025
0 0.66015625 0.04296875 0.0375 0.0328125
0 0.72265625 0.04296875 0.09375 0.040625
0 0.79765625 0.03984375 0.0578125 0.040625
0 0.84296875 0.03515625 0.0390625 0.03125
0 0.10546875 0.1171875 0.0953125 0.0375
0 0.175 0.10703125 0.0375 0.0375
0 0.27578125 0.1078125 0.0609375 0.0296875
0 0.37109375 0.18359375 0.0234375 0.04375
0 0.48046875 0.184375 0.096875 0.0796875
0 0.378125 0.06328125 0.0421875 0.0359375
0 0.22109375 0.1046875 0.0515625 0.0296875
0 0.31640625 0.10078125 0.0203125 0.0234375
0 0.38515625 0.09765625 0.1078125 0.0359375
0 0.46171875 0.09296875 0.0375 0.025
0 0.51484375 0.08984375 0.059375 0.028125
0 0.56328125 0.08671875 0.0234375 0.0234375
0 0.621875 0.084375 0.084375 0.034375
0 0.69609375 0.0796875 0.0546875 0.0328125
0 0.0703125 0.18125 0.0171875 0.021875
0 0.14375 0.18125 0.0703125 0.0625
0 0.21640625 0.18359375 0.0484375 0.0546875
0 0.31171875 0.17578125 0.1015625 0.0609375
0 0.40546875 0.1828125 0.0546875 0.0578125
0 0.55 0.17109375 0.046875 0.0484375
0 0.60703125 0.1765625 0.046875 0.034375
0 0.65234375 0.17109375 0.0375 0.078125
0 0.7234375 0.15546875 0.1015625 0.059375
0 0.7921875 0.16171875 0.0265625 0.0328125
0 0.834375 0.16015625 0.0421875 0.059375
0 0.1140625 0.271875 0.0875 0.0546875
0 0.2125 0.26171875 0.0859375 0.0515625
0 0.28046875 0.26171875 0.0296875 0.0390625
0 0.3671875 0.26640625 0.1015625 0.059375
0 0.075 0.32109375 0.0203125 0.0234375
0 0.134375 0.33125 0.0515625 0.040625
0 0.1875 0.32734375 0.03125 0.0390625
0 0.25078125 0.32734375 0.059375 0.04375
0 0.3140625 0.31953125 0.0453125 0.05625
0 0.40546875 0.31328125 0.115625 0.0640625
0 0.5203125 0.31875 0.103125 0.084375
0 0.6109375 0.3015625 0.0453125 0.053125
0 0.68671875 0.31640625 0.071875 0.0796875
0 0.76953125 0.29453125 0.071875 0.0484375
0 0.83671875 0.2875 0.0484375 0.0484375
0 0.89140625 0.2875 0.065625 0.0421875
0 0.07109375 0.40625 0.0546875 0.053125
0 0.14296875 0.40546875 0.046875 0.05
0 0.21328125 0.4015625 0.06875 0.071875
0 0.26875 0.40078125 0.0328125 0.034375
0 0.34140625 0.39296875 0.071875 0.0453125
0 0.08125 0.465625 0.0171875 0.0234375
0 0.14296875 0.4703125 0.0609375 0.0609375
0 0.23984375 0.4890625 0.0859375 0.06875
0 0.3171875 0.46640625 0.034375 0.040625
0 0.4125 0.47578125 0.1046875 0.078125
0 0.5015625 0.453125 0.05625 0.0578125
0 0.5625 0.44765625 0.0421875 0.0578125
0 0.63671875 0.45625 0.0875 0.0640625
0 0.725 0.45859375 0.0625 0.096875
0 0.79765625 0.44140625 0.059375 0.0390625
0 0.87109375 0.41875 0.0625 0.05625
0 0.14453125 0.565625 0.0890625 0.0671875
0 0.23203125 0.5421875 0.0484375 0.0484375
0 0.3265625 0.54296875 0.1265625 0.0609375
0 0.0609375 0.6546875 0.03125 0.025
0 0.11484375 0.65 0.065625 0.0296875
0 0.17265625 0.64375 0.04375 0.0296875
0 0.21484375 0.64453125 0.034375 0.021875
0 0.25625 0.64296875 0.0359375 0.0265625
0 0.2984375 0.6328125 0.040625 0.028125
0 0.38125 0.62578125 0.1140625 0.034375
0 0.47265625 0.61796875 0.05625 0.028125
0 0.5578125 0.61015625 0.1046875 0.0359375
0 0.64140625 0.60625 0.059375 0.0359375
0 0.1125 0.7484375 0.0234375 0.0390625
0 0.2 0.7359375 0.075 0.0546875
0 0.2828125 0.7421875 0.071875 0.075
0 0.3453125 0.72578125 0.0453125 0.0421875
0 0.415625 0.72421875 0.059375 0.0328125
0 0.52109375 0.721875 0.11875 0.0953125
0 0.6234375 0.70859375 0.071875 0.071875
0 0.69609375 0.6953125 0.053125 0.04375
0 0.778125 0.68828125 0.0859375 0.0453125
0 0.8796875 0.67890625 0.10625 0.0453125
0 0.14765625 0.82734375 0.0640625 0.046875
0 0.2296875 0.81171875 0.0578125 0.05625
0 0.35703125 0.80625 0.1671875 0.1140625
0 0.4890625 0.80234375 0.0796875 0.071875
0 0.61328125 0.7859375 0.165625 0.0890625