0 0.165625 0.12578125 0.171875 0.1046875
0 0.35546875 0.12421875 0.190625 0.0953125
0 0.5015625 0.11875 0.1125 0.08125
0 0.6234375 0.10078125 0.1046875 0.0875
0 0.81640625 0.10234375 0.1953125 0.0875
0 0.0875 0.23046875 0.1015625 0.078125
0 0.23359375 0.2234375 0.1703125 0.08125
0 0.39140625 0.22109375 0.165625 0.084375
0 0.515625 0.24375 0.1453125 0.1453125
0 0.67734375 0.19140625 0.215625 0.090625
0 0.87109375 0.175 0.1375 0.0734375
0 0.621875 0.275 0.1375 0.075
0 0.78984375 0.2546875 0.203125 0.0875
0 0.40859375 0.2984375 0.3 0.0984375
0 0.2015625 0.3125 0.125 0.1046875
0 0.09140625 0.31015625 0.0953125 0.090625
0 0.1125 0.403125 0.1484375 0.0875
0 0.12265625 0.5171875 0.134375 0.090625
0 0.46640625 0.4046875 0.596875 0.228125
0 0.23046875 0.53046875 0.00625 0.0109375