0 0.1578125 0.25234375 0.1890625 0.1171875
0 0.32578125 0.23984375 0.1078125 0.103125
0 0.45 0.22734375 0.1078125 0.0984375
0 0.13046875 0.37890625 0.09375 0.08125
0 0.26484375 0.38359375 0.1328125 0.125
0 0.37578125 0.359375 0.065625 0.0515625
0 0.51953125 0.3453125 0.1640625 0.115625
0 0.1609375 0.48046875 0.1140625 0.090625
0 0.265625 0.4578125 0.0453125 0.084375
0 0.39375 0.446875 0.1265625 0.078125
0 0.52734375 0.459375 0.08125 0.09375
0 0.615625 0.425 0.0671875 0.04375
0 0.75703125 0.40625 0.1921875 0.109375
0 0.19921875 0.5828125 0.159375 0.0859375
0 0.41875 0.54765625 0.19375 0.09375
0 0.753125 0.5046875 0.0703125 0.0859375
0 0.88359375 0.46171875 0.1875 0.090625
0 0.31171875 0.68125 0.0421875 0.04375
0 0.43515625 0.675 0.134375 0.1125
0 0.56796875 0.6203125 0.096875 0.075
0 0.68125 0.60078125 0.059375 0.071875
0 0.78984375 0.584375 0.0984375 0.065625
0 0.21875 0.79375 0.1421875 0.090625
0 0.44375 0.771875 0.2453125 0.1421875
0 0.64453125 0.709375 0.1109375 0.0953125
0 0.7625 0.68046875 0.109375 0.0859375
0 0.86796875 0.6859375 0.0859375 0.0953125
0 0.2359375 0.91796875 0.140625 0.1125
0 0.3453125 0.9046875 0.0234375 0.025
0 0.44453125 0.87734375 0.146875 0.1203125
0 0.640625 0.828125 0.1421875 0.103125
0 0.7765625 0.79609375 0.125 0.0984375
0 0.89765625 0.7765625 0.096875 0.1140625
0 0.2375 0.97265625 0.140625 0.0546875
0 0.6921875 0.49921875 0.028125 0.05625
0 0.5984375 0.5359375 0.178125 0.1296875
0 0.19140625 0.70078125 0.128125 0.0859375