0 0.65703125 0.178125 0.128125 0.071875
0 0.45703125 0.32265625 0.278125 0.10625
0 0.69921875 0.328125 0.08125 0.046875
0 0.3265625 0.40859375 0.55625 0.1
0 0.815625 0.39453125 0.34375 0.103125
0 0.0859375 0.534375 0.084375 0.103125
0 0.309375 0.52734375 0.225 0.1
0 0.6921875 0.521875 0.39375 0.065625
0 0.21875 0.6765625 0.375 0.228125
0 0.65390625 0.7875 0.5890625 0.134375
0 0.3375 0.265625 0.5265625 0.2484375
0 0.02109375 0.146875 0.0421875 0.10625
0 0.075 0.1484375 0.08125 0.05625
0 0.640625 0.678125 0.315625 0.1765625