0 0.19375 0.01796875 0.09375 0.0359375
0 0.5234375 0.06015625 0.1828125 0.0625
0 0.68515625 0.08203125 0.1296875 0.0609375
0 0.2640625 0.04765625 0.1828125 0.0578125
0 0.165625 0.0875 0.0828125 0.028125
0 0.325 0.1109375 0.2171875 0.078125
0 0.60546875 0.14453125 0.2890625 0.0921875
0 0.15 0.1359375 0.0671875 0.0265625
0 0.3296875 0.1625 0.259375 0.0859375
0 0.5578125 0.1984375 0.0671875 0.0265625
0 0.72109375 0.22578125 0.2125 0.0765625
0 0.17890625 0.19296875 0.10625 0.0390625
0 0.2921875 0.21015625 0.1125 0.0296875
0 0.184375 0.22734375 0.0828125 0.0515625
0 0.30859375 0.24921875 0.075 0.0421875
0 0.42890625 0.26875 0.0609375 0.0515625
0 0.52578125 0.28125 0.090625 0.0546875
0 0.1359375 0.28671875 0.0453125 0.0296875
0 0.19296875 0.29375 0.0609375 0.03125
0 0.25078125 0.30078125 0.040625 0.0234375
0 0.30234375 0.3078125 0.053125 0.0265625
0 0.390625 0.32265625 0.109375 0.034375
0 0.5140625 0.35078125 0.134375 0.0671875
0 0.628125 0.36953125 0.109375 0.0703125
0 0.771875 0.39765625 0.1671875 0.0828125
0 0.2625 0.35703125 0.3515625 0.1109375
0 0.14375 0.39296875 0.1234375 0.05625
0 0.21953125 0.3984375 0.021875 0.0296875
0 0.26796875 0.40703125 0.0703125 0.0390625
0 0.378125 0.43203125 0.153125 0.0578125
0 0.5015625 0.4421875 0.090625 0.040625
0 0.13671875 0.4328125 0.1296875 0.0640625
0 0.32109375 0.44921875 0.2234375 0.0796875
0 0.5609375 0.49609375 0.096875 0.05
0 0.68984375 0.5109375 0.1390625 0.0671875
0 0.7921875 0.53984375 0.059375 0.0453125
0 0.503125 0.528125 0.10625 0.053125
0 0.66640625 0.553125 0.15625 0.059375
0 0.203125 0.52578125 0.2859375 0.09375
0 0.37890625 0.55234375 0.059375 0.05
0 0.43046875 0.5671875 0.0375 0.0328125
0 0.56953125 0.590625 0.2484375 0.090625
0 0.75078125 0.6109375 0.0921875 0.0546875
0 0.1140625 0.565625 0.1328125 0.0609375
0 0.23671875 0.5828125 0.1109375 0.059375
0 0.31015625 0.5875 0.0484375 0.04375
0 0.43671875 0.6078125 0.19375 0.065625
0 0.59921875 0.63203125 0.128125 0.0578125
0 0.6953125 0.646875 0.0359375 0.0265625
0 0.77109375 0.659375 0.0984375 0.0375
0 0.10625 0.60625 0.1125 0.05
0 0.225 0.6203125 0.09375 0.04375
0 0.38828125 0.6453125 0.209375 0.078125
0 0.52890625 0.66328125 0.0875 0.0484375
0 0.6 0.671875 0.0609375 0.0359375
0 0.6515625 0.67421875 0.0453125 0.0390625
0 0.75859375 0.69765625 0.16875 0.0640625
0 0.08359375 0.67421875 0.09375 0.0515625
0 0.15546875 0.6875 0.0265625 0.009375
0 0.196875 0.69140625 0.03125 0.040625
0 0.23984375 0.69921875 0.0296875 0.025
0 0.30859375 0.70546875 0.0953125 0.05
0 0.5 0.7296875 0.15625 0.059375
0 0.70234375 0.7640625 0.225 0.078125
0 0.0765625 0.72421875 0.096875 0.053125
0 0.140625 0.7375 0.0265625 0.0109375
0 0.19609375 0.74375 0.09375 0.0546875
0 0.259375 0.75078125 0.028125 0.0234375
0 0.30703125 0.753125 0.0421875 0.04375
0 0.08515625 0.78359375 0.075 0.0390625
0 0.01953125 0.8015625 0.0203125 0.0078125
0 0.0765625 0.809375 0.0828125 0.034375
0 0.27109375 0.81171875 0.0953125 0.059375
0 0.3828125 0.815625 0.1390625 0.0625
0 0.5140625 0.83203125 0.128125 0.065625
0 0.61484375 0.84765625 0.08125 0.0546875
0 0.7359375 0.86796875 0.1421875 0.0640625
0 0.07265625 0.8453125 0.09375 0.0390625
0 0.2 0.8578125 0.059375 0.0484375
0 0.27265625 0.86953125 0.090625 0.0484375
0 0.37734375 0.875 0.128125 0.065625
0 0.490625 0.89609375 0.121875 0.065625
0 0.62265625 0.90546875 0.140625 0.0625
0 0.70703125 0.915625 0.0359375 0.0390625
0 0.76875 0.93203125 0.0875 0.0453125
0 0.61640625 0.9390625 0.140625 0.053125
0 0.053125 0.884375 0.10625 0.03125
0 0.1390625 0.8984375 0.0640625 0.021875
0 0.196875 0.90859375 0.0515625 0.01875
0 0.49375 0.48984375 0.0203125 0.0140625
0 0.30078125 0.02734375 0.046875 0.028125