0 0.67421875 0.1015625 0.065625 0.021875
0 0.83984375 0.1109375 0.071875 0.0265625
0 0.2171875 0.1796875 0.1375 0.04375
0 0.3671875 0.1890625 0.090625 0.0359375
0 0.5296875 0.19921875 0.1671875 0.0484375
0 0.20390625 0.23671875 0.0421875 0.0421875
0 0.30234375 0.25 0.0796875 0.025
0 0.4953125 0.265625 0.2265625 0.071875
0 0.70546875 0.2765625 0.125 0.04375
0 0.84765625 0.2765625 0.0765625 0.034375
0 0.1609375 0.3328125 0.178125 0.078125
0 0.33828125 0.34453125 0.08125 0.05
0 0.49609375 0.33671875 0.159375 0.0484375
0 0.63203125 0.3390625 0.0453125 0.0375
0 0.74453125 0.353125 0.090625 0.028125
0 0.9203125 0.36015625 0.159375 0.0453125
0 0.10859375 0.37890625 0.065625 0.0375
0 0.23671875 0.403125 0.0625 0.0546875
0 0.34140625 0.39609375 0.0765625 0.0390625
0 0.4890625 0.40546875 0.128125 0.0390625
0 0.70859375 0.4359375 0.259375 0.078125
0 0.88828125 0.4265625 0.05 0.0390625
0 0.18125 0.45625 0.2296875 0.0546875
0 0.35546875 0.4671875 0.0421875 0.0265625
0 0.5734375 0.48359375 0.3125 0.0734375
0 0.8515625 0.50078125 0.1578125 0.05
0 0.10546875 0.528125 0.1203125 0.0546875
0 0.2953125 0.5375 0.2125 0.0484375
0 0.26484375 0.63515625 0.2734375 0.0921875