0 0.4265625 0.271875 0.0671875 0.05
0 0.57734375 0.24609375 0.1 0.059375
0 0.75859375 0.20546875 0.1203125 0.06875
0 0.46640625 0.325 0.1078125 0.071875
0 0.5765625 0.315625 0.1015625 0.0703125
0 0.6734375 0.29765625 0.1203125 0.0828125
0 0.76484375 0.26796875 0.0859375 0.0671875
0 0.45703125 0.38671875 0.0796875 0.053125
0 0.56015625 0.37265625 0.128125 0.078125
0 0.65859375 0.346875 0.084375 0.053125
0 0.7796875 0.32265625 0.16875 0.09375
0 0.45234375 0.44296875 0.04375 0.0375
0 0.4984375 0.43515625 0.034375 0.0421875
0 0.58359375 0.43671875 0.1296875 0.0890625
0 0.66171875 0.41875 0.053125 0.0578125
0 0.746875 0.40390625 0.1296875 0.0765625
0 0.83671875 0.3703125 0.0734375 0.0578125
0 0.46015625 0.51796875 0.0484375 0.05
0 0.571875 0.50703125 0.1796875 0.1078125
0 0.721875 0.47890625 0.1453125 0.1046875
0 0.821875 0.43125 0.109375 0.1125
0 0.53984375 0.57109375 0.1671875 0.109375
0 0.6765625 0.5421875 0.14375 0.1
0 0.7859375 0.50625 0.090625 0.0703125
0 0.5796875 0.63671875 0.1859375 0.121875
0 0.7140625 0.58671875 0.1125 0.071875
0 0.84609375 0.56328125 0.140625 0.1109375
0 0.5671875 0.70546875 0.1640625 0.109375
0 0.68984375 0.66171875 0.0671875 0.0640625
0 0.775 0.63671875 0.096875 0.0703125
0 0.59140625 0.746875 0.1953125 0.1078125
0 0.7515625 0.709375 0.121875 0.075
0 0.86875 0.6734375 0.1078125 0.0703125
0 0.61015625 0.8125 0.1890625 0.0984375
0 0.76640625 0.77109375 0.1125 0.0765625