0 0.134375 0.61484375 0.090625 0.0640625
0 0.29453125 0.6234375 0.184375 0.1
0 0.440625 0.60625 0.0625 0.05
0 0.52734375 0.61328125 0.078125 0.08125
0 0.63515625 0.6125 0.1296875 0.0765625
0 0.72734375 0.60078125 0.0421875 0.0359375
0 0.78671875 0.59453125 0.0515625 0.0453125
0 0.8875 0.5953125 0.109375 0.0703125
0 0.1953125 0.6703125 0.1796875 0.05625
0 0.3765625 0.66640625 0.1453125 0.0515625
0 0.49296875 0.66015625 0.0640625 0.05
0 0.5921875 0.65390625 0.09375 0.053125
0 0.70078125 0.64609375 0.09375 0.05625
0 0.8015625 0.66015625 0.0921875 0.028125
0 0.92734375 0.65 0.1453125 0.090625
0 0.1390625 0.72890625 0.071875 0.059375
0 0.21796875 0.74375 0.0828125 0.09375
0 0.3109375 0.7203125 0.0765625 0.0546875
0 0.39375 0.721875 0.059375 0.0625
0 0.45625 0.73046875 0.0265625 0.0265625
0 0.5421875 0.7234375 0.115625 0.0765625
0 0.684375 0.7171875 0.1328125 0.084375
0 0.76015625 0.703125 0.071875 0.0578125
0 0.89765625 0.70625 0.1734375 0.0765625
0 0.12421875 0.79765625 0.0359375 0.0421875
0 0.19921875 0.8 0.0703125 0.0359375
0 0.265625 0.784375 0.0484375 0.0609375
0 0.37109375 0.78203125 0.1265625 0.0515625
0 0.5109375 0.76484375 0.1171875 0.0640625
0 0.64453125 0.78046875 0.13125 0.0953125
0 0.771875 0.759375 0.0796875 0.053125
0 0.87421875 0.765625 0.1046875 0.028125
0 0.96875 0.7515625 0.0625 0.0484375
0 0.14453125 0.8515625 0.0859375 0.0515625
0 0.30234375 0.85078125 0.2046875 0.10625
0 0.50703125 0.83046875 0.165625 0.0625
0 0.675 0.82890625 0.128125 0.046875
0 0.83125 0.821875 0.1765625 0.0890625
0 0.96484375 0.8046875 0.0546875 0.0546875
0 0.16015625 0.9 0.128125 0.0828125
0 0.315625 0.884375 0.115625 0.090625