0 0.12578125 0.23515625 0.1203125 0.0640625
0 0.2328125 0.21953125 0.084375 0.065625
0 0.30234375 0.20390625 0.0734375 0.0515625
0 0.415625 0.18125 0.1546875 0.1125
0 0.53046875 0.14765625 0.0984375 0.0625
0 0.6109375 0.14296875 0.0734375 0.0734375
0 0.71015625 0.11484375 0.128125 0.0765625
0 0.1140625 0.29140625 0.0921875 0.05625
0 0.21171875 0.2734375 0.1 0.0640625
0 0.3328125 0.25390625 0.1203125 0.065625
0 0.4390625 0.2359375 0.0640625 0.0453125
0 0.51875 0.2140625 0.0890625 0.0625
0 0.60078125 0.20390625 0.0703125 0.046875
0 0.6890625 0.184375 0.0890625 0.0578125
0 0.159375 0.34921875 0.1515625 0.0671875
0 0.27734375 0.33046875 0.059375 0.0734375
0 0.3484375 0.309375 0.0953125 0.0578125
0 0.46484375 0.29609375 0.1109375 0.06875
0 0.5859375 0.26640625 0.128125 0.0625
0 0.6921875 0.24140625 0.0828125 0.05625
0 0.2078125 0.40859375 0.23125 0.1125
0 0.1375 0.46796875 0.0640625 0.0515625
0 0.26171875 0.44609375 0.18125 0.1
0 0.37734375 0.42265625 0.065625 0.0578125
0 0.4484375 0.4015625 0.078125 0.0578125
0 0.56953125 0.38046875 0.153125 0.078125
0 0.68046875 0.3546875 0.0953125 0.06875
0 0.21171875 0.521875 0.1890625 0.1046875
0 0.35 0.4859375 0.096875 0.059375
0 0.45390625 0.4609375 0.1109375 0.06875
0 0.5484375 0.43203125 0.0921875 0.05625
0 0.6375 0.41640625 0.078125 0.0484375
0 0.73828125 0.39765625 0.1078125 0.0640625
0 0.159375 0.55703125 0.0703125 0.04375
0 0.2515625 0.54296875 0.115625 0.0625
0 0.3640625 0.52421875 0.096875 0.053125
0 0.63515625 0.47265625 0.16875 0.0734375