0 0.0953125 0.1265625 0.075 0.0328125
0 0.140625 0.1203125 0.009375 0.0234375
0 0.1734375 0.1171875 0.0453125 0.0296875
0 0.24453125 0.1078125 0.0859375 0.0328125
0 0.31015625 0.1 0.0296875 0.0265625
0 0.12421875 0.190625 0.1015625 0.0609375
0 0.309375 0.18671875 0.2 0.071875
0 0.14453125 0.29921875 0.0625 0.0296875
0 0.18359375 0.290625 0.00625 0.0171875
0 0.2109375 0.2875 0.0375 0.021875
0 0.27421875 0.284375 0.078125 0.03125
0 0.34296875 0.27109375 0.0546875 0.0234375
0 0.49921875 0.2578125 0.23125 0.078125
0 0.2125 0.35546875 0.1078125 0.053125
0 0.40859375 0.3328125 0.1703125 0.06875
0 0.621875 0.315625 0.2453125 0.08125
0 0.1484375 0.415625 0.0796875 0.0515625
0 0.33203125 0.39453125 0.278125 0.0890625
0 0.5390625 0.3625 0.0484375 0.0515625
0 0.6734375 0.34921875 0.178125 0.0765625
0 0.18828125 0.47578125 0.1671875 0.0640625
0 0.3578125 0.4515625 0.1203125 0.053125
0 0.7296875 0.39765625 0.1359375 0.0640625
0 0.553125 0.43046875 0.215625 0.0859375
0 0.15 0.53359375 0.0609375 0.0625
0 0.27734375 0.52109375 0.146875 0.0765625
0 0.42421875 0.503125 0.1859375 0.075
0 0.5875 0.47578125 0.0625 0.065625
0 0.7546875 0.4625 0.2234375 0.0796875
0 0.16875 0.66796875 0.0609375 0.0484375
0 0.45703125 0.6265625 0.1859375 0.0640625
0 0.63125 0.6015625 0.1046875 0.059375
0 0.27265625 0.5875 0.1546875 0.0703125
0 0.6625 0.5421875 0.228125 0.075
0 0.52578125 0.740625 0.3390625 0.109375
0 0.76328125 0.7265625 0.1234375 0.053125
0 0.3140625 0.85078125 0.2984375 0.1046875
0 0.11875 0.3546875 0.06875 0.053125
0 0.1453125 0.60234375 0.08125 0.0640625
0 0.44765625 0.56484375 0.1609375 0.078125
0 0.28046875 0.64609375 0.1359375 0.0625
0 0.77265625 0.58671875 0.1078125 0.05625
0 0.26953125 0.7140625 0.25625 0.0796875
0 0.528125 0.68203125 0.1046875 0.053125
0 0.73203125 0.65 0.2171875 0.08125
0 0.18046875 0.77734375 0.065625 0.0640625
0 0.2765625 0.771875 0.0625 0.0515625