0 0.12265625 0.153125 0.0421875 0.009375
0 0.159375 0.15390625 0.03125 0.009375
0 0.20390625 0.153125 0.0359375 0.0125
0 0.23359375 0.15390625 0.0203125 0.0125
0 0.26640625 0.1546875 0.0375 0.0125
0 0.0765625 0.17890625 0.0171875 0.0109375
0 0.13359375 0.18046875 0.0640625 0.015625
0 0.18984375 0.1796875 0.046875 0.0109375
0 0.2234375 0.18046875 0.0203125 0.0140625
0 0.24765625 0.1796875 0.0265625 0.009375
0 0.30625 0.18046875 0.0828125 0.0125
0 0.1234375 0.203125 0.0421875 0.0109375
0 0.15234375 0.20234375 0.0171875 0.0109375
0 0.1796875 0.203125 0.0296875 0.0109375
0 0.2140625 0.20390625 0.0359375 0.0109375
0 0.2734375 0.20546875 0.084375 0.0171875
0 0.3453125 0.20546875 0.0546875 0.0140625
0 0.4 0.2046875 0.046875 0.0140625
0 0.43359375 0.203125 0.015625 0.0125
0 0.46953125 0.20390625 0.05 0.0125
0 0.5015625 0.20390625 0.0171875 0.0109375
0 0.56484375 0.20625 0.1046875 0.015625
0 0.20390625 0.228125 0.0296875 0.0140625
0 0.23359375 0.22734375 0.0296875 0.0125
0 0.2703125 0.22734375 0.0453125 0.0171875
0 0.34609375 0.22890625 0.103125 0.015625
0 0.19609375 0.24765625 0.053125 0.0125
0 0.27578125 0.25 0.1046875 0.0171875
0 0.34375 0.25078125 0.03125 0.0078125
0 0.39453125 0.2515625 0.0734375 0.0125
0 0.47578125 0.25390625 0.0875 0.015625
0 0.53203125 0.253125 0.0203125 0.0125
0 0.5734375 0.253125 0.059375 0.0125
0 0.6234375 0.25234375 0.0328125 0.0140625
0 0.65078125 0.25390625 0.0171875 0.009375
0 0.665625 0.253125 0.0140625 0.0125
0 0.6875 0.25390625 0.025 0.009375
0 0.75390625 0.25390625 0.1078125 0.015625
0 0.84453125 0.2546875 0.0671875 0.0140625
0 0.9046875 0.25703125 0.0453125 0.009375
0 0.1265625 0.27265625 0.0453125 0.0140625
0 0.16015625 0.271875 0.021875 0.0125
0 0.190625 0.27265625 0.0296875 0.0125
0 0.2265625 0.27265625 0.0375 0.0125
0 0.25390625 0.275 0.0140625 0.0078125
0 0.28984375 0.27265625 0.0625 0.0140625
0 0.353125 0.275 0.0578125 0.0140625
0 0.390625 0.27734375 0.01875 0.0140625
0 0.4109375 0.2765625 0.0140625 0.009375
0 0.4734375 0.27578125 0.1 0.0125
0 0.3328125 0.2984375 0.3234375 0.025
0 0.5328125 0.303125 0.075 0.0203125
0 0.58828125 0.30078125 0.0328125 0.0125
0 0.62265625 0.303125 0.03125 0.0140625
0 0.6546875 0.30078125 0.021875 0.0125
0 0.68671875 0.303125 0.04375 0.0109375
0 0.71171875 0.30234375 0.009375 0.0109375
0 0.12890625 0.31796875 0.046875 0.0125
0 0.1578125 0.3171875 0.015625 0.0109375
0 0.18984375 0.3171875 0.0421875 0.0109375
0 0.221875 0.31796875 0.0171875 0.0125
0 0.24921875 0.3171875 0.034375 0.0125
0 0.31171875 0.3203125 0.09375 0.01875
0 0.39375 0.3203125 0.0640625 0.0125
0 0.43671875 0.32109375 0.0140625 0.0125
0 0.4828125 0.32265625 0.0671875 0.0125
0 0.5359375 0.32265625 0.028125 0.0125
0 0.57734375 0.3234375 0.046875 0.0140625
0 0.60859375 0.3234375 0.0140625 0.0125
0 0.628125 0.3234375 0.021875 0.009375
0 0.671875 0.32578125 0.0609375 0.0171875
0 0.75078125 0.3265625 0.09375 0.01875
0 0.83515625 0.32578125 0.071875 0.0125
0 0.8890625 0.328125 0.034375 0.0140625
0 0.9171875 0.32578125 0.0203125 0.01875
0 0.9546875 0.328125 0.053125 0.0171875
0 0.1390625 0.3421875 0.0671875 0.015625
0 0.19375 0.340625 0.0421875 0.0125
0 0.2609375 0.34296875 0.0875 0.015625
0 0.3328125 0.34375 0.05 0.0125
0 0.4578125 0.3453125 0.190625 0.021875
0 0.13984375 0.36484375 0.0171875 0.0125
0 0.1625 0.36484375 0.025 0.0125
0 0.20859375 0.365625 0.0609375 0.015625
0 0.28203125 0.365625 0.0875 0.015625
0 0.20625 0.38671875 0.0515625 0.0125
0 0.240625 0.38828125 0.0171875 0.0140625
0 0.2640625 0.38984375 0.028125 0.0109375
0 0.3109375 0.39140625 0.0703125 0.0171875
0 0.37421875 0.3890625 0.0546875 0.0140625
0 0.4171875 0.39140625 0.0328125 0.0109375
0 0.48046875 0.3921875 0.0953125 0.01875
0 0.16328125 0.409375 0.0296875 0.015625
0 0.1890625 0.409375 0.021875 0.0140625
0 0.23828125 0.4109375 0.0625 0.0140625
0 0.44375 0.41484375 0.359375 0.021875
0 0.6578125 0.41796875 0.015625 0.0109375
0 0.71953125 0.41953125 0.0625 0.0171875
0 0.77421875 0.41953125 0.05 0.0140625
0 0.165625 0.43203125 0.028125 0.0140625
0 0.190625 0.43203125 0.0265625 0.0109375
0 0.2359375 0.43359375 0.0640625 0.0171875
0 0.39921875 0.4375 0.271875 0.021875
0 0.6453125 0.43984375 0.0171875 0.009375
0 0.6859375 0.4421875 0.0296875 0.01875
0 0.70703125 0.4421875 0.0140625 0.009375
0 0.753125 0.4421875 0.0796875 0.0140625
0 0.821875 0.44453125 0.071875 0.0140625
0 0.1671875 0.453125 0.03125 0.0140625
0 0.18984375 0.4546875 0.025 0.0125
0 0.23046875 0.4546875 0.0578125 0.0171875
0 0.36328125 0.459375 0.2140625 0.0234375
0 0.51796875 0.459375 0.0203125 0.0109375
0 0.15390625 0.478125 0.021875 0.0171875
0 0.21015625 0.48125 0.0625 0.0203125
0 0.2734375 0.48125 0.0671875 0.0140625
0 0.34375 0.48203125 0.0625 0.0140625
0 0.3796875 0.48984375 0.0125 0.03125
0 0.39453125 0.48125 0.0109375 0.0109375
0 0.41015625 0.48203125 0.0171875 0.015625
0 0.459375 0.48046875 0.0734375 0.015625
0 0.503125 0.48125 0.015625 0.0109375
0 0.52109375 0.48203125 0.0203125 0.015625
0 0.5515625 0.4828125 0.0390625 0.0140625
0 0.6953125 0.4859375 0.059375 0.01875
0 0.73203125 0.4859375 0.0140625 0.009375
0 0.7625 0.4859375 0.0453125 0.015625
0 0.83203125 0.4875 0.09375 0.0171875
0 0.39375 0.5 0.0109375 0.0078125
0 0.41171875 0.50078125 0.0203125 0.0140625
0 0.4609375 0.5 0.075 0.0125
0 0.50703125 0.5015625 0.0125 0.0125
0 0.534375 0.4984375 0.0484375 0.021875
0 0.23671875 0.5203125 0.0265625 0.0125
0 0.2671875 0.521875 0.0296875 0.009375
0 0.296875 0.521875 0.0328125 0.015625
0 0.33125 0.52421875 0.0296875 0.0140625
0 0.35703125 0.52265625 0.01875 0.015625
0 0.3953125 0.52421875 0.0546875 0.015625
0 0.43203125 0.5234375 0.0203125 0.0109375
0 0.4546875 0.525 0.0203125 0.015625
0 0.5 0.525 0.0703125 0.0140625
0 0.553125 0.525 0.0421875 0.0125
0 0.58984375 0.52734375 0.0296875 0.0109375
0 0.61953125 0.52734375 0.0328125 0.0125
0 0.6765625 0.52890625 0.0796875 0.015625
0 0.19375 0.54296875 0.01875 0.009375
0 0.23515625 0.54375 0.0546875 0.0171875
0 0.32109375 0.54375 0.121875 0.021875
0 0.321875 0.56640625 0.18125 0.021875
0 0.5203125 0.56875 0.1984375 0.0203125
0 0.68515625 0.57421875 0.0203125 0.0078125
0 0.746875 0.57421875 0.08125 0.0125
0 0.8234375 0.57890625 0.0625 0.015625
0 0.24609375 0.5875 0.034375 0.0171875
0 0.28125 0.5875 0.028125 0.015625
0 0.3296875 0.58828125 0.0703125 0.0140625
0 0.396875 0.58984375 0.0640625 0.0125
0 0.44453125 0.58984375 0.0265625 0.0109375
0 0.47421875 0.5890625 0.0328125 0.0125
0 0.52734375 0.59453125 0.0625 0.0171875
0 0.27421875 0.61015625 0.0328125 0.009375
0 0.31484375 0.609375 0.040625 0.0109375
0 0.35546875 0.61171875 0.0359375 0.0140625
0 0.3953125 0.61015625 0.0390625 0.0109375
0 0.43828125 0.61171875 0.0421875 0.0125
0 0.49453125 0.6125 0.0703125 0.0140625
0 0.55390625 0.6140625 0.0296875 0.0140625
0 0.59296875 0.6140625 0.0421875 0.0125
0 0.63046875 0.615625 0.0390625 0.0140625
0 0.665625 0.61640625 0.025 0.0140625
0 0.6984375 0.61640625 0.0421875 0.0109375
0 0.74921875 0.61796875 0.059375 0.015625
0 0.1953125 0.63046875 0.0171875 0.0109375
0 0.23515625 0.63125 0.0515625 0.015625
0 0.34765625 0.63203125 0.171875 0.015625
0 0.32109375 0.65234375 0.1796875 0.01875
0 0.56640625 0.6578125 0.2875 0.0265625
0 0.08359375 0.69765625 0.0203125 0.0109375
0 0.16015625 0.69375 0.0921875 0.0140625
0 0.2171875 0.6953125 0.0171875 0.0109375
0 0.240625 0.6953125 0.025 0.0109375
0 0.290625 0.69609375 0.0703125 0.0109375
0 0.15625 0.715625 0.0484375 0.0125
0 0.22421875 0.7171875 0.0828125 0.0140625
0 0.28515625 0.7171875 0.0328125 0.009375
0 0.30625 0.71796875 0.009375 0.0125
0 0.32109375 0.71796875 0.0171875 0.009375
0 0.35 0.71953125 0.0359375 0.009375
0 0.3796875 0.71953125 0.025 0.0078125
0 0.50546875 0.72109375 0.2015625 0.0203125
0 0.14140625 0.7359375 0.021875 0.0125
0 0.1734375 0.7359375 0.0390625 0.009375
0 0.21015625 0.7375 0.0328125 0.0125
0 0.25234375 0.7375 0.0453125 0.0109375
0 0.2859375 0.7359375 0.0203125 0.0109375
0 0.3078125 0.7375 0.0265625 0.0109375
0 0.3390625 0.7390625 0.034375 0.0125
0 0.38515625 0.73984375 0.0546875 0.0140625
0 0.4578125 0.740625 0.08125 0.0125
0 0.51640625 0.74296875 0.0265625 0.0125
0 0.540625 0.7453125 0.0171875 0.0125
0 0.56015625 0.74296875 0.0171875 0.0109375
0 0.584375 0.74453125 0.03125 0.0125
0 0.63203125 0.746875 0.0640625 0.0140625
0 0.6796875 0.746875 0.028125 0.0125
0 0.70625 0.7484375 0.0296875 0.0125
0 0.73828125 0.74921875 0.0296875 0.009375
0 0.79609375 0.75078125 0.0796875 0.0109375
0 0.85546875 0.7515625 0.0328125 0.0109375
0 0.8921875 0.75234375 0.0375 0.0125
0 0.9234375 0.75390625 0.028125 0.009375
0 0.17265625 0.76328125 0.0390625 0.01875
0 0.334375 0.76015625 0.23125 0.01875
0 0.32890625 0.778125 0.0453125 0.0140625
0 0.16875 0.79921875 0.046875 0.0125
0 0.22734375 0.79921875 0.06875 0.0125
0 0.2765625 0.80078125 0.0265625 0.009375
0 0.384375 0.80234375 0.175 0.021875
0 0.16875 0.821875 0.0421875 0.0140625
0 0.20546875 0.82109375 0.0296875 0.0125
0 0.23515625 0.8203125 0.025 0.0109375
0 0.25859375 0.8234375 0.0171875 0.0109375
0 0.3078125 0.8234375 0.075 0.0140625
0 0.36796875 0.82421875 0.040625 0.0125
0 0.396875 0.82578125 0.0171875 0.0109375
0 0.42109375 0.82578125 0.025 0.0109375
0 0.46484375 0.8265625 0.0546875 0.0125
0 0.1703125 0.84296875 0.0328125 0.01875
0 0.21953125 0.83515625 0.0453125 0.0140625
0 0.21875 0.85078125 0.0375 0.0109375
0 0.28984375 0.84296875 0.025 0.009375
0 0.32265625 0.84296875 0.034375 0.0125
0 0.3484375 0.8453125 0.0171875 0.009375
0 0.3796875 0.8453125 0.0375 0.009375
0 0.44296875 0.846875 0.0828125 0.0203125
0 0.18046875 0.8703125 0.034375 0.0203125
0 0.3171875 0.86796875 0.2265625 0.0203125
0 0.284375 0.88359375 0.0421875 0.015625
0 0.453125 0.8796875 0.015625 0.0078125
0 0.62421875 0.875 0.3140625 0.021875
0 0.584375 0.88984375 0.0375 0.0140625
0 0.1796875 0.9015625 0.0375 0.0140625
0 0.08046875 0.83984375 0.0328125 0.0171875
0 0.1265625 0.8421875 0.0234375 0.0109375
0 0.95546875 0.25703125 0.0515625 0.0140625