0 0.0796875 0.2171875 0.1140625 0.175
0 0.1890625 0.21875 0.1078125 0.20625
0 0.2703125 0.16640625 0.034375 0.04375
0 0.3328125 0.2140625 0.0578125 0.1515625
0 0.49453125 0.16640625 0.265625 0.2703125
0 0.68828125 0.14765625 0.125 0.071875
0 0.79453125 0.15 0.0671875 0.08125
0 0.85078125 0.13515625 0.0265625 0.1125
0 0.93359375 0.1203125 0.1328125 0.165625
0 0.06953125 0.39921875 0.1375 0.159375
0 0.18046875 0.33671875 0.0328125 0.0765625
0 0.225 0.33984375 0.0359375 0.04375
0 0.3640625 0.31796875 0.215625 0.246875
0 0.5390625 0.35234375 0.084375 0.1328125
0 0.703125 0.30625 0.2765625 0.3390625
0 0.865625 0.2734375 0.0640625 0.103125
0 0.07265625 0.465625 0.0796875 0.1015625
0 0.19453125 0.46796875 0.125 0.084375
0 0.5265625 0.64609375 0.2484375 0.2140625