0 0.0046875 0.04140625 0.009375 0.0265625
0 0.04609375 0.0328125 0.0359375 0.028125
0 0.1765625 0.0296875 0.196875 0.0515625
0 0.35859375 0.025 0.0453125 0.028125
0 0.42109375 0.02265625 0.05625 0.0234375
0 0.5015625 0.0171875 0.0875 0.034375
0 0.5734375 0.0203125 0.0265625 0.0265625
0 0.675 0.0265625 0.1421875 0.0421875
0 0.296875 0.10546875 0.3046875 0.08125
0 0.4765625 0.10859375 0.01875 0.015625
0 0.61171875 0.11015625 0.2125 0.0671875
0 0.74296875 0.11484375 0.01875 0.0125
0 0.875 0.1171875 0.209375 0.05
0 0.07890625 0.19296875 0.04375 0.0328125
0 0.13984375 0.19140625 0.04375 0.034375
0 0.1890625 0.18203125 0.03125 0.0234375
0 0.25546875 0.18359375 0.0734375 0.03125
0 0.353125 0.1828125 0.03125 0.025
0 0.409375 0.178125 0.0515625 0.028125
0 0.4859375 0.18046875 0.075 0.0234375
0 0.59765625 0.1796875 0.1171875 0.0484375
0 0.69921875 0.1828125 0.0375 0.0171875
0 0.77734375 0.18125 0.0703125 0.028125
0 0.8921875 0.178125 0.053125 0.03125
0 0.9640625 0.18046875 0.040625 0.0203125
0 0.08359375 0.24609375 0.0421875 0.0265625
0 0.14609375 0.24296875 0.0390625 0.0359375
0 0.19609375 0.2375 0.0171875 0.025
0 0.22109375 0.240625 0.015625 0.0125
0 0.246875 0.240625 0.0296875 0.025
0 0.3328125 0.23046875 0.059375 0.0296875
0 0.546875 0.2328125 0.1203125 0.0453125
0 0.421875 0.22734375 0.08125 0.025
0 0.66484375 0.22578125 0.071875 0.0296875
0 0.75078125 0.23203125 0.071875 0.03125
0 0.0328125 0.309375 0.034375 0.0328125
0 0.10546875 0.303125 0.04375 0.028125
0 0.17734375 0.30078125 0.0765625 0.028125
0 0.290625 0.3125 0.1203125 0.04375
0 0.4421875 0.3078125 0.13125 0.0484375
0 0.56640625 0.2953125 0.0796875 0.0328125
0 0.66171875 0.296875 0.0640625 0.0296875
0 0.03359375 0.35 0.0421875 0.0296875
0 0.1203125 0.3421875 0.046875 0.0296875
0 0.18046875 0.34296875 0.0359375 0.0203125
0 0.2640625 0.3375 0.078125 0.0328125
0 0.3578125 0.3359375 0.0671875 0.0265625
0 0.4296875 0.340625 0.0328125 0.021875
0 0.53359375 0.34921875 0.1296875 0.0421875
0 0.7171875 0.340625 0.1875 0.0484375
0 0.0671875 0.42421875 0.05 0.0328125
0 0.23515625 0.42265625 0.121875 0.0640625
0 0.54296875 0.45859375 0.4046875 0.0890625
0 0.22578125 0.59453125 0.059375 0.05
0 0.40234375 0.6046875 0.1234375 0.028125
0 0.153125 0.64453125 0.075 0.0328125
0 0.21875 0.646875 0.0171875 0.0234375
0 0.2421875 0.64921875 0.0171875 0.0125
0 0.27265625 0.64921875 0.025 0.0234375
0 0.36484375 0.65 0.103125 0.053125
0 0.4921875 0.65859375 0.13125 0.040625
0 0.65234375 0.6265625 0.040625 0.0328125
0 0.73515625 0.621875 0.0984375 0.034375
0 0.81328125 0.62578125 0.0375 0.0375
0 0.8921875 0.62734375 0.109375 0.034375
0 0.96875 0.62421875 0.028125 0.0234375
0 0.15703125 0.69765625 0.0765625 0.03125
0 0.22421875 0.6984375 0.0203125 0.0265625
0 0.25234375 0.69921875 0.0203125 0.0109375
0 0.278125 0.6984375 0.0296875 0.034375
0 0.35703125 0.7 0.0734375 0.0515625
0 0.4859375 0.70234375 0.1140625 0.0546875
0 0.89453125 0.66953125 0.1109375 0.0375
0 0.62109375 0.7046875 0.0515625 0.0234375
0 0.7 0.70078125 0.06875 0.0296875
0 0.76328125 0.7015625 0.0296875 0.025
0 0.80390625 0.69765625 0.01875 0.025
0 0.825 0.7 0.0203125 0.0125
0 0.84609375 0.70078125 0.0234375 0.021875
0 0.0984375 0.75703125 0.0296875 0.0328125
0 0.16328125 0.7578125 0.040625 0.0328125
0 0.24609375 0.76015625 0.0921875 0.03125
0 0.40078125 0.75 0.0453125 0.028125
0 0.484375 0.7484375 0.0765625 0.021875
0 0.6015625 0.753125 0.1203125 0.040625
0 0.73671875 0.74296875 0.1296875 0.0421875
0 0.11953125 0.81484375 0.0359375 0.03125
0 0.19140625 0.81640625 0.059375 0.0328125
0 0.25703125 0.81796875 0.0375 0.0234375
0 0.3 0.81953125 0.0328125 0.025
0 0.36484375 0.8140625 0.025 0.0265625
0 0.39765625 0.81015625 0.021875 0.0265625
0 0.49765625 0.803125 0.1375 0.040625
0 0.6765625 0.8125 0.15625 0.0453125
0 0.075 0.88046875 0.034375 0.03125
0 0.1421875 0.88984375 0.0359375 0.028125
0 0.21875 0.8890625 0.0953125 0.059375
0 0.47421875 0.89140625 0.2921875 0.071875
0 0.8109375 0.87421875 0.346875 0.0734375
0 0.94453125 0.9046875 0.1109375 0.0375
0 0.128125 0.95703125 0.065625 0.03125
0 0.19296875 0.96328125 0.04375 0.0375
0 0.24375 0.96015625 0.028125 0.028125
0 0.29296875 0.9625 0.0421875 0.0296875
0 0.37265625 0.95703125 0.090625 0.034375
0 0.44765625 0.9578125 0.0359375 0.03125
0 0.50390625 0.953125 0.0515625 0.0296875
0 0.57734375 0.9484375 0.0671875 0.025
0 0.6875 0.95 0.121875 0.034375
0 0.78046875 0.9390625 0.0515625 0.0359375
0 0.82890625 0.93203125 0.025 0.0265625
0 0.8578125 0.9359375 0.0265625 0.03125
0 0.8359375 0.1859375 0.0359375 0.025
0 0.1359375 0.42265625 0.0484375 0.03125
0 0.38125 0.5375 0.025 0.0125
0 0.703125 0.5296875 0.59375 0.075
0 0.16796875 0.6 0.040625 0.0265625
0 0.28046875 0.603125 0.03125 0.0359375
0 0.3125 0.765625 0.009375 0.0125
0 0.9109375 0.9515625 0.0921875 0.021875
0 0.17890625 0.99453125 0.0484375 0.0109375
0 0.45234375 0.990625 0.0171875 0.01875