0 0.378125 0.22109375 0.0875 0.0796875
0 0.47890625 0.23515625 0.0734375 0.0359375
0 0.58828125 0.2234375 0.1078125 0.096875
0 0.73359375 0.2390625 0.11875 0.1
0 0.3296875 0.33046875 0.103125 0.096875
0 0.4734375 0.34296875 0.1421875 0.084375
0 0.56640625 0.3625 0.04375 0.0515625
0 0.6546875 0.353125 0.0546875 0.0578125
0 0.75859375 0.35234375 0.1078125 0.075
0 0.34609375 0.48671875 0.23125 0.1625
0 0.59609375 0.49140625 0.234375 0.178125
0 0.74375 0.471875 0.0953125 0.1
0 0.3296875 0.58203125 0.1625 0.0984375
0 0.7203125 0.5890625 0.13125 0.0984375
0 0.246875 0.72265625 0.08125 0.09375
0 0.37109375 0.75390625 0.1875 0.190625
0 0.5453125 0.73125 0.1140625 0.0890625
0 0.69453125 0.73359375 0.13125 0.0734375
0 0.51015625 0.5984375 0.0390625 0.075
0 0.58828125 0.59609375 0.1296875 0.1015625