0 0.16328125 0.03203125 0.0921875 0.0421875
0 0.4984375 0.0640625 0.1890625 0.053125
0 0.659375 0.075 0.125 0.0546875
0 0.23125 0.065625 0.1859375 0.05
0 0.13984375 0.11171875 0.0765625 0.021875
0 0.30234375 0.11328125 0.165625 0.075
0 0.12421875 0.16015625 0.0640625 0.0203125
0 0.53515625 0.20078125 0.071875 0.0234375
0 0.68203125 0.22109375 0.1328125 0.053125
0 0.15546875 0.21796875 0.103125 0.0328125
0 0.26953125 0.228125 0.1125 0.0234375
0 0.1859375 0.25625 0.096875 0.046875
0 0.3171875 0.27109375 0.075 0.046875
0 0.12109375 0.3140625 0.0484375 0.0265625
0 0.17734375 0.31796875 0.0609375 0.0265625
0 0.23515625 0.32265625 0.0421875 0.0234375
0 0.2859375 0.3265625 0.053125 0.021875
0 0.375 0.33515625 0.109375 0.028125
0 0.1984375 0.35859375 0.1578125 0.0515625
0 0.4078125 0.37734375 0.2171875 0.0578125
0 0.56484375 0.39296875 0.065625 0.040625
0 0.71484375 0.40546875 0.178125 0.0578125
0 0.13203125 0.41875 0.115625 0.046875
0 0.21015625 0.421875 0.0171875 0.0296875
0 0.25625 0.4265625 0.0671875 0.034375
0 0.3671875 0.44453125 0.1546875 0.04375
0 0.4921875 0.45 0.0890625 0.0328125
0 0.36796875 0.49296875 0.46875 0.1390625
0 0.14921875 0.60390625 0.1546875 0.0953125
0 0.4171875 0.61640625 0.2421875 0.1015625
0 0.65625 0.6375 0.1671875 0.084375
0 0.165625 0.684375 0.140625 0.071875
0 0.31796875 0.68828125 0.078125 0.0609375
0 0.47265625 0.69140625 0.1140625 0.0640625
0 0.68046875 0.70625 0.1765625 0.0953125
0 0.1953125 0.77109375 0.315625 0.13125
0 0.50703125 0.7671875 0.21875 0.078125
0 0.6921875 0.775 0.06875 0.0515625
0 0.10390625 0.81875 0.146875 0.06875
0 0.26171875 0.82265625 0.08125 0.0546875
0 0.44296875 0.828125 0.159375 0.0765625
0 0.67109375 0.82890625 0.2109375 0.090625
0 0.09296875 0.87578125 0.1015625 0.053125
0 0.30078125 0.8890625 0.225 0.1046875
0 0.5921875 0.909375 0.25 0.0984375
0 0.26796875 0.04140625 0.04375 0.021875