0 0.3015625 0.06953125 0.1875 0.1390625
0 0.47734375 0.0796875 0.096875 0.0765625
0 0.678125 0.13125 0.1765625 0.1015625
0 0.88671875 0.1984375 0.19375 0.1
0 0.25546875 0.14296875 0.20625 0.1296875
0 0.471875 0.2109375 0.153125 0.0953125
0 0.671875 0.26640625 0.1671875 0.128125
0 0.1796875 0.22734375 0.0875 0.075
0 0.36640625 0.2859375 0.24375 0.1234375
0 0.63203125 0.37890625 0.246875 0.134375
0 0.86171875 0.43203125 0.1015625 0.0796875
0 0.19921875 0.35390625 0.221875 0.125
0 0.40078125 0.44765625 0.140625 0.1125
0 0.57890625 0.4671875 0.121875 0.0796875
0 0.734375 0.5234375 0.096875 0.0828125
0 0.15078125 0.44921875 0.1765625 0.103125
0 0.37578125 0.52421875 0.240625 0.1171875
0 0.5671875 0.58671875 0.078125 0.096875
0 0.75703125 0.6390625 0.2453125 0.1296875
0 0.05 0.5890625 0.0796875 0.0671875
0 0.23984375 0.64609375 0.171875 0.0921875
0 0.60390625 0.73515625 0.1828125 0.1203125