0 0.21796875 0.065625 0.0109375 0.01875
0 0.25703125 0.07265625 0.0578125 0.025
0 0.3109375 0.08203125 0.0296875 0.025
0 0.359375 0.0890625 0.059375 0.0296875
0 0.40546875 0.0984375 0.0109375 0.01875
0 0.44375 0.10625 0.046875 0.0296875
0 0.49921875 0.128125 0.059375 0.0359375
0 0.55859375 0.1296875 0.040625 0.025
0 0.603125 0.01484375 0.071875 0.021875
0 0.61015625 0.14765625 0.0453125 0.0296875
0 0.684375 0.15078125 0.08125 0.04375
0 0.75859375 0.171875 0.0578125 0.0390625
0 0.81640625 0.1828125 0.0453125 0.0265625
0 0.86484375 0.2015625 0.059375 0.0328125
0 0.9453125 0.2109375 0.109375 0.046875
0 0.2453125 0.10703125 0.08125 0.0359375
0 0.340625 0.1359375 0.09375 0.0546875
0 0.41171875 0.13984375 0.0265625 0.0265625
0 0.45703125 0.1609375 0.0453125 0.0328125
0 0.525 0.16640625 0.065625 0.0421875
0 0.5921875 0.17578125 0.0546875 0.034375
0 0.6671875 0.203125 0.10625 0.0546875
0 0.75234375 0.2171875 0.0484375 0.034375
0 0.80625 0.22890625 0.0515625 0.0390625
0 0.86875 0.2421875 0.0609375 0.0359375
0 0.93515625 0.26015625 0.075 0.046875
0 0.2140625 0.14921875 0.0375 0.0234375
0 0.26484375 0.15703125 0.05 0.025
0 0.315625 0.1765625 0.0421875 0.0328125
0 0.39296875 0.1890625 0.0890625 0.0484375
0 0.4609375 0.196875 0.01875 0.0140625
0 0.49921875 0.2078125 0.0484375 0.0390625
0 0.5640625 0.21796875 0.0484375 0.025
0 0.62265625 0.2234375 0.053125 0.034375
0 0.68046875 0.2375 0.04375 0.028125
0 0.7359375 0.24765625 0.0515625 0.03125
0 0.77890625 0.2609375 0.009375 0.01875
0 0.825 0.26796875 0.0703125 0.0359375
0 0.884375 0.29375 0.04375 0.034375
0 0.95078125 0.29140625 0.0703125 0.04375
0 0.228125 0.1890625 0.075 0.03125
0 0.303125 0.21328125 0.0515625 0.034375
0 0.3890625 0.22109375 0.090625 0.0375
0 0.459375 0.2328125 0.0453125 0.0265625
0 0.540625 0.2546875 0.1078125 0.046875
0 0.640625 0.27734375 0.0765625 0.034375
0 0.71328125 0.2921875 0.053125 0.034375
0 0.8 0.2984375 0.090625 0.040625
0 0.8703125 0.31875 0.0328125 0.0234375
0 0.9 0.328125 0.01875 0.0171875
0 0.94765625 0.34609375 0.0734375 0.053125
0 0.21015625 0.23203125 0.0671875 0.025
0 0.27109375 0.2390625 0.0390625 0.0265625
0 0.32265625 0.253125 0.0609375 0.021875
0 0.3859375 0.2625 0.0515625 0.028125
0 0.46640625 0.27890625 0.10625 0.065625
0 0.559375 0.30078125 0.0609375 0.0234375
0 0.6109375 0.30625 0.0078125 0.0140625
0 0.65 0.3125 0.0515625 0.028125
0 0.703125 0.321875 0.0296875 0.0265625
0 0.76875 0.33515625 0.075 0.0328125
0 0.83828125 0.34765625 0.0546875 0.0359375
0 0.90625 0.36640625 0.09375 0.0359375
0 0.20078125 0.26953125 0.0625 0.0328125
0 0.2703125 0.28125 0.0546875 0.0328125
0 0.37109375 0.296875 0.1328125 0.0609375
0 0.48984375 0.32578125 0.1 0.0390625
0 0.57734375 0.340625 0.053125 0.0328125
0 0.68671875 0.3640625 0.140625 0.0703125
0 0.7859375 0.38359375 0.0375 0.0265625
0 0.83203125 0.3921875 0.05 0.028125
0 0.90078125 0.4140625 0.0828125 0.046875
0 0.1671875 0.30703125 0.03125 0.025
0 0.2140625 0.32421875 0.05 0.034375
0 0.25234375 0.328125 0.0203125 0.009375
0 0.2984375 0.328125 0.0625 0.0296875
0 0.353125 0.34453125 0.034375 0.0171875
0 0.4109375 0.35078125 0.065625 0.03125
0 0.50625 0.37265625 0.11875 0.0515625
0 0.5953125 0.38203125 0.040625 0.03125
0 0.63359375 0.39453125 0.053125 0.034375
0 0.70234375 0.4046875 0.0546875 0.034375
0 0.7484375 0.41484375 0.0171875 0.021875
0 0.78828125 0.42421875 0.053125 0.0296875
0 0.84296875 0.4359375 0.0421875 0.0296875
0 0.9046875 0.44609375 0.0859375 0.0359375
0 0.16796875 0.3484375 0.0359375 0.0265625
0 0.21171875 0.35546875 0.05625 0.0296875
0 0.3015625 0.37578125 0.1125 0.053125
0 0.4328125 0.39375 0.121875 0.05
0 0.52890625 0.42109375 0.0578125 0.0375
0 0.59453125 0.4265625 0.0578125 0.034375
0 0.65859375 0.44296875 0.05625 0.034375
0 0.72578125 0.44765625 0.05 0.034375
0 0.7671875 0.459375 0.0234375 0.01875
0 0.80703125 0.46328125 0.0578125 0.028125
0 0.87421875 0.48359375 0.071875 0.0390625
0 0.928125 0.49921875 0.046875 0.034375
0 0.1765625 0.390625 0.06875 0.0359375
0 0.265625 0.4140625 0.096875 0.05
0 0.33984375 0.42734375 0.046875 0.025
0 0.409375 0.4390625 0.06875 0.0375
0 0.48203125 0.4515625 0.05625 0.0296875
0 0.55 0.46328125 0.0609375 0.028125
0 0.60859375 0.478125 0.0484375 0.021875
0 0.65390625 0.48203125 0.0375 0.0296875
0 0.703125 0.49453125 0.034375 0.0203125
0 0.77109375 0.51484375 0.0875 0.05
0 0.84609375 0.5265625 0.0578125 0.0359375
0 0.9109375 0.525 0.0734375 0.0421875
0 0.15546875 0.43046875 0.0328125 0.0234375
0 0.2125 0.4421875 0.0734375 0.0328125
0 0.278125 0.45703125 0.05 0.0421875
0 0.32578125 0.4640625 0.028125 0.021875
0 0.3859375 0.47890625 0.0859375 0.05625
0 0.4578125 0.49296875 0.034375 0.021875
0 0.525 0.50625 0.08125 0.03125
0 0.5921875 0.51171875 0.059375 0.0359375
0 0.65390625 0.52890625 0.0484375 0.0375
0 0.7046875 0.5359375 0.0328125 0.01875
0 0.77734375 0.54921875 0.075 0.0296875
0 0.88828125 0.56484375 0.128125 0.05625
0 0.134375 0.47109375 0.0328125 0.0265625
0 0.20078125 0.48671875 0.0890625 0.0484375
0 0.26875 0.49921875 0.028125 0.0203125
0 0.37578125 0.51484375 0.15625 0.05
0 0.490625 0.53515625 0.0578125 0.0359375
0 0.5640625 0.55078125 0.078125 0.0359375
0 0.1296875 0.5546875 0.040625 0.0390625
0 0.18984375 0.56875 0.0734375 0.0328125
0 0.2546875 0.5859375 0.0359375 0.0265625
0 0.38125 0.6078125 0.2078125 0.0625
0 0.5078125 0.62734375 0.0484375 0.03125
0 0.57734375 0.6390625 0.075 0.034375
0 0.6515625 0.65625 0.071875 0.028125
0 0.74296875 0.6640625 0.0875 0.0421875
0 0.8234375 0.68671875 0.0625 0.03125
0 0.89609375 0.69453125 0.084375 0.0375
0 0.121875 0.61171875 0.0515625 0.0359375
0 0.18515625 0.61640625 0.0671875 0.028125
0 0.28203125 0.6328125 0.10625 0.0578125
0 0.4265625 0.6609375 0.175 0.075
0 0.5296875 0.675 0.0265625 0.025
0 0.58125 0.68671875 0.053125 0.025
0 0.6375 0.6875 0.0671875 0.040625
0 0.71875 0.7125 0.0890625 0.0359375
0 0.784375 0.7171875 0.034375 0.0296875
0 0.84453125 0.73515625 0.0734375 0.04375
0 0.11640625 0.6453125 0.05625 0.0359375
0 0.1796875 0.6578125 0.0640625 0.03125
0 0.28125 0.67421875 0.1125 0.04375
0 0.37578125 0.6921875 0.05625 0.0359375
0 0.44296875 0.70625 0.0625 0.025
0 0.55078125 0.72890625 0.1359375 0.05625
0 0.64140625 0.740625 0.03125 0.021875
0 0.70234375 0.74140625 0.059375 0.04375
0 0.7703125 0.759375 0.0828125 0.0359375
0 0.84296875 0.76796875 0.0484375 0.0359375
0 0.89609375 0.77890625 0.0625 0.034375
0 0.11796875 0.69296875 0.0703125 0.0296875
0 0.196875 0.703125 0.0578125 0.0359375
0 0.26640625 0.72265625 0.06875 0.0390625
0 0.38203125 0.7359375 0.1515625 0.05625
0 0.49140625 0.7609375 0.046875 0.0375
0 0.57734375 0.77734375 0.1078125 0.0578125
0 0.67265625 0.78515625 0.0625 0.03125
0 0.7265625 0.79453125 0.0125 0.0203125
0 0.7640625 0.80078125 0.065625 0.034375
0 0.8265625 0.80703125 0.04375 0.0328125
0 0.87734375 0.8171875 0.0734375 0.0390625
0 0.084375 0.73046875 0.0265625 0.021875
0 0.1578125 0.74453125 0.103125 0.04375
0 0.27890625 0.76796875 0.125 0.078125
0 0.378125 0.77890625 0.0734375 0.040625
0 0.46171875 0.79765625 0.0953125 0.0421875
0 0.54375 0.8140625 0.05625 0.0265625
0 0.65390625 0.83203125 0.125 0.0640625
0 0.73984375 0.8421875 0.046875 0.028125
0 0.79375 0.85390625 0.0546875 0.0234375
0 0.8578125 0.85625 0.059375 0.03125
0 0.09375 0.78046875 0.053125 0.0265625
0 0.1453125 0.784375 0.0546875 0.03125
0 0.19921875 0.796875 0.0421875 0.0328125
0 0.253125 0.809375 0.0578125 0.0328125
0 0.31484375 0.8140625 0.05625 0.034375
0 0.38515625 0.8265625 0.075 0.040625
0 0.44765625 0.83828125 0.028125 0.0203125
0 0.56015625 0.8546875 0.18125 0.06875
0 0.68046875 0.86875 0.0609375 0.0390625
0 0.75390625 0.8859375 0.0875 0.0375
0 0.8265625 0.8953125 0.0515625 0.0234375
0 0.14296875 0.82890625 0.1703125 0.0703125
0 0.29453125 0.85546875 0.11875 0.046875
0 0.39453125 0.8703125 0.0734375 0.053125
0 0.4640625 0.890625 0.0515625 0.0328125
0 0.5390625 0.8953125 0.0875 0.04375
0 0.6125 0.9125 0.0328125 0.025
0 0.67109375 0.91875 0.0640625 0.028125
0 0.75703125 0.9390625 0.08125 0.0390625
0 0.8359375 0.9421875 0.05625 0.03125
0 0.8796875 0.95 0.0296875 0.0203125
0 0.084375 0.8640625 0.0734375 0.0359375
0 0.20234375 0.88046875 0.134375 0.0453125
0 0.315625 0.903125 0.0609375 0.0375
0 0.3890625 0.91484375 0.0640625 0.0328125
0 0.4703125 0.9359375 0.0515625 0.0421875
0 0.5234375 0.9453125 0.021875 0.0140625
0 0.58515625 0.953125 0.0796875 0.046875
0 0.66796875 0.9609375 0.05625 0.0328125