0 0.23046875 0.13125 0.0890625 0.03125
0 0.440625 0.16796875 0.1578125 0.04375
0 0.69921875 0.2109375 0.2375 0.0578125
0 0.9203125 0.22890625 0.125 0.04375
0 0.9203125 0.24375 0.09375 0.0359375
0 0.9046875 0.2546875 0.0640625 0.025
0 0.97109375 0.26796875 0.0578125 0.0359375
0 0.94921875 0.275 0.0921875 0.0296875
0 0.7734375 0.28125 0.28125 0.071875
0 0.7640625 0.29921875 0.0515625 0.021875
0 0.81953125 0.30546875 0.0328125 0.0171875
0 0.8734375 0.31484375 0.0515625 0.021875
0 0.94921875 0.3265625 0.05625 0.028125
0 0.7765625 0.31796875 0.046875 0.021875
0 0.8546875 0.32734375 0.071875 0.0265625
0 0.215625 0.15546875 0.0640625 0.0234375
0 0.20703125 0.17578125 0.0734375 0.0234375
0 0.1921875 0.1859375 0.034375 0.0140625
0 0.23828125 0.19296875 0.0390625 0.0203125
0 0.2234375 0.20625 0.1046875 0.0296875
0 0.13125 0.23125 0.084375 0.04375
0 0.2109375 0.24375 0.05625 0.0265625
0 0.28203125 0.26328125 0.0703125 0.034375
0 0.37265625 0.27421875 0.096875 0.040625
0 0.24453125 0.28359375 0.1265625 0.0484375
0 0.609375 0.3453125 0.165625 0.05
0 0.3921875 0.3546875 0.2078125 0.059375
0 0.14765625 0.40078125 0.184375 0.059375
0 0.44765625 0.4546875 0.1640625 0.053125
0 0.78828125 0.51484375 0.3265625 0.0796875
0 0.09140625 0.4140625 0.04375 0.0203125
0 0.16640625 0.42734375 0.1 0.0359375
0 0.23828125 0.4390625 0.0296875 0.0171875
0 0.0625 0.4234375 0.05 0.021875
0 0.1796875 0.44296875 0.1625 0.04375
0 0.4328125 0.4796875 0.11875 0.040625
0 0.515625 0.49140625 0.034375 0.01875
0 0.38515625 0.48125 0.0328125 0.01875
0 0.434375 0.49140625 0.0296875 0.0171875
0 0.51015625 0.51171875 0.11875 0.053125
0 0.6671875 0.5328125 0.0171875 0.015625
0 0.365625 0.559375 0.1359375 0.0546875
0 0.58671875 0.56484375 0.1265625 0.078125
0 0.32890625 0.6609375 0.24375 0.084375
0 0.603125 0.7171875 0.25 0.0828125
0 0.3890625 0.7140625 0.1875 0.0578125
0 0.56328125 0.75546875 0.13125 0.059375
0 0.66796875 0.77109375 0.040625 0.021875
0 0.84609375 0.8015625 0.1265625 0.040625
0 0.35390625 0.73671875 0.0734375 0.0328125
0 0.465625 0.75546875 0.034375 0.0265625
0 0.559375 0.78359375 0.1203125 0.0484375
0 0.36171875 0.7765625 0.1515625 0.0609375
0 0.4671875 0.7875 0.0390625 0.0265625
0 0.54921875 0.80625 0.1171875 0.0515625
0 0.70078125 0.8328125 0.1359375 0.040625
0 0.4234375 0.74921875 0.0390625 0.0234375
0 0.475 0.56171875 0.0125 0.015625
0 0.36484375 0.46484375 0.021875 0.015625
0 0.2859375 0.6859375 0.034375 0.025
0 0.29296875 0.71953125 0.0359375 0.0296875
0 0.278125 0.75 0.0390625 0.03125