0 0.265625 0.41875 0.184375 0.0734375
0 0.42890625 0.39375 0.128125 0.0578125
0 0.57109375 0.3828125 0.128125 0.065625
0 0.75546875 0.36796875 0.23125 0.1
0 0.2734375 0.50546875 0.18125 0.06875
0 0.44453125 0.48515625 0.159375 0.0671875
0 0.6828125 0.45859375 0.296875 0.103125
0 0.3171875 0.58046875 0.2515625 0.090625
0 0.5203125 0.55078125 0.1234375 0.0578125
0 0.7359375 0.553125 0.30625 0.1015625
0 0.2421875 0.6734375 0.1265625 0.0640625
0 0.41875 0.646875 0.184375 0.0859375
0 0.63046875 0.628125 0.2234375 0.075
0 0.8140625 0.6125 0.1296875 0.1125
0 0.27890625 0.7453125 0.16875 0.0703125
0 0.453125 0.7296875 0.165625 0.0703125
0 0.67890625 0.70390625 0.265625 0.1015625
0 0.3265625 0.821875 0.29375 0.1078125
0 0.54765625 0.79921875 0.1296875 0.0765625
0 0.7875 0.78828125 0.328125 0.09375