0 0.12734375 0.57421875 0.0875 0.0640625
0 0.31171875 0.0265625 0.2171875 0.053125
0 0.74296875 0.0890625 0.1265625 0.06875
0 0.8796875 0.115625 0.1140625 0.059375
0 0.17109375 0.21640625 0.015625 0.0390625
0 0.2578125 0.1125 0.0875 0.0625
0 0.346875 0.20234375 0.09375 0.0640625
0 0.5296875 0.18203125 0.1546875 0.078125
0 0.3515625 0.14609375 0.10625 0.0625
0 0.49453125 0.23828125 0.096875 0.075
0 0.325 0.0734375 0.2609375 0.096875
0 0.66171875 0.1953125 0.0734375 0.0515625
0 0.5015625 0.2828125 0.1640625 0.0734375
0 0.65078125 0.31640625 0.125 0.0703125
0 0.8015625 0.22109375 0.1046875 0.059375
0 0.915625 0.2390625 0.0859375 0.053125
0 0.184375 0.1640625 0.028125 0.0296875
0 0.25234375 0.16875 0.0890625 0.0625
0 0.4203125 0.20625 0.0328125 0.040625
0 0.2375 0.22890625 0.103125 0.053125
0 0.3328125 0.32109375 0.0859375 0.059375
0 0.3328125 0.26015625 0.0875 0.05625
0 0.40390625 0.2703125 0.0421875 0.04375
0 0.16328125 0.27421875 0.0265625 0.034375
0 0.234375 0.2921875 0.10625 0.0578125
0 0.4078125 0.3328125 0.046875 0.04375
0 0.48515625 0.340625 0.0953125 0.0484375
0 0.5734375 0.36875 0.09375 0.0546875
0 0.2578125 0.35703125 0.2203125 0.09375
0 0.16484375 0.40078125 0.0765625 0.0453125
0 0.25703125 0.42578125 0.096875 0.075
0 0.334375 0.4328125 0.04375 0.04375
0 0.371875 0.4453125 0.0234375 0.025
0 0.44140625 0.4515625 0.0734375 0.0421875
0 0.15 0.45625 0.09375 0.0546875
0 0.24375 0.46953125 0.075 0.0484375
0 0.31796875 0.49375 0.0875 0.059375
0 0.41484375 0.50625 0.090625 0.046875
0 0.5125 0.5421875 0.1078125 0.0546875
0 0.1390625 0.51796875 0.06875 0.0421875
0 0.2203125 0.53984375 0.0859375 0.059375
0 0.33125 0.5484375 0.1390625 0.0671875
0 0.46875 0.58671875 0.125 0.059375
0 0.21484375 0.58984375 0.0734375 0.053125
0 0.2703125 0.6078125 0.05 0.040625
0 0.371875 0.6328125 0.153125 0.090625
0 0.5484375 0.6578125 0.0625 0.0375
0 0.6171875 0.6859375 0.059375 0.05
0 0.684375 0.68828125 0.06875 0.034375
0 0.75390625 0.6921875 0.065625 0.040625
0 0.8375 0.71875 0.09375 0.05625
0 0.12265625 0.63203125 0.0765625 0.0578125
0 0.20546875 0.6578125 0.0875 0.05625
0 0.34140625 0.6703125 0.159375 0.0734375
0 0.09765625 0.70078125 0.065625 0.04375
0 0.16484375 0.7078125 0.0359375 0.040625
0 0.2 0.71015625 0.04375 0.0484375
0 0.27734375 0.7296875 0.103125 0.0484375
0 0.37734375 0.75 0.0875 0.05625
0 0.48515625 0.76875 0.1015625 0.05
0 0.5796875 0.7953125 0.084375 0.0578125
0 0.65546875 0.80234375 0.0515625 0.05
0 0.74921875 0.834375 0.140625 0.0796875
0 0.84765625 0.85625 0.0734375 0.0578125
0 0.103125 0.75390625 0.0875 0.0578125
0 0.1859375 0.77109375 0.0609375 0.0375
0 0.24296875 0.78671875 0.0296875 0.0234375
0 0.396875 0.82734375 0.084375 0.0734375
0 0.06015625 0.81484375 0.0359375 0.040625
0 0.1109375 0.83359375 0.0703125 0.053125
0 0.20390625 0.83203125 0.0984375 0.0484375
0 0.27421875 0.846875 0.046875 0.0375
0 0.34921875 0.8671875 0.090625 0.05
0 0.415625 0.87734375 0.0375 0.04375
0 0.475 0.90390625 0.06875 0.05
0 0.60625 0.91875 0.1578125 0.06875
0 0.72421875 0.93828125 0.084375 0.05625
0 0.809375 0.9578125 0.0734375 0.05
0 0.8546875 0.96953125 0.009375 0.028125
0 0.721875 0.20703125 0.0328125 0.0328125
0 0.46875 0.03828125 0.096875 0.0609375
0 0.59921875 0.059375 0.1359375 0.0671875
0 0.1984375 0.10390625 0.0296875 0.0390625
0 0.4359375 0.1609375 0.0359375 0.034375
0 0.47890625 0.65 0.05625 0.04375
0 0.30234375 0.8046875 0.0875 0.0515625