0 0.23671875 0.26640625 0.1296875 0.0515625
0 0.76484375 0.275 0.1734375 0.090625
0 0.23203125 0.38203125 0.1375 0.06875
0 0.44921875 0.4203125 0.26875 0.053125
0 0.653125 0.43984375 0.0640625 0.0484375
0 0.75546875 0.43515625 0.0671875 0.0359375
0 0.846875 0.44140625 0.08125 0.0453125
0 0.2 0.4546875 0.06875 0.0421875
0 0.31796875 0.46953125 0.1140625 0.0359375
0 0.44140625 0.48203125 0.078125 0.059375
0 0.58359375 0.50390625 0.0984375 0.0453125
0 0.67421875 0.49921875 0.0171875 0.0359375
0 0.73984375 0.509375 0.0640625 0.0484375
0 0.825 0.49609375 0.065625 0.059375
0 0.2375 0.53203125 0.16875 0.0671875
0 0.4265625 0.5375 0.14375 0.0578125
0 0.57890625 0.5640625 0.1125 0.046875
0 0.74296875 0.58203125 0.19375 0.08125
0 0.234375 0.59609375 0.153125 0.096875
0 0.38046875 0.61796875 0.0828125 0.0421875
0 0.6125 0.62734375 0.3625 0.1109375
0 0.89140625 0.64453125 0.1390625 0.053125
0 0.296875 0.671875 0.2703125 0.078125
0 0.62265625 0.83828125 0.1359375 0.103125
0 0.1703125 0.91640625 0.0984375 0.0578125
0 0.69453125 0.50078125 0.0140625 0.0109375