0 0.22109375 0.0734375 0.078125 0.025
0 0.29375 0.08046875 0.0515625 0.0171875
0 0.271875 0.13046875 0.0734375 0.028125
0 0.3875 0.13359375 0.146875 0.0421875
0 0.53203125 0.14140625 0.1359375 0.0296875
0 0.62890625 0.14609375 0.0703125 0.025
0 0.68046875 0.15078125 0.0265625 0.01875
0 0.71328125 0.1546875 0.021875 0.0140625
0 0.78984375 0.15546875 0.1171875 0.0265625
0 0.284375 0.14921875 0.115625 0.025
0 0.359375 0.15234375 0.0359375 0.0203125
0 0.39765625 0.15703125 0.0265625 0.0140625
0 0.48046875 0.16328125 0.134375 0.0390625
0 0.5828125 0.1671875 0.05625 0.015625
0 0.67734375 0.17265625 0.10625 0.025
0 0.78125 0.1859375 0.1015625 0.0328125
0 0.24921875 0.17109375 0.0390625 0.015625
0 0.3171875 0.17578125 0.065625 0.015625
0 0.4171875 0.18515625 0.1203125 0.0421875
0 0.503125 0.1859375 0.0421875 0.01875
0 0.565625 0.190625 0.0671875 0.0328125
0 0.64296875 0.1921875 0.071875 0.025
0 0.7109375 0.2015625 0.065625 0.034375
0 0.77734375 0.20546875 0.04375 0.0171875
0 0.26015625 0.19375 0.0640625 0.025
0 0.3203125 0.2 0.040625 0.015625
0 0.3640625 0.20234375 0.0265625 0.0140625
0 0.44921875 0.2078125 0.121875 0.03125
0 0.55078125 0.21484375 0.0625 0.01875
0 0.51953125 0.24296875 0.10625 0.0390625
0 0.59765625 0.2390625 0.0390625 0.0203125
0 0.65078125 0.2421875 0.071875 0.021875
0 0.709375 0.24609375 0.05625 0.0203125
0 0.76953125 0.24921875 0.0609375 0.0203125
0 0.8421875 0.2546875 0.0875 0.0234375
0 0.94375 0.26328125 0.1125 0.0453125
0 0.19375 0.259375 0.0890625 0.025
0 0.27265625 0.26640625 0.0546875 0.021875
0 0.265625 0.31328125 0.13125 0.0328125
0 0.3609375 0.32421875 0.0390625 0.0140625
0 0.471875 0.33046875 0.1640625 0.040625
0 0.628125 0.33984375 0.1484375 0.0296875
0 0.74375 0.346875 0.0703125 0.0234375
0 0.81484375 0.353125 0.0546875 0.01875
0 0.89765625 0.35546875 0.084375 0.0234375
0 0.28125 0.3421875 0.146875 0.03125
0 0.421875 0.353125 0.134375 0.028125
0 0.25 0.36640625 0.1015625 0.0265625
0 0.375 0.38359375 0.140625 0.0453125
0 0.553125 0.38828125 0.2078125 0.0359375
0 0.27421875 0.39453125 0.0109375 0.003125
0 0.325 0.39765625 0.0796875 0.0234375
0 0.38828125 0.40234375 0.03125 0.0171875
0 0.490625 0.4140625 0.153125 0.04375
0 0.63203125 0.41640625 0.1265625 0.034375
0 0.3765625 0.43046875 0.046875 0.015625
0 0.48125 0.44140625 0.1546875 0.046875
0 0.65703125 0.44765625 0.1921875 0.0359375
0 0.77734375 0.459375 0.0484375 0.01875
0 0.8234375 0.4625 0.028125 0.015625
0 0.88984375 0.4625 0.0921875 0.0265625
0 0.38671875 0.45703125 0.0859375 0.0265625
0 0.46484375 0.46171875 0.0625 0.0234375
0 0.52578125 0.46796875 0.0421875 0.015625
0 0.6109375 0.471875 0.1015625 0.0296875
0 0.69140625 0.48046875 0.05 0.0390625
0 0.7375 0.47578125 0.025 0.021875
0 0.83515625 0.48828125 0.18125 0.0390625
0 0.3828125 0.48203125 0.0734375 0.028125
0 0.43203125 0.490625 0.025 0.015625
0 0.540625 0.496875 0.1796875 0.0296875
0 0.71015625 0.50625 0.1421875 0.0328125
0 0.8234375 0.52109375 0.0765625 0.0265625
0 0.88828125 0.52109375 0.0453125 0.0375
0 0.3515625 0.50390625 0.01875 0.01875
0 0.47265625 0.52109375 0.2265625 0.0390625
0 0.2234375 0.525 0.0171875 0.00625
0 0.31796875 0.5359375 0.128125 0.03125
0 0.45859375 0.54375 0.1421875 0.0328125
0 0.60859375 0.5640625 0.1546875 0.0578125
0 0.375 0.56953125 0.0859375 0.025
0 0.4375 0.5765625 0.0546875 0.040625
0 0.4796875 0.571875 0.025 0.025
0 0.55703125 0.584375 0.140625 0.0375
0 0.36484375 0.6 0.0828125 0.028125
0 0.4609375 0.60234375 0.084375 0.034375
0 0.54609375 0.61796875 0.0796875 0.0328125
0 0.61015625 0.60859375 0.025 0.0234375
0 0.721875 0.62578125 0.2234375 0.046875
0 0.4140625 0.63671875 0.190625 0.053125
0 0.52421875 0.6390625 0.01875 0.0203125
0 0.58046875 0.6484375 0.0921875 0.04375
0 0.68359375 0.65546875 0.1140625 0.0375
0 0.7640625 0.65625 0.040625 0.021875
0 0.40078125 0.665625 0.165625 0.0484375
0 0.5375 0.66953125 0.0875 0.034375
0 0.1765625 0.675 0.015625 0.00625
0 0.2390625 0.6828125 0.0828125 0.03125
0 0.309375 0.68671875 0.05 0.025
0 0.4515625 0.703125 0.196875 0.0546875
0 0.621875 0.7046875 0.1359375 0.0375
0 0.3609375 0.7203125 0.0859375 0.03125
0 0.42734375 0.72890625 0.046875 0.040625
0 0.48515625 0.725 0.0265625 0.0203125
0 0.5125 0.721875 0.0203125 0.021875
0 0.59453125 0.73984375 0.15625 0.0421875
0 0.38828125 0.753125 0.1546875 0.0359375
0 0.5 0.76875 0.06875 0.03125
0 0.5625 0.771875 0.0484375 0.040625
0 0.61640625 0.76796875 0.0203125 0.015625
0 0.65234375 0.7640625 0.0234375 0.0203125
0 0.765625 0.78359375 0.2140625 0.0421875
0 0.31796875 0.78125 0.0421875 0.0234375
0 0.375 0.78984375 0.08125 0.05
0 0.51796875 0.79609375 0.196875 0.0375
0 0.10234375 0.83203125 0.10625 0.0375
0 0.203125 0.84140625 0.0828125 0.0359375
0 0.259375 0.91875 0.2796875 0.0609375
0 0.4296875 0.93046875 0.0640625 0.05
0 0.48125 0.93125 0.03125 0.0234375
0 0.56875 0.93046875 0.125 0.0359375
0 0.66328125 0.94296875 0.0625 0.05
0 0.82109375 0.94765625 0.24375 0.0484375
0 0.16640625 0.9484375 0.13125 0.05
0 0.253125 0.95078125 0.0359375 0.01875
0 0.32265625 0.95625 0.090625 0.0265625
0 0.4296875 0.95859375 0.1015625 0.034375
0 0.22890625 0.971875 0.284375 0.040625
0 0.4265625 0.9859375 0.0796875 0.025
0 0.50546875 0.99375 0.0765625 0.0125
0 0.5953125 0.996875 0.0875 0.00625
0 0.6828125 0.996875 0.05 0.00625