0 0.47421875 0.08515625 0.16875 0.06875
0 0.6625 0.13125 0.1953125 0.084375
0 0.3328125 0.115625 0.05 0.0421875
0 0.44765625 0.1328125 0.0828125 0.053125
0 0.55234375 0.1546875 0.09375 0.0578125
0 0.7421875 0.2078125 0.084375 0.05
0 0.86171875 0.22734375 0.1171875 0.071875
0 0.3234375 0.16953125 0.046875 0.034375
0 0.4609375 0.19765625 0.0921875 0.0640625
0 0.54453125 0.21484375 0.0734375 0.053125
0 0.61796875 0.2359375 0.0390625 0.0375
0 0.72578125 0.25859375 0.0984375 0.05625
0 0.865625 0.28203125 0.096875 0.05625
0 0.19921875 0.2296875 0.1234375 0.0625
0 0.3203125 0.265625 0.078125 0.0625
0 0.41484375 0.271875 0.06875 0.0390625
0 0.4828125 0.29140625 0.046875 0.05
0 0.68984375 0.334375 0.0890625 0.046875
0 0.784375 0.35390625 0.075 0.040625
0 0.13515625 0.29765625 0.0453125 0.05
0 0.31015625 0.33046875 0.0984375 0.0515625
0 0.43515625 0.359375 0.1359375 0.0640625
0 0.57109375 0.38125 0.1109375 0.0515625
0 0.6625 0.4015625 0.04375 0.028125
0 0.19140625 0.3796875 0.1734375 0.08125
0 0.30703125 0.39609375 0.0375 0.0328125
0 0.38046875 0.40546875 0.059375 0.0375
0 0.53203125 0.44765625 0.1921875 0.0734375
0 0.72421875 0.4796875 0.13125 0.059375
0 0.13984375 0.4296875 0.096875 0.0484375
0 0.246875 0.45234375 0.090625 0.040625
0 0.33515625 0.465625 0.0609375 0.05
0 0.45390625 0.4921875 0.1515625 0.0734375
0 0.58984375 0.509375 0.0828125 0.040625
0 0.10625 0.4796875 0.0625 0.0390625
0 0.178125 0.49296875 0.05625 0.0359375
0 0.33359375 0.5265625 0.059375 0.0546875
0 0.40703125 0.53984375 0.0828125 0.0484375
0 0.4953125 0.54375 0.065625 0.040625
0 0.63125 0.5734375 0.190625 0.084375
0 0.0984375 0.53671875 0.05625 0.034375
0 0.190625 0.55 0.084375 0.0421875
0 0.284375 0.56796875 0.0890625 0.0375
0 0.390625 0.5875 0.0859375 0.0390625
0 0.471875 0.60546875 0.0484375 0.025
0 0.55 0.61328125 0.0859375 0.0578125
0 0.609375 0.62421875 0.03125 0.0265625
0 0.69921875 0.64453125 0.1453125 0.0625
0 0.0953125 0.63359375 0.090625 0.0390625
0 0.1671875 0.64609375 0.0390625 0.0265625
0 0.4609375 0.71015625 0.184375 0.0546875
0 0.70546875 0.76484375 0.075 0.03125
0 0.09140625 0.6984375 0.11875 0.0625
0 0.3921875 0.76484375 0.0453125 0.0421875
0 0.52421875 0.784375 0.1125 0.0671875
0 0.225 0.78359375 0.1234375 0.0515625
0 0.3375 0.8078125 0.0984375 0.0484375
0 0.41796875 0.828125 0.0640625 0.0421875
0 0.09140625 0.80234375 0.1625 0.071875
0 0.21796875 0.821875 0.08125 0.0453125
0 0.325 0.84140625 0.096875 0.0421875
0 0.396875 0.85390625 0.034375 0.028125
0 0.478125 0.86953125 0.1046875 0.05
0 0.63828125 0.89921875 0.0453125 0.040625
0 0.36796875 0.88125 0.0828125 0.0390625
0 0.49375 0.90859375 0.1421875 0.0578125
0 0.640625 0.18125 0.0359375 0.0375
0 0.57578125 0.315625 0.115625 0.0765625
0 0.20859375 0.30625 0.0703125 0.0421875
0 0.659375 0.5203125 0.0515625 0.03125
0 0.26171875 0.509375 0.0859375 0.040625
0 0.2203125 0.66015625 0.059375 0.03125
0 0.16015625 0.709375 0.01875 0.0296875
0 0.2046875 0.72109375 0.0609375 0.0390625
0 0.30546875 0.740625 0.13125 0.053125
0 0.03046875 0.74140625 0.0171875 0.028125
0 0.1015625 0.75703125 0.1171875 0.0484375
0 0.3875 0.12890625 0.0609375 0.040625
0 0.6765625 0.1921875 0.040625 0.03125
0 0.38515625 0.1828125 0.05625 0.0359375
0 0.66015625 0.24296875 0.0515625 0.034375