0 0.15 0.046875 0.0953125 0.0375
0 0.4890625 0.059375 0.1859375 0.0453125
0 0.65859375 0.06328125 0.1328125 0.0515625
0 0.83046875 0.06328125 0.0109375 0.0328125
0 0.1296875 0.13046875 0.084375 0.0234375
0 0.3078125 0.1296875 0.16875 0.0578125
0 0.11875 0.18203125 0.065625 0.0203125
0 0.309375 0.19140625 0.1953125 0.0515625
0 0.53828125 0.2015625 0.071875 0.025
0 0.7109375 0.209375 0.1515625 0.0515625
0 0.15078125 0.23671875 0.109375 0.0296875
0 0.2703125 0.2421875 0.1171875 0.0234375
0 0.23125 0.2765625 0.125 0.0453125
0 0.3984375 0.28828125 0.1171875 0.0421875
0 0.1203125 0.3359375 0.046875 0.0265625
0 0.17890625 0.3390625 0.0640625 0.0234375
0 0.2390625 0.3390625 0.04375 0.01875
0 0.29140625 0.34296875 0.053125 0.0203125
0 0.38125 0.34765625 0.109375 0.021875
0 0.184375 0.371875 0.134375 0.059375
0 0.32578125 0.38359375 0.05625 0.0515625
0 0.41484375 0.3890625 0.08125 0.0578125
0 0.50078125 0.38828125 0.059375 0.053125
0 0.6328125 0.3984375 0.1734375 0.0484375
0 0.13671875 0.44296875 0.1171875 0.0453125
0 0.21875 0.44140625 0.0234375 0.03125
0 0.265625 0.44375 0.0734375 0.034375
0 0.3796875 0.4546875 0.1515625 0.034375
0 0.50234375 0.45625 0.090625 0.0328125
0 0.225 0.07734375 0.1828125 0.0421875
0 0.06953125 0.5046875 0.05 0.040625
0 0.146875 0.49765625 0.096875 0.0359375
0 0.35234375 0.509375 0.259375 0.040625
0 0.54296875 0.515625 0.059375 0.03125
0 0.734375 0.521875 0.26875 0.046875
0 0.1734375 0.55390625 0.1734375 0.0421875
0 0.3609375 0.56484375 0.0875 0.0359375
0 0.54375 0.56796875 0.234375 0.0375
0 0.7625 0.56875 0.159375 0.0375
0 0.08359375 0.63125 0.05625 0.0421875
0 0.1890625 0.6328125 0.1171875 0.04375
0 0.38671875 0.62890625 0.1890625 0.046875
0 0.571875 0.6359375 0.1359375 0.0390625
0 0.7234375 0.6328125 0.1015625 0.05
0 0.81484375 0.64140625 0.0546875 0.03125
0 0.28515625 0.70703125 0.321875 0.0484375
0 0.55078125 0.6984375 0.15625 0.0515625
0 0.66875 0.6984375 0.0625 0.04375
0 0.77734375 0.7078125 0.1359375 0.0515625
0 0.075 0.778125 0.065625 0.053125
0 0.28984375 0.77578125 0.2921875 0.0734375
0 0.48984375 0.7890625 0.06875 0.0484375
0 0.6375 0.78515625 0.15 0.0578125
0 0.78359375 0.78125 0.0875 0.040625
0 0.271875 0.83359375 0.275 0.0609375
0 0.0921875 0.9484375 0.121875 0.021875
0 0.18671875 0.95078125 0.0625 0.0140625
0 0.246875 0.953125 0.05 0.0140625
0 0.25703125 0.05 0.04375 0.025