0 0.31875 0.25546875 0.08125 0.0734375
0 0.41953125 0.24609375 0.071875 0.03125
0 0.5234375 0.2109375 0.1015625 0.090625
0 0.66875 0.19296875 0.1125 0.0921875
0 0.29609375 0.3734375 0.096875 0.0890625
0 0.4390625 0.353125 0.1375 0.0734375
0 0.53359375 0.3515625 0.040625 0.0484375
0 0.6171875 0.321875 0.05 0.0546875
0 0.71875 0.2984375 0.103125 0.0671875
0 0.346875 0.521875 0.221875 0.1453125
0 0.5921875 0.4703125 0.2234375 0.1609375
0 0.73125 0.41796875 0.0875 0.09375
0 0.35234375 0.61875 0.1578125 0.0859375
0 0.734375 0.5375 0.125 0.0890625
0 0.30390625 0.7734375 0.075 0.0875
0 0.43125 0.7765625 0.175 0.178125
0 0.59609375 0.71484375 0.1078125 0.0796875
0 0.7421875 0.68359375 0.128125 0.0640625
0 0.53125 0.59296875 0.034375 0.0734375
0 0.6078125 0.57421875 0.125 0.0921875