0 0.10390625 0.2640625 0.13125 0.05625
0 0.2546875 0.2234375 0.1265625 0.053125
0 0.096875 0.321875 0.00625 0.0078125
0 0.1828125 0.296875 0.065625 0.03125
0 0.29296875 0.26953125 0.0890625 0.034375
0 0.371875 0.246875 0.0546875 0.0265625
0 0.4359375 0.2296875 0.04375 0.0234375
0 0.49140625 0.2140625 0.0578125 0.0296875
0 0.5828125 0.18984375 0.109375 0.0484375
0 0.3125 0.2875 0.1171875 0.0453125
0 0.41484375 0.26484375 0.05 0.028125
0 0.48515625 0.24296875 0.065625 0.0265625
0 0.55546875 0.22421875 0.05625 0.025
0 0.20078125 0.33984375 0.0734375 0.0328125
0 0.2984375 0.31796875 0.0546875 0.0265625
0 0.33203125 0.3125 0.015625 0.00625
0 0.365625 0.3 0.0484375 0.021875
0 0.39375 0.296875 0.009375 0.0046875
0 0.44765625 0.28203125 0.078125 0.040625
0 0.1859375 0.3796875 0.04375 0.021875
0 0.2546875 0.36015625 0.06875 0.03125
0 0.3640625 0.33125 0.0984375 0.04375
0 0.47421875 0.303125 0.0859375 0.0390625
0 0.56171875 0.28046875 0.0671875 0.034375
0 0.6421875 0.2609375 0.053125 0.0328125
0 0.7375 0.2328125 0.1015625 0.0390625
0 0.83515625 0.20703125 0.0703125 0.0328125
0 0.16796875 0.42265625 0.0453125 0.0234375
0 0.2875 0.39296875 0.1328125 0.0515625
0 0.40625 0.3625 0.1015625 0.040625
0 0.53125 0.33125 0.1171875 0.053125
0 0.64453125 0.29453125 0.0453125 0.021875
0 0.1078125 0.484375 0.015625 0.0125
0 0.18984375 0.46328125 0.0578125 0.0328125
0 0.29921875 0.434375 0.1234375 0.0515625
0 0.41640625 0.40625 0.0671875 0.034375
0 0.50546875 0.3828125 0.046875 0.0328125
0 0.5328125 0.3796875 0.0140625 0.00625
0 0.59765625 0.3578125 0.084375 0.0359375
0 0.64765625 0.35 0.0125 0.00625
0 0.7015625 0.3296875 0.09375 0.0390625
0 0.2390625 0.4828125 0.0515625 0.034375
0 0.3125 0.46328125 0.0703125 0.034375
0 0.3859375 0.44609375 0.0640625 0.0296875
0 0.45390625 0.43046875 0.065625 0.028125
0 0.52265625 0.4140625 0.0640625 0.028125
0 0.60390625 0.3890625 0.084375 0.0421875
0 0.2125 0.525 0.0828125 0.040625
0 0.31328125 0.5015625 0.0828125 0.0328125
0 0.38828125 0.48046875 0.025 0.015625
0 0.43046875 0.46953125 0.0359375 0.01875
0 0.47890625 0.4578125 0.0578125 0.0265625
0 0.55234375 0.44140625 0.04375 0.0265625
0 0.5890625 0.42890625 0.0296875 0.01875
0 0.65859375 0.41171875 0.0828125 0.0359375
0 0.73671875 0.3890625 0.04375 0.0234375
0 0.80859375 0.371875 0.0890625 0.0359375
0 0.92421875 0.3421875 0.1015625 0.040625
0 0.34140625 0.48046875 0.03125 0.0234375
0 0.56640625 0.4578125 0.0265625 0.0171875
0 0.6140625 0.44375 0.05 0.025
0 0.70234375 0.4265625 0.0890625 0.0359375
0 0.12421875 0.6125 0.0140625 0.0140625
0 0.26796875 0.578125 0.109375 0.0484375
0 0.37265625 0.5484375 0.0609375 0.0328125
0 0.48203125 0.52421875 0.0671875 0.0359375
0 0.56484375 0.49765625 0.059375 0.0296875
0 0.62265625 0.48515625 0.0328125 0.0203125
0 0.70859375 0.46328125 0.059375 0.0375
0 0.740625 0.459375 0.009375 0.0046875
0 0.80546875 0.4359375 0.103125 0.04375
0 0.20390625 0.65234375 0.034375 0.0234375
0 0.27890625 0.63125 0.0609375 0.025
0 0.35078125 0.61171875 0.0703125 0.03125
0 0.4453125 0.59140625 0.075 0.0390625
0 0.525 0.57109375 0.084375 0.040625
0 0.609375 0.55 0.065625 0.034375
0 0.6609375 0.5375 0.0265625 0.025
0 0.73515625 0.52265625 0.046875 0.0203125
0 0.765625 0.51640625 0.0109375 0.0046875
0 0.7875 0.5109375 0.0265625 0.0203125
0 0.8015625 0.50859375 0.009375 0.0046875
0 0.83984375 0.5015625 0.05625 0.025
0 0.1078125 0.73203125 0.0421875 0.025
0 0.159375 0.71875 0.0453125 0.0234375
0 0.16015625 0.74140625 0.0671875 0.0421875
0 0.2796875 0.70546875 0.109375 0.0390625
0 0.353125 0.69140625 0.0296875 0.015625
0 0.4140625 0.675 0.075 0.03125
0 0.48046875 0.66015625 0.0296875 0.0140625
0 0.53828125 0.6484375 0.071875 0.0359375
0 0.59765625 0.63359375 0.0265625 0.0125
0 0.6875 0.609375 0.1359375 0.046875
0 0.7828125 0.5890625 0.034375 0.015625
0 0.83125 0.5765625 0.0515625 0.025
0 0.93125 0.55390625 0.121875 0.04375
0 0.25 0.740625 0.0296875 0.0140625
0 0.32109375 0.721875 0.078125 0.0296875
0 0.3765625 0.70703125 0.0234375 0.0109375
0 0.43046875 0.69609375 0.0515625 0.0234375
0 0.4734375 0.6859375 0.021875 0.0109375
0 0.5390625 0.671875 0.0984375 0.0359375
0 0.60703125 0.65546875 0.028125 0.01875
0 0.63828125 0.64921875 0.0234375 0.0125
0 0.69609375 0.6375 0.075 0.0359375
0 0.77109375 0.62109375 0.0453125 0.0328125
0 0.15 0.79375 0.04375 0.0203125
0 0.19375 0.78515625 0.0375 0.0234375
0 0.2734375 0.76484375 0.0203125 0.0125
0 0.34140625 0.74609375 0.04375 0.0234375
0 0.409375 0.7296875 0.05625 0.03125
0 0.4640625 0.715625 0.0359375 0.021875
0 0.484375 0.71328125 0.009375 0.003125
0 0.5203125 0.7 0.0609375 0.025
0 0.140625 0.82421875 0.0640625 0.0296875
0 0.1921875 0.809375 0.021875 0.0140625
0 0.23515625 0.79765625 0.0546875 0.021875
0 0.30625 0.78046875 0.0234375 0.0140625
0 0.38046875 0.76171875 0.046875 0.01875
0 0.446875 0.74453125 0.0375 0.0171875
0 0.503125 0.728125 0.0484375 0.021875
0 0.715625 0.66328125 0.1046875 0.0421875
0 0.79140625 0.6453125 0.0296875 0.021875
0 0.89609375 0.6203125 0.15625 0.05625
0 0.63984375 0.709375 0.0296875 0.021875
0 0.71015625 0.6921875 0.0671875 0.0296875
0 0.7984375 0.6734375 0.0765625 0.0328125
0 0.85625 0.6609375 0.0171875 0.0125
0 0.871875 0.65703125 0.015625 0.0109375
0 0.9125 0.64765625 0.0265625 0.015625
0 0.971875 0.62890625 0.05625 0.0421875
0 0.98515625 0.6375 0.0296875 0.028125
0 0.65703125 0.73203125 0.0515625 0.025
0 0.7046875 0.7234375 0.0296875 0.015625
0 0.7578125 0.7109375 0.0625 0.0359375