0 0.5671875 0.18125 0.065625 0.0609375
0 0.64453125 0.19296875 0.0953125 0.0703125
0 0.62421875 0.3 0.1359375 0.1125
0 0.77578125 0.31328125 0.2078125 0.1484375
0 0.55234375 0.3796875 0.053125 0.05625
0 0.609375 0.3953125 0.0734375 0.071875
0 0.715625 0.39140625 0.14375 0.078125
0 0.81953125 0.41328125 0.0640625 0.03125
0 0.884375 0.41953125 0.0609375 0.05625
0 0.9484375 0.42421875 0.0609375 0.034375
0 0.54765625 0.4421875 0.053125 0.046875
0 0.5984375 0.44765625 0.0375 0.03125
0 0.64765625 0.4578125 0.0484375 0.03125
0 0.70859375 0.459375 0.05 0.034375
0 0.76015625 0.48828125 0.0546875 0.0609375
0 0.81015625 0.46640625 0.0375 0.046875
0 0.9015625 0.4796875 0.1421875 0.0703125
0 0.5546875 0.515625 0.0828125 0.08125
0 0.62109375 0.50546875 0.059375 0.046875
0 0.69921875 0.54609375 0.1 0.0765625
0 0.7765625 0.53828125 0.0453125 0.0359375
0 0.83671875 0.559375 0.08125 0.071875
0 0.91328125 0.5703125 0.075 0.06875
0 0.54375 0.56484375 0.0640625 0.0484375
0 0.59609375 0.58203125 0.053125 0.075
0 0.6421875 0.5984375 0.059375 0.0578125
0 0.684375 0.5875 0.04375 0.04375
0 0.74921875 0.6015625 0.090625 0.0703125
0 0.81796875 0.61015625 0.0421875 0.0296875
0 0.8625 0.62890625 0.065625 0.0609375
0 0.92734375 0.6125 0.065625 0.0515625
0 0.571875 0.653125 0.0609375 0.0609375
0 0.61875 0.66953125 0.040625 0.0765625
0 0.684375 0.66015625 0.0796875 0.065625
0 0.79453125 0.7046875 0.165625 0.078125
0 0.64296875 0.76796875 0.121875 0.0859375
0 0.72578125 0.7546875 0.0375 0.0515625
0 0.82734375 0.7578125 0.1171875 0.0765625
0 0.88671875 0.8125 0.0359375 0.0421875