0 0.08984375 0.16953125 0.0765625 0.0296875
0 0.19921875 0.159375 0.14375 0.0484375
0 0.28515625 0.14609375 0.0171875 0.015625
0 0.34296875 0.1390625 0.09375 0.0328125
0 0.12421875 0.1828125 0.1328125 0.0484375
0 0.20390625 0.171875 0.0171875 0.0125
0 0.271875 0.16328125 0.08125 0.0265625
0 0.11484375 0.1984375 0.1046875 0.03125
0 0.23203125 0.18359375 0.071875 0.028125
0 0.11328125 0.21796875 0.078125 0.0296875
0 0.0640625 0.240625 0.0171875 0.0125
0 0.11875 0.2328125 0.0640625 0.0265625
0 0.17421875 0.2265625 0.0296875 0.015625
0 0.25390625 0.21640625 0.115625 0.0375
0 0.1421875 0.24609375 0.05625 0.021875
0 0.1953125 0.23984375 0.0421875 0.01875
0 0.24296875 0.23203125 0.040625 0.0203125
0 0.3109375 0.22265625 0.090625 0.03125
0 0.13828125 0.26328125 0.0765625 0.0328125
0 0.1890625 0.25390625 0.0203125 0.0171875
0 0.15078125 0.28046875 0.09375 0.0328125
0 0.2203125 0.27421875 0.0390625 0.0203125
0 0.2828125 0.26484375 0.0828125 0.0296875
0 0.403125 0.1953125 0.1671875 0.0484375
0 0.55234375 0.17265625 0.1171875 0.0390625
0 0.62578125 0.16015625 0.015625 0.0140625
0 0.3671875 0.15078125 0.096875 0.0296875
0 0.4578125 0.13515625 0.0796875 0.025
0 0.5453125 0.12421875 0.090625 0.034375
0 0.6140625 0.1125 0.028125 0.0203125
0 0.68359375 0.103125 0.1125 0.0390625
0 0.7875 0.08671875 0.0953125 0.0375
0 0.71171875 0.1484375 0.15 0.0421875
0 0.765625 0.153125 0.121875 0.0328125
0 0.65625 0.17421875 0.090625 0.0359375
0 0.55703125 0.1875 0.1 0.0375
0 0.384375 0.21328125 0.0359375 0.021875
0 0.453125 0.20390625 0.096875 0.03125
0 0.36875 0.24765625 0.059375 0.0265625
0 0.425 0.246875 0.0421875 0.0265625
0 0.5078125 0.23046875 0.1125 0.0390625
0 0.3875 0.265625 0.1046875 0.0296875
0 0.2734375 0.2828125 0.103125 0.040625
0 0.39765625 0.278125 0.096875 0.0296875
0 0.49609375 0.2609375 0.0671875 0.025
0 0.39453125 0.2984375 0.0890625 0.0328125
0 0.50546875 0.27890625 0.109375 0.0359375
0 0.54921875 0.2546875 0.0296875 0.0140625
0 0.359375 0.1671875 0.13125 0.0390625
0 0.06875 0.309375 0.0234375 0.015625
0 0.1265625 0.30078125 0.0625 0.0265625
0 0.18984375 0.290625 0.053125 0.0234375
0 0.08203125 0.3234375 0.03125 0.01875
0 0.16015625 0.3109375 0.109375 0.0328125
0 0.234375 0.3015625 0.0203125 0.0140625
0 0.29765625 0.29453125 0.0921875 0.0375
0 0.153125 0.328125 0.0734375 0.028125
0 0.21328125 0.32109375 0.0359375 0.0203125
0 0.2859375 0.31328125 0.096875 0.0375
0 0.34296875 0.30234375 0.01875 0.0140625
0 0.13359375 0.3484375 0.04375 0.025
0 0.18046875 0.3453125 0.04375 0.0171875
0 0.22109375 0.33984375 0.0296875 0.021875
0 0.28671875 0.3296875 0.096875 0.0296875
0 0.35 0.32421875 0.009375 0.009375
0 0.175 0.35859375 0.121875 0.0359375
0 0.17421875 0.37890625 0.1015625 0.034375
0 0.28984375 0.36640625 0.1125 0.0375
0 0.5671875 0.234375 0.2109375 0.05625
0 0.59453125 0.25234375 0.040625 0.0234375
0 0.6765625 0.2328125 0.1109375 0.0328125
0 0.57890625 0.2671875 0.015625 0.0125
0 0.621875 0.2609375 0.05625 0.0203125
0 0.72109375 0.2453125 0.1265625 0.0453125
0 0.71640625 0.26015625 0.1046875 0.0328125
0 0.6390625 0.278125 0.046875 0.025
0 0.38046875 0.31484375 0.04375 0.021875
0 0.440625 0.30703125 0.08125 0.0328125
0 0.54765625 0.28828125 0.1203125 0.0375
0 0.31328125 0.340625 0.140625 0.040625
0 0.3859375 0.3484375 0.059375 0.0296875
0 0.45234375 0.33671875 0.0625 0.0265625
0 0.5359375 0.32578125 0.1 0.028125
0 0.67734375 0.384375 0.1171875 0.0359375
0 0.815625 0.39921875 0.0515625 0.025
0 0.728125 0.41484375 0.1359375 0.0453125
0 0.60703125 0.43359375 0.090625 0.0296875
0 0.55078125 0.44296875 0.0171875 0.0140625
0 0.5109375 0.453125 0.046875 0.028125
0 0.46640625 0.4578125 0.0265625 0.021875
0 0.33203125 0.46328125 0.1375 0.04375
0 0.42734375 0.446875 0.046875 0.0234375
0 0.39609375 0.46875 0.1078125 0.0328125
0 0.0921875 0.4609375 0.0171875 0.0140625
0 0.13984375 0.45625 0.075 0.0359375
0 0.2671875 0.43828125 0.1625 0.0453125
0 0.18828125 0.5 0.1078125 0.0359375
0 0.26171875 0.49296875 0.0234375 0.015625
0 0.3078125 0.484375 0.0578125 0.0265625
0 0.38515625 0.48671875 0.1109375 0.0328125
0 0.28984375 0.50234375 0.0515625 0.021875
0 0.2125 0.5140625 0.084375 0.0296875
0 0.2375 0.53125 0.1453125 0.0421875
0 0.19140625 0.559375 0.0609375 0.03125
0 0.24375 0.54609375 0.0359375 0.01875
0 0.284375 0.53984375 0.0140625 0.0125
0 0.334375 0.53125 0.090625 0.0296875
0 0.40625 0.51875 0.0390625 0.0203125
0 0.4921875 0.5046875 0.1296875 0.0390625
0 0.15234375 0.5796875 0.028125 0.01875
0 0.22578125 0.56796875 0.0875 0.0296875
0 0.29140625 0.55703125 0.021875 0.0140625
0 0.33203125 0.55 0.040625 0.01875
0 0.371875 0.54296875 0.03125 0.0203125
0 0.41015625 0.53671875 0.028125 0.015625
0 0.48203125 0.525 0.1109375 0.0359375
0 0.1890625 0.58984375 0.09375 0.0328125
0 0.26171875 0.58359375 0.0484375 0.0265625
0 0.32265625 0.571875 0.075 0.0296875
0 0.3890625 0.55703125 0.028125 0.015625
0 0.4234375 0.55078125 0.0328125 0.0171875
0 0.5703125 0.5078125 0.0625 0.0265625
0 0.62421875 0.4984375 0.04375 0.01875
0 0.70234375 0.48359375 0.109375 0.03125
0 0.67109375 0.50859375 0.0734375 0.034375
0 0.615625 0.51953125 0.0390625 0.021875
0 0.57578125 0.52578125 0.025 0.0140625
0 0.503125 0.5359375 0.1203125 0.0359375
0 0.5359375 0.5640625 0.1328125 0.0359375
0 0.82734375 0.534375 0.1140625 0.0375
0 0.70859375 0.56015625 0.0984375 0.0390625
0 0.64765625 0.5671875 0.0203125 0.0171875
0 0.5796875 0.58203125 0.1 0.0390625
0 0.67734375 0.57890625 0.121875 0.034375
0 0.56171875 0.6015625 0.1 0.0390625
0 0.46328125 0.60078125 0.1171875 0.0375
0 0.38046875 0.615625 0.03125 0.021875
0 0.303125 0.62734375 0.1046875 0.0375
0 0.1984375 0.64375 0.0875 0.03125
0 0.22421875 0.65859375 0.090625 0.0296875
0 0.3078125 0.64296875 0.0453125 0.0234375
0 0.38828125 0.6296875 0.10625 0.034375
0 0.25234375 0.690625 0.1390625 0.0375
0 0.35390625 0.67421875 0.0359375 0.0265625
0 0.3953125 0.6625 0.0203125 0.0140625
0 0.465625 0.65546875 0.1015625 0.04375
0 0.56875 0.63515625 0.103125 0.03125
0 0.3578125 0.7265625 0.03125 0.0171875
0 0.44296875 0.7109375 0.125 0.0375
0 0.59609375 0.68359375 0.1296875 0.0359375
0 0.2296875 0.7734375 0.1203125 0.040625
0 0.31953125 0.75546875 0.0375 0.0265625
0 0.36953125 0.7515625 0.0640625 0.028125
0 0.4359375 0.73671875 0.05 0.0265625
0 0.51875 0.721875 0.109375 0.040625
0 0.26015625 0.7875 0.159375 0.05
0 0.7 0.61171875 0.009375 0.009375
0 0.703125 0.628125 0.015625 0.009375
0 0.70625 0.64296875 0.0140625 0.009375
0 0.8421875 0.55078125 0.009375 0.009375
0 0.840625 0.5671875 0.015625 0.009375
0 0.8375 0.58125 0.015625 0.0109375
0 0.33671875 0.6 0.0328125 0.015625
0 0.42265625 0.4265625 0.028125 0.0140625
0 0.51328125 0.4140625 0.146875 0.0421875
0 0.396875 0.59375 0.06875 0.034375
0 0.4296875 0.3953125 0.0984375 0.0375
0 0.52890625 0.37578125 0.08125 0.03125
0 0.50546875 0.46640625 0.075 0.0265625
0 0.5671875 0.45703125 0.0375 0.0171875
0 0.60703125 0.45390625 0.0546875 0.0265625
0 0.6921875 0.43359375 0.1234375 0.0359375
0 0.084375 0.2890625 0.0171875 0.0046875
0 0.090625 0.253125 0.015625 0.00625
0 0.15390625 0.54375 0.0171875 0.00625
0 0.159375 0.7078125 0.01875 0.0078125
0 0.146875 0.784375 0.0203125 0.0078125
0 0.1515625 0.80234375 0.021875 0.0078125
0 0.66953125 0.634375 0.04375 0.040625
0 0.79921875 0.57265625 0.05 0.0375
0 0.62265625 0.30859375 0.046875 0.0234375
0 0.675 0.29921875 0.0515625 0.021875
0 0.7515625 0.2859375 0.1 0.0328125
0 0.81796875 0.27578125 0.0203125 0.0171875
0 0.18984375 0.39453125 0.146875 0.0421875
0 0.2546875 0.4734375 0.009375 0.0078125
0 0.47734375 0.61640625 0.0640625 0.0328125
0 0.15625 0.67109375 0.0171875 0.00625