0 0.7953125 0.07265625 0.0703125 0.0296875
0 0.30859375 0.03125 0.1859375 0.0625
0 0.78359375 0.1125 0.065625 0.028125
0 0.26328125 0.078125 0.121875 0.0703125
0 0.43203125 0.1046875 0.1140625 0.0640625
0 0.61328125 0.15 0.2140625 0.0734375
0 0.77109375 0.18515625 0.0703125 0.0734375
0 0.84453125 0.1890625 0.0953125 0.0546875
0 0.95 0.2125 0.1 0.059375
0 0.23203125 0.1203125 0.1078125 0.0625
0 0.32890625 0.1328125 0.0453125 0.0390625
0 0.52890625 0.17109375 0.271875 0.0953125
0 0.77421875 0.22578125 0.178125 0.08125
0 0.1953125 0.1484375 0.015625 0.021875
0 0.3609375 0.1765625 0.1796875 0.071875
0 0.1875 0.2265625 0.0296875 0.0234375
0 0.34375 0.259375 0.171875 0.090625
0 0.48671875 0.27265625 0.084375 0.04375
0 0.5796875 0.28828125 0.1 0.0578125
0 0.17734375 0.29453125 0.0234375 0.0234375
0 0.290625 0.3109375 0.103125 0.05625
0 0.43046875 0.3296875 0.1375 0.0671875
0 0.60078125 0.37109375 0.2 0.084375
0 0.16953125 0.3625 0.034375 0.0375
0 0.3703125 0.39453125 0.2453125 0.0890625
0 0.1546875 0.434375 0.0390625 0.0296875
0 0.2984375 0.45625 0.10625 0.0578125
0 0.4421875 0.48046875 0.14375 0.0640625
0 0.621875 0.51796875 0.2125 0.0890625
0 0.1390625 0.5 0.034375 0.0328125
0 0.33671875 0.525 0.20625 0.071875
0 0.1265625 0.55703125 0.03125 0.034375
0 0.2734375 0.58125 0.1171875 0.0578125
0 0.4015625 0.615625 0.1171875 0.0828125
0 0.509375 0.62890625 0.0859375 0.0359375
0 0.6359375 0.6484375 0.125 0.0625
0 0.10703125 0.63671875 0.04375 0.034375
0 0.31328125 0.6671875 0.2453125 0.0796875
0 0.53359375 0.7234375 0.203125 0.10625
0 0.09375 0.70234375 0.0421875 0.034375
0 0.3109375 0.7484375 0.2734375 0.1015625
0 0.5171875 0.77734375 0.0625 0.0359375
0 0.62578125 0.796875 0.125 0.0578125
0 0.8140625 0.825 0.190625 0.0953125
0 0.0875 0.77109375 0.053125 0.0421875
0 0.26328125 0.7875 0.196875 0.0765625
0 0.4484375 0.82109375 0.1359375 0.084375