0 0.55234375 0.91796875 0.2515625 0.1
0 0.3671875 0.8578125 0.2828125 0.0921875
0 0.36328125 0.76796875 0.215625 0.0828125
0 0.88984375 0.8203125 0.2203125 0.109375
0 0.35703125 0.40859375 0.221875 0.0796875
0 0.21015625 0.578125 0.20625 0.0765625
0 0.58046875 0.3953125 0.259375 0.0796875
0 0.5078125 0.6125 0.2328125 0.078125
0 0.4421875 0.27421875 0.203125 0.075
0 0.25078125 0.67578125 0.18125 0.078125
0 0.73125 0.18203125 0.20625 0.08125
0 0.4421875 0.81015625 0.096875 0.0796875
0 0.60078125 0.709375 0.203125 0.075
0 0.546875 0.1140625 0.146875 0.071875
0 0.4234375 0.53125 0.2046875 0.0703125
0 0.4734375 0.87734375 0.1875 0.0703125
0 0.28359375 0.15390625 0.1609375 0.0625
0 0.33828125 0.3359375 0.15625 0.0625
0 0.58828125 0.671875 0.15 0.065625
0 0.26640625 0.92578125 0.1296875 0.0625
0 0.1625 0.4140625 0.1328125 0.078125
0 0.60390625 0.5359375 0.1734375 0.0609375
0 0.58515625 0.33125 0.15 0.0578125
0 0.72890625 0.034375 0.1296875 0.06875
0 0.9171875 0.76796875 0.1640625 0.0625
0 0.48125 0.05234375 0.1828125 0.0578125
0 0.25234375 0.2546875 0.175 0.0625
0 0.31015625 0.959375 0.1484375 0.0640625
0 0.7484375 0.56640625 0.128125 0.0890625
0 0.275 0.1859375 0.1375 0.0625
0 0.31953125 0.596875 0.140625 0.0609375
0 0.57578125 0.14765625 0.103125 0.0703125
0 0.25625 0.46015625 0.1125 0.05
0 0.63046875 0.353125 0.1359375 0.0515625
0 0.12109375 0.184375 0.128125 0.0546875
0 0.18359375 0.32734375 0.10625 0.0515625
0 0.6578125 0.8328125 0.125 0.05
0 0.18125 0.36796875 0.1109375 0.0546875
0 0.7453125 0.63828125 0.1265625 0.05
0 0.4359375 0.709375 0.090625 0.0515625
0 0.6109375 0.79765625 0.0953125 0.053125
0 0.75078125 0.72265625 0.1015625 0.0421875
0 0.734375 0.86171875 0.0984375 0.0546875
0 0.3 0.3859375 0.084375 0.0484375
0 0.28828125 0.82890625 0.0953125 0.05
0 0.69140625 0.1171875 0.0921875 0.053125
0 0.421875 0.21640625 0.1125 0.0453125
0 0.1203125 0.2234375 0.09375 0.05625
0 0.209375 0.225 0.10625 0.04375
0 0.63359375 0.24453125 0.1171875 0.04375
0 0.775 0.46015625 0.1 0.0421875
0 0.6640625 0.4859375 0.071875 0.0375
0 0.3 0.08125 0.1171875 0.040625
0 0.8765625 0.6890625 0.0890625 0.0515625
0 0.6171875 0.04765625 0.0703125 0.0578125
0 0.7125 0.14921875 0.09375 0.04375
0 0.8671875 0.64609375 0.0890625 0.0453125
0 0.6171875 0.74921875 0.08125 0.046875
0 0.8453125 0.7390625 0.0875 0.0546875
0 0.43125 0.36171875 0.090625 0.0453125
0 0.42265625 0.15234375 0.08125 0.0375
0 0.52421875 0.30390625 0.071875 0.040625
0 0.15390625 0.109375 0.0953125 0.0390625
0 0.04140625 0.60625 0.0609375 0.05
0 0.72734375 0.30234375 0.08125 0.04375
0 0.784375 0.803125 0.08125 0.046875
0 0.04375 0.52890625 0.059375 0.046875
0 0.59375 0.1703125 0.08125 0.046875
0 0.45390625 0.56875 0.078125 0.04375
0 0.5625 0.19921875 0.084375 0.0359375
0 0.7296875 0.7671875 0.0578125 0.0484375
0 0.67578125 0.08671875 0.0796875 0.034375
0 0.51796875 0.3734375 0.053125 0.0390625
0 0.46015625 0.18359375 0.0890625 0.0359375
0 0.184375 0.63046875 0.059375 0.0390625
0 0.39296875 0.4359375 0.06875 0.0328125
0 0.8171875 0.284375 0.05625 0.034375
0 0.41171875 0.12109375 0.059375 0.03125
0 0.02578125 0.325 0.0390625 0.0390625
0 0.1625 0.44296875 0.04375 0.046875
0 0.77578125 0.66953125 0.0546875 0.034375
0 0.3421875 0.2015625 0.08125 0.0265625
0 0.0375 0.38828125 0.0375 0.0375
0 0.55234375 0.00390625 0.0578125 0.0078125
0 0.13125 0.28203125 0.065625 0.0375
0 0.74453125 0.50546875 0.0609375 0.0265625
0 0.0578125 0.1375 0.0328125 0.0375
0 0.11484375 0.25390625 0.046875 0.0296875
0 0.14296875 0.68359375 0.03125 0.0421875
0 0.00859375 0.171875 0.0171875 0.04375
0 0.2765625 0.30703125 0.025 0.0359375
0 0.36171875 0.6515625 0.01875 0.0203125
0 0.51875 0.78359375 0.025 0.015625
0 0.715625 0.265625 0.0234375 0.0140625
0 0.8359375 0.53828125 0.0140625 0.009375
0 0.17890625 0.48125 0.025 0.021875
0 0.57578125 0.5 0.0546875 0.0328125
0 0.653125 0.5703125 0.0328125 0.0359375
0 0.365625 0.80546875 0.0671875 0.040625
0 0.08828125 0.78671875 0.0421875 0.021875
0 0.025 0.215625 0.034375 0.0328125