0 0.34921875 0.08359375 0.2484375 0.1078125
0 0.8640625 0.05234375 0.0703125 0.025
0 0.91171875 0.05390625 0.01875 0.0234375
0 0.9421875 0.05390625 0.0390625 0.0265625
0 0.87890625 0.08203125 0.1703125 0.0578125
0 0.8828125 0.10625 0.021875 0.025
0 0.91328125 0.10859375 0.0359375 0.0265625
0 0.878125 0.16640625 0.1796875 0.11875
0 0.5578125 0.12421875 0.165625 0.1234375
0 0.1109375 0.16171875 0.1015625 0.059375
0 0.19765625 0.16796875 0.0359375 0.04375
0 0.2875 0.159375 0.125 0.06875
0 0.4078125 0.16640625 0.1 0.0546875
0 0.59921875 0.1703125 0.2828125 0.090625
0 0.79453125 0.1796875 0.1140625 0.059375
0 0.93359375 0.1921875 0.13125 0.075
0 0.10625 0.21484375 0.1609375 0.071875
0 0.23984375 0.2296875 0.084375 0.0625
0 0.3484375 0.22578125 0.1109375 0.059375
0 0.48125 0.23359375 0.1265625 0.0796875
0 0.6703125 0.24453125 0.2375 0.0984375
0 0.828125 0.240625 0.06875 0.0515625
0 0.92265625 0.24375 0.0796875 0.04375
0 0.134375 0.29296875 0.24375 0.115625
0 0.30546875 0.28984375 0.0921875 0.0515625
0 0.4171875 0.2890625 0.1375 0.0578125
0 0.58828125 0.30390625 0.1734375 0.0859375
0 0.7078125 0.3015625 0.0546875 0.0484375
0 0.7640625 0.309375 0.0390625 0.0421875
0 0.83828125 0.3078125 0.09375 0.046875
0 0.1421875 0.3546875 0.246875 0.0984375
0 0.3015625 0.3421875 0.06875 0.059375
0 0.44921875 0.35078125 0.2046875 0.0859375
0 0.1796875 0.415625 0.1046875 0.0578125
0 0.25703125 0.4171875 0.028125 0.046875
0 0.3453125 0.41171875 0.1359375 0.0671875
0 0.465625 0.421875 0.0875 0.0578125
0 0.64921875 0.44140625 0.271875 0.103125
0 0.86796875 0.43984375 0.1453125 0.0640625
0 0.0875 0.4640625 0.1546875 0.0765625
0 0.2796875 0.4921875 0.209375 0.08125
0 0.440625 0.4953125 0.0921875 0.059375
0 0.65625 0.503125 0.2953125 0.1046875
0 0.846875 0.51171875 0.084375 0.0546875
0 0.9390625 0.5140625 0.078125 0.053125
0 0.05625 0.54296875 0.1125 0.0671875
0 0.16484375 0.54375 0.071875 0.0578125
0 0.26796875 0.55390625 0.1046875 0.0859375
0 0.41484375 0.5546875 0.146875 0.0859375
0 0.5765625 0.571875 0.1703125 0.0875
0 0.71171875 0.5703125 0.0734375 0.0515625
0 0.79453125 0.571875 0.10625 0.053125
0 0.9109375 0.57734375 0.14375 0.065625
0 0.11484375 0.6234375 0.2296875 0.084375
0 0.253125 0.68515625 0.1171875 0.090625
0 0.37421875 0.709375 0.0625 0.0875
0 0.50546875 0.69453125 0.1953125 0.1046875
0 0.18359375 0.7875 0.2828125 0.1796875
0 0.43046875 0.784375 0.1953125 0.0796875
0 0.6234375 0.76015625 0.1609375 0.103125
0 0.82890625 0.80625 0.275 0.1328125
0 0.09453125 0.82578125 0.1515625 0.14375
0 0.20390625 0.828125 0.0359375 0.0375
0 0.34921875 0.84609375 0.2125 0.1234375
0 0.5140625 0.8390625 0.1203125 0.0625