0 0.15703125 0.46796875 0.228125 0.13125
0 0.29375 0.43984375 0.0921875 0.0625
0 0.38203125 0.425 0.0484375 0.0390625
0 0.496875 0.40390625 0.1734375 0.125
0 0.64765625 0.3953125 0.0734375 0.04375
0 0.79140625 0.3765625 0.1890625 0.09375
0 0.30234375 0.53671875 0.2265625 0.1109375
0 0.634375 0.5109375 0.403125 0.2109375
0 0.31875 0.64609375 0.2484375 0.1203125
0 0.62421875 0.6234375 0.2921875 0.1671875
0 0.86328125 0.59609375 0.1484375 0.1015625
0 0.37578125 0.734375 0.2359375 0.115625
0 0.6359375 0.7234375 0.25625 0.1265625
0 0.85859375 0.7171875 0.125 0.0921875
0 0.4703125 0.8421875 0.265625 0.1140625
0 0.734375 0.8296875 0.215625 0.1140625