0 0.13515625 0.13125 0.0890625 0.08125
0 0.21171875 0.1265625 0.071875 0.075
0 0.28515625 0.10390625 0.04375 0.04375
0 0.3453125 0.078125 0.075 0.0703125
0 0.121875 0.21640625 0.025 0.0375
0 0.16171875 0.23359375 0.04375 0.059375
0 0.2 0.20390625 0.0421875 0.0515625
0 0.253125 0.20703125 0.0625 0.0609375
0 0.325 0.1703125 0.0671875 0.0671875
0 0.42109375 0.15078125 0.1171875 0.1125
0 0.17109375 0.36796875 0.08125 0.0671875
0 0.30078125 0.3703125 0.1640625 0.125
0 0.409375 0.33515625 0.0546875 0.053125
0 0.48359375 0.30390625 0.0734375 0.05
0 0.57734375 0.290625 0.096875 0.096875
0 0.65390625 0.24921875 0.053125 0.0390625
0 0.69765625 0.228125 0.0296875 0.0390625
0 0.7609375 0.2296875 0.090625 0.10625
0 0.17421875 0.46328125 0.059375 0.059375
0 0.25078125 0.45859375 0.075 0.059375
0 0.35546875 0.42890625 0.09375 0.065625
0 0.4453125 0.41796875 0.06875 0.075
0 0.52109375 0.38046875 0.0703125 0.06875
0 0.6453125 0.35703125 0.109375 0.065625
0 0.21484375 0.628125 0.05 0.06875
0 0.2953125 0.5953125 0.0984375 0.0703125
0 0.3765625 0.57734375 0.0375 0.0484375
0 0.44296875 0.5875 0.09375 0.1015625
0 0.54609375 0.55703125 0.0625 0.0828125
0 0.5828125 0.53984375 0.0328125 0.0484375
0 0.64140625 0.52578125 0.0421875 0.034375
0 0.721875 0.52578125 0.06875 0.0765625
0 0.81484375 0.50625 0.1328125 0.1203125
0 0.23515625 0.73046875 0.0546875 0.0703125
0 0.30546875 0.7171875 0.0828125 0.0921875
0 0.3921875 0.68515625 0.06875 0.0671875
0 0.46796875 0.66328125 0.059375 0.0484375
0 0.53359375 0.65078125 0.046875 0.053125
0 0.615625 0.625 0.103125 0.0703125
0 0.6828125 0.63203125 0.0109375 0.015625
0 0.275 0.88046875 0.0546875 0.0609375
0 0.34921875 0.86640625 0.065625 0.05625
0 0.4296875 0.86015625 0.0875 0.09375
0 0.50078125 0.8203125 0.059375 0.05
0 0.609375 0.78203125 0.1234375 0.084375
0 0.76484375 0.76015625 0.153125 0.109375
0 0.865625 0.70703125 0.059375 0.0640625
0 0.3046875 0.97734375 0.08125 0.0453125
0 0.42421875 0.95390625 0.1109375 0.0921875
0 0.51171875 0.9140625 0.0875 0.065625
0 0.57578125 0.92265625 0.009375 0.0125
0 0.74765625 0.8734375 0.1171875 0.084375
0 0.83671875 0.8671875 0.078125 0.0875
0 0.8828125 0.8375 0.05 0.059375
0 0.94921875 0.809375 0.1015625 0.103125