0 0.14765625 0.22109375 0.159375 0.0796875
0 0.79765625 0.15390625 0.1484375 0.090625
0 0.14609375 0.29296875 0.1515625 0.0671875
0 0.31640625 0.2734375 0.165625 0.078125
0 0.45 0.27109375 0.0609375 0.0515625
0 0.5328125 0.26015625 0.1 0.06875
0 0.67890625 0.25078125 0.1671875 0.084375
0 0.81015625 0.2359375 0.0703125 0.065625
0 0.1625 0.38046875 0.1859375 0.0875
0 0.28984375 0.353125 0.0578125 0.05
0 0.3671875 0.359375 0.0828125 0.053125
0 0.46640625 0.3375 0.109375 0.0625
0 0.578125 0.33125 0.0984375 0.065625
0 0.6859375 0.334375 0.10625 0.096875
0 0.8203125 0.31328125 0.1453125 0.0875
0 0.12734375 0.44453125 0.0984375 0.059375
0 0.2484375 0.43671875 0.115625 0.06875
0 0.34296875 0.41640625 0.05625 0.06875
0 0.44921875 0.41015625 0.15 0.0875
0 0.6046875 0.40234375 0.11875 0.0765625
0 0.70546875 0.39375 0.0734375 0.071875
0 0.78828125 0.38125 0.090625 0.0578125
0 0.128125 0.51640625 0.08125 0.0625
0 0.2171875 0.51171875 0.109375 0.075
0 0.33203125 0.51328125 0.13125 0.1078125
0 0.4421875 0.4859375 0.0890625 0.0546875
0 0.56796875 0.4578125 0.1390625 0.0703125
0 0.68671875 0.45078125 0.1 0.05625
0 0.76796875 0.440625 0.084375 0.059375
0 0.859375 0.4375 0.0890625 0.0859375
0 0.13359375 0.5796875 0.0828125 0.053125
0 0.2703125 0.56796875 0.1703125 0.1171875
0 0.4015625 0.540625 0.0953125 0.05625
0 0.51171875 0.51796875 0.1203125 0.065625
0 0.6359375 0.5203125 0.13125 0.0875
0 0.75390625 0.5 0.1078125 0.0734375
0 0.85703125 0.48984375 0.1140625 0.0671875
0 0.1640625 0.62421875 0.1109375 0.0578125
0 0.27890625 0.60390625 0.0890625 0.0546875
0 0.35625 0.59453125 0.059375 0.065625
0 0.43515625 0.578125 0.096875 0.059375
0 0.55859375 0.57109375 0.14375 0.0734375