0 0.66796875 0.06484375 0.1078125 0.065625
0 0.78046875 0.04453125 0.1140625 0.0734375
0 0.35703125 0.16171875 0.1453125 0.146875
0 0.51484375 0.1953125 0.1421875 0.1296875
0 0.61875 0.16015625 0.0328125 0.028125
0 0.68828125 0.14609375 0.11875 0.075
0 0.82265625 0.134375 0.1109375 0.096875
0 0.4359375 0.38125 0.14375 0.040625
0 0.52578125 0.3765625 0.0296875 0.0203125
0 0.58359375 0.3703125 0.078125 0.0453125
0 0.65546875 0.3765625 0.0578125 0.05
0 0.7109375 0.3578125 0.059375 0.040625
0 0.7703125 0.346875 0.0546875 0.034375
0 0.82265625 0.346875 0.0609375 0.040625
0 0.465625 0.43359375 0.0109375 0.025
0 0.5296875 0.42890625 0.115625 0.05
0 0.60390625 0.42265625 0.0296875 0.021875
0 0.69453125 0.41015625 0.1421875 0.040625
0 0.47578125 0.540625 0.1171875 0.0421875
0 0.58984375 0.53125 0.10625 0.05625
0 0.66875 0.5234375 0.046875 0.03125
0 0.71953125 0.51875 0.05 0.0296875
0 0.78984375 0.51015625 0.084375 0.0359375
0 0.53125 0.590625 0.0390625 0.03125
0 0.571875 0.5875 0.0390625 0.0296875
0 0.64375 0.58515625 0.0921875 0.04375
0 0.721875 0.57265625 0.0546875 0.0328125
0 0.42265625 0.67421875 0.1109375 0.0609375
0 0.55625 0.64921875 0.090625 0.084375
0 0.63671875 0.6453125 0.053125 0.0515625
0 0.7234375 0.65546875 0.09375 0.0953125
0 0.834375 0.63046875 0.0875 0.0765625
0 0.38671875 0.7640625 0.10625 0.1171875
0 0.52265625 0.75390625 0.1046875 0.075
0 0.68828125 0.73359375 0.196875 0.0890625
0 0.8484375 0.7109375 0.121875 0.075
0 0.390625 0.80390625 0.0859375 0.065625
0 0.48359375 0.80859375 0.078125 0.1015625
0 0.603125 0.79296875 0.134375 0.090625
0 0.72890625 0.74296875 0.14375 0.09375
0 0.56875 0.82890625 0.228125 0.121875
0 0.73984375 0.8265625 0.121875 0.0796875
0 0.89765625 0.81015625 0.196875 0.0984375
0 0.46640625 0.92734375 0.1578125 0.0984375
0 0.58359375 0.896875 0.040625 0.03125
0 0.68046875 0.87890625 0.1359375 0.0859375