0 0.4015625 0.321875 0.20625 0.1234375
0 0.58125 0.334375 0.0984375 0.06875
0 0.68515625 0.3421875 0.05625 0.0515625
0 0.33984375 0.43359375 0.1375 0.109375
0 0.45859375 0.43671875 0.0453125 0.05
0 0.54921875 0.4359375 0.0796875 0.075
0 0.67578125 0.44765625 0.1109375 0.0765625
0 0.3140625 0.53359375 0.065625 0.0921875
0 0.396875 0.51875 0.071875 0.0671875
0 0.5046875 0.53671875 0.08125 0.0578125
0 0.29921875 0.61328125 0.1046875 0.065625
0 0.41171875 0.628125 0.065625 0.053125
0 0.5125 0.64375 0.0625 0.040625
0 0.6046875 0.6421875 0.071875 0.0578125
0 0.71171875 0.66328125 0.0859375 0.0625
0 0.4234375 0.8203125 0.0171875 0.0109375
0 0.49921875 0.815625 0.0875 0.071875
0 0.64921875 0.8359375 0.1796875 0.0859375
0 0.63671875 0.559375 0.128125 0.1109375