0 0.3625 0.040625 0.25625 0.08125
0 0.15703125 0.13046875 0.190625 0.0734375
0 0.33671875 0.16875 0.0921875 0.075
0 0.48515625 0.15078125 0.1265625 0.059375
0 0.64296875 0.1578125 0.146875 0.109375
0 0.1203125 0.2859375 0.1328125 0.0734375
0 0.2828125 0.290625 0.134375 0.0703125
0 0.39296875 0.30546875 0.046875 0.05625
0 0.5328125 0.30625 0.1609375 0.0625
0 0.66484375 0.3171875 0.0671875 0.0546875
0 0.7703125 0.315625 0.103125 0.05625
0 0.91953125 0.3203125 0.1609375 0.109375
0 0.14140625 0.375 0.1875 0.090625
0 0.07578125 0.52265625 0.0953125 0.0671875
0 0.16953125 0.5484375 0.0453125 0.071875
0 0.31171875 0.51875 0.1734375 0.0953125
0 0.43984375 0.55 0.0765625 0.1140625
0 0.52109375 0.5375 0.0453125 0.0703125
0 0.62890625 0.546875 0.1296875 0.071875
0 0.7796875 0.56796875 0.1328125 0.09375
0 0.89453125 0.58046875 0.09375 0.0703125
0 0.0625 0.70703125 0.071875 0.059375
0 0.1453125 0.7375 0.0484375 0.065625
0 0.2625 0.70625 0.1203125 0.078125
0 0.39453125 0.71953125 0.0921875 0.0578125
0 0.5546875 0.73046875 0.175 0.1
0 0.68671875 0.73203125 0.0453125 0.0640625
0 0.75546875 0.73359375 0.0390625 0.0578125
0 0.8203125 0.7375 0.0703125 0.078125
0 0.88359375 0.75625 0.053125 0.059375
0 0.04921875 0.81328125 0.0984375 0.0828125
0 0.22578125 0.81953125 0.2125 0.0875
0 0.4046875 0.82734375 0.1015625 0.125
0 0.540625 0.83515625 0.1046875 0.1109375
0 0.69453125 0.83515625 0.1421875 0.109375
0 0.81015625 0.85 0.05625 0.0328125
0 0.89453125 0.8375 0.096875 0.0609375
0 0.0640625 0.8984375 0.0796875 0.078125
0 0.1375 0.91796875 0.0234375 0.0359375
0 0.21015625 0.90234375 0.0859375 0.075
0 0.3171875 0.9140625 0.0734375 0.0671875
0 0.41015625 0.93671875 0.0671875 0.065625