0 0.12265625 0.05859375 0.15625 0.046875
0 0.078125 0.096875 0.078125 0.0515625
0 0.1421875 0.0921875 0.028125 0.0390625
0 0.22578125 0.0953125 0.13125 0.0703125
0 0.32265625 0.07734375 0.0484375 0.028125
0 0.3734375 0.06796875 0.0515625 0.0359375
0 0.45859375 0.06953125 0.1078125 0.0609375
0 0.57734375 0.0375 0.0984375 0.05
0 0.65859375 0.02421875 0.0609375 0.040625
0 0.75546875 0.01796875 0.1234375 0.0359375
0 0.053125 0.1359375 0.0390625 0.0359375
0 0.11640625 0.134375 0.0734375 0.0453125
0 0.17109375 0.13671875 0.0234375 0.0265625
0 0.23984375 0.13828125 0.11875 0.065625
0 0.34140625 0.1140625 0.05625 0.04375
0 0.421875 0.11796875 0.1203125 0.075
0 0.49921875 0.09140625 0.0359375 0.034375
0 0.57109375 0.08359375 0.096875 0.0359375
0 0.6515625 0.065625 0.0578125 0.03125
0 0.7484375 0.065625 0.1203125 0.071875
0 0.0734375 0.18046875 0.065625 0.040625
0 0.14375 0.17421875 0.0796875 0.0453125
0 0.2109375 0.171875 0.053125 0.0375
0 0.2984375 0.171875 0.109375 0.0671875
0 0.396875 0.1515625 0.075 0.0375
0 0.48125 0.13984375 0.0796875 0.04375
0 0.59296875 0.11796875 0.13125 0.0703125
0 0.75234375 0.09765625 0.184375 0.078125
0 0.0578125 0.221875 0.025 0.0296875
0 0.11953125 0.2265625 0.1015625 0.0640625
0 0.22109375 0.225 0.078125 0.0609375
0 0.3 0.21328125 0.0765625 0.0609375
0 0.39140625 0.2140625 0.0984375 0.0734375
0 0.50234375 0.1828125 0.1265625 0.05625
0 0.5984375 0.17265625 0.0421875 0.034375
0 0.66171875 0.15859375 0.0703125 0.05
0 0.71796875 0.15234375 0.059375 0.059375
0 0.065625 0.259375 0.0515625 0.046875
0 0.13515625 0.26484375 0.0984375 0.0578125
0 0.24375 0.26484375 0.0921875 0.0609375
0 0.3296875 0.2546875 0.084375 0.075
0 0.41875 0.23984375 0.0734375 0.0296875
0 0.48359375 0.234375 0.0296875 0.0296875
0 0.584375 0.23125 0.1515625 0.0875
0 0.7078125 0.20078125 0.109375 0.059375
0 0.834375 0.2 0.134375 0.0765625
0 0.07578125 0.309375 0.0625 0.053125
0 0.1484375 0.30234375 0.0515625 0.046875
0 0.31484375 0.30390625 0.1375 0.0828125
0 0.21328125 0.2984375 0.059375 0.040625
0 0.4078125 0.2796875 0.0796875 0.040625
0 0.47890625 0.26875 0.059375 0.03125
0 0.5484375 0.26015625 0.0546875 0.05
0 0.5984375 0.253125 0.05625 0.0453125
0 0.6796875 0.26015625 0.10625 0.06875
0 0.78046875 0.2359375 0.0875 0.0484375
0 0.86953125 0.2296875 0.084375 0.0671875
0 0.0625 0.36484375 0.0328125 0.034375
0 0.11484375 0.3671875 0.0734375 0.0578125
0 0.17890625 0.34921875 0.05625 0.04375
0 0.27734375 0.36015625 0.1140625 0.1015625
0 0.359375 0.3328125 0.05 0.0453125
0 0.4109375 0.321875 0.05625 0.05
0 0.515625 0.32890625 0.140625 0.0875
0 0.6484375 0.29453125 0.115625 0.0453125
0 0.8375 0.278125 0.0578125 0.0453125
0 0.0875 0.40390625 0.08125 0.0484375
0 0.15078125 0.403125 0.05 0.0390625
0 0.2359375 0.40625 0.103125 0.075
0 0.30625 0.3953125 0.0578125 0.059375
0 0.3546875 0.38515625 0.0328125 0.0359375
0 0.4109375 0.37734375 0.090625 0.040625
0 0.534375 0.36796875 0.1421875 0.0859375
0 0.6625 0.33828125 0.1046875 0.05625
0 0.790625 0.32578125 0.1484375 0.06875
0 0.0640625 0.45390625 0.0515625 0.0390625
0 0.14140625 0.4421875 0.09375 0.046875
0 0.21875 0.43515625 0.0453125 0.040625
0 0.2625 0.43203125 0.0328125 0.03125
0 0.3328125 0.42890625 0.1421875 0.075
0 0.4421875 0.4125 0.065625 0.053125
0 0.51953125 0.4234375 0.09375 0.0796875
0 0.63125 0.4078125 0.14375 0.09375
0 0.73125 0.37109375 0.0671875 0.0453125
0 0.83359375 0.36328125 0.1203125 0.05625
0 0.13671875 0.48984375 0.1671875 0.078125
0 0.2328125 0.4734375 0.0546875 0.0390625
0 0.30234375 0.47578125 0.1234375 0.0765625
0 0.40546875 0.48125 0.096875 0.0890625
0 0.49375 0.465625 0.11875 0.096875
0 0.58359375 0.43984375 0.0984375 0.059375
0 0.70546875 0.43515625 0.1265625 0.078125
0 0.80625 0.4078125 0.0859375 0.05625
0 0.89375 0.39375 0.0859375 0.05625
0 0.0859375 0.54453125 0.0828125 0.059375
0 0.16328125 0.54140625 0.0515625 0.0453125
0 0.24921875 0.53515625 0.090625 0.0453125
0 0.35234375 0.54140625 0.06875 0.075
0 0.40703125 0.51484375 0.0421875 0.0390625
0 0.4625 0.50703125 0.053125 0.0359375
0 0.540625 0.49296875 0.0765625 0.0484375
0 0.63125 0.4703125 0.1 0.0640625
0 0.7265625 0.4625 0.084375 0.04375
0 0.840625 0.4515625 0.096875 0.040625
0 0.134375 0.61328125 0.184375 0.1140625
0 0.25703125 0.584375 0.0359375 0.053125
0 0.36171875 0.5828125 0.140625 0.08125
0 0.45078125 0.559375 0.009375 0.028125
0 0.5296875 0.54140625 0.121875 0.05625
0 0.65546875 0.52734375 0.10625 0.0578125
0 0.74921875 0.50703125 0.0609375 0.04375
0 0.8265625 0.521875 0.0953125 0.078125
0 0.1265625 0.6453125 0.13125 0.0671875
0 0.21171875 0.6359375 0.0453125 0.04375
0 0.30859375 0.634375 0.153125 0.090625
0 0.41484375 0.61640625 0.059375 0.040625
0 0.47265625 0.6015625 0.0671875 0.0453125
0 0.55859375 0.58671875 0.09375 0.046875
0 0.62734375 0.57421875 0.0140625 0.0359375
0 0.68046875 0.5734375 0.0796875 0.0328125
0 0.75546875 0.5609375 0.0609375 0.0359375
0 0.825 0.54765625 0.0734375 0.0796875
0 0.0984375 0.7203125 0.0640625 0.075
0 0.2 0.69296875 0.1578125 0.065625
0 0.3265625 0.6734375 0.09375 0.0515625
0 0.440625 0.659375 0.1140625 0.059375
0 0.63515625 0.62578125 0.109375 0.05625
0 0.70625 0.61796875 0.025 0.040625
0 0.7734375 0.609375 0.1140625 0.059375
0 0.1171875 0.75390625 0.075 0.0546875
0 0.18984375 0.74765625 0.0375 0.0453125
0 0.2546875 0.73828125 0.0765625 0.0609375
0 0.33125 0.7296875 0.0546875 0.04375
0 0.428125 0.71640625 0.1203125 0.0453125
0 0.56328125 0.6890625 0.1578125 0.0546875
0 0.63828125 0.68125 0.0203125 0.040625
0 0.7109375 0.6734375 0.1203125 0.05625
0 0.85546875 0.65 0.128125 0.065625
0 0.128125 0.8296875 0.09375 0.08125
0 0.20234375 0.8046875 0.0890625 0.046875
0 0.2671875 0.8 0.015625 0.028125
0 0.33125 0.8 0.084375 0.078125
0 0.415625 0.78671875 0.078125 0.075
0 0.5109375 0.746875 0.1171875 0.0484375
0 0.6234375 0.7328125 0.1015625 0.04375
0 0.6890625 0.74140625 0.0734375 0.08125
0 0.75 0.71484375 0.040625 0.046875
0 0.8390625 0.71875 0.1390625 0.09375
0 0.13125 0.86953125 0.0890625 0.05
0 0.7984375 0.134375 0.103125 0.06875
0 0.75078125 0.2875 0.0984375 0.04375
0 0.8578125 0.58671875 0.05 0.0375