0 0.1734375 0.16796875 0.2265625 0.2546875
0 0.41875 0.190625 0.2171875 0.14375
0 0.56640625 0.190625 0.0578125 0.134375
0 0.665625 0.1921875 0.1359375 0.175
0 0.8640625 0.23203125 0.2375 0.1546875
0 0.121875 0.3609375 0.103125 0.153125
0 0.22109375 0.38203125 0.0875 0.1453125
0 0.38828125 0.40703125 0.23125 0.140625
0 0.52890625 0.4203125 0.053125 0.1171875
0 0.6828125 0.44140625 0.25 0.140625
0 0.90546875 0.471875 0.159375 0.1890625
0 0.096875 0.63046875 0.0875 0.121875
0 0.1984375 0.65703125 0.1078125 0.18125
0 0.3125 0.63828125 0.1015625 0.1359375
0 0.44140625 0.6515625 0.13125 0.1546875
0 0.56484375 0.66796875 0.0859375 0.121875
0 0.65859375 0.646875 0.0640625 0.140625
0 0.78359375 0.66328125 0.1796875 0.1703125
0 0.92734375 0.68046875 0.096875 0.15625
0 0.11328125 0.871875 0.1703125 0.1515625