0 0.17734375 0.071875 0.3015625 0.1046875
0 0.471875 0.09296875 0.2453125 0.0703125
0 0.68046875 0.0984375 0.0625 0.08125
0 0.43203125 0.20625 0.16875 0.0796875
0 0.41640625 0.2953125 0.1234375 0.08125
0 0.61015625 0.3046875 0.2265625 0.1046875
0 0.10078125 0.37734375 0.1890625 0.078125
0 0.36796875 0.3984375 0.21875 0.0640625
0 0.50078125 0.4109375 0.040625 0.0296875
0 0.6484375 0.43125 0.2265625 0.08125
0 0.5453125 0.52734375 0.15 0.0546875
0 0.684375 0.540625 0.0765625 0.05
0 0.97265625 0.628125 0.04375 0.071875
0 0.60625 0.6265625 0.26875 0.0734375
0 0.16328125 0.70625 0.3265625 0.0875
0 0.40859375 0.73203125 0.15625 0.059375
0 0.54453125 0.734375 0.0765625 0.059375
0 0.6578125 0.7421875 0.140625 0.075
0 0.8140625 0.7625 0.1515625 0.06875
0 0.946875 0.771875 0.0671875 0.071875
0 0.40859375 0.840625 0.1515625 0.065625
0 0.54140625 0.84140625 0.0765625 0.0640625
0 0.665625 0.8515625 0.1296875 0.0578125
0 0.8109375 0.85703125 0.146875 0.0796875
0 0.934375 0.90859375 0.075 0.121875
0 0.48828125 0.94140625 0.26875 0.08125
0 0.86484375 0.55390625 0.2296875 0.071875
0 0.5734375 0.2046875 0.028125 0.0546875
0 0.65234375 0.21484375 0.1296875 0.078125
0 0.94296875 0.54453125 0.103125 0.2359375
0 0.875 0.9 0.0734375 0.125