0 0.03828125 0.178125 0.0765625 0.059375
0 0.36171875 0.10390625 0.2 0.0765625
0 0.52734375 0.06171875 0.140625 0.0734375
0 0.10390625 0.18984375 0.1875 0.0734375
0 0.0359375 0.26484375 0.071875 0.0328125
0 0.1859375 0.22265625 0.1734375 0.0796875
0 0.03125 0.3171875 0.0625 0.028125
0 0.19375 0.28046875 0.184375 0.075
0 0.4421875 0.22734375 0.0734375 0.0328125
0 0.6265625 0.190625 0.140625 0.071875
0 0.08125 0.36484375 0.1125 0.0515625
0 0.19140625 0.3375 0.1125 0.0359375
0 0.24921875 0.3625 0.1046875 0.0515625
0 0.36953125 0.32890625 0.075 0.0453125
0 0.075 0.4671875 0.0453125 0.03125
0 0.12890625 0.45390625 0.0640625 0.034375
0 0.1875 0.4390625 0.04375 0.0265625
0 0.23984375 0.428125 0.0546875 0.028125
0 0.325 0.41015625 0.1109375 0.040625
0 0.1375 0.50078125 0.159375 0.065625
0 0.31640625 0.46796875 0.1859375 0.0671875
0 0.47421875 0.4328125 0.08125 0.0421875
0 0.590625 0.40703125 0.15625 0.05625
0 0.11953125 0.5640625 0.11875 0.0609375
0 0.19453125 0.54453125 0.0203125 0.0296875
0 0.240625 0.5359375 0.071875 0.0421875
0 0.35390625 0.51796875 0.15625 0.0640625
0 0.475 0.48515625 0.090625 0.04375
0 0.25390625 0.6203125 0.09375 0.078125
0 0.43984375 0.5734375 0.196875 0.0859375
0 0.61640625 0.53828125 0.078125 0.0609375
0 0.30625 0.70546875 0.159375 0.109375
0 0.6046875 0.634375 0.0859375 0.053125
0 0.76015625 0.6046875 0.1609375 0.0734375
0 0.4328125 0.76484375 0.3234375 0.1328125
0 0.3296875 0.88203125 0.1296875 0.0953125
0 0.57421875 0.84453125 0.3546875 0.18125
0 0.13203125 0.1546875 0.046875 0.03125
0 0.4796875 0.6671875 0.1296875 0.065625