0 0.2375 0.0296875 0.090625 0.059375
0 0.3078125 0.03046875 0.04375 0.0609375
0 0.346875 0.03828125 0.0328125 0.046875
0 0.41484375 0.05234375 0.0875 0.059375
0 0.44453125 0.0609375 0.0140625 0.0109375
0 0.5375 0.07578125 0.1703125 0.121875
0 0.6875 0.1 0.1015625 0.0859375
0 0.81171875 0.12578125 0.1890625 0.1203125
0 0.25703125 0.14765625 0.2703125 0.1671875
0 0.46953125 0.159375 0.16875 0.1078125
0 0.6125 0.184375 0.0359375 0.05
0 0.66640625 0.18046875 0.0703125 0.0703125
0 0.7234375 0.19609375 0.0390625 0.04375
0 0.865625 0.24140625 0.2484375 0.1421875
0 0.2078125 0.33125 0.146875 0.1125
0 0.3203125 0.31796875 0.0546875 0.059375
0 0.3765625 0.33359375 0.05625 0.0828125
0 0.425 0.33671875 0.059375 0.0671875
0 0.503125 0.3515625 0.0984375 0.0984375
0 0.68984375 0.39453125 0.0546875 0.0640625
0 0.790625 0.425 0.1671875 0.159375
0 0.13203125 0.403125 0.065625 0.0625
0 0.328125 0.45234375 0.1875 0.1359375
0 0.50546875 0.4625 0.096875 0.1171875
0 0.58984375 0.4703125 0.084375 0.0921875
0 0.68046875 0.48984375 0.0359375 0.053125
0 0.75234375 0.5015625 0.125 0.11875
0 0.07734375 0.61015625 0.059375 0.0796875
0 0.14140625 0.621875 0.06875 0.0765625
0 0.22734375 0.62109375 0.09375 0.09375
0 0.340625 0.6421875 0.040625 0.0625
0 0.3875 0.6515625 0.04375 0.0609375
0 0.44765625 0.66328125 0.0890625 0.0953125
0 0.58203125 0.684375 0.14375 0.1171875
0 0.74765625 0.7125 0.1796875 0.103125
0 0.071875 0.68984375 0.090625 0.0984375
0 0.16640625 0.69453125 0.0578125 0.06875
0 0.31640625 0.75078125 0.2046875 0.134375
0 0.440625 0.78125 0.0703125 0.078125
0 0.55546875 0.77265625 0.0953125 0.096875
0 0.628125 0.8 0.0546875 0.065625
0 0.7203125 0.8234375 0.0625 0.09375
0 0.8234375 0.821875 0.165625 0.1625
0 0.01796875 0.85390625 0.0359375 0.0703125
0 0.0921875 0.84921875 0.071875 0.071875
0 0.2015625 0.86171875 0.0859375 0.084375
0 0.328125 0.8765625 0.0890625 0.071875
0 0.47265625 0.909375 0.16875 0.109375
0 0.653125 0.921875 0.0875 0.0921875
0 0.73984375 0.946875 0.0640625 0.071875
0 0.82109375 0.959375 0.0859375 0.08125
0 0.86171875 0.98203125 0.1328125 0.0359375