0 0.68203125 0.140625 0.025 0.009375
0 0.6921875 0.165625 0.040625 0.0109375
0 0.38671875 0.19921875 0.1078125 0.034375
0 0.12890625 0.3203125 0.1046875 0.03125
0 0.1421875 0.34765625 0.096875 0.025
0 0.1703125 0.39765625 0.165625 0.0375
0 0.14140625 0.46875 0.096875 0.046875
0 0.4328125 0.32890625 0.165625 0.034375
0 0.459375 0.3578125 0.09375 0.021875
0 0.45078125 0.425 0.1625 0.046875
0 0.47734375 0.46796875 0.19375 0.03125
0 0.76484375 0.30703125 0.125 0.03125
0 0.76640625 0.33828125 0.0890625 0.03125
0 0.80546875 0.38828125 0.18125 0.0375
0 0.80546875 0.46015625 0.0984375 0.0421875
0 0.565625 0.55 0.0578125 0.0484375
0 0.31875 0.60625 0.1125 0.028125
0 0.4765625 0.60625 0.071875 0.025
0 0.9125 0.609375 0.115625 0.0203125
0 0.38359375 0.6296875 0.1 0.025
0 0.1046875 0.68359375 0.028125 0.0296875
0 0.31015625 0.6828125 0.071875 0.021875
0 0.5109375 0.675 0.05625 0.028125
0 0.7125 0.66796875 0.065625 0.034375
0 0.88125 0.67265625 0.0578125 0.0375
0 0.15078125 0.75546875 0.0453125 0.01875
0 0.284375 0.75546875 0.0515625 0.025
0 0.465625 0.7484375 0.0453125 0.01875