0 0.02578125 0.13828125 0.0515625 0.0859375
0 0.07578125 0.10234375 0.04375 0.0375
0 0.21875 0.06796875 0.2109375 0.0734375
0 0.04140625 0.2078125 0.0828125 0.075
0 0.15390625 0.16875 0.0859375 0.05625
0 0.26875 0.12890625 0.1125 0.0765625
0 0.45390625 0.08828125 0.215625 0.121875
0 0.6546875 0.02421875 0.18125 0.0484375
0 0.05078125 0.30078125 0.1015625 0.0765625
0 0.15234375 0.26328125 0.0890625 0.06875
0 0.37265625 0.2078125 0.3265625 0.15
0 0.665625 0.09921875 0.24375 0.1328125
0 0.8625 0.05234375 0.1015625 0.071875
0 0.03671875 0.40234375 0.065625 0.0671875
0 0.14140625 0.3703125 0.0953125 0.06875
0 0.315625 0.3109375 0.228125 0.1046875
0 0.52578125 0.27265625 0.14375 0.1078125
0 0.65625 0.2125 0.059375 0.0671875
0 0.83125 0.16484375 0.209375 0.0984375
0 0.05625 0.4875 0.0484375 0.0578125
0 0.1671875 0.45625 0.1109375 0.078125
0 0.3296875 0.42265625 0.159375 0.084375
0 0.5609375 0.3625 0.228125 0.128125
0 0.8109375 0.26875 0.203125 0.1046875
0 0.940625 0.2390625 0.03125 0.0421875
0 0.0765625 0.5921875 0.075 0.0703125
0 0.2 0.5734375 0.146875 0.0984375
0 0.3734375 0.509375 0.1546875 0.096875
0 0.5546875 0.4734375 0.1390625 0.0984375
0 0.79609375 0.41484375 0.2984375 0.159375
0 0.98125 0.39453125 0.028125 0.065625
0 0.1578125 0.690625 0.20625 0.1125
0 0.33359375 0.65625 0.1484375 0.103125
0 0.53515625 0.5953125 0.19375 0.121875
0 0.68515625 0.546875 0.0734375 0.06875
0 0.80703125 0.5359375 0.059375 0.0734375
0 0.9296875 0.5125 0.121875 0.071875
0 0.1375 0.8046875 0.14375 0.0796875
0 0.353125 0.75234375 0.26875 0.165625
0 0.5546875 0.7015625 0.134375 0.1
0 0.77578125 0.6671875 0.275 0.1515625
0 0.9734375 0.63203125 0.053125 0.0859375
0 0.1734375 0.90625 0.1828125 0.103125
0 0.3796875 0.8609375 0.1328125 0.0828125
0 0.565625 0.83828125 0.146875 0.0859375
0 0.778125 0.79609375 0.1578125 0.10625
0 0.95390625 0.75390625 0.0921875 0.0984375
0 0.16171875 0.99140625 0.1046875 0.0171875
0 0.35078125 0.96875 0.1921875 0.0625
0 0.61328125 0.9421875 0.2484375 0.115625
0 0.79453125 0.9203125 0.071875 0.05625
0 0.94140625 0.878125 0.1171875 0.0875