0 0.21484375 0.06953125 0.0296875 0.0703125
0 0.28828125 0.0328125 0.0140625 0.0171875
0 0.35390625 0.11484375 0.1328125 0.1203125
0 0.5265625 0.09140625 0.225 0.1828125
0 0.66640625 0.06953125 0.0640625 0.0828125
0 0.76171875 0.06953125 0.1515625 0.1390625
0 0.88671875 0.0328125 0.10625 0.0609375
0 0.09296875 0.2796875 0.1625 0.1671875
0 0.23046875 0.2265625 0.103125 0.09375
0 0.3578125 0.20859375 0.1453125 0.1078125
0 0.546875 0.18984375 0.1484375 0.13125
0 0.684375 0.1296875 0.134375 0.109375
0 0.784375 0.17890625 0.128125 0.1296875
0 0.8984375 0.14375 0.121875 0.1046875
0 0.0828125 0.34296875 0.165625 0.1265625
0 0.23828125 0.334375 0.15625 0.125
0 0.3421875 0.30859375 0.028125 0.065625
0 0.428125 0.27734375 0.153125 0.103125
0 0.528125 0.265625 0.028125 0.0671875
0 0.57578125 0.27109375 0.0703125 0.0390625
0 0.62578125 0.2640625 0.0296875 0.0390625
0 0.7734375 0.23671875 0.265625 0.1734375
0 0.93359375 0.20390625 0.0515625 0.0515625
0 0.09921875 0.47734375 0.11875 0.13125
0 0.2 0.43515625 0.1140625 0.1484375
0 0.325 0.390625 0.0265625 0.0703125
0 0.40234375 0.39140625 0.1125 0.1359375
0 0.5390625 0.3375 0.165625 0.109375
0 0.63671875 0.3203125 0.0328125 0.0734375
0 0.71875 0.30234375 0.1578125 0.109375
0 0.865625 0.27421875 0.1625 0.109375
0 0.0734375 0.58203125 0.140625 0.1109375
0 0.165625 0.540625 0.0453125 0.0515625
0 0.2375 0.559375 0.1171875 0.1421875
0 0.32109375 0.503125 0.0765625 0.053125
0 0.44296875 0.4828125 0.15 0.18125
0 0.60703125 0.4375 0.196875 0.08125
0 0.7484375 0.40234375 0.0578125 0.05
0 0.88125 0.371875 0.2265625 0.1796875
0 0.09453125 0.61328125 0.1265625 0.1140625
0 0.209375 0.66796875 0.109375 0.1390625
0 0.3140625 0.57109375 0.1546875 0.1078125
0 0.39921875 0.56875 0.0421875 0.06875
0 0.48671875 0.53125 0.1421875 0.1234375
0 0.5875 0.53203125 0.0375 0.059375
0 0.734375 0.50546875 0.2578125 0.16875
0 0.8890625 0.48984375 0.1 0.16875
0 0.9421875 0.50234375 0.115625 0.1453125
0 0.1109375 0.70546875 0.1234375 0.11875
0 0.28046875 0.66953125 0.1109375 0.096875
0 0.3578125 0.678125 0.0359375 0.0375
0 0.4140625 0.64453125 0.0859375 0.090625
0 0.50234375 0.63203125 0.11875 0.1625
0 0.64140625 0.59375 0.190625 0.1203125
0 0.7671875 0.56640625 0.03125 0.078125
0 0.821875 0.5484375 0.1140625 0.1078125
0 0.93671875 0.53828125 0.1265625 0.1265625
0 0.103125 0.79609375 0.0484375 0.0671875
0 0.2515625 0.76796875 0.2140625 0.1671875
0 0.425 0.759375 0.1375 0.1
0 0.51484375 0.7203125 0.0375 0.0640625
0 0.64921875 0.70703125 0.190625 0.1375
0 0.78359375 0.6984375 0.115625 0.15
0 0.8375 0.653125 0.0421875 0.078125
0 0.91796875 0.63046875 0.1640625 0.1671875
0 0.1359375 0.89765625 0.0875 0.1078125
0 0.24921875 0.8546875 0.1453125 0.165625
0 0.39453125 0.79921875 0.1671875 0.115625
0 0.525 0.81953125 0.0953125 0.1109375
0 0.63671875 0.7515625 0.1359375 0.1078125
0 0.74375 0.7625 0.0421875 0.059375
0 0.8671875 0.7203125 0.2171875 0.1125
0 0.14140625 0.95234375 0.0421875 0.090625
0 0.21171875 0.925 0.121875 0.1234375
0 0.371875 0.90703125 0.1921875 0.125
0 0.50078125 0.89296875 0.0890625 0.1578125
0 0.60625 0.884375 0.1625 0.090625
0 0.7140625 0.8578125 0.0421875 0.04375
0 0.81875 0.82109375 0.1625 0.1015625
0 0.95078125 0.78671875 0.0625 0.0703125