0 0.34375 0.096875 0.06875 0.0328125
0 0.53984375 0.09765625 0.1890625 0.034375
0 0.20625 0.13125 0.0734375 0.0375
0 0.2875 0.134375 0.046875 0.04375
0 0.3828125 0.13125 0.0921875 0.034375
0 0.475 0.13359375 0.053125 0.021875
0 0.55234375 0.13046875 0.0734375 0.034375
0 0.190625 0.1703125 0.0765625 0.03125
0 0.28515625 0.171875 0.04375 0.0359375
0 0.3765625 0.1703125 0.084375 0.0296875
0 0.46875 0.17109375 0.053125 0.025
0 0.5515625 0.16953125 0.0734375 0.03125
0 0.19140625 0.2078125 0.075 0.0359375
0 0.27421875 0.20859375 0.0375 0.034375
0 0.540625 0.209375 0.0859375 0.025
0 0.1875 0.24296875 0.0703125 0.028125
0 0.26953125 0.24921875 0.0421875 0.0375
0 0.365625 0.24765625 0.0890625 0.03125
0 0.4640625 0.24921875 0.05625 0.0234375
0 0.27734375 0.28515625 0.071875 0.025
0 0.3828125 0.28515625 0.0671875 0.0359375
0 0.4703125 0.28671875 0.0796875 0.0328125
0 0.17890625 0.32734375 0.0671875 0.034375
0 0.2625 0.32734375 0.040625 0.0390625
0 0.3609375 0.32890625 0.0890625 0.0375
0 0.45859375 0.33125 0.053125 0.0234375
0 0.30234375 0.36875 0.14375 0.0328125
0 0.1703125 0.41015625 0.0703125 0.0328125
0 0.25703125 0.4078125 0.0390625 0.0375
0 0.36171875 0.41171875 0.096875 0.034375
0 0.46015625 0.4125 0.0640625 0.0265625
0 0.3359375 0.4609375 0.2109375 0.046875
0 0.1671875 0.49296875 0.084375 0.0375
0 0.25859375 0.49453125 0.0515625 0.0421875
0 0.353125 0.490625 0.0890625 0.04375
0 0.4578125 0.49921875 0.0609375 0.0296875
0 0.57265625 0.496875 0.1078125 0.0421875
0 0.25703125 0.534375 0.059375 0.0375
0 0.3984375 0.5359375 0.13125 0.040625
0 0.56953125 0.6328125 0.0828125 0.00625
0 0.71875 0.63359375 0.1609375 0.0375
0 0.8984375 0.6375 0.1609375 0.046875