0 0.09140625 0.153125 0.065625 0.0734375
0 0.13203125 0.16015625 0.0375 0.0890625
0 0.19140625 0.1671875 0.078125 0.0625
0 0.26875 0.28984375 0.1046875 0.096875
0 0.359375 0.2828125 0.0625 0.05625
0 0.44921875 0.30390625 0.1046875 0.0671875
0 0.553125 0.3171875 0.0609375 0.0484375
0 0.62421875 0.3203125 0.040625 0.0421875
0 0.6671875 0.34921875 0.0359375 0.078125
0 0.765625 0.35234375 0.1390625 0.075
0 0.86796875 0.35078125 0.0671875 0.0625
0 0.9125 0.3703125 0.0171875 0.0234375
0 0.04140625 0.37578125 0.01875 0.028125
0 0.10703125 0.38984375 0.0734375 0.08125
0 0.1859375 0.378125 0.075 0.084375
0 0.30078125 0.4015625 0.1390625 0.103125
0 0.4125 0.384375 0.05625 0.0640625
0 0.47890625 0.41328125 0.0703125 0.0703125
0 0.578125 0.4140625 0.0984375 0.103125
0 0.65703125 0.4171875 0.0640625 0.0375
0 0.73515625 0.4234375 0.0734375 0.0375
0 0.81875 0.42890625 0.065625 0.0421875
0 0.921875 0.45546875 0.1296875 0.0703125
0 0.03515625 0.45078125 0.0234375 0.0375
0 0.121875 0.44921875 0.1265625 0.075
0 0.203125 0.46171875 0.0390625 0.0515625
0 0.26328125 0.48984375 0.0703125 0.065625
0 0.36796875 0.4921875 0.109375 0.0828125
0 0.5125 0.48828125 0.128125 0.0515625
0 0.615625 0.50625 0.065625 0.084375
0 0.73359375 0.52265625 0.15 0.1078125
0 0.53515625 0.62578125 0.1171875 0.1203125
0 0.67109375 0.64296875 0.128125 0.0953125