0 0.08203125 0.08359375 0.028125 0.0515625
0 0.1359375 0.08359375 0.053125 0.04375
0 0.2703125 0.10234375 0.1484375 0.0796875
0 0.3921875 0.1125 0.1046875 0.078125
0 0.6265625 0.12265625 0.04375 0.071875
0 0.70390625 0.14609375 0.115625 0.0890625
0 0.103125 0.175 0.0203125 0.0515625
0 0.14921875 0.17890625 0.059375 0.0734375
0 0.2234375 0.18515625 0.0734375 0.04375
0 0.41171875 0.20546875 0.0359375 0.046875
0 0.453125 0.20546875 0.05 0.0515625
0 0.5203125 0.2140625 0.0875 0.0578125
0 0.58359375 0.21640625 0.046875 0.0640625
0 0.66171875 0.2296875 0.1125 0.0765625
0 0.77578125 0.23828125 0.109375 0.071875
0 0.853125 0.2515625 0.05 0.0390625
0 0.9359375 0.27265625 0.009375 0.0109375
0 0.0640625 0.27265625 0.028125 0.0328125
0 0.15703125 0.27421875 0.1265625 0.0859375
0 0.26328125 0.28125 0.0984375 0.053125
0 0.378125 0.296875 0.1359375 0.0796875
0 0.490625 0.29375 0.0421875 0.0515625
0 0.53828125 0.3078125 0.05625 0.04375
0 0.59453125 0.3015625 0.025 0.046875
0 0.6375 0.3140625 0.06875 0.053125
0 0.68671875 0.33359375 0.009375 0.01875
0 0.73359375 0.3203125 0.065625 0.05
0 0.78203125 0.334375 0.0375 0.034375
0 0.81953125 0.33359375 0.0390625 0.0390625
0 0.85859375 0.33515625 0.04375 0.0484375
0 0.9015625 0.34140625 0.0671875 0.0609375
0 0.0546875 0.3578125 0.03125 0.053125
0 0.11796875 0.36015625 0.0578125 0.05625
0 0.22109375 0.36328125 0.134375 0.065625
0 0.37421875 0.37890625 0.1796875 0.0703125
0 0.48671875 0.384375 0.040625 0.04375
0 0.56484375 0.39921875 0.128125 0.0875
0 0.63515625 0.4046875 0.025 0.0515625
0 0.6890625 0.4078125 0.0859375 0.05625
0 0.75859375 0.41328125 0.0390625 0.021875
0 0.84765625 0.421875 0.1390625 0.0640625
0 0.93515625 0.428125 0.0296875 0.0140625
0 0.97734375 0.428125 0.0453125 0.046875
0 0.15078125 0.46328125 0.0859375 0.0421875
0 0.2640625 0.4703125 0.1203125 0.071875
0 0.0390625 0.54609375 0.04375 0.06875
0 0.09375 0.54609375 0.034375 0.0421875
0 0.178125 0.5515625 0.125 0.05625
0 0.32734375 0.5703125 0.1640625 0.1125
0 0.44375 0.5625 0.0765625 0.05625
0 0.54765625 0.5859375 0.1328125 0.09375
0 0.06875 0.6265625 0.0203125 0.0625
0 0.10703125 0.64296875 0.0625 0.06875
0 0.17578125 0.6453125 0.084375 0.059375
0 0.25390625 0.653125 0.0953125 0.065625
0 0.38359375 0.65546875 0.04375 0.040625
0 0.6234375 0.6703125 0.05625 0.05
0 0.72265625 0.6796875 0.13125 0.075
0 0.82578125 0.68671875 0.0625 0.05625
0 0.890625 0.6875 0.0578125 0.0609375
0 0.94921875 0.696875 0.06875 0.06875
0 0.01875 0.72578125 0.0375 0.0578125
0 0.090625 0.73515625 0.05 0.0453125
0 0.18671875 0.73828125 0.121875 0.065625
0 0.27578125 0.75 0.04375 0.0390625
0 0.36796875 0.74921875 0.121875 0.0765625
0 0.47421875 0.753125 0.09375 0.078125
0 0.58125 0.76875 0.121875 0.0765625
0 0.66875 0.7625 0.01875 0.028125
0 0.70546875 0.76015625 0.059375 0.059375
0 0.79609375 0.7671875 0.078125 0.0625
0 0.09375 0.8109375 0.115625 0.0671875
0 0.19765625 0.83125 0.0921875 0.0609375
0 0.24765625 0.8484375 0.0140625 0.021875
0 0.3546875 0.8484375 0.203125 0.109375
0 0.48828125 0.85703125 0.05 0.05
0 0.56796875 0.8671875 0.1078125 0.090625
0 0.6671875 0.85859375 0.065625 0.0515625
0 0.73046875 0.86171875 0.071875 0.0546875
0 0.828125 0.86640625 0.1265625 0.059375
0 0.03515625 0.9140625 0.0296875 0.046875
0 0.07421875 0.9109375 0.053125 0.0609375
0 0.1859375 0.93046875 0.15 0.0921875
0 0.37890625 0.9375 0.08125 0.0640625
0 0.603125 0.94609375 0.034375 0.0625
0 0.68828125 0.95234375 0.146875 0.0875
0 0.778125 0.95546875 0.0296875 0.0484375
0 0.834375 0.95546875 0.0875 0.084375
0 0.525 0.13359375 0.1640625 0.121875
0 0.17265625 0.0921875 0.025 0.046875
0 0.31953125 0.190625 0.1375 0.0734375
0 0.89921875 0.2640625 0.0515625 0.0640625
0 0.3078125 0.92109375 0.071875 0.0671875
0 0.50390625 0.94765625 0.103125 0.05625
0 0.42734375 0.47109375 0.10625 0.0625
0 0.33828125 0.653125 0.0453125 0.04375
0 0.515625 0.66875 0.090625 0.0515625
0 0.09140625 0.44921875 0.04375 0.040625
0 0.984375 0.26484375 0.03125 0.0546875
0 0.9734375 0.353125 0.053125 0.05
0 0.4515625 0.659375 0.034375 0.0625
0 0.91640625 0.96015625 0.0515625 0.0625
0 0.43828125 0.940625 0.025 0.0578125
0 0.36015625 0.46875 0.03125 0.046875
0 0.85 0.72890625 0.0375 0.0453125
0 0.95703125 0.26171875 0.0171875 0.0328125