0 0.20234375 0.18359375 0.134375 0.1234375
0 0.1265625 0.103125 0.0359375 0.0234375
0 0.3796875 0.25390625 0.128125 0.0765625
0 0.56484375 0.284375 0.15625 0.0765625
0 0.65703125 0.315625 0.0203125 0.0265625
0 0.7640625 0.32734375 0.1515625 0.0609375
0 0.8578125 0.36015625 0.0203125 0.025
0 0.94453125 0.3609375 0.1109375 0.059375
0 0.1859375 0.28125 0.1296875 0.0546875
0 0.33671875 0.3140625 0.1015625 0.046875
0 0.490625 0.35390625 0.1328125 0.05
0 0.64140625 0.39296875 0.1265625 0.0625
0 0.82109375 0.42109375 0.2140625 0.06875
0 0.971875 0.45234375 0.05625 0.0484375
0 0.15859375 0.36015625 0.1171875 0.053125
0 0.278125 0.38515625 0.0421875 0.03125
0 0.37578125 0.40859375 0.096875 0.0453125
0 0.5375 0.44296875 0.1703125 0.0578125
0 0.67734375 0.484375 0.071875 0.0515625
0 0.840625 0.5 0.2203125 0.0859375
0 0.178125 0.53359375 0.18125 0.071875
0 0.503125 0.60390625 0.29375 0.0953125