0 0.659375 0.66015625 0.14375 0.0390625
0 0.33046875 0.6203125 0.134375 0.0359375
0 0.32734375 0.6015625 0.1359375 0.034375
0 0.321875 0.584375 0.1375 0.0390625
0 0.5578125 0.815625 0.125 0.0375
0 0.33203125 0.7359375 0.1109375 0.034375
0 0.3140625 0.56171875 0.1265625 0.0375
0 0.33515625 0.7015625 0.121875 0.0453125
0 0.51328125 0.62265625 0.1171875 0.0375
0 0.55546875 0.7359375 0.1203125 0.040625
0 0.30078125 0.528125 0.1234375 0.034375
0 0.47734375 0.421875 0.109375 0.04375
0 0.7265625 0.7890625 0.10625 0.0328125
0 0.45859375 0.2875 0.09375 0.040625
0 0.2875 0.5109375 0.1109375 0.040625
0 0.66953125 0.7796875 0.1203125 0.034375
0 0.28671875 0.471875 0.1171875 0.03125
0 0.56953125 0.753125 0.096875 0.0359375
0 0.503125 0.67109375 0.0890625 0.034375
0 0.5140625 0.80390625 0.1078125 0.034375
0 0.3125 0.5453125 0.1234375 0.034375
0 0.3578125 0.6375 0.1015625 0.0375
0 0.5109375 0.353125 0.10625 0.0328125
0 0.31953125 0.7578125 0.0890625 0.034375
0 0.26953125 0.4953125 0.08125 0.03125
0 0.76484375 0.7046875 0.0796875 0.0359375
0 0.3875 0.84921875 0.0953125 0.040625
0 0.53125 0.68359375 0.0875 0.034375
0 0.23125 0.3203125 0.0734375 0.03125
0 0.38046875 0.70703125 0.084375 0.0328125
0 0.56875 0.634375 0.1 0.028125
0 0.653125 0.3875 0.078125 0.03125
0 0.67578125 0.6125 0.0734375 0.0296875
0 0.37421875 0.6734375 0.103125 0.0453125
0 0.7125 0.321875 0.075 0.0375
0 0.4 0.76875 0.090625 0.0296875
0 0.4546875 0.484375 0.0671875 0.0328125
0 0.4390625 0.56171875 0.0984375 0.0296875
0 0.4859375 0.7140625 0.0625 0.0296875
0 0.51328125 0.4375 0.0765625 0.0359375
0 0.534375 0.6015625 0.0953125 0.0390625
0 0.5046875 0.58984375 0.0671875 0.034375
0 0.47578125 0.5359375 0.075 0.021875
0 0.78984375 0.71953125 0.0953125 0.03125
0 0.4359375 0.57890625 0.0828125 0.028125
0 0.234375 0.36796875 0.0765625 0.0375
0 0.4171875 0.64609375 0.0671875 0.03125
0 0.73828125 0.56796875 0.0765625 0.028125
0 0.5625 0.71484375 0.078125 0.0296875
0 0.58203125 0.325 0.071875 0.0296875
0 0.696875 0.6953125 0.0859375 0.0296875
0 0.3828125 0.82890625 0.0796875 0.03125
0 0.5640625 0.69921875 0.0671875 0.028125
0 0.30859375 0.34765625 0.0859375 0.028125
0 0.38046875 0.49453125 0.06875 0.028125
0 0.69140625 0.67890625 0.0578125 0.0359375
0 0.46796875 0.8546875 0.065625 0.034375
0 0.41875 0.7421875 0.0921875 0.0265625
0 0.671875 0.30390625 0.084375 0.025
0 0.646875 0.4078125 0.0796875 0.028125
0 0.46015625 0.49921875 0.071875 0.0265625
0 0.62890625 0.684375 0.0640625 0.025
0 0.5984375 0.35625 0.0765625 0.0265625
0 0.38515625 0.39296875 0.0734375 0.028125
0 0.37890625 0.359375 0.0640625 0.0296875
0 0.38359375 0.434375 0.0578125 0.0265625
0 0.53671875 0.84296875 0.0640625 0.0265625
0 0.25703125 0.434375 0.0734375 0.0265625
0 0.4953125 0.86640625 0.0703125 0.028125
0 0.31328125 0.44765625 0.05625 0.021875
0 0.52265625 0.546875 0.0578125 0.0203125
0 0.43671875 0.59921875 0.0703125 0.028125
0 0.31953125 0.38671875 0.065625 0.0296875
0 0.59921875 0.828125 0.0671875 0.0265625
0 0.41015625 0.865625 0.05625 0.0296875
0 0.40703125 0.54921875 0.0640625 0.028125
0 0.40625 0.5265625 0.0671875 0.0265625
0 0.29765625 0.3671875 0.0796875 0.03125
0 0.4609375 0.771875 0.0671875 0.0296875
0 0.4453125 0.34453125 0.0578125 0.0265625
0 0.3125 0.30703125 0.0671875 0.0296875
0 0.24140625 0.40078125 0.06875 0.025
0 0.30234375 0.86484375 0.0546875 0.0203125
0 0.46953125 0.65234375 0.0578125 0.025
0 0.2921875 0.6625 0.0515625 0.01875
0 0.6125 0.58671875 0.0390625 0.0203125
0 0.45 0.615625 0.0578125 0.025
0 0.24921875 0.4609375 0.05 0.0265625
0 0.37890625 0.30234375 0.0546875 0.0265625
0 0.3125 0.40859375 0.0609375 0.021875
0 0.5703125 0.4015625 0.0515625 0.0234375
0 0.72265625 0.3921875 0.053125 0.025
0 0.36328125 0.90625 0.0515625 0.028125
0 0.515625 0.37109375 0.05625 0.025
0 0.35703125 0.87265625 0.0546875 0.025
0 0.7609375 0.64375 0.0515625 0.0234375
0 0.39296875 0.5125 0.059375 0.025
0 0.66328125 0.73828125 0.05 0.01875
0 0.6890625 0.71328125 0.0625 0.025
0 0.828125 0.7734375 0.053125 0.0234375
0 0.30625 0.71953125 0.04375 0.021875
0 0.37734375 0.78984375 0.053125 0.021875
0 0.4375 0.4421875 0.046875 0.021875
0 0.32578125 0.81796875 0.0578125 0.021875
0 0.5140625 0.3328125 0.0484375 0.0234375
0 0.51640625 0.5640625 0.0515625 0.025
0 0.46328125 0.7921875 0.0609375 0.021875
0 0.275 0.7859375 0.040625 0.0203125
0 0.66953125 0.57734375 0.0453125 0.0171875
0 0.3828125 0.45546875 0.0421875 0.0203125
0 0.328125 0.7765625 0.04375 0.01875
0 0.746875 0.62890625 0.040625 0.01875
0 0.59140625 0.33984375 0.053125 0.025
0 0.35859375 0.6546875 0.053125 0.0203125
0 0.64453125 0.33046875 0.0453125 0.0234375
0 0.40703125 0.88515625 0.0375 0.0234375
0 0.2859375 0.684375 0.0453125 0.0171875
0 0.43125 0.67734375 0.0359375 0.0171875
0 0.49296875 0.72890625 0.03125 0.015625
0 0.2265625 0.38359375 0.05 0.0203125
0 0.3984375 0.80390625 0.0421875 0.0234375
0 0.46796875 0.51640625 0.046875 0.0203125
0 0.38359375 0.37734375 0.046875 0.0265625
0 0.18515625 0.3359375 0.0296875 0.0234375
0 0.23984375 0.41875 0.0421875 0.0203125
0 0.25859375 0.72578125 0.028125 0.01875
0 0.35390625 0.89296875 0.04375 0.0203125
0 0.4703125 0.83203125 0.0375 0.0203125
0 0.4546875 0.69296875 0.034375 0.021875
0 0.79296875 0.621875 0.0359375 0.0140625
0 0.45546875 0.38203125 0.034375 0.01875
0 0.37265625 0.340625 0.0375 0.0203125
0 0.31328125 0.87734375 0.0296875 0.0234375
0 0.3171875 0.8953125 0.025 0.0203125
0 0.66171875 0.34375 0.0328125 0.0234375
0 0.42109375 0.71953125 0.0296875 0.021875
0 0.4328125 0.36640625 0.034375 0.021875
0 0.3203125 0.8390625 0.03125 0.0203125
0 0.71328125 0.72890625 0.0296875 0.0171875
0 0.63203125 0.70703125 0.028125 0.01875
0 0.284375 0.88671875 0.0296875 0.0171875
0 0.7671875 0.66015625 0.021875 0.015625
0 0.25234375 0.64921875 0.0359375 0.01875
0 0.42421875 0.89609375 0.0421875 0.0171875
0 0.5796875 0.4203125 0.03125 0.0203125
0 0.63203125 0.71953125 0.028125 0.0234375
0 0.21953125 0.5203125 0.0203125 0.0140625
0 0.31953125 0.79921875 0.0265625 0.0171875
0 0.2046875 0.4640625 0.028125 0.0171875
0 0.28359375 0.64765625 0.025 0.0140625
0 0.6546875 0.80078125 0.021875 0.0171875
0 0.1890625 0.38984375 0.0234375 0.015625
0 0.46640625 0.75234375 0.01875 0.01875
0 0.4421875 0.8171875 0.0203125 0.0171875
0 0.18515625 0.37109375 0.01875 0.0125
0 0.79453125 0.63359375 0.015625 0.0140625
0 0.79609375 0.775 0.0078125 0.0171875
0 0.38203125 0.8890625 0.0171875 0.0125
0 0.596875 0.78828125 0.00625 0.0125
0 0.39609375 0.90078125 0.0140625 0.009375
0 0.37734375 0.7390625 0.0484375 0.021875
0 0.41796875 0.73203125 0.021875 0.0140625
0 0.41875 0.82109375 0.021875 0.015625
0 0.44140625 0.8375 0.0234375 0.0140625
0 0.6296875 0.80546875 0.0234375 0.015625
0 0.57578125 0.79296875 0.0203125 0.0140625
0 0.784375 0.778125 0.0203125 0.015625