0 0.12265625 0.0765625 0.0796875 0.05625
0 0.26875 0.0796875 0.153125 0.0515625
0 0.43125 0.07421875 0.125 0.0625
0 0.5921875 0.05390625 0.1828125 0.0546875
0 0.209375 0.21640625 0.1171875 0.05625
0 0.3296875 0.21328125 0.0953125 0.0453125
0 0.4078125 0.20859375 0.0484375 0.0375
0 0.496875 0.20703125 0.0953125 0.046875
0 0.5921875 0.1921875 0.08125 0.0421875
0 0.76171875 0.1828125 0.225 0.0859375
0 0.175 0.31171875 0.165625 0.0859375
0 0.3234375 0.27890625 0.0796875 0.046875
0 0.49296875 0.2625 0.221875 0.06875
0 0.7359375 0.2515625 0.2046875 0.0578125
0 0.140625 0.36875 0.05625 0.059375
0 0.221875 0.36015625 0.059375 0.05
0 0.30546875 0.34765625 0.084375 0.053125
0 0.44453125 0.34296875 0.140625 0.0453125
0 0.62421875 0.32421875 0.1171875 0.0484375
0 0.7828125 0.321875 0.1515625 0.0671875
0 0.1984375 0.4546875 0.16875 0.075
0 0.3375 0.421875 0.0640625 0.04375
0 0.46875 0.41796875 0.165625 0.065625
0 0.6484375 0.3921875 0.15625 0.0484375
0 0.8203125 0.38359375 0.140625 0.05625
0 0.2578125 0.50234375 0.221875 0.0546875
0 0.23359375 0.64609375 0.0734375 0.034375
0 0.3359375 0.63671875 0.0734375 0.0390625
0 0.46953125 0.6234375 0.146875 0.0546875
0 0.61796875 0.60390625 0.0890625 0.0375
0 0.71640625 0.590625 0.06875 0.0359375
0 0.8265625 0.5796875 0.121875 0.04375
0 0.24140625 0.7859375 0.084375 0.05625
0 0.4109375 0.784375 0.1890625 0.0890625
0 0.54296875 0.75 0.0359375 0.034375
0 0.59921875 0.7359375 0.03125 0.0234375
0 0.7296875 0.72578125 0.175 0.0765625
0 0.9015625 0.71171875 0.128125 0.0390625
0 0.18203125 0.884375 0.0546875 0.0765625
0 0.3390625 0.85390625 0.184375 0.071875
0 0.51796875 0.8265625 0.1234375 0.0453125
0 0.65 0.8109375 0.10625 0.0375
0 0.8015625 0.78828125 0.153125 0.0671875
0 0.11328125 0.21796875 0.0625 0.0390625
0 0.1484375 0.65546875 0.0703125 0.0484375
0 0.15390625 0.80625 0.059375 0.05