0 0.55078125 0.10390625 0.1734375 0.034375
0 0.22890625 0.11796875 0.0546875 0.028125
0 0.22109375 0.15390625 0.046875 0.0234375
0 0.559375 0.17890625 0.0484375 0.025
0 0.6625 0.19296875 0.1140625 0.0296875
0 0.23203125 0.1890625 0.0609375 0.0234375
0 0.29921875 0.19609375 0.0671875 0.015625
0 0.4125 0.24296875 0.0609375 0.01875
0 0.55 0.25859375 0.046875 0.025
0 0.57578125 0.2921875 0.15625 0.0359375
0 0.66953125 0.39765625 0.1359375 0.0359375
0 0.80234375 0.37421875 0.0921875 0.0390625
0 0.78984375 0.39453125 0.0265625 0.0171875
0 0.78359375 0.409375 0.06875 0.01875
0 0.74140625 0.384375 0.025 0.0171875
0 0.15546875 0.39609375 0.0296875 0.021875
0 0.209375 0.39921875 0.0734375 0.0265625
0 0.2875 0.4078125 0.0796875 0.028125
0 0.3546875 0.41171875 0.0515625 0.01875
0 0.49140625 0.4359375 0.1578125 0.0453125
0 0.68671875 0.45234375 0.1375 0.0421875
0 0.371875 0.4671875 0.1765625 0.046875
0 0.68359375 0.4875 0.11875 0.0359375
0 0.475 0.503125 0.096875 0.025
0 0.18671875 0.51796875 0.134375 0.053125
0 0.36171875 0.5359375 0.1328125 0.0375
0 0.515625 0.5515625 0.1046875 0.0375
0 0.65 0.56015625 0.1265625 0.04375
0 0.1265625 0.565625 0.065625 0.034375
0 0.5421875 0.59375 0.09375 0.04375
0 0.640625 0.60625 0.0421875 0.034375
0 0.7125 0.61328125 0.06875 0.0484375
0 0.21875 0.63203125 0.26875 0.0625
0 0.51015625 0.6546875 0.05 0.0390625
0 0.60859375 0.66171875 0.1265625 0.04375
0 0.71796875 0.67890625 0.053125 0.0359375
0 0.14921875 0.684375 0.18125 0.071875
0 0.33125 0.6953125 0.1328125 0.0484375
0 0.43828125 0.7078125 0.0375 0.0328125
0 0.55859375 0.71171875 0.146875 0.04375
0 0.70859375 0.721875 0.1078125 0.053125
0 0.44921875 0.73515625 0.0703125 0.0265625
0 0.34375 0.753125 0.159375 0.0578125
0 0.5484375 0.76640625 0.18125 0.0484375
0 0.71796875 0.77578125 0.109375 0.0359375
0 0.17109375 0.79296875 0.25625 0.0546875
0 0.42265625 0.80078125 0.2015625 0.053125
0 0.6140625 0.81171875 0.1640625 0.0515625
0 0.090625 0.81953125 0.1125 0.0421875
0 0.27890625 0.83203125 0.228125 0.05
0 0.61328125 0.85859375 0.3578125 0.084375
0 0.11171875 0.84765625 0.08125 0.03125
0 0.3359375 0.128125 0.1078125 0.0296875
0 0.321875 0.16640625 0.090625 0.0421875
0 0.184375 0.45546875 0.0359375 0.04375
0 0.53671875 0.47734375 0.05625 0.025
0 0.384375 0.49609375 0.075 0.021875
0 0.32421875 0.5859375 0.2703125 0.071875
0 0.428125 0.65390625 0.0984375 0.04375
0 0.14140625 0.74140625 0.1875 0.05625
0 0.43671875 0.76171875 0.0234375 0.0140625
0 0.3375 0.09140625 0.08125 0.0390625
0 0.43515625 0.09765625 0.040625 0.0234375