0 0.3859375 0.071875 0.2546875 0.128125
0 0.9015625 0.08515625 0.071875 0.03125
0 0.9484375 0.09140625 0.0203125 0.025
0 0.97890625 0.09375 0.040625 0.0296875
0 0.91328125 0.11640625 0.1734375 0.071875
0 0.915625 0.14140625 0.0234375 0.0265625
0 0.94609375 0.14609375 0.0375 0.028125
0 0.90546875 0.20078125 0.1875 0.1328125
0 0.590625 0.13125 0.1734375 0.1359375
0 0.1421875 0.1296875 0.10625 0.0671875
0 0.22734375 0.14296875 0.0390625 0.0453125
0 0.31796875 0.1421875 0.1296875 0.078125
0 0.4375 0.16015625 0.103125 0.0625
0 0.628125 0.18046875 0.2875 0.1140625
0 0.82109375 0.20703125 0.11875 0.06875
0 0.9453125 0.23046875 0.109375 0.0859375
0 0.1328125 0.18203125 0.165625 0.084375
0 0.2640625 0.2078125 0.0890625 0.06875
0 0.37265625 0.2140625 0.1140625 0.06875
0 0.5046875 0.2328125 0.1328125 0.090625
0 0.6921875 0.26015625 0.2421875 0.1171875
0 0.84921875 0.26953125 0.071875 0.0578125
0 0.94296875 0.28125 0.0828125 0.05
0 0.15390625 0.26171875 0.2515625 0.1359375
0 0.32421875 0.2734375 0.0953125 0.059375
0 0.4359375 0.2828125 0.140625 0.0703125
0 0.60546875 0.31171875 0.1796875 0.1
0 0.72421875 0.3203125 0.059375 0.053125
0 0.7796875 0.33359375 0.0421875 0.0453125
0 0.85390625 0.33828125 0.096875 0.053125
0 0.15625 0.32421875 0.2515625 0.11875
0 0.31640625 0.32578125 0.0734375 0.065625
0 0.4625 0.346875 0.209375 0.1015625
0 0.18828125 0.38828125 0.1078125 0.065625
0 0.265625 0.39609375 0.03125 0.05
0 0.353125 0.39921875 0.140625 0.078125
0 0.47265625 0.41875 0.0921875 0.065625
0 0.65390625 0.4546875 0.278125 0.125
0 0.871875 0.471875 0.15 0.0765625
0 0.0921875 0.428125 0.159375 0.0890625
0 0.28125 0.4734375 0.2125 0.0984375
0 0.44140625 0.48984375 0.096875 0.0671875
0 0.65546875 0.5171875 0.3015625 0.1296875
0 0.84453125 0.5421875 0.0875 0.0609375
0 0.9359375 0.55234375 0.08125 0.059375
0 0.05625 0.50390625 0.1125 0.0765625
0 0.16171875 0.5140625 0.075 0.0625
0 0.2640625 0.5328125 0.1109375 0.09375
0 0.41015625 0.54765625 0.153125 0.0984375
0 0.5703125 0.578125 0.175 0.1
0 0.7046875 0.5890625 0.0765625 0.05625
0 0.78671875 0.596875 0.109375 0.0625
0 0.90234375 0.6125 0.146875 0.0765625
0 0.11171875 0.58828125 0.2234375 0.1046875
0 0.23828125 0.6625 0.1234375 0.0984375
0 0.35625 0.69765625 0.06875 0.0921875
0 0.48828125 0.69375 0.203125 0.1203125
0 0.16015625 0.759375 0.2953125 0.2015625
0 0.40546875 0.77734375 0.2 0.0953125
0 0.6 0.76953125 0.1671875 0.115625
0 0.80078125 0.83359375 0.2828125 0.1546875
0 0.07421875 0.7890625 0.1484375 0.15625
0 0.17578125 0.80078125 0.0375 0.040625
0 0.31953125 0.83203125 0.2203125 0.140625
0 0.484375 0.8390625 0.1234375 0.071875