0 0.14765625 0.20234375 0.0890625 0.0359375
0 0.3125 0.2 0.0921875 0.0375
0 0.50390625 0.19921875 0.115625 0.0375
0 0.69765625 0.2 0.215625 0.046875
0 0.20234375 0.26484375 0.2171875 0.0359375
0 0.228125 0.30625 0.20625 0.040625
0 0.4078125 0.303125 0.109375 0.034375
0 0.61640625 0.30625 0.1953125 0.05
0 0.78984375 0.3 0.146875 0.0375
0 0.25625 0.359375 0.234375 0.053125
0 0.39921875 0.3546875 0.0375 0.028125
0 0.50078125 0.353125 0.184375 0.0421875
0 0.7703125 0.35390625 0.215625 0.040625
0 0.9125 0.3546875 0.071875 0.0390625
0 0.396875 0.1953125 0.03125 0.0203125