0 0.4890625 0.0375 0.1625 0.0703125
0 0.1578125 0.0234375 0.05 0.046875
0 0.2796875 0.07265625 0.1609375 0.1109375
0 0.41796875 0.08984375 0.0890625 0.0625
0 0.5125 0.11171875 0.040625 0.0515625
0 0.61640625 0.1421875 0.1625 0.090625
0 0.78203125 0.171875 0.1421875 0.0859375
0 0.92890625 0.2140625 0.1421875 0.115625
0 0.7640625 0.2390625 0.05 0.0421875
0 0.8984375 0.2734375 0.203125 0.1125
0 0.65546875 0.22265625 0.128125 0.1015625
0 0.559375 0.190625 0.08125 0.065625
0 0.4859375 0.1890625 0.0546875 0.0796875
0 0.37421875 0.15390625 0.1578125 0.0734375
0 0.2203125 0.11484375 0.1265625 0.0765625
0 0.24921875 0.19375 0.20625 0.0953125
0 0.39296875 0.23671875 0.05625 0.0640625
0 0.4875 0.25 0.13125 0.08125
0 0.59375 0.2671875 0.075 0.0578125
0 0.7328125 0.303125 0.18125 0.1046875
0 0.85546875 0.33515625 0.0453125 0.0578125
0 0.93828125 0.34765625 0.1234375 0.0609375
0 0.95625 0.43515625 0.0578125 0.0671875
0 0.81796875 0.38359375 0.2078125 0.096875
0 0.6765625 0.3625 0.0828125 0.053125
0 0.59765625 0.34921875 0.0421875 0.0328125
0 0.5171875 0.325 0.0921875 0.0609375
0 0.409375 0.30078125 0.078125 0.05625
0 0.28671875 0.28359375 0.1265625 0.0625
0 0.1703125 0.2515625 0.065625 0.0578125
0 0.146875 0.32734375 0.0609375 0.0609375
0 0.253125 0.34140625 0.109375 0.06875
0 0.45 0.39296875 0.246875 0.125
0 0.63046875 0.4203125 0.0796875 0.0609375
0 0.70078125 0.45 0.0484375 0.075
0 0.81171875 0.45859375 0.1453125 0.0828125
0 0.93828125 0.49453125 0.103125 0.06875
0 0.9171875 0.55 0.0375 0.0453125
0 0.84609375 0.54140625 0.090625 0.046875
0 0.7109375 0.50625 0.1546875 0.0828125
0 0.58984375 0.48515625 0.065625 0.059375
0 0.48671875 0.46484375 0.0953125 0.065625
0 0.3390625 0.44765625 0.171875 0.1015625
0 0.19765625 0.40234375 0.0703125 0.0546875
0 0.1359375 0.390625 0.0421875 0.05
0 0.22734375 0.48125 0.0890625 0.0640625
0 0.1265625 0.4578125 0.0671875 0.0578125
0 0.31953125 0.4984375 0.0921875 0.065625
0 0.403125 0.52109375 0.06875 0.0609375
0 0.52109375 0.54765625 0.1640625 0.090625
0 0.66328125 0.575 0.0734375 0.0546875
0 0.75078125 0.58515625 0.065625 0.05625
0 0.84140625 0.60859375 0.1046875 0.05625
0 0.1203125 0.5265625 0.090625 0.071875
0 0.21953125 0.55703125 0.13125 0.0875
0 0.35859375 0.5859375 0.1234375 0.0703125
0 0.50078125 0.6046875 0.15 0.084375
0 0.61640625 0.62421875 0.0625 0.059375
0 0.70703125 0.65078125 0.10625 0.0625
0 0.80390625 0.66796875 0.0359375 0.0390625
0 0.86875 0.66953125 0.06875 0.0546875
0 0.0859375 0.60546875 0.046875 0.0453125
0 0.221875 0.628125 0.19375 0.1078125
0 0.375 0.66015625 0.125 0.0828125
0 0.46875 0.67578125 0.0421875 0.04375
0 0.58671875 0.70078125 0.1890625 0.0984375
0 0.7296875 0.73203125 0.1375 0.0765625
0 0.86953125 0.7546875 0.1515625 0.0859375
0 0.759375 0.80234375 0.0609375 0.053125
0 0.85234375 0.82734375 0.14375 0.1015625
0 0.671875 0.7890625 0.1 0.0796875
0 0.56015625 0.76796875 0.0921875 0.06875
0 0.4046875 0.73125 0.175 0.0828125
0 0.24375 0.7140625 0.0984375 0.06875
0 0.14609375 0.68671875 0.0640625 0.0546875
0 0.065625 0.67109375 0.0453125 0.0484375
0 0.078125 0.7546875 0.109375 0.071875
0 0.22734375 0.77421875 0.1171875 0.075
0 0.3890625 0.80234375 0.153125 0.0828125
0 0.503125 0.82421875 0.0453125 0.05
0 0.56796875 0.83359375 0.0609375 0.0515625
0 0.6578125 0.85703125 0.0859375 0.075
0 0.80390625 0.8921875 0.2328125 0.11875
0 0.8234375 0.96484375 0.046875 0.046875
0 0.73125 0.946875 0.15 0.078125
0 0.575 0.915625 0.1453125 0.0859375
0 0.88046875 0.9734375 0.0671875 0.053125
0 0.43359375 0.88046875 0.134375 0.0765625
0 0.33046875 0.87421875 0.0421875 0.0453125
0 0.22421875 0.84609375 0.1328125 0.06875
0 0.11796875 0.83125 0.053125 0.053125
0 0.04375 0.8140625 0.0734375 0.05625
0 0.07265625 0.89453125 0.1453125 0.0765625