0 0.08125 0.059375 0.0421875 0.0171875
0 0.08984375 0.09140625 0.0625 0.0171875
0 0.17890625 0.0953125 0.0578125 0.021875
0 0.246875 0.09765625 0.0640625 0.015625
0 0.3328125 0.0921875 0.0734375 0.015625
0 0.10546875 0.1296875 0.01875 0.0140625
0 0.20546875 0.128125 0.1546875 0.0203125
0 0.396875 0.11953125 0.1515625 0.0171875
0 0.5421875 0.1140625 0.1078125 0.0203125
0 0.13359375 0.15625 0.0109375 0.0109375
0 0.19140625 0.15625 0.071875 0.015625
0 0.27734375 0.1515625 0.059375 0.015625
0 0.35078125 0.15 0.046875 0.0140625
0 0.43984375 0.14453125 0.0765625 0.0203125
0 0.528125 0.1390625 0.0546875 0.01875
0 0.56484375 0.1390625 0.015625 0.009375
0 0.62421875 0.1375 0.06875 0.0171875
0 0.74296875 0.1328125 0.1046875 0.015625
0 0.8625 0.13515625 0.075 0.025
0 0.14453125 0.1828125 0.0109375 0.015625
0 0.2109375 0.18046875 0.075 0.0140625
0 0.31328125 0.178125 0.065625 0.015625
0 0.465625 0.2828125 0.1328125 0.0265625
0 0.2375 0.32890625 0.11875 0.0234375
0 0.159375 0.415625 0.18125 0.028125
0 0.20625 0.46875 0.096875 0.015625
0 0.334375 0.49140625 0.075 0.01875
0 0.4203125 0.3703125 0.1078125 0.01875
0 0.53984375 0.36796875 0.0953125 0.015625
0 0.41484375 0.4015625 0.14375 0.021875
0 0.5546875 0.3953125 0.078125 0.01875
0 0.4765625 0.428125 0.08125 0.0203125
0 0.4640625 0.5109375 0.0921875 0.0140625
0 0.7109375 0.2953125 0.2046875 0.0234375
0 0.715625 0.384375 0.0515625 0.01875
0 0.83828125 0.3859375 0.159375 0.025
0 0.71171875 0.44765625 0.0765625 0.0171875
0 0.80390625 0.44609375 0.0828125 0.01875
0 0.6484375 0.48046875 0.1328125 0.0265625
0 0.6765625 0.515625 0.1484375 0.021875
0 0.17890625 0.9515625 0.1046875 0.021875