0 0.41640625 0.03203125 0.1421875 0.053125
0 0.52421875 0.03515625 0.0703125 0.03125
0 0.62734375 0.040625 0.090625 0.0546875
0 0.22734375 0.0765625 0.140625 0.053125
0 0.43125 0.071875 0.109375 0.0515625
0 0.5453125 0.0734375 0.0734375 0.040625
0 0.6546875 0.0796875 0.11875 0.0375
0 0.20625 0.15859375 0.1328125 0.046875
0 0.3125 0.15859375 0.0296875 0.009375
0 0.3890625 0.1578125 0.0546875 0.0359375
0 0.18828125 0.21484375 0.0953125 0.040625
0 0.28125 0.2140625 0.0890625 0.040625
0 0.340625 0.21875 0.025 0.009375
0 0.50703125 0.2171875 0.24375 0.0625
0 0.20546875 0.278125 0.16875 0.053125
0 0.34921875 0.278125 0.103125 0.0375
0 0.49375 0.28359375 0.1515625 0.0453125
0 0.61953125 0.27734375 0.0484375 0.046875
0 0.20390625 0.3390625 0.1609375 0.0484375
0 0.41875 0.35234375 0.20625 0.05
0 0.55 0.3578125 0.025 0.0078125
0 0.63046875 0.36015625 0.0921875 0.0390625
0 0.73125 0.359375 0.1203125 0.05
0 0.1953125 0.39921875 0.1640625 0.046875
0 0.37578125 0.40703125 0.125 0.0421875
0 0.49140625 0.41171875 0.0265625 0.009375
0 0.53671875 0.41328125 0.0390625 0.0328125
0 0.2625 0.46484375 0.296875 0.059375
0 0.44375 0.47265625 0.0390625 0.0109375
0 0.49921875 0.47578125 0.0390625 0.0328125
0 0.20078125 0.52421875 0.171875 0.040625
0 0.3640625 0.52890625 0.1109375 0.0421875
0 0.5046875 0.53203125 0.1375 0.0484375
0 0.6046875 0.5328125 0.025 0.0109375
0 0.64453125 0.52890625 0.040625 0.0390625
0 0.19140625 0.57734375 0.1796875 0.0453125
0 0.31796875 0.58984375 0.0296875 0.009375
0 0.39140625 0.58203125 0.040625 0.0421875
0 0.18515625 0.6375 0.146875 0.04375
0 0.3046875 0.6484375 0.025 0.0109375
0 0.4015625 0.640625 0.1078125 0.05
0 0.49765625 0.64375 0.1015625 0.0453125
0 0.19921875 0.7 0.178125 0.0609375
0 0.39375 0.7 0.1265625 0.04375
0 0.54296875 0.70234375 0.109375 0.04375
0 0.65 0.7078125 0.0265625 0.0109375
0 0.72109375 0.7078125 0.1125 0.0359375
0 0.8203125 0.709375 0.10625 0.0515625