0 0.0796875 0.121875 0.0328125 0.0171875
0 0.0890625 0.15390625 0.0484375 0.0203125
0 0.096875 0.18359375 0.0421875 0.0328125
0 0.16796875 0.19453125 0.0640625 0.03125
0 0.23203125 0.1890625 0.0703125 0.0296875
0 0.30546875 0.184375 0.0828125 0.0453125
0 0.471875 0.14765625 0.203125 0.059375
0 0.70546875 0.109375 0.2125 0.0640625
0 0.196875 0.23203125 0.0703125 0.0375
0 0.32578125 0.2140625 0.1296875 0.05625
0 0.21328125 0.309375 0.1015625 0.05
0 0.36484375 0.28046875 0.1203125 0.05
0 0.55078125 0.2609375 0.209375 0.0734375
0 0.41640625 0.375 0.1640625 0.0765625
0 0.75859375 0.3375 0.2234375 0.0625
0 0.4265625 0.40859375 0.0734375 0.0375
0 0.25546875 0.46015625 0.0609375 0.0484375
0 0.30625 0.45390625 0.0171875 0.0078125
0 0.4 0.44609375 0.1515625 0.046875
0 0.66640625 0.40859375 0.0421875 0.0625
0 0.79140625 0.39921875 0.1671875 0.0609375
0 0.36796875 0.484375 0.0984375 0.040625
0 0.8328125 0.46484375 0.0890625 0.13125
0 0.359375 0.509375 0.0640625 0.0296875
0 0.15625 0.61171875 0.1203125 0.2203125
0 0.2828125 0.5421875 0.1046875 0.046875
0 0.59921875 0.49375 0.1421875 0.05
0 0.38984375 0.578125 0.1046875 0.0484375
0 0.740625 0.5703125 0.1703125 0.0671875
0 0.33046875 0.684375 0.1203125 0.06875
0 0.4609375 0.67578125 0.1625 0.0515625
0 0.696875 0.63125 0.115625 0.090625
0 0.84296875 0.62734375 0.1765625 0.078125
0 0.6609375 0.7015625 0.1609375 0.0609375
0 0.30546875 0.78984375 0.140625 0.05625
0 0.4125 0.8359375 0.065625 0.0453125
0 0.53984375 0.81640625 0.1390625 0.065625