0 0.03359375 0.19765625 0.0671875 0.0765625
0 0.12578125 0.2 0.0515625 0.1
0 0.28828125 0.16484375 0.18125 0.1203125
0 0.07109375 0.2875 0.040625 0.0828125
0 0.19453125 0.2890625 0.15625 0.09375
0 0.334375 0.31015625 0.0765625 0.10625
0 0.43125 0.275 0.0546875 0.071875
0 0.540625 0.27890625 0.1265625 0.11875
0 0.6625 0.26171875 0.0609375 0.0578125
0 0.74140625 0.26171875 0.0546875 0.0578125
0 0.8671875 0.265625 0.1828125 0.115625
0 0.94296875 0.3515625 0.08125 0.09375
0 0.87578125 0.36640625 0.0484375 0.1203125
0 0.7859375 0.35546875 0.1140625 0.078125
0 0.7015625 0.36875 0.034375 0.059375
0 0.6296875 0.3625 0.1125 0.128125
0 0.503125 0.40546875 0.1203125 0.1109375
0 0.38359375 0.39453125 0.1015625 0.0625
0 0.2984375 0.403125 0.05625 0.0671875
0 0.2109375 0.384375 0.096875 0.103125
0 0.0671875 0.40390625 0.134375 0.0828125
0 0.02578125 0.5203125 0.0515625 0.0765625
0 0.128125 0.509375 0.096875 0.0875
0 0.240625 0.53125 0.0953125 0.1875
0 0.36015625 0.50859375 0.134375 0.1359375
0 0.47578125 0.4890625 0.040625 0.075
0 0.52890625 0.4859375 0.05625 0.0703125
0 0.60078125 0.4859375 0.065625 0.0765625
0 0.678125 0.471875 0.0546875 0.075
0 0.75390625 0.4828125 0.1203125 0.128125
0 0.84453125 0.4640625 0.04375 0.065625
0 0.90625 0.45859375 0.0515625 0.0671875
0 0.94765625 0.57890625 0.1015625 0.0921875
0 0.85234375 0.58359375 0.090625 0.1359375
0 0.76640625 0.5765625 0.03125 0.0625
0 0.6734375 0.54375 0.078125 0.0734375
0 0.534375 0.5640625 0.1609375 0.10625
0 0.4109375 0.56171875 0.04375 0.0546875
0 0.3078125 0.5796875 0.1359375 0.1046875
0 0.10546875 0.6453125 0.19375 0.125
0 0.05859375 0.75234375 0.0640625 0.0609375
0 0.1765625 0.73828125 0.1359375 0.0890625
0 0.30625 0.72265625 0.090625 0.0875
0 0.4359375 0.728125 0.1265625 0.0953125
0 0.55078125 0.709375 0.05625 0.0625
0 0.67890625 0.69296875 0.15625 0.0890625
0 0.8359375 0.675 0.1546875 0.0875
0 0.959375 0.67265625 0.08125 0.0734375
0 0.97265625 0.78515625 0.0546875 0.0828125
0 0.90859375 0.8015625 0.0765625 0.0765625
0 0.759375 0.80859375 0.171875 0.109375
0 0.63046875 0.80859375 0.05 0.0625
0 0.571875 0.81328125 0.0734375 0.071875
0 0.4984375 0.82890625 0.08125 0.0828125
0 0.3640625 0.85390625 0.175 0.109375
0 0.24375 0.84375 0.04375 0.0875
0 0.171875 0.84375 0.071875 0.0703125
0 0.07890625 0.8515625 0.096875 0.0828125
0 0.08515625 0.9734375 0.0796875 0.053125
0 0.215625 0.94140625 0.15625 0.1171875
0 0.3484375 0.93359375 0.075 0.0875
0 0.475 0.9390625 0.1578125 0.1078125
0 0.6125 0.93046875 0.04375 0.05625
0 0.72265625 0.92421875 0.15 0.115625