0 0.18203125 0.03515625 0.2015625 0.0703125
0 0.446875 0.075 0.309375 0.15
0 0.58125 0.15390625 0.2078125 0.1015625
0 0.76171875 0.22265625 0.103125 0.0875
0 0.9328125 0.215625 0.134375 0.08125
0 0.11875 0.19296875 0.11875 0.084375
0 0.3 0.203125 0.1921875 0.090625
0 0.484375 0.2625 0.1765625 0.1265625
0 0.68046875 0.31953125 0.146875 0.109375
0 0.89375 0.3203125 0.2125 0.125
0 0.26328125 0.31328125 0.3265625 0.1734375
0 0.5 0.3421875 0.090625 0.0765625
0 0.67890625 0.3875 0.1515625 0.0640625
0 0.89453125 0.440625 0.2109375 0.159375
0 0.1390625 0.371875 0.11875 0.08125
0 0.346875 0.41484375 0.175 0.1359375
0 0.490625 0.42734375 0.0515625 0.065625
0 0.69453125 0.47421875 0.35 0.1421875
0 0.95390625 0.52109375 0.0921875 0.0921875
0 0.06875 0.46171875 0.075 0.05
0 0.21328125 0.50390625 0.1875 0.1359375
0 0.58359375 0.56796875 0.11875 0.059375
0 0.72109375 0.60859375 0.1375 0.084375
0 0.896875 0.62265625 0.18125 0.0984375
0 0.12578125 0.5640625 0.1640625 0.09375
0 0.2875 0.61875 0.1140625 0.090625
0 0.534375 0.6296875 0.2609375 0.121875
0 0.7109375 0.67578125 0.1171875 0.0671875
0 0.8734375 0.69609375 0.1875 0.096875
0 0.07890625 0.6421875 0.125 0.059375
0 0.25078125 0.68828125 0.121875 0.0546875
0 0.39765625 0.7203125 0.06875 0.0375
0 0.534375 0.7234375 0.11875 0.071875
0 0.678125 0.78515625 0.1625 0.109375
0 0.7703125 0.78515625 0.0296875 0.028125
0 0.875 0.79453125 0.171875 0.15
0 0.06328125 0.73125 0.1265625 0.0875
0 0.29453125 0.7609375 0.2578125 0.10625
0 0.553125 0.8140625 0.190625 0.096875
0 0.7203125 0.846875 0.1015625 0.065625
0 0.859375 0.89765625 0.15 0.0875
0 0.04375 0.7921875 0.0875 0.0625
0 0.18203125 0.8078125 0.1265625 0.075
0 0.33046875 0.85390625 0.1109375 0.053125
0 0.5953125 0.90859375 0.3640625 0.1734375
0 0.80234375 0.946875 0.065625 0.0375
0 0.8765625 0.97109375 0.0859375 0.05625
0 0.02265625 0.88359375 0.0453125 0.0703125
0 0.16875 0.89453125 0.1578125 0.0828125
0 0.36796875 0.95390625 0.140625 0.08125
0 0.46875 0.98828125 0.040625 0.0234375
0 0.64609375 0.96328125 0.3171875 0.0734375
0 0.43125 0.52421875 0.15625 0.09375