0 0.08984375 0.22109375 0.1796875 0.0984375
0 0.2640625 0.228125 0.24375 0.08125
0 0.21328125 0.296875 0.1359375 0.0703125
0 0.4078125 0.25625 0.1703125 0.071875
0 0.68203125 0.19921875 0.265625 0.09375
0 0.18828125 0.36328125 0.1515625 0.0671875
0 0.3953125 0.32578125 0.196875 0.0890625
0 0.7015625 0.25078125 0.2515625 0.09375
0 0.22578125 0.4234375 0.2265625 0.075
0 0.44296875 0.37265625 0.1890625 0.084375
0 0.2265625 0.48125 0.20625 0.0796875
0 0.41484375 0.4359375 0.153125 0.0734375
0 0.7046875 0.375 0.2328125 0.0875
0 0.24375 0.53671875 0.153125 0.0625
0 0.4421875 0.4984375 0.1765625 0.06875
0 0.71328125 0.31015625 0.278125 0.0953125
0 0.83984375 0.27265625 0.090625 0.0484375
0 0.69921875 0.43515625 0.240625 0.090625
0 0.25234375 0.596875 0.128125 0.0609375
0 0.43125 0.565625 0.1734375 0.0578125
0 0.703125 0.49609375 0.2015625 0.0828125
0 0.09140625 0.7015625 0.103125 0.0546875
0 0.26875 0.65859375 0.146875 0.0640625
0 0.46796875 0.621875 0.190625 0.065625
0 0.7359375 0.55390625 0.240625 0.0859375
0 0.08046875 0.771875 0.0765625 0.06875
0 0.2796875 0.71953125 0.190625 0.0734375
0 0.49765625 0.6765625 0.184375 0.0640625
0 0.778125 0.6140625 0.2625 0.115625
0 0.07890625 0.83125 0.04375 0.034375