0 0.2171875 0.62265625 0.1953125 0.08125
0 0.3328125 0.55 0.1625 0.084375
0 0.196875 0.4515625 0.171875 0.0671875
0 0.17578125 0.68359375 0.165625 0.0765625
0 0.23984375 0.3546875 0.1640625 0.0640625
0 0.609375 0.24140625 0.16875 0.065625
0 0.821875 0.19140625 0.1328125 0.05625
0 0.90546875 0.38828125 0.1234375 0.0546875
0 0.48203125 0.51484375 0.11875 0.0578125
0 0.63828125 0.48203125 0.1515625 0.0640625
0 0.81015625 0.496875 0.1125 0.053125
0 0.7828125 0.4078125 0.09375 0.0515625
0 0.51953125 0.4671875 0.1078125 0.046875
0 0.08359375 0.2984375 0.11875 0.053125
0 0.52109375 0.55625 0.1015625 0.0453125
0 0.4640625 0.2671875 0.1359375 0.05
0 0.71484375 0.0953125 0.1421875 0.0671875
0 0.2609375 0.51953125 0.1125 0.0515625
0 0.62890625 0.1875 0.3 0.0921875
0 0.08515625 0.47265625 0.071875 0.046875
0 0.50546875 0.30078125 0.1421875 0.053125
0 0.921875 0.42734375 0.1140625 0.053125
0 0.659375 0.43671875 0.1140625 0.04375
0 0.20859375 0.23828125 0.11875 0.04375
0 0.425 0.23671875 0.1171875 0.05
0 0.55859375 0.1625 0.10625 0.04375
0 0.41875 0.57578125 0.084375 0.040625
0 0.80234375 0.23671875 0.13125 0.046875
0 0.9078125 0.246875 0.0984375 0.0421875
0 0.159375 0.54453125 0.08125 0.0421875
0 0.3796875 0.32578125 0.0921875 0.04375
0 0.3671875 0.50234375 0.08125 0.0421875
0 0.07265625 0.38984375 0.0640625 0.034375
0 0.10546875 0.21328125 0.103125 0.0453125
0 0.28671875 0.65859375 0.0625 0.0453125
0 0.3328125 0.25078125 0.0765625 0.0390625
0 0.40703125 0.15546875 0.0984375 0.0453125
0 0.90078125 0.21875 0.0875 0.0375
0 0.9046875 0.47734375 0.065625 0.0390625
0 0.23515625 0.2703125 0.0921875 0.0390625
0 0.60234375 0.1140625 0.08125 0.05
0 0.06484375 0.3453125 0.0734375 0.04375
0 0.2046875 0.57890625 0.0703125 0.0390625
0 0.853125 0.109375 0.065625 0.0421875
0 0.23984375 0.31484375 0.0640625 0.034375
0 0.63125 0.27421875 0.084375 0.0390625
0 0.15546875 0.33515625 0.0984375 0.05
0 0.35625 0.60078125 0.0546875 0.0546875
0 0.0484375 0.2671875 0.06875 0.034375
0 0.4328125 0.4890625 0.0640625 0.034375
0 0.81796875 0.44296875 0.0609375 0.0328125
0 0.65078125 0.5328125 0.0671875 0.0375
0 0.71796875 0.51875 0.0515625 0.040625
0 0.2421875 0.1890625 0.0859375 0.040625
0 0.53203125 0.1296875 0.06875 0.0375
0 0.41875 0.19609375 0.1671875 0.0640625
0 0.11015625 0.653125 0.0421875 0.0375
0 0.3046875 0.2203125 0.0578125 0.0328125
0 0.3015625 0.30078125 0.0625 0.034375
0 0.11015625 0.25390625 0.059375 0.028125
0 0.70625 0.134375 0.078125 0.0359375
0 0.7390625 0.459375 0.046875 0.03125
0 0.31875 0.16875 0.06875 0.0359375
0 0.11171875 0.60625 0.053125 0.0328125
0 0.7875 0.11484375 0.075 0.0359375
0 0.72734375 0.2171875 0.059375 0.0375
0 0.37421875 0.284375 0.046875 0.028125
0 0.15625 0.59453125 0.04375 0.0390625
0 0.60390625 0.5421875 0.04375 0.05
0 0.85234375 0.059375 0.034375 0.0296875
0 0.6390625 0.1453125 0.0390625 0.0328125
0 0.17109375 0.2859375 0.0484375 0.03125
0 0.81640625 0.06875 0.0375 0.03125
0 0.184375 0.203125 0.0375 0.03125
0 0.72109375 0.2515625 0.0375 0.0328125
0 0.13046875 0.38046875 0.0328125 0.021875
0 0.465625 0.13359375 0.0296875 0.0234375
0 0.68203125 0.25546875 0.0390625 0.0265625
0 0.78203125 0.06953125 0.021875 0.0171875
0 0.85390625 0.1484375 0.1125 0.05625
0 0.56875 0.071875 0.0546875 0.028125
0 0.72265625 0.03828125 0.053125 0.0234375