0 0.0140625 0.11484375 0.028125 0.0234375
0 0.04921875 0.10859375 0.04375 0.0265625
0 0.09921875 0.09765625 0.053125 0.0296875
0 0.159375 0.08515625 0.0640625 0.03125
0 0.24453125 0.0703125 0.1078125 0.040625
0 0.32734375 0.05 0.0578125 0.03125
0 0.4109375 0.03125 0.1140625 0.046875
0 0.48046875 0.01484375 0.025 0.021875
0 0.51640625 0.009375 0.0421875 0.01875
0 0.57890625 0.00703125 0.0796875 0.0140625
0 0.02578125 0.1703125 0.0515625 0.03125
0 0.0640625 0.1640625 0.0265625 0.0234375
0 0.121875 0.15234375 0.0890625 0.040625
0 0.2328125 0.128125 0.1390625 0.0515625
0 0.31640625 0.10859375 0.0234375 0.0234375
0 0.38203125 0.0953125 0.06875 0.0375
0 0.45390625 0.07890625 0.0796875 0.0359375
0 0.33671875 0.10625 0.01875 0.01875
0 0.07109375 0.2109375 0.0859375 0.0421875
0 0.1359375 0.19453125 0.046875 0.028125
0 0.2203125 0.17734375 0.1265625 0.04375
0 0.01953125 0.26171875 0.0390625 0.0421875
0 0.0859375 0.24453125 0.065625 0.0484375
0 0.171875 0.234375 0.0671875 0.0328125
0 0.23828125 0.21640625 0.034375 0.028125
0 0.27890625 0.203125 0.034375 0.034375
0 0.32265625 0.19453125 0.0359375 0.03125
0 0.3796875 0.17734375 0.05 0.0484375
0 0.42578125 0.17421875 0.0328125 0.0203125
0 0.4703125 0.153125 0.0390625 0.0421875
0 0.534375 0.134375 0.075 0.0515625
0 0.609375 0.1234375 0.0421875 0.04375
0 0.68828125 0.11015625 0.096875 0.0578125
0 0.79609375 0.08671875 0.059375 0.0578125
0 0.03125 0.31953125 0.0625 0.0421875
0 0.11328125 0.303125 0.0703125 0.053125
0 0.19765625 0.278125 0.065625 0.05
0 0.2875 0.2640625 0.0609375 0.0421875
0 0.3921875 0.24453125 0.103125 0.0625
0 0.48828125 0.21796875 0.0671875 0.0484375
0 0.5515625 0.21015625 0.03125 0.025
0 0.60546875 0.18984375 0.0796875 0.05625
0 0.69453125 0.175 0.10625 0.0640625
0 0.79921875 0.15390625 0.0734375 0.0578125
0 0.8421875 0.13984375 0.046875 0.0421875
0 0.0515625 0.36328125 0.09375 0.05625
0 0.12421875 0.346875 0.034375 0.0453125
0 0.18359375 0.34375 0.053125 0.034375
0 0.25625 0.321875 0.053125 0.046875
0 0.353125 0.3015625 0.1046875 0.065625
0 0.44609375 0.2796875 0.053125 0.0484375
0 0.5234375 0.2640625 0.1 0.0625
0 0.6109375 0.25703125 0.0609375 0.0375
0 0.03359375 0.4328125 0.0375 0.0296875
0 0.1125 0.41484375 0.0671875 0.03125
0 0.17421875 0.40234375 0.0546875 0.028125
0 0.234375 0.39140625 0.059375 0.0328125
0 0.30234375 0.37578125 0.0796875 0.0359375
0 0.38359375 0.35703125 0.0796875 0.034375
0 0.44921875 0.3453125 0.0484375 0.025
0 0.553125 0.321875 0.15625 0.0515625
0 0.6484375 0.30078125 0.0296875 0.0234375
0 0.67109375 0.2984375 0.0140625 0.015625
0 0.7328125 0.284375 0.1015625 0.0421875
0 0.8515625 0.25859375 0.134375 0.0484375
0 0.9375 0.23984375 0.0375 0.021875
0 0.04140625 0.4859375 0.028125 0.0265625
0 0.10390625 0.46953125 0.053125 0.0375
0 0.25234375 0.43046875 0.1796875 0.071875
0 0.40546875 0.40234375 0.0703125 0.040625
0 0.53125 0.37578125 0.065625 0.0390625
0 0.6140625 0.35859375 0.03125 0.025
0 0.70859375 0.33671875 0.1015625 0.05625
0 0.81640625 0.303125 0.028125 0.0328125
0 0.1 0.525 0.0828125 0.04375
0 0.2015625 0.49609375 0.065625 0.0546875
0 0.28828125 0.48125 0.06875 0.0453125
0 0.06953125 0.58828125 0.034375 0.0296875
0 0.1140625 0.56796875 0.0609375 0.046875
0 0.2046875 0.55 0.0640625 0.0453125
0 0.3328125 0.52890625 0.1046875 0.04375
0 0.46015625 0.50234375 0.0421875 0.0375
0 0.55 0.471875 0.0328125 0.028125
0 0.62890625 0.45 0.0875 0.0609375
0 0.728125 0.4296875 0.040625 0.05
0 0.8109375 0.4203125 0.0359375 0.0265625
0 0.91953125 0.3890625 0.128125 0.0796875
0 0.11796875 0.61484375 0.1 0.0578125
0 0.203125 0.6 0.040625 0.0359375
0 0.3046875 0.575 0.1171875 0.0609375
0 0.41640625 0.55390625 0.0609375 0.046875
0 0.50703125 0.53046875 0.0671875 0.0515625
0 0.61015625 0.50546875 0.0984375 0.05625
0 0.70703125 0.49609375 0.11875 0.075
0 0.94140625 0.48046875 0.0421875 0.028125
0 0.98125 0.471875 0.0375 0.021875
0 0.12578125 0.71171875 0.0828125 0.0375
0 0.2109375 0.69140625 0.0875 0.034375
0 0.284375 0.675 0.059375 0.0265625
0 0.35078125 0.66015625 0.075 0.0359375
0 0.40859375 0.6453125 0.0390625 0.025
0 0.45234375 0.6359375 0.0453125 0.0265625
0 0.4890625 0.6296875 0.03125 0.0265625
0 0.52109375 0.621875 0.0375 0.0234375
0 0.58046875 0.6078125 0.0796875 0.034375
0 0.6515625 0.5921875 0.0625 0.0296875
0 0.72890625 0.575 0.0953125 0.0359375
0 0.79765625 0.56015625 0.0390625 0.0234375
0 0.84453125 0.553125 0.0515625 0.0328125
0 0.91328125 0.5375 0.090625 0.0390625
0 0.97421875 0.525 0.0515625 0.03125
0 0.14296875 0.73359375 0.1078125 0.0390625
0 0.2453125 0.7140625 0.096875 0.0359375
0 0.30625 0.696875 0.025 0.021875
0 0.3390625 0.6890625 0.0421875 0.025
0 0.41484375 0.6734375 0.1078125 0.0390625
0 0.4890625 0.6546875 0.040625 0.025
0 0.5421875 0.64375 0.0625 0.0296875
0 0.59453125 0.63046875 0.0421875 0.025
0 0.66015625 0.61640625 0.0875 0.0359375
0 0.14140625 0.77734375 0.084375 0.034375
0 0.2078125 0.7640625 0.0515625 0.0265625
0 0.27890625 0.74921875 0.090625 0.0390625
0 0.3796875 0.72421875 0.109375 0.040625
0 0.471875 0.703125 0.0765625 0.0328125
0 0.52578125 0.6921875 0.025 0.021875
0 0.55390625 0.68671875 0.028125 0.01875
0 0.615625 0.67109375 0.0890625 0.0328125
0 0.67421875 0.6578125 0.021875 0.01875
0 0.7296875 0.64609375 0.0828125 0.03125
0 0.8015625 0.63046875 0.05625 0.025
0 0.84609375 0.62109375 0.0296875 0.0171875
0 0.88125 0.61171875 0.0375 0.0234375
0 0.92734375 0.60078125 0.046875 0.025
0 0.9765625 0.5890625 0.046875 0.028125
0 0.12578125 0.834375 0.0265625 0.0265625
0 0.1796875 0.81640625 0.0828125 0.04375
0 0.31171875 0.79140625 0.06875 0.03125
0 0.41875 0.7578125 0.0859375 0.0609375
0 0.5109375 0.74375 0.0453125 0.025
0 0.59921875 0.72109375 0.0671875 0.034375
0 0.71328125 0.69453125 0.1125 0.06875
0 0.80859375 0.671875 0.034375 0.0328125
0 0.8875 0.65703125 0.059375 0.0515625
0 0.96953125 0.64140625 0.0609375 0.0359375
0 0.16328125 0.86796875 0.034375 0.0453125
0 0.2375 0.8484375 0.084375 0.05
0 0.36953125 0.82734375 0.09375 0.0578125
0 0.5046875 0.79453125 0.146875 0.075
0 0.6453125 0.75859375 0.0953125 0.0484375
0 0.74453125 0.7328125 0.05625 0.040625
0 0.83671875 0.709375 0.0984375 0.05625
0 0.946875 0.68203125 0.0859375 0.05
0 0.1515625 0.93046875 0.0359375 0.028125
0 0.21953125 0.90546875 0.10625 0.053125
0 0.33359375 0.8765625 0.0671875 0.0453125
0 0.4203125 0.8609375 0.0625 0.0578125
0 0.54609375 0.83125 0.165625 0.0734375
0 0.703125 0.79765625 0.1140625 0.071875
0 0.7953125 0.7671875 0.0671875 0.0546875
0 0.9234375 0.74765625 0.153125 0.0953125
0 0.2359375 0.9625 0.140625 0.0671875
0 0.99453125 0.81640625 0.0109375 0.0296875
0 0.40546875 0.99609375 0.0265625 0.0078125
0 0.4265625 0.996875 0.015625 0.00625
0 0.48359375 0.984375 0.0953125 0.03125
0 0.56796875 0.965625 0.071875 0.0328125
0 0.64453125 0.95078125 0.0765625 0.0359375
0 0.70546875 0.9375 0.0390625 0.025
0 0.75390625 0.9265625 0.0546875 0.0265625
0 0.828125 0.91015625 0.0921875 0.0359375
0 0.9109375 0.8921875 0.06875 0.03125