0 0.11484375 0.05703125 0.125 0.10625
0 0.22578125 0.06796875 0.03125 0.040625
0 0.32109375 0.0703125 0.128125 0.053125
0 0.46171875 0.08125 0.125 0.04375
0 0.55625 0.0921875 0.01875 0.021875
0 0.634375 0.08515625 0.078125 0.0359375
0 0.7078125 0.096875 0.0375 0.05
0 0.80234375 0.09375 0.1125 0.046875
0 0.88984375 0.08828125 0.0546875 0.028125
0 0.89375 0.14921875 0.0546875 0.028125
0 0.759375 0.1671875 0.15625 0.059375
0 0.628125 0.15078125 0.05 0.034375
0 0.5359375 0.15078125 0.06875 0.0328125
0 0.45234375 0.14453125 0.034375 0.034375
0 0.37578125 0.14375 0.06875 0.034375
0 0.29375 0.13359375 0.040625 0.028125
0 0.184375 0.12265625 0.1109375 0.0421875
0 0.07421875 0.10625 0.0578125 0.04375
0 0.15 0.2 0.209375 0.1078125
0 0.29453125 0.2109375 0.03125 0.028125
0 0.3625 0.20546875 0.0515625 0.0359375
0 0.49375 0.2375 0.11875 0.065625
0 0.45625 0.275 0.0375 0.040625
0 0.55 0.28203125 0.0953125 0.040625
0 0.675 0.2875 0.1171875 0.0640625
0 0.7734375 0.28359375 0.04375 0.0453125
0 0.85546875 0.28125 0.08125 0.046875
0 0.9390625 0.2859375 0.0625 0.0328125
0 0.16328125 0.25703125 0.121875 0.05
0 0.32890625 0.2734375 0.171875 0.0625
0 0.05859375 0.33125 0.075 0.103125
0 0.15390625 0.32734375 0.046875 0.0359375
0 0.234375 0.33359375 0.05625 0.040625
0 0.346875 0.36015625 0.103125 0.0828125
0 0.446875 0.34921875 0.04375 0.028125
0 0.52578125 0.34609375 0.046875 0.0359375
0 0.60859375 0.35 0.084375 0.0375
0 0.70859375 0.3671875 0.0671875 0.0703125
0 0.8015625 0.35078125 0.08125 0.0359375
0 0.903125 0.35078125 0.084375 0.0328125
0 0.95078125 0.41875 0.059375 0.0375
0 0.84375 0.43359375 0.15625 0.096875
0 0.73515625 0.42109375 0.0546875 0.028125
0 0.63515625 0.44453125 0.103125 0.0953125
0 0.5484375 0.440625 0.0703125 0.0640625
0 0.4578125 0.42578125 0.046875 0.06875
0 0.375 0.4203125 0.0859375 0.0625
0 0.25546875 0.40234375 0.09375 0.0421875
0 0.1328125 0.39296875 0.0828125 0.0484375
0 0.04375 0.4234375 0.0515625 0.096875
0 0.096875 0.46875 0.04375 0.05625
0 0.17734375 0.4703125 0.06875 0.040625
0 0.27265625 0.4734375 0.10625 0.040625
0 0.359375 0.4828125 0.028125 0.034375
0 0.45 0.478125 0.1125 0.0390625
0 0.5875 0.478125 0.140625 0.0453125
0 0.77421875 0.5 0.1890625 0.090625
0 0.8953125 0.48984375 0.04375 0.028125
0 0.9125 0.57578125 0.1125 0.0875
0 0.815625 0.553125 0.05 0.040625
0 0.7171875 0.55546875 0.1 0.0375
0 0.6125 0.559375 0.034375 0.053125
0 0.4796875 0.54609375 0.1734375 0.046875
0 0.346875 0.5546875 0.040625 0.053125
0 0.27578125 0.54765625 0.015625 0.021875
0 0.2078125 0.5453125 0.0359375 0.03125
0 0.0890625 0.53046875 0.1375 0.046875
0 0.121875 0.578125 0.128125 0.046875
0 0.10078125 0.62890625 0.159375 0.08125
0 0.24609375 0.61484375 0.028125 0.0296875
0 0.3234375 0.61796875 0.0625 0.0375
0 0.39921875 0.62109375 0.0375 0.0296875
0 0.46328125 0.625 0.01875 0.025
0 0.52734375 0.61640625 0.0484375 0.04375
0 0.5984375 0.63828125 0.0515625 0.0796875
0 0.6640625 0.61796875 0.028125 0.0484375
0 0.75546875 0.61875 0.121875 0.040625
0 0.8484375 0.62109375 0.0390625 0.0609375
0 0.93046875 0.61171875 0.0890625 0.053125
0 0.9 0.69375 0.0421875 0.025
0 0.80234375 0.6921875 0.11875 0.040625
0 0.703125 0.69140625 0.05625 0.04375
0 0.58046875 0.6859375 0.1421875 0.046875
0 0.4296875 0.68828125 0.1125 0.040625
0 0.30234375 0.68359375 0.10625 0.0515625
0 0.1859375 0.6890625 0.090625 0.034375
0 0.0640625 0.6828125 0.065625 0.040625
0 0.11171875 0.775 0.1296875 0.103125
0 0.21328125 0.75546875 0.0296875 0.034375
0 0.240625 0.72265625 0.04375 0.0421875
0 0.31484375 0.76015625 0.1453125 0.046875
0 0.48046875 0.7625 0.128125 0.0375
0 0.61875 0.7671875 0.103125 0.0578125
0 0.7359375 0.78046875 0.090625 0.0625
0 0.84921875 0.765625 0.084375 0.04375
0 0.93984375 0.76171875 0.06875 0.04375
0 0.94375 0.84375 0.034375 0.0484375
0 0.8875 0.846875 0.06875 0.0765625
0 0.8171875 0.83828125 0.046875 0.040625
0 0.73359375 0.834375 0.084375 0.09375
0 0.6171875 0.83203125 0.134375 0.040625
0 0.50625 0.83203125 0.034375 0.034375
0 0.403125 0.85 0.115625 0.0703125
0 0.2984375 0.834375 0.0421875 0.028125
0 0.21484375 0.83125 0.05625 0.0375
0 0.103125 0.8296875 0.1 0.0453125
0 0.0828125 0.90546875 0.0546875 0.05
0 0.1578125 0.92109375 0.0421875 0.05625
0 0.2390625 0.9109375 0.05 0.053125
0 0.3390625 0.93125 0.084375 0.0875
0 0.43203125 0.91640625 0.046875 0.0328125
0 0.49140625 0.90859375 0.021875 0.0234375
0 0.5859375 0.9015625 0.08125 0.05625
0 0.6859375 0.94609375 0.09375 0.10625
0 0.55390625 0.76484375 0.0125 0.009375