0 0.1078125 0.265625 0.0890625 0.034375
0 0.315625 0.21796875 0.15625 0.0515625
0 0.5703125 0.15546875 0.2359375 0.0703125
0 0.78125 0.0859375 0.125 0.05
0 0.78671875 0.1 0.09375 0.040625
0 0.77734375 0.11640625 0.0640625 0.028125
0 0.86328125 0.09453125 0.1 0.040625
0 0.82578125 0.11796875 0.0921875 0.0328125
0 0.66640625 0.19140625 0.2796875 0.0859375
0 0.6640625 0.21171875 0.0515625 0.025
0 0.71875 0.19609375 0.0328125 0.01875
0 0.771875 0.18359375 0.053125 0.025
0 0.84609375 0.1640625 0.05625 0.03125
0 0.68359375 0.22421875 0.046875 0.025
0 0.759375 0.20234375 0.071875 0.0296875
0 0.10390625 0.29375 0.0640625 0.0265625
0 0.10390625 0.315625 0.0734375 0.028125
0 0.09375 0.33125 0.034375 0.015625
0 0.1390625 0.31953125 0.0390625 0.0234375
0 0.13046875 0.3375 0.1046875 0.0359375
0 0.05546875 0.396875 0.084375 0.046875
0 0.134375 0.3765625 0.0578125 0.0296875
0 0.20703125 0.3671875 0.0703125 0.0375
0 0.29453125 0.3421875 0.096875 0.0453125
0 0.18046875 0.40078125 0.1265625 0.0546875
0 0.540625 0.31484375 0.165625 0.0578125
0 0.34453125 0.40859375 0.20625 0.06875
0 0.13671875 0.54609375 0.184375 0.06875
0 0.434375 0.478125 0.1640625 0.0609375
0 0.77109375 0.4015625 0.325 0.096875
0 0.090625 0.58046875 0.04375 0.021875
0 0.1640625 0.5640625 0.1 0.040625
0 0.23515625 0.54609375 0.0296875 0.01875
0 0.06796875 0.60078125 0.05 0.025
0 0.1828125 0.57265625 0.1625 0.0515625
0 0.43046875 0.50703125 0.11875 0.046875
0 0.5109375 0.4859375 0.034375 0.0203125
0 0.38671875 0.52734375 0.034375 0.0203125
0 0.4359375 0.51796875 0.0296875 0.01875
0 0.5140625 0.50703125 0.11875 0.059375
0 0.66640625 0.46484375 0.01875 0.015625
0 0.4 0.60703125 0.1359375 0.0609375
0 0.60546875 0.52578125 0.128125 0.084375
0 0.40546875 0.71484375 0.24375 0.0953125
0 0.6796875 0.66015625 0.2484375 0.0953125
0 0.48125 0.73984375 0.1859375 0.0671875
0 0.65859375 0.71015625 0.13125 0.065625
0 0.76015625 0.68359375 0.040625 0.0234375
0 0.9359375 0.6421875 0.1265625 0.046875
0 0.4578125 0.775 0.0734375 0.0359375
0 0.56875 0.7484375 0.0359375 0.028125
0 0.665625 0.7375 0.1203125 0.0546875
0 0.48046875 0.80859375 0.1515625 0.06875
0 0.5828125 0.77734375 0.0390625 0.028125
0 0.66484375 0.7625 0.1171875 0.0578125
0 0.81484375 0.728125 0.1359375 0.046875
0 0.52734375 0.759375 0.0390625 0.025
0 0.50078125 0.56640625 0.0125 0.0171875
0 0.36171875 0.5203125 0.021875 0.0171875
0 0.37578125 0.7546875 0.034375 0.0265625
0 0.3953125 0.7828125 0.0375 0.03125
0 0.39375 0.81640625 0.040625 0.0328125