0 0.128125 0.07265625 0.0703125 0.03125
0 0.171875 0.07109375 0.0078125 0.0265625
0 0.2046875 0.0703125 0.04375 0.0265625
0 0.27578125 0.0671875 0.0890625 0.028125
0 0.34296875 0.06328125 0.0296875 0.0265625
0 0.12734375 0.14609375 0.06875 0.053125
0 0.28984375 0.13828125 0.1859375 0.053125
0 0.15390625 0.24765625 0.0640625 0.025
0 0.19453125 0.24453125 0.0046875 0.0171875
0 0.221875 0.2421875 0.0375 0.01875
0 0.28671875 0.24296875 0.08125 0.025
0 0.3578125 0.23828125 0.0546875 0.021875
0 0.47265625 0.25390625 0.0796875 0.0421875
0 0.56328125 0.234375 0.075 0.075
0 0.64453125 0.2390625 0.025 0.0171875
0 0.73046875 0.24140625 0.1046875 0.090625
0 0.1859375 0.290625 0.1484375 0.0546875
0 0.1765625 0.3484375 0.1609375 0.05
0 0.33125 0.340625 0.0828125 0.046875
0 0.50390625 0.33984375 0.19375 0.0671875
0 0.65234375 0.32421875 0.05 0.0484375
0 0.76953125 0.315625 0.128125 0.05625
0 0.2109375 0.40078125 0.2125 0.0625
0 0.40546875 0.38203125 0.1296875 0.046875
0 0.65703125 0.38984375 0.26875 0.0640625
0 0.2359375 0.4421875 0.24375 0.0640625
0 0.20859375 0.57265625 0.2015625 0.0796875
0 0.1703125 0.6453125 0.1234375 0.0515625
0 0.3578125 0.64609375 0.2015625 0.0734375
0 0.5734375 0.63671875 0.1625 0.065625
0 0.68671875 0.62578125 0.0875 0.0578125
0 0.215625 0.69453125 0.221875 0.0453125
0 0.4390625 0.70390625 0.09375 0.0734375
0 0.61171875 0.69375 0.1578125 0.0796875
0 0.78984375 0.675 0.125 0.0546875
0 0.2328125 0.7734375 0.259375 0.0734375
0 0.5859375 0.75078125 0.3734375 0.10625
0 0.22890625 0.803125 0.2640625 0.0609375