0 0.0984375 0.1015625 0.0546875 0.025
0 0.18671875 0.0984375 0.090625 0.0234375
0 0.28515625 0.10390625 0.0578125 0.015625
0 0.3609375 0.1046875 0.05625 0.01875
0 0.47890625 0.10234375 0.1078125 0.0390625
0 0.61640625 0.090625 0.1296875 0.040625
0 0.728125 0.08515625 0.0484375 0.0234375
0 0.8015625 0.08671875 0.046875 0.0171875
0 0.88125 0.08984375 0.0484375 0.0234375
0 0.959375 0.11328125 0.08125 0.0453125
0 0.1984375 0.12578125 0.1078125 0.028125
0 0.3234375 0.12734375 0.0609375 0.021875
0 0.41484375 0.12734375 0.0828125 0.0296875
0 0.0953125 0.15703125 0.0765625 0.04375
0 0.225 0.1515625 0.09375 0.028125
0 0.35859375 0.1609375 0.13125 0.034375
0 0.5078125 0.15703125 0.10625 0.04375
0 0.603125 0.146875 0.0703125 0.0359375
0 0.2171875 0.17890625 0.0984375 0.03125
0 0.3515625 0.1875 0.134375 0.0375
0 0.49296875 0.184375 0.1171875 0.0375
0 0.59609375 0.18515625 0.05625 0.01875
0 0.66171875 0.17734375 0.0515625 0.0265625
0 0.80625 0.17890625 0.1796875 0.040625
0 0.21015625 0.2078125 0.0921875 0.0296875
0 0.35078125 0.2140625 0.1296875 0.0390625
0 0.56015625 0.2109375 0.2203125 0.0625
0 0.78203125 0.21015625 0.1703125 0.040625
0 0.20703125 0.2359375 0.09375 0.028125
0 0.34921875 0.2421875 0.1421875 0.040625
0 0.48984375 0.24453125 0.0828125 0.0265625
0 0.621875 0.24453125 0.1359375 0.05
0 0.81875 0.2453125 0.2078125 0.053125
0 0.2046875 0.26328125 0.0953125 0.0296875
0 0.346875 0.2703125 0.125 0.0328125
0 0.47109375 0.27109375 0.0640625 0.0234375
0 0.6375 0.27265625 0.178125 0.040625
0 0.21328125 0.28984375 0.1234375 0.03125
0 0.3625 0.29765625 0.1140625 0.028125
0 0.53203125 0.30703125 0.128125 0.034375
0 0.1953125 0.32109375 0.09375 0.0328125
0 0.32421875 0.32578125 0.0859375 0.028125
0 0.46875 0.3328125 0.125 0.028125
0 0.65859375 0.33046875 0.1828125 0.0484375
0 0.240625 0.353125 0.1984375 0.0515625
0 0.20703125 0.375 0.1171875 0.0296875
0 0.32421875 0.3796875 0.09375 0.025
0 0.20234375 0.40390625 0.1234375 0.03125
0 0.42265625 0.41953125 0.246875 0.053125
0 0.0515625 0.45625 0.059375 0.0265625
0 0.1390625 0.4578125 0.0953125 0.0265625
0 0.221875 0.4625 0.0328125 0.021875
0 0.28671875 0.46953125 0.065625 0.0234375
0 0.38671875 0.4765625 0.04375 0.0171875
0 0.50234375 0.48515625 0.1265625 0.0421875
0 0.61171875 0.48515625 0.0890625 0.0359375
0 0.03359375 0.48359375 0.0375 0.025
0 0.134375 0.48671875 0.0546875 0.0203125
0 0.23515625 0.4953125 0.1046875 0.034375
0 0.4234375 0.5078125 0.1890625 0.04375
0 0.56796875 0.5234375 0.034375 0.0296875
0 0.6359375 0.52109375 0.0671875 0.0203125
0 0.76953125 0.528125 0.1328125 0.03125
0 0.9015625 0.53828125 0.1 0.0296875
0 0.1859375 0.51953125 0.1390625 0.0390625
0 0.34921875 0.54140625 0.1328125 0.0515625
0 0.04140625 0.56953125 0.0703125 0.0328125
0 0.140625 0.57109375 0.10625 0.03125
0 0.22265625 0.5796875 0.03125 0.0234375
0 0.3859375 0.6 0.1859375 0.046875
0 0.53828125 0.60625 0.0765625 0.0265625
0 0.7015625 0.63046875 0.19375 0.0546875
0 0.0265625 0.596875 0.04375 0.025
0 0.13203125 0.60234375 0.046875 0.01875
0 0.21953125 0.60859375 0.05625 0.021875
0 0.35859375 0.61875 0.1453125 0.034375
0 0.4765625 0.6359375 0.03125 0.0265625
0 0.5671875 0.640625 0.084375 0.0296875
0 0.68828125 0.653125 0.1 0.028125
0 0.84453125 0.66640625 0.1546875 0.040625
0 0.13046875 0.6296875 0.0578125 0.021875
0 0.25703125 0.640625 0.1359375 0.0359375
0 0.41875 0.6671875 0.1109375 0.0515625
0 0.53515625 0.66875 0.075 0.028125
0 0.6765625 0.6828125 0.1265625 0.0328125
0 0.79140625 0.69296875 0.0515625 0.025
0 0.8484375 0.7015625 0.0515625 0.021875
0 0.9234375 0.70234375 0.0890625 0.0390625
0 0.96875 0.696875 0.0171875 0.028125
0 0.0328125 0.68671875 0.065625 0.0265625
0 0.1453125 0.69296875 0.1 0.025
0 0.25234375 0.703125 0.0640625 0.01875
0 0.3390625 0.7109375 0.0453125 0.0203125
0 0.50703125 0.73828125 0.2390625 0.0609375
0 0.01796875 0.71484375 0.0359375 0.0328125
0 0.1359375 0.72265625 0.05625 0.0234375
0 0.2140625 0.72734375 0.059375 0.0203125
0 0.3234375 0.740625 0.0765625 0.0234375
0 0.46484375 0.75625 0.1359375 0.0375
0 0.6046875 0.78125 0.04375 0.0375
0 0.71484375 0.7921875 0.14375 0.034375
0 0.87734375 0.80078125 0.109375 0.0296875
0 0.9484375 0.79609375 0.03125 0.025
0 0.1453125 0.74921875 0.078125 0.0296875
0 0.25 0.7609375 0.0625 0.0203125
0 0.3453125 0.7765625 0.0875 0.03125
0 0.44921875 0.79140625 0.0359375 0.0328125
0 0.5375 0.8 0.109375 0.034375
0 0.796875 0.8265625 0.2921875 0.0703125
0 0.14453125 0.7796875 0.1125 0.03125
0 0.28828125 0.79765625 0.06875 0.0234375
0 0.48203125 0.83046875 0.178125 0.0578125
0 0.6328125 0.85234375 0.0546875 0.0328125
0 0.71328125 0.859375 0.071875 0.0234375
0 0.80859375 0.86640625 0.0484375 0.0203125
0 0.9078125 0.86484375 0.121875 0.0421875
0 0.09609375 0.80859375 0.0640625 0.01875
0 0.23515625 0.82109375 0.11875 0.028125
0 0.3828125 0.8390625 0.08125 0.0234375