0 0.48828125 0.04453125 0.2765625 0.0890625
0 0.60546875 0.1125 0.33125 0.0984375
0 0.49609375 0.21953125 0.0734375 0.03125
0 0.59921875 0.2109375 0.1265625 0.028125
0 0.696875 0.20703125 0.0546875 0.028125
0 0.4703125 0.33828125 0.1703125 0.08125
0 0.659375 0.3296875 0.2265625 0.0765625
0 0.35 0.3984375 0.0796875 0.03125
0 0.4109375 0.39375 0.028125 0.021875
0 0.51875 0.3828125 0.0765625 0.0328125
0 0.665625 0.38984375 0.209375 0.0703125
0 0.340625 0.45625 0.0515625 0.0234375
0 0.4703125 0.45859375 0.15 0.0640625
0 0.590625 0.43671875 0.146875 0.0390625
0 0.77421875 0.4375 0.1921875 0.0671875
0 0.35625 0.51484375 0.0796875 0.0296875
0 0.415625 0.5109375 0.028125 0.021875
0 0.578125 0.5109375 0.1734375 0.065625
0 0.3390625 0.57734375 0.034375 0.01875
0 0.38515625 0.5734375 0.0421875 0.0296875
0 0.47578125 0.5546875 0.0953125 0.0484375
0 0.5625 0.5609375 0.0515625 0.03125
0 0.6046875 0.5578125 0.028125 0.0234375
0 0.8140625 0.5453125 0.03125 0.0234375
0 0.35234375 0.6375 0.0625 0.025
0 0.4453125 0.63125 0.115625 0.034375
0 0.525 0.62578125 0.04375 0.025
0 0.59765625 0.61484375 0.08125 0.05
0 0.6453125 0.61640625 0.05625 0.0328125
0 0.6890625 0.61484375 0.03125 0.0234375
0 0.73046875 0.625 0.1015625 0.075
0 0.8203125 0.60703125 0.0328125 0.021875
0 0.3421875 0.69765625 0.034375 0.0234375
0 0.48359375 0.67890625 0.1484375 0.04375
0 0.6546875 0.66796875 0.14375 0.05625
0 0.83515625 0.66484375 0.10625 0.0296875
0 0.34921875 0.75859375 0.0328125 0.021875
0 0.525 0.74296875 0.18125 0.0453125
0 0.359375 0.8203125 0.05 0.0328125
0 0.4546875 0.81484375 0.1421875 0.03125
0 0.62578125 0.8046875 0.16875 0.06875
0 0.79609375 0.80234375 0.1734375 0.0859375
0 0.53046875 0.87421875 0.0828125 0.028125
0 0.6140625 0.865625 0.090625 0.0328125
0 0.7359375 0.85234375 0.1375 0.046875
0 0.63203125 0.9265625 0.1296875 0.046875
0 0.79375 0.93125 0.190625 0.0734375
0 0.70546875 0.55625 0.1765625 0.05625
0 0.84609375 0.55078125 0.0390625 0.040625
0 0.85546875 0.6015625 0.05 0.03125
0 0.41015625 0.88046875 0.1484375 0.034375
0 0.8640625 0.86171875 0.0921875 0.065625