0 0.11328125 0.3625 0.1109375 0.0296875
0 0.25234375 0.3828125 0.1375 0.04375
0 0.41328125 0.390625 0.125 0.03125
0 0.51015625 0.39765625 0.0296875 0.0234375
0 0.55078125 0.4015625 0.028125 0.01875
0 0.653125 0.409375 0.1265625 0.0328125
0 0.7484375 0.415625 0.0296875 0.0203125
0 0.13203125 0.39296875 0.1484375 0.0328125
0 0.2765625 0.41015625 0.0921875 0.0359375
0 0.34609375 0.4078125 0.0203125 0.0078125
0 0.41796875 0.42109375 0.1 0.034375
0 0.52890625 0.42890625 0.065625 0.0265625
0 0.1234375 0.42578125 0.140625 0.040625
0 0.39765625 0.4421875 0.33125 0.0578125
0 0.578125 0.45625 0.015625 0.0078125
0 0.64453125 0.46484375 0.096875 0.028125
0 0.7390625 0.47265625 0.0625 0.021875
0 0.8578125 0.4875 0.1171875 0.0359375
0 0.1390625 0.4546875 0.1625 0.0328125
0 0.29375 0.46796875 0.10625 0.0265625
0 0.359375 0.4703125 0.0171875 0.0046875
0 0.42421875 0.478125 0.090625 0.025
0 0.5296875 0.484375 0.1 0.025
0 0.64453125 0.49453125 0.10625 0.028125
0 0.7671875 0.503125 0.1171875 0.0265625
0 0.9 0.5109375 0.109375 0.0328125
0 0.325 0.5578125 0.0984375 0.0375
0 0.4921875 0.56953125 0.1171875 0.0453125
0 0.59453125 0.57421875 0.05 0.021875
0 0.64375 0.58125 0.028125 0.0265625
0 0.75859375 0.59609375 0.078125 0.0359375
0 0.4578125 0.590625 0.1359375 0.03125
0 0.58203125 0.590625 0.0234375 0.0140625
0 0.6296875 0.60234375 0.0296875 0.01875
0 0.46171875 0.61640625 0.11875 0.0328125
0 0.5765625 0.6234375 0.0265625 0.0125
0 0.6296875 0.63046875 0.028125 0.01875