0 0.2484375 0.009375 0.096875 0.01875
0 0.28046875 0.034375 0.16875 0.059375
0 0.28515625 0.06875 0.1921875 0.0625
0 0.5953125 0.0546875 0.1140625 0.0453125
0 0.6046875 0.090625 0.1890625 0.053125
0 0.59375 0.1203125 0.184375 0.05625
0 0.3421875 0.16796875 0.315625 0.1421875
0 0.1890625 0.20546875 0.0328125 0.028125
0 0.23359375 0.21640625 0.025 0.021875
0 0.29921875 0.22421875 0.0640625 0.0390625
0 0.38671875 0.24765625 0.090625 0.040625
0 0.25390625 0.2796875 0.1234375 0.04375
0 0.33984375 0.29765625 0.00625 0.0125
0 0.446875 0.3078125 0.125 0.0484375
0 0.47578125 0.34765625 0.1984375 0.065625
0 0.51328125 0.3828125 0.3 0.075
0 0.13125 0.39609375 0.034375 0.040625
0 0.18046875 0.40078125 0.028125 0.021875
0 0.26171875 0.4046875 0.078125 0.04375
0 0.353125 0.421875 0.0734375 0.0359375
0 0.44375 0.43515625 0.096875 0.0421875
0 0.58671875 0.453125 0.1515625 0.05
0 0.28359375 0.4734375 0.14375 0.053125
0 0.37734375 0.5171875 0.346875 0.0875
0 0.40859375 0.55703125 0.440625 0.109375
0 0.1828125 0.57890625 0.10625 0.053125
0 0.334375 0.61015625 0.1328125 0.0546875
0 0.43046875 0.64765625 0.0421875 0.1
0 0.35546875 0.73046875 0.628125 0.140625
0 0.3953125 0.80625 0.7375 0.1703125
0 0.40546875 0.86328125 0.75 0.153125
0 0.06875 0.8984375 0.1375 0.0625
0 0.31875 0.940625 0.290625 0.1078125
0 0.58046875 0.953125 0.0875 0.0359375
0 0.678125 0.96640625 0.0953125 0.0421875
0 0.7640625 0.96484375 0.0734375 0.0375
0 0.609375 0.64140625 0.321875 0.0859375
0 0.6015625 0.67421875 0.3140625 0.0859375
0 0.59765625 0.6953125 0.3296875 0.0875
0 0.50078125 0.94765625 0.0375 0.021875
0 0.8671875 0.05703125 0.0265625 0.0125