0 0.50234375 0.00625 0.0546875 0.0125
0 0.621875 0.01796875 0.140625 0.0296875
0 0.8078125 0.04375 0.14375 0.03125
0 0.2109375 0.02265625 0.16875 0.0453125
0 0.3546875 0.0359375 0.0609375 0.0375
0 0.51171875 0.06875 0.1640625 0.0828125
0 0.60703125 0.08046875 0.0125 0.0140625
0 0.68828125 0.0828125 0.0953125 0.0484375
0 0.82421875 0.09921875 0.1453125 0.053125
0 0.19765625 0.09453125 0.146875 0.0859375
0 0.37890625 0.10546875 0.134375 0.0515625
0 0.51640625 0.1265625 0.084375 0.0390625
0 0.73984375 0.1703125 0.29375 0.1203125
0 0.19765625 0.153125 0.1890625 0.0765625
0 0.403125 0.1796875 0.134375 0.0640625
0 0.575 0.2046875 0.1484375 0.071875
0 0.69609375 0.23125 0.05 0.021875
0 0.83203125 0.2421875 0.1625 0.0703125
0 0.184375 0.23828125 0.184375 0.0671875
0 0.34375 0.26015625 0.0796875 0.046875
0 0.49375 0.28359375 0.1140625 0.053125
0 0.5625 0.30078125 0.0203125 0.0140625
0 0.6625 0.3046875 0.134375 0.0609375
0 0.80078125 0.3515625 0.1515625 0.090625
0 0.1375 0.31171875 0.0984375 0.0515625
0 0.2828125 0.33046875 0.128125 0.0640625
0 0.51015625 0.353125 0.2609375 0.0890625
0 0.753125 0.41015625 0.20625 0.1078125
0 0.1453125 0.38046875 0.171875 0.075
0 0.31484375 0.43046875 0.1734375 0.090625
0 0.59453125 0.440625 0.3421875 0.0984375
0 0.871875 0.490625 0.2015625 0.078125
0 0.1265625 0.45234375 0.15 0.0796875
0 0.2734375 0.47890625 0.0953125 0.0515625
0 0.484375 0.5203125 0.275 0.121875
0 0.76875 0.54375 0.2859375 0.09375
0 0.06015625 0.52578125 0.0828125 0.0515625
0 0.19453125 0.5453125 0.140625 0.0578125
0 0.425 0.5890625 0.23125 0.1015625
0 0.7484375 0.6375 0.321875 0.1328125
0 0.09140625 0.628125 0.1765625 0.1046875
0 0.25859375 0.63984375 0.1 0.065625
0 0.428125 0.67109375 0.14375 0.0625
0 0.5734375 0.709375 0.128125 0.0875
0 0.71953125 0.7015625 0.0828125 0.05
0 0.884375 0.73359375 0.1734375 0.06875
0 0.078125 0.69609375 0.15625 0.0921875
0 0.28671875 0.728125 0.175 0.0734375
0 0.47734375 0.7796875 0.1578125 0.096875
0 0.65078125 0.778125 0.1359375 0.0703125
0 0.840625 0.8046875 0.1421875 0.078125
0 0.0796875 0.80546875 0.159375 0.0796875
0 0.29453125 0.8453125 0.159375 0.0984375
0 0.571875 0.86015625 0.3109375 0.0921875
0 0.75546875 0.8890625 0.0421875 0.059375
0 0.86484375 0.9125 0.1640625 0.065625
0 0.05234375 0.87265625 0.1046875 0.0515625
0 0.23125 0.90703125 0.203125 0.075
0 0.4953125 0.94453125 0.1921875 0.0734375
0 0.77421875 0.96171875 0.3015625 0.0765625