0 0.2625 0.240625 0.1328125 0.0640625
0 0.7875 0.3046875 0.1796875 0.1078125
0 0.24609375 0.35390625 0.140625 0.08125
0 0.4578125 0.415625 0.26875 0.08125
0 0.65859375 0.45625 0.06875 0.0546875
0 0.7609375 0.4625 0.06875 0.0421875
0 0.8515625 0.478125 0.084375 0.053125
0 0.20625 0.4234375 0.071875 0.0484375
0 0.321875 0.45 0.115625 0.046875
0 0.44296875 0.4765625 0.0828125 0.065625
0 0.5828125 0.5125 0.1 0.0546875
0 0.6734375 0.51796875 0.0203125 0.0359375
0 0.7375 0.534375 0.0671875 0.053125
0 0.8234375 0.53046875 0.0703125 0.0640625
0 0.2359375 0.5046875 0.171875 0.0828125
0 0.4234375 0.5296875 0.1453125 0.071875
0 0.571875 0.571875 0.1140625 0.05625
0 0.7328125 0.60625 0.1984375 0.1
0 0.22578125 0.56796875 0.1609375 0.1109375
0 0.36875 0.6046875 0.084375 0.05
0 0.5984375 0.63828125 0.365625 0.146875
0 0.87421875 0.68515625 0.140625 0.0671875
0 0.2796875 0.65 0.271875 0.1046875
0 0.58671875 0.84921875 0.14375 0.115625
0 0.128125 0.8796875 0.1015625 0.0671875
0 0.69296875 0.52109375 0.015625 0.0125