0 0.87109375 0.10234375 0.0640625 0.0328125
0 0.91171875 0.11171875 0.0203125 0.021875
0 0.93984375 0.11953125 0.0375 0.025
0 0.878125 0.12578125 0.1515625 0.071875
0 0.87890625 0.14609375 0.025 0.021875
0 0.9046875 0.15234375 0.0328125 0.0234375
0 0.86953125 0.1671875 0.1609375 0.0765625
0 0.28359375 0.02109375 0.0984375 0.0421875
0 0.3671875 0.02734375 0.0625 0.05
0 0.45234375 0.04921875 0.1125 0.059375
0 0.54140625 0.071875 0.0359375 0.0328125
0 0.63046875 0.09296875 0.1265625 0.0578125
0 0.73359375 0.1140625 0.071875 0.0484375
0 0.24296875 0.04296875 0.1046875 0.065625
0 0.3203125 0.06953125 0.05625 0.0390625
0 0.40625 0.0921875 0.0875 0.0609375
0 0.4859375 0.10859375 0.09375 0.0453125
0 0.58515625 0.128125 0.0921875 0.0546875
0 0.66484375 0.1484375 0.0390625 0.0390625
0 0.76328125 0.175 0.1515625 0.059375
0 0.2359375 0.1203125 0.1140625 0.1015625
0 0.38046875 0.13984375 0.146875 0.0765625
0 0.4921875 0.15859375 0.053125 0.040625
0 0.56328125 0.1765625 0.053125 0.0421875
0 0.6546875 0.19921875 0.096875 0.04375
0 0.7484375 0.221875 0.0546875 0.0375
0 0.8765625 0.259375 0.1921875 0.0828125
0 0.19296875 0.13671875 0.034375 0.034375
0 0.29921875 0.165625 0.1390625 0.0578125
0 0.3921875 0.196875 0.059375 0.046875
0 0.4953125 0.2109375 0.1203125 0.0578125
0 0.27734375 0.21484375 0.1390625 0.09375
0 0.38515625 0.2328125 0.05 0.040625
0 0.49296875 0.2578125 0.11875 0.0578125
0 0.1515625 0.2234375 0.053125 0.0609375
0 0.25625 0.24921875 0.1671875 0.071875
0 0.36953125 0.28046875 0.0359375 0.028125
0 0.49921875 0.32265625 0.196875 0.1078125
0 0.6953125 0.35546875 0.1921875 0.075
0 0.1453125 0.278125 0.0671875 0.06875
0 0.23984375 0.29453125 0.1328125 0.065625
0 0.34140625 0.32421875 0.0359375 0.03125
0 0.46953125 0.3484375 0.1828125 0.071875
0 0.61015625 0.39921875 0.0875 0.0625
0 0.13671875 0.321875 0.0625 0.053125
0 0.25546875 0.34765625 0.1484375 0.0640625
0 0.36171875 0.375 0.0375 0.0359375
0 0.503125 0.40390625 0.1921875 0.0734375
0 0.67109375 0.446875 0.1203125 0.053125
0 0.78515625 0.47109375 0.0828125 0.0515625
0 0.90546875 0.51796875 0.1765625 0.1234375
0 0.13359375 0.3703125 0.0546875 0.0609375
0 0.2203125 0.38984375 0.1171875 0.0609375
0 0.3203125 0.41796875 0.0390625 0.03125
0 0.44921875 0.45546875 0.209375 0.1078125
0 0.11953125 0.41875 0.05 0.0546875
0 0.20390625 0.46015625 0.1625 0.090625
0 0.4296875 0.5078125 0.2625 0.11875
0 0.64921875 0.54140625 0.1484375 0.065625
0 0.11796875 0.46640625 0.0609375 0.0640625
0 0.240625 0.496875 0.2 0.0828125
0 0.4015625 0.53203125 0.0921875 0.0546875
0 0.540625 0.5765625 0.1734375 0.0890625
0 0.6828125 0.6390625 0.1296875 0.1171875
0 0.81171875 0.62890625 0.115625 0.065625
0 0.1484375 0.5921875 0.153125 0.1109375
0 0.346875 0.61328125 0.1859375 0.08125
0 0.5078125 0.6609375 0.1140625 0.05
0 0.059375 0.61015625 0.0421875 0.0578125
0 0.115625 0.621875 0.096875 0.08125
0 0.246875 0.65546875 0.11875 0.0765625
0 0.6234375 0.72890625 0.1734375 0.0796875
0 0.79375 0.77265625 0.1328125 0.0578125
0 0.046875 0.659375 0.05 0.0515625
0 0.13125 0.67421875 0.1125 0.05
0 0.25546875 0.6984375 0.0828125 0.053125
0 0.37578125 0.72109375 0.153125 0.078125
0 0.03671875 0.7015625 0.0609375 0.059375
0 0.1328125 0.728125 0.1625 0.0921875
0 0.309375 0.76484375 0.1734375 0.078125
0 0.0296875 0.75390625 0.0484375 0.05625
0 0.11875 0.7671875 0.11875 0.06875
0 0.2828125 0.8 0.1734375 0.078125
0 0.39140625 0.83203125 0.040625 0.034375