0 0.36875 0.0203125 0.1375 0.040625
0 0.465625 0.0390625 0.0578125 0.0390625
0 0.50078125 0.04921875 0.015625 0.0109375
0 0.57734375 0.06484375 0.153125 0.0859375
0 0.6609375 0.09140625 0.0171875 0.0125
0 0.73984375 0.11171875 0.1375 0.0875
0 0.81953125 0.12578125 0.0328125 0.034375
0 0.89609375 0.14375 0.1203125 0.071875
0 0.25234375 0.01953125 0.0953125 0.0390625
0 0.34609375 0.04921875 0.078125 0.040625
0 0.4140625 0.0703125 0.0453125 0.0328125
0 0.2125 0.0484375 0.065625 0.0484375
0 0.5015625 0.13671875 0.0765625 0.0546875
0 0.7453125 0.20078125 0.0796875 0.0546875
0 0.21328125 0.09140625 0.0296875 0.028125
0 0.5 0.18671875 0.03125 0.0328125
0 0.7453125 0.2515625 0.0359375 0.0296875
0 0.19453125 0.13828125 0.0328125 0.0359375
0 0.48125 0.23203125 0.03125 0.0328125
0 0.73125 0.29765625 0.0375 0.034375
0 0.17734375 0.19296875 0.0390625 0.0390625
0 0.46796875 0.2765625 0.0359375 0.0375
0 0.715625 0.34609375 0.0390625 0.034375
0 0.1625 0.23515625 0.0375 0.0375
0 0.45 0.32421875 0.0359375 0.0359375
0 0.71015625 0.396875 0.0484375 0.0375
0 0.1453125 0.28125 0.034375 0.0421875
0 0.434375 0.3703125 0.0375 0.0359375
0 0.69296875 0.44375 0.0453125 0.0375
0 0.1328125 0.32890625 0.028125 0.034375
0 0.42109375 0.41875 0.0421875 0.04375
0 0.68671875 0.49453125 0.046875 0.0375
0 0.10859375 0.3828125 0.0421875 0.0453125
0 0.4 0.47109375 0.0390625 0.0390625
0 0.434375 0.4578125 0.028125 0.034375
0 0.4859375 0.48359375 0.065625 0.0625
0 0.5421875 0.50546875 0.059375 0.05
0 0.60390625 0.51328125 0.03125 0.046875
0 0.6796875 0.5453125 0.053125 0.0421875
0 0.721875 0.56015625 0.034375 0.0296875
0 0.0890625 0.43515625 0.03125 0.04375
0 0.3859375 0.5203125 0.046875 0.046875
0 0.65234375 0.59609375 0.0953125 0.096875
0 0.75234375 0.61953125 0.125 0.109375
0 0.86875 0.67109375 0.16875 0.1359375
0 0.634375 0.64765625 0.0421875 0.04375
0 0.6859375 0.6546875 0.053125 0.0640625
0 0.76171875 0.67421875 0.0859375 0.0703125
0 0.0109375 0.596875 0.021875 0.034375
0 0.046875 0.61171875 0.0484375 0.03125
0 0.0953125 0.6234375 0.046875 0.0296875
0 0.2421875 0.64609375 0.1453125 0.09375
0 0.36015625 0.67890625 0.1 0.078125
0 0.49609375 0.709375 0.1296875 0.0875
0 0.1 0.70234375 0.1265625 0.13125
0 0.2234375 0.7375 0.090625 0.0953125
0 0.284375 0.76484375 0.0578125 0.0625
0 0.33984375 0.790625 0.053125 0.0390625
0 0.4578125 0.78828125 0.175 0.11875
0 0.58515625 0.81171875 0.13125 0.1140625
0 0.6859375 0.8453125 0.103125 0.1015625
0 0.75390625 0.85625 0.0734375 0.075
0 0.790625 0.8890625 0.0890625 0.078125
0 0.415625 0.85390625 0.13125 0.115625
0 0.50546875 0.87578125 0.1125 0.09375
0 0.01328125 0.84140625 0.0265625 0.0234375
0 0.028125 0.84765625 0.0078125 0.00625
0 0.04140625 0.8484375 0.0234375 0.025
0 0.05234375 0.853125 0.0078125 0.00625
0 0.07265625 0.8578125 0.0359375 0.025
0 0.1453125 0.871875 0.109375 0.0515625
0 0.5671875 0.94921875 0.1015625 0.0953125