0 0.1734375 0.0515625 0.0875 0.103125
0 0.31640625 0.10234375 0.190625 0.1796875
0 0.52578125 0.1046875 0.1921875 0.1453125
0 0.1953125 0.18203125 0.1578125 0.109375
0 0.37890625 0.21953125 0.165625 0.13125
0 0.16953125 0.2921875 0.159375 0.1078125
0 0.30390625 0.31015625 0.075 0.0953125
0 0.1359375 0.440625 0.184375 0.1625
0 0.246875 0.490625 0.1140625 0.128125
0 0.4359375 0.52265625 0.28125 0.2171875
0 0.6671875 0.5625 0.2359375 0.1625
0 0.56484375 0.2703125 0.2453125 0.1609375
0 0.42578125 0.36171875 0.1203125 0.0921875
0 0.54375 0.4109375 0.090625 0.1484375