0 0.7328125 0.10390625 0.0453125 0.0234375
0 0.78671875 0.115625 0.04375 0.021875
0 0.82109375 0.12578125 0.015625 0.0109375
0 0.86875 0.13203125 0.0734375 0.034375
0 0.95 0.14609375 0.08125 0.0328125
0 0.69609375 0.11171875 0.015625 0.0125
0 0.88125 0.15390625 0.0921875 0.034375
0 0.88671875 0.17890625 0.0765625 0.0328125
0 0.96328125 0.1921875 0.0734375 0.028125
0 0.2609375 0.02890625 0.0421875 0.0375
0 0.29296875 0.0390625 0.021875 0.0171875
0 0.33984375 0.05 0.0421875 0.0234375
0 0.42578125 0.0703125 0.10625 0.04375
0 0.55390625 0.1 0.025 0.0234375
0 0.575 0.10859375 0.025 0.0234375
0 0.22109375 0.0453125 0.04375 0.028125
0 0.2515625 0.05390625 0.01875 0.01875
0 0.3296875 0.07890625 0.1234375 0.053125
0 0.4578125 0.09609375 0.0828125 0.03125
0 0.5375 0.1125 0.065625 0.0296875
0 0.45390625 0.1171875 0.0859375 0.0328125
0 0.54375 0.1359375 0.0734375 0.034375
0 0.653125 0.14140625 0.06875 0.03125
0 0.6578125 0.1671875 0.0609375 0.0328125
0 0.75078125 0.175 0.071875 0.034375
0 0.80078125 0.18671875 0.0234375 0.0171875
0 0.2046875 0.09375 0.04375 0.0296875
0 0.23671875 0.10546875 0.0234375 0.021875
0 0.3171875 0.13125 0.1296875 0.0578125
0 0.453125 0.15234375 0.0796875 0.0328125
0 0.44453125 0.171875 0.0859375 0.040625
0 0.54609375 0.18515625 0.065625 0.0359375
0 0.60625 0.2 0.025 0.0171875
0 0.18359375 0.14296875 0.04375 0.0265625
0 0.228125 0.15234375 0.021875 0.0203125
0 0.30234375 0.1765625 0.140625 0.0578125
0 0.384375 0.19765625 0.0265625 0.0296875
0 0.43515625 0.2109375 0.0625 0.0296875
0 0.5421875 0.23515625 0.13125 0.046875
0 0.66171875 0.2546875 0.0703125 0.028125
0 0.76875 0.278125 0.1265625 0.0453125
0 0.871875 0.30703125 0.046875 0.0265625
0 0.746875 0.29609375 0.0609375 0.025
0 0.66875 0.30703125 0.06875 0.0328125
0 0.6765625 0.33046875 0.08125 0.0359375
0 0.76171875 0.3375 0.0578125 0.03125
0 0.590625 0.29765625 0.01875 0.0125
0 0.6140625 0.36015625 0.0890625 0.04375
0 0.16796875 0.29921875 0.0515625 0.0328125
0 0.20390625 0.31328125 0.025 0.0234375
0 0.29453125 0.33203125 0.1046875 0.040625
0 0.40625 0.346875 0.0703125 0.0359375
0 0.41015625 0.3734375 0.0765625 0.034375
0 0.48515625 0.38125 0.0578125 0.0328125
0 0.565625 0.3984375 0.08125 0.0421875
0 0.13671875 0.3734375 0.0546875 0.0296875
0 0.1859375 0.38515625 0.0234375 0.021875
0 0.28828125 0.41484375 0.16875 0.0671875
0 0.390625 0.43515625 0.034375 0.03125
0 0.4796875 0.45859375 0.1265625 0.0515625
0 0.62734375 0.47890625 0.1125 0.0421875
0 0.59765625 0.49453125 0.053125 0.028125
0 0.63828125 0.50390625 0.03125 0.028125
0 0.6953125 0.5171875 0.059375 0.0265625
0 0.77265625 0.525 0.0640625 0.0328125
0 0.77578125 0.546875 0.0546875 0.0328125
0 0.83125 0.5625 0.0484375 0.03125
0 0.53515625 0.51875 0.01875 0.0125
0 0.61875 0.5328125 0.0625 0.0296875
0 0.7140625 0.565625 0.0578125 0.034375
0 0.621875 0.55703125 0.121875 0.0515625
0 0.525 0.575 0.015625 0.0109375
0 0.57890625 0.58515625 0.046875 0.028125
0 0.65546875 0.60625 0.053125 0.028125
0 0.634375 0.62421875 0.0640625 0.0359375
0 0.70390625 0.6375 0.0515625 0.0328125
0 0.10390625 0.5296875 0.046875 0.03125
0 0.14140625 0.53984375 0.028125 0.021875
0 0.2140625 0.553125 0.0625 0.0328125
0 0.2703125 0.56484375 0.015625 0.0125
0 0.34609375 0.57265625 0.0671875 0.0359375
0 0.4359375 0.60234375 0.0625 0.0359375
0 0.3390625 0.5921875 0.0890625 0.0421875
0 0.32265625 0.60859375 0.1 0.0484375
0 0.459375 0.64296875 0.109375 0.0515625
0 0.57578125 0.64140625 0.0625 0.0453125
0 0.603125 0.67734375 0.0671875 0.0375
0 0.66875 0.6890625 0.065625 0.0390625
0 0.09140625 0.58125 0.05 0.03125
0 0.134375 0.590625 0.0265625 0.025
0 0.24921875 0.61953125 0.1625 0.0609375
0 0.34921875 0.63984375 0.034375 0.0359375
0 0.4015625 0.65078125 0.071875 0.0359375
0 0.49296875 0.67734375 0.1171875 0.05
0 0.5921875 0.69609375 0.0765625 0.0359375
0 0.6734375 0.71640625 0.1015625 0.04375
0 0.76640625 0.7453125 0.0671875 0.040625
0 0.66171875 0.73671875 0.1015625 0.0421875
0 0.7640625 0.76953125 0.0453125 0.0265625
0 0.79296875 0.78203125 0.028125 0.0296875
0 0.8390625 0.79140625 0.06875 0.0375
0 0.53203125 0.746875 0.0328125 0.0234375
0 0.615625 0.75703125 0.078125 0.0421875
0 0.6765625 0.76875 0.05625 0.0359375
0 0.73359375 0.7953125 0.0640625 0.0359375
0 0.61328125 0.78359375 0.0609375 0.03125
0 0.678125 0.80234375 0.0609375 0.0359375
0 0.56796875 0.80390625 0.1078125 0.0453125
0 0.6765625 0.83046875 0.075 0.040625
0 0.7375 0.846875 0.0484375 0.03125
0 0.05 0.73515625 0.05 0.034375
0 0.08671875 0.74609375 0.0328125 0.025
0 0.16875 0.76328125 0.1125 0.0515625
0 0.28515625 0.77890625 0.0796875 0.04375
0 0.278125 0.80546875 0.0890625 0.040625
0 0.34296875 0.82265625 0.0484375 0.0359375
0 0.38671875 0.81328125 0.075 0.0375
0 0.4984375 0.84609375 0.078125 0.034375
0 0.571875 0.86328125 0.0640625 0.0375
0 0.44453125 0.82890625 0.0234375 0.01875
0 0.40078125 0.60625 0.046875 0.028125
0 0.48515625 0.61328125 0.021875 0.01875
0 0.55390625 0.6625 0.046875 0.028125
0 0.5921875 0.13671875 0.015625 0.009375
0 0.51953125 0.62578125 0.053125 0.0296875
0 0.4921875 0.08515625 0.021875 0.025
0 0.72421875 0.75703125 0.0296875 0.021875