0 0.30859375 0.02421875 0.1640625 0.0484375
0 0.45 0.0203125 0.0625 0.040625
0 0.2359375 0.23671875 0.15 0.0859375
0 0.3734375 0.2546875 0.0609375 0.04375
0 0.50546875 0.284375 0.1203125 0.084375
0 0.196875 0.28046875 0.0375 0.04375
0 0.2859375 0.29765625 0.1078125 0.0484375
0 0.38046875 0.315625 0.03125 0.0375
0 0.42890625 0.3296875 0.021875 0.021875
0 0.18515625 0.3109375 0.025 0.0265625
0 0.26640625 0.32578125 0.0953125 0.046875
0 0.4171875 0.35390625 0.1015625 0.0515625
0 0.1859375 0.3375 0.034375 0.0375
0 0.27421875 0.36015625 0.1015625 0.046875
0 0.4015625 0.390625 0.046875 0.04375
0 0.45546875 0.4 0.025 0.021875
0 0.1765625 0.44140625 0.0734375 0.05625
0 0.16796875 0.5015625 0.1078125 0.059375
0 0.271875 0.53515625 0.0890625 0.0671875
0 0.39296875 0.5609375 0.1296875 0.065625
0 0.515625 0.58125 0.0796875 0.0515625
0 0.61640625 0.603125 0.08125 0.05
0 0.74921875 0.64375 0.046875 0.034375
0 0.13828125 0.56484375 0.165625 0.0953125
0 0.26015625 0.58828125 0.0671875 0.0546875
0 0.321875 0.60078125 0.0359375 0.0359375
0 0.39296875 0.61484375 0.0578125 0.0484375
0 0.490625 0.653125 0.121875 0.05625
0 0.6078125 0.68125 0.1078125 0.0796875
0 0.2390625 0.65546875 0.175 0.084375
0 0.228125 0.6828125 0.1625 0.0828125
0 0.43203125 0.73359375 0.1265625 0.0671875
0 0.12734375 0.7203125 0.096875 0.05625
0 0.2734375 0.76328125 0.125 0.0609375
0 0.4046875 0.81328125 0.1203125 0.0953125
0 0.5484375 0.8515625 0.14375 0.0671875
0 0.38828125 0.8703125 0.4671875 0.1765625
0 0.5 0.0234375 0.0234375 0.0359375
0 0.284375 0.06015625 0.040625 0.040625
0 0.34140625 0.07734375 0.0578125 0.0515625
0 0.446875 0.08828125 0.1078125 0.06875
0 0.5421875 0.09609375 0.071875 0.04375
0 0.5984375 0.11328125 0.0515625 0.04375
0 0.21953125 0.13671875 0.0453125 0.090625
0 0.2828125 0.1140625 0.06875 0.0453125
0 0.3328125 0.1234375 0.0328125 0.0453125
0 0.40234375 0.13828125 0.10625 0.0640625
0 0.2734375 0.14609375 0.0609375 0.0515625
0 0.34921875 0.159375 0.0953125 0.05625
0 0.26015625 0.1765625 0.05 0.04375
0 0.29609375 0.1796875 0.0203125 0.01875
0 0.3375 0.19375 0.05625 0.05
0 0.4171875 0.25859375 0.0265625 0.0265625
0 0.6484375 0.31328125 0.184375 0.1
0 0.22578125 0.28203125 0.01875 0.0171875
0 0.40390625 0.32109375 0.015625 0.0140625
0 0.21015625 0.3171875 0.0203125 0.0140625
0 0.528125 0.38671875 0.103125 0.075
0 0.2125 0.3484375 0.025 0.0171875
0 0.43046875 0.39453125 0.01875 0.01875
0 0.128125 0.40703125 0.028125 0.059375
0 0.17890625 0.403125 0.0578125 0.0453125
0 0.2140625 0.41328125 0.01875 0.01875
0 0.275 0.4234375 0.0890625 0.05625
0 0.53671875 0.484375 0.4328125 0.159375
0 0.25390625 0.45859375 0.1046875 0.0546875
0 0.68359375 0.6296875 0.0609375 0.040625
0 0.096875 0.78203125 0.1234375 0.0625
0 0.13984375 0.8546875 0.0640625 0.0609375
0 0.2375 0.88125 0.0625 0.0546875
0 0.1859375 0.8703125 0.021875 0.0125
0 0.2375 0.92890625 0.1546875 0.075
0 0.990625 0.228125 0.01875 0.0625
0 0.990625 0.51953125 0.01875 0.0328125
0 0.934375 0.7078125 0.0265625 0.01875
0 0.3390625 0.7078125 0.0421875 0.0328125
0 0.1640625 0.26953125 0.01875 0.0171875
0 0.1515625 0.3 0.01875 0.0140625
0 0.14609375 0.32578125 0.01875 0.0140625