0 0.378125 0.02265625 0.109375 0.0453125
0 0.63828125 0.06796875 0.209375 0.0640625
0 0.24375 0.0296875 0.065625 0.0359375
0 0.396875 0.05859375 0.2265625 0.0828125
0 0.53671875 0.0859375 0.046875 0.0484375
0 0.23046875 0.0765625 0.059375 0.0375
0 0.6390625 0.15703125 0.0578125 0.034375
0 0.753125 0.18046875 0.1421875 0.0625
0 0.240625 0.1265625 0.0765625 0.0375
0 0.32109375 0.1421875 0.08125 0.0296875
0 0.27734375 0.17734375 0.0625 0.0453125
0 0.33359375 0.19765625 0.0671875 0.040625
0 0.42421875 0.2171875 0.05625 0.05
0 0.459375 0.23046875 0.040625 0.040625
0 0.17421875 0.22890625 0.121875 0.1140625
0 0.28203125 0.2734375 0.11875 0.0953125
0 0.37109375 0.27421875 0.1078125 0.159375
0 0.59921875 0.3140625 0.16875 0.1359375
0 0.67890625 0.36640625 0.0453125 0.046875
0 0.78671875 0.34453125 0.1359375 0.06875
0 0.60234375 0.41484375 0.1390625 0.0765625
0 0.68203125 0.42265625 0.046875 0.0359375
0 0.76640625 0.44375 0.11875 0.05625
0 0.13359375 0.37734375 0.0359375 0.0296875
0 0.1953125 0.3875 0.084375 0.0359375
0 0.2859375 0.40859375 0.09375 0.040625
0 0.3640625 0.421875 0.0625 0.03125
0 0.5546875 0.4734375 0.2890625 0.1171875
0 0.81875 0.521875 0.2171875 0.1
0 0.1375 0.43671875 0.08125 0.0765625
0 0.34296875 0.4796875 0.3078125 0.1109375
0 0.66640625 0.53671875 0.2796875 0.0921875
0 0.38828125 0.52578125 0.0859375 0.034375
0 0.4875 0.54453125 0.109375 0.0390625
0 0.10703125 0.509375 0.05625 0.046875
0 0.17421875 0.52890625 0.0453125 0.0375
0 0.28984375 0.5515625 0.153125 0.0640625
0 0.51640625 0.61484375 0.30625 0.121875
0 0.77578125 0.653125 0.2046875 0.09375
0 0.09296875 0.5734375 0.0484375 0.0390625
0 0.2390625 0.6046875 0.2046875 0.0890625
0 0.3765625 0.62734375 0.0625 0.05
0 0.4515625 0.6375 0.0875 0.0453125
0 0.565625 0.65859375 0.1453125 0.075
0 0.68984375 0.684375 0.1015625 0.046875
0 0.759375 0.69296875 0.028125 0.034375
0 0.13203125 0.63125 0.1703125 0.0671875
0 0.2859375 0.65625 0.1125 0.053125
0 0.38515625 0.67421875 0.053125 0.04375
0 0.48203125 0.6921875 0.1453125 0.059375
0 0.625 0.7296875 0.1390625 0.0484375
0 0.72421875 0.73984375 0.0578125 0.040625
0 0.103125 0.67421875 0.1515625 0.06875
0 0.24921875 0.709375 0.10625 0.0640625
0 0.34375 0.71875 0.0609375 0.040625
0 0.44921875 0.746875 0.125 0.0453125
0 0.57734375 0.77421875 0.1328125 0.075
0 0.72109375 0.79140625 0.1453125 0.0671875
0 0.08515625 0.73046875 0.1109375 0.0671875
0 0.190625 0.7453125 0.0578125 0.04375
0 0.31953125 0.77109375 0.190625 0.08125
0 0.60703125 0.8453125 0.378125 0.134375
0 0.04921875 0.784375 0.053125 0.0484375
0 0.1125 0.7890625 0.0375 0.03125
0 0.2578125 0.82890625 0.2390625 0.0875
0 0.4734375 0.8734375 0.171875 0.08125
0 0.6875 0.90546875 0.2296875 0.0953125
0 0.459375 0.3109375 0.1234375 0.1296875
0 0.49921875 0.0390625 0.0546875 0.0359375
0 0.2078125 0.284375 0.04375 0.046875
0 0.4140625 0.32421875 0.05625 0.0515625
0 0.615625 0.365625 0.0546875 0.0515625
0 0.77265625 0.39765625 0.05 0.05