0 0.2671875 0.41484375 0.184375 0.0703125
0 0.43046875 0.39296875 0.1265625 0.0546875
0 0.5734375 0.384375 0.128125 0.0625
0 0.75703125 0.37265625 0.23125 0.0953125
0 0.27265625 0.5015625 0.1796875 0.065625
0 0.44453125 0.484375 0.159375 0.0640625
0 0.68359375 0.46171875 0.2953125 0.096875
0 0.315625 0.57734375 0.25 0.0859375
0 0.51953125 0.55078125 0.121875 0.0546875
0 0.73515625 0.55703125 0.3046875 0.096875
0 0.2390625 0.66875 0.125 0.0609375
0 0.41640625 0.6453125 0.1828125 0.0828125
0 0.628125 0.63046875 0.221875 0.071875
0 0.81171875 0.61796875 0.128125 0.1109375
0 0.275 0.74140625 0.16875 0.0671875
0 0.44921875 0.72890625 0.1640625 0.0671875
0 0.675 0.70703125 0.2640625 0.096875
0 0.32109375 0.81875 0.29375 0.103125
0 0.5421875 0.8 0.1296875 0.0734375
0 0.78203125 0.79375 0.328125 0.0875