0 0.5140625 0.09296875 0.125 0.05
0 0.30859375 0.06328125 0.0921875 0.040625
0 0.59140625 0.13515625 0.121875 0.0484375
0 0.6953125 0.1515625 0.090625 0.04375
0 0.459375 0.11484375 0.0734375 0.028125
0 0.32421875 0.09453125 0.0703125 0.03125
0 0.38828125 0.10546875 0.0609375 0.025
0 0.25703125 0.08359375 0.0578125 0.0265625
0 0.40625 0.07734375 0.053125 0.0265625
0 0.51640625 0.128125 0.028125 0.01875
0 0.30546875 0.1078125 0.1125 0.0421875
0 0.240625 0.09765625 0.00625 0.0046875
0 0.38984375 0.12109375 0.0375 0.0203125
0 0.4328125 0.12734375 0.0421875 0.021875
0 0.50390625 0.1375 0.096875 0.0390625
0 0.24609375 0.12890625 0.053125 0.0234375
0 0.33046875 0.14453125 0.115625 0.0453125
0 0.4171875 0.15703125 0.046875 0.025
0 0.4734375 0.16796875 0.0609375 0.0265625
0 0.56171875 0.17734375 0.10625 0.0421875
0 0.20390625 0.1390625 0.0140625 0.00625
0 0.27421875 0.15078125 0.115625 0.0453125
0 0.36328125 0.16484375 0.0421875 0.0203125
0 0.40625 0.171875 0.0296875 0.01875
0 0.46171875 0.17890625 0.06875 0.03125
0 0.51328125 0.1921875 0.0296875 0.0234375
0 0.57890625 0.20234375 0.096875 0.0390625
0 0.2828125 0.19296875 0.153125 0.0671875
0 0.40703125 0.21875 0.0078125 0.0046875
0 0.47109375 0.23203125 0.1109375 0.0421875
0 0.54609375 0.24453125 0.0265625 0.0171875
0 0.58046875 0.24921875 0.0359375 0.021875
0 0.625 0.25703125 0.05 0.028125
0 0.28515625 0.228125 0.1640625 0.0640625
0 0.4 0.24921875 0.00625 0.0046875
0 0.4359375 0.259375 0.04375 0.0234375
0 0.4859375 0.2671875 0.0375 0.021875
0 0.52734375 0.27578125 0.04375 0.0265625
0 0.56953125 0.28125 0.040625 0.025
0 0.61796875 0.2921875 0.059375 0.03125
0 0.68046875 0.29609375 0.0671875 0.034375
0 0.26328125 0.25703125 0.15 0.0625
0 0.38203125 0.28125 0.0046875 0.0046875
0 0.421875 0.28828125 0.0390625 0.0203125
0 0.47109375 0.29765625 0.0671875 0.0265625
0 0.51875 0.309375 0.021875 0.01875
0 0.55859375 0.31328125 0.0453125 0.021875
0 0.6046875 0.32265625 0.040625 0.021875
0 0.2546875 0.2859375 0.153125 0.0640625
0 0.3734375 0.315625 0.0046875 0.0046875
0 0.44140625 0.33046875 0.1109375 0.040625
0 0.53515625 0.34375 0.0484375 0.0296875
0 0.61640625 0.35859375 0.1015625 0.040625
0 0.69375 0.37421875 0.028125 0.021875
0 0.72421875 0.3765625 0.0390625 0.025
0 0.76796875 0.3859375 0.05 0.0296875
0 0.24453125 0.3203125 0.134375 0.0625
0 0.36328125 0.34921875 0.00625 0.003125
0 0.39609375 0.35546875 0.0359375 0.025
0 0.44609375 0.36484375 0.0625 0.028125
0 0.5046875 0.37578125 0.0390625 0.025
0 0.54765625 0.38359375 0.0421875 0.0265625
0 0.60546875 0.39296875 0.06875 0.0328125
0 0.26015625 0.38125 0.225 0.0703125
0 0.2078125 0.38828125 0.0734375 0.0328125
0 0.15 0.3953125 0.0078125 0.003125
0 0.15390625 0.3796875 0.009375 0.00625
0 0.2015625 0.40703125 0.078125 0.034375
0 0.2578125 0.41640625 0.03125 0.0203125
0 0.31015625 0.43203125 0.065625 0.0328125
0 0.14609375 0.41328125 0.00625 0.003125
0 0.16171875 0.41796875 0.0203125 0.0171875
0 0.18125 0.421875 0.015625 0.0171875
0 0.22734375 0.43046875 0.065625 0.03125
0 0.30859375 0.44609375 0.075 0.034375
0 0.36484375 0.45546875 0.0265625 0.01875
0 0.3984375 0.4625 0.0328125 0.01875
0 0.46796875 0.475 0.1 0.0421875
0 0.53359375 0.4890625 0.028125 0.01875
0 0.5765625 0.496875 0.0578125 0.03125
0 0.63671875 0.5109375 0.075 0.034375
0 0.14296875 0.43046875 0.009375 0.0046875
0 0.1625 0.43828125 0.0296875 0.0265625
0 0.2046875 0.44453125 0.040625 0.0234375
0 0.265625 0.46015625 0.0625 0.034375
0 0.31015625 0.46484375 0.01875 0.0171875
0 0.35234375 0.47265625 0.0390625 0.021875
0 0.415625 0.48359375 0.071875 0.0375
0 0.45703125 0.49609375 0.0078125 0.00625
0 0.4984375 0.50390625 0.0484375 0.028125
0 0.5640625 0.51015625 0.0578125 0.0296875
0 0.25703125 0.471875 0.0265625 0.01875
0 0.3109375 0.4828125 0.0609375 0.0265625
0 0.38828125 0.49765625 0.0765625 0.034375
0 0.45703125 0.5109375 0.040625 0.021875
0 0.23359375 0.51953125 0.228125 0.071875
0 0.12890625 0.5203125 0.0078125 0.0046875
0 0.153125 0.5265625 0.025 0.0203125
0 0.23203125 0.5421875 0.1203125 0.04375
0 0.36171875 0.56640625 0.115625 0.0421875
0 0.44140625 0.58046875 0.034375 0.0234375
0 0.52265625 0.59921875 0.1203125 0.046875
0 0.12734375 0.5375 0.0078125 0.0046875
0 0.17890625 0.54921875 0.0765625 0.0328125
0 0.23359375 0.56171875 0.0328125 0.021875
0 0.30546875 0.57734375 0.0828125 0.0328125
0 0.38984375 0.59140625 0.0546875 0.028125
0 0.4671875 0.60859375 0.0890625 0.0390625
0 0.12734375 0.55703125 0.021875 0.0125
0 0.1625 0.565625 0.0375 0.021875
0 0.246875 0.5828125 0.115625 0.040625
0 0.1203125 0.57421875 0.0234375 0.0109375
0 0.1609375 0.58515625 0.0421875 0.0234375
0 0.25234375 0.60234375 0.1265625 0.0453125
0 0.115625 0.59140625 0.009375 0.00625
0 0.15234375 0.59921875 0.0546875 0.03125
0 0.20703125 0.61328125 0.0390625 0.025
0 0.26015625 0.6234375 0.0515625 0.028125
0 0.325 0.63671875 0.0703125 0.03125
0 0.37578125 0.64765625 0.028125 0.021875
0 0.42734375 0.659375 0.059375 0.0328125
0 0.4921875 0.67109375 0.0625 0.0328125
0 0.178125 0.62578125 0.034375 0.021875
0 0.25 0.64140625 0.090625 0.034375
0 0.334375 0.66015625 0.0578125 0.0296875
0 0.4359375 0.68046875 0.1125 0.0484375
0 0.10078125 0.6265625 0.009375 0.00625
0 0.12890625 0.6375 0.028125 0.028125
0 0.17578125 0.6484375 0.0453125 0.0296875
0 0.22734375 0.65703125 0.04375 0.0265625
0 0.32734375 0.67890625 0.140625 0.053125
0 0.421875 0.6953125 0.0234375 0.01875
0 0.47265625 0.70859375 0.0609375 0.0328125
0 0.5375 0.71953125 0.0578125 0.0296875
0 0.6078125 0.73359375 0.0796875 0.03125