0 0.09921875 0.096875 0.1140625 0.0453125
0 0.2421875 0.096875 0.1921875 0.0578125
0 0.440625 0.10703125 0.18125 0.071875
0 0.63984375 0.1203125 0.1671875 0.040625
0 0.8625 0.13515625 0.2265625 0.046875
0 0.0859375 0.14296875 0.0828125 0.040625
0 0.26484375 0.1453125 0.215625 0.0453125
0 0.43046875 0.15234375 0.0703125 0.034375
0 0.5140625 0.16015625 0.0546875 0.0296875
0 0.64609375 0.17109375 0.1734375 0.0421875
0 0.7953125 0.1875 0.025 0.015625
0 0.90859375 0.1828125 0.1421875 0.0453125
0 0.12734375 0.18828125 0.19375 0.0609375
0 0.3171875 0.1921875 0.1453125 0.040625
0 0.46875 0.20234375 0.1078125 0.034375
0 0.56484375 0.2109375 0.078125 0.034375
0 0.7265625 0.2328125 0.1890625 0.059375
0 0.90234375 0.23984375 0.10625 0.0390625
0 0.06640625 0.2359375 0.059375 0.0421875
0 0.15546875 0.2421875 0.0765625 0.040625
0 0.30078125 0.25234375 0.1890625 0.0734375