0 0.28515625 0.61015625 0.35625 0.134375
0 0.23046875 0.7359375 0.2140625 0.115625
0 0.09765625 0.63359375 0.1859375 0.090625
0 0.4625 0.3484375 0.1578125 0.090625
0 0.10390625 0.75546875 0.2078125 0.0890625
0 0.39765625 0.44296875 0.1515625 0.075
0 0.74453125 0.946875 0.15 0.08125
0 0.11484375 0.84453125 0.15625 0.0921875
0 0.2234375 0.4671875 0.1234375 0.0890625
0 0.42109375 0.13984375 0.1359375 0.090625
0 0.61328125 0.503125 0.121875 0.0921875
0 0.24140625 0.40390625 0.1265625 0.071875
0 0.40859375 0.04375 0.1484375 0.071875
0 0.6390625 0.3203125 0.1203125 0.0765625
0 0.6125 0.0890625 0.140625 0.06875
0 0.51171875 0.28125 0.1109375 0.0890625
0 0.2 0.14375 0.140625 0.0625
0 0.21171875 0.20390625 0.096875 0.053125
0 0.2796875 0.225 0.01875 0.0140625
0 0.721875 0.7390625 0.1234375 0.0609375
0 0.27421875 0.0890625 0.121875 0.0625
0 0.37265625 0.84921875 0.19375 0.1
0 0.54609375 0.759375 0.1 0.0671875
0 0.0578125 0.6796875 0.115625 0.0625
0 0.6546875 0.371875 0.090625 0.059375
0 0.83984375 0.34453125 0.0953125 0.0625
0 0.090625 0.4234375 0.0796875 0.0515625
0 0.15625 0.43828125 0.0234375 0.0234375
0 0.11015625 0.36640625 0.0890625 0.0578125
0 0.15703125 0.3890625 0.01875 0.015625
0 0.3875 0.9125 0.065625 0.053125
0 0.434375 0.9359375 0.0140625 0.01875
0 0.44921875 0.7296875 0.0796875 0.0515625
0 0.2484375 0.8734375 0.071875 0.065625
0 0.20625 0.26796875 0.08125 0.059375
0 0.703125 0.8078125 0.0734375 0.053125
0 0.74296875 0.10859375 0.0703125 0.05625
0 0.728125 0.18125 0.0640625 0.0484375
0 0.32578125 0.225 0.0578125 0.0484375
0 0.4859375 0.80078125 0.071875 0.053125
0 0.56171875 0.690625 0.06875 0.0453125
0 0.0125 0.7890625 0.025 0.05
0 0.11796875 0.24921875 0.05625 0.04375
0 0.29609375 0.28515625 0.059375 0.04375
0 0.51015625 0.475 0.0546875 0.046875
0 0.7453125 0.32421875 0.0578125 0.0484375
0 0.5640625 0.90859375 0.190625 0.1171875
0 0.3109375 0.16484375 0.046875 0.0390625
0 0.34375 0.17578125 0.0140625 0.0171875
0 0.5921875 0.1546875 0.0625 0.0453125
0 0.16640625 0.06796875 0.0515625 0.0453125
0 0.3234375 0.690625 0.05 0.04375
0 0.6296875 0.79140625 0.0421875 0.0421875
0 0.7953125 0.8328125 0.059375 0.0390625
0 0.4078125 0.78359375 0.0484375 0.0359375
0 0.21640625 0.6703125 0.0390625 0.0421875
0 0.49453125 0.66640625 0.04375 0.05
0 0.26328125 0.67890625 0.04375 0.034375
0 0.65625 0.1640625 0.0296875 0.04375
0 0.31796875 0.8953125 0.025 0.0578125
0 0.37578125 0.70546875 0.034375 0.0578125
0 0.81484375 0.759375 0.0296875 0.0421875
0 0.52890625 0.1453125 0.0359375 0.0296875
0 0.234375 0.78984375 0.0328125 0.0453125
0 0.359375 0.303125 0.025 0.0375
0 0.38671875 0.23984375 0.0265625 0.040625
0 0.35625 0.7640625 0.028125 0.0359375
0 0.5109375 0.06875 0.021875 0.05
0 0.5734375 0.35234375 0.021875 0.03125
0 0.6328125 0.71328125 0.0265625 0.025
0 0.26171875 0.80234375 0.01875 0.0265625
0 0.42421875 0.25703125 0.01875 0.025