0 0.03046875 0.1078125 0.0609375 0.05
0 0.1671875 0.08046875 0.134375 0.059375
0 0.27734375 0.059375 0.0234375 0.009375
0 0.34453125 0.053125 0.0859375 0.0515625
0 0.43828125 0.03515625 0.0265625 0.0140625
0 0.5078125 0.02421875 0.078125 0.0484375
0 0.28359375 0.12109375 0.0234375 0.009375
0 0.384375 0.10703125 0.14375 0.0609375
0 0.53359375 0.07890625 0.1140625 0.0484375
0 0.39453125 0.15 0.14375 0.0640625
0 0.53984375 0.12890625 0.1265625 0.05625
0 0.38828125 0.18515625 0.1140625 0.046875
0 0.5265625 0.165625 0.1375 0.0515625
0 0.6515625 0.08359375 0.071875 0.090625
0 0.73203125 0.06796875 0.103125 0.0734375
0 0.0890625 0.30625 0.178125 0.090625
0 0.19140625 0.28203125 0.025 0.0125
0 0.26796875 0.27421875 0.0859375 0.0484375
0 0.353125 0.2625 0.0265625 0.0125
0 0.41875 0.24453125 0.0796875 0.0515625
0 0.2921875 0.3453125 0.1328125 0.0546875
0 0.496875 0.31875 0.209375 0.075
0 0.34609375 0.4109375 0.2078125 0.0890625
0 0.55390625 0.3765625 0.134375 0.05625
0 0.09921875 0.54140625 0.190625 0.0859375
0 0.3296875 0.490625 0.203125 0.0640625
0 0.4375 0.4671875 0.0140625 0.0078125
0 0.51640625 0.459375 0.0828125 0.0515625
0 0.6359375 0.43359375 0.071875 0.05625
0 0.55078125 0.5296875 0.1390625 0.0671875
0 0.69375 0.503125 0.0859375 0.04375
0 0.828125 0.46875 0.11875 0.0765625
0 0.58125 0.6 0.1640625 0.06875
0 0.7375 0.575 0.1125 0.075
0 0.8671875 0.52890625 0.0859375 0.0703125
0 0.0953125 0.74140625 0.115625 0.05625
0 0.27421875 0.71953125 0.1390625 0.0703125
0 0.36796875 0.69609375 0.0296875 0.0140625
0 0.43984375 0.6875 0.0890625 0.0484375
0 0.521875 0.67265625 0.0140625 0.00625
0 0.58125 0.65703125 0.05625 0.05
0 0.46328125 0.76796875 0.10625 0.0640625
0 0.603125 0.73203125 0.128125 0.0609375
0 0.73359375 0.70625 0.025 0.0390625
0 0.47734375 0.83046875 0.109375 0.046875
0 0.5984375 0.80859375 0.08125 0.046875
0 0.53671875 0.8921875 0.2421875 0.075
0 0.76015625 0.86328125 0.11875 0.0609375
0 0.65859375 0.315625 0.0609375 0.0890625
0 0.7578125 0.3 0.128125 0.0984375
0 0.93984375 0.76640625 0.1203125 0.1140625
0 0.85234375 0.7875 0.05625 0.0796875