0 0.23046875 0.1078125 0.1015625 0.046875
0 0.2921875 0.09296875 0.0203125 0.0234375
0 0.321875 0.0921875 0.034375 0.028125
0 0.36953125 0.075 0.0625 0.0375
0 0.4140625 0.065625 0.0203125 0.0203125
0 0.47109375 0.0515625 0.090625 0.0453125
0 0.68828125 0.0078125 0.0546875 0.015625
0 0.13671875 0.209375 0.18125 0.121875
0 0.25390625 0.17265625 0.0765625 0.0734375
0 0.32109375 0.15859375 0.084375 0.0578125
0 0.41875 0.1296875 0.1078125 0.078125
0 0.5046875 0.12109375 0.05625 0.05
0 0.57734375 0.11015625 0.0828125 0.0453125
0 0.1140625 0.26953125 0.04375 0.0546875
0 0.19375 0.25234375 0.11875 0.0734375
0 0.28046875 0.2453125 0.03125 0.0328125
0 0.36015625 0.215625 0.14375 0.08125
0 0.45546875 0.19375 0.0375 0.034375
0 0.50546875 0.18203125 0.0453125 0.0375
0 0.565625 0.1828125 0.084375 0.0734375
0 0.13203125 0.3203125 0.09375 0.071875
0 0.7609375 0.1796875 0.215625 0.1359375
0 0.17109375 0.37109375 0.1078125 0.078125
0 0.26484375 0.35234375 0.084375 0.0609375
0 0.390625 0.31875 0.1578125 0.075
0 0.5296875 0.27890625 0.10625 0.0703125
0 0.640625 0.25703125 0.13125 0.0953125
0 0.16640625 0.42890625 0.0890625 0.075
0 0.24375 0.42109375 0.0390625 0.034375
0 0.33984375 0.40546875 0.175 0.121875
0 0.06796875 0.51328125 0.0984375 0.0671875
0 0.24140625 0.4828125 0.15 0.1125
0 0.3296875 0.4515625 0.0296875 0.0375
0 0.41328125 0.42109375 0.10625 0.0984375
0 0.50078125 0.39375 0.06875 0.0703125
0 0.590625 0.36953125 0.125 0.08125
0 0.209375 0.5328125 0.1078125 0.0859375
0 0.35703125 0.5171875 0.1140625 0.0890625
0 0.8828125 0.371875 0.1890625 0.1265625
0 0.12734375 0.68203125 0.1328125 0.115625
0 0.2328125 0.64921875 0.0765625 0.0421875
0 0.30234375 0.63046875 0.0484375 0.0453125
0 0.35390625 0.61484375 0.053125 0.040625
0 0.25703125 0.696875 0.1015625 0.0671875
0 0.3296875 0.68046875 0.0546875 0.084375
0 0.4109375 0.66953125 0.13125 0.0828125
0 0.521875 0.60078125 0.0984375 0.090625
0 0.61953125 0.59296875 0.06875 0.053125
0 0.6890625 0.5640625 0.0703125 0.0703125
0 0.27890625 0.73984375 0.11875 0.075
0 0.11640625 0.89453125 0.0265625 0.025
0 0.16328125 0.88046875 0.065625 0.0375
0 0.228125 0.86171875 0.0625 0.0359375
0 0.27421875 0.8484375 0.0265625 0.0234375
0 0.31484375 0.83515625 0.053125 0.0328125
0 0.3609375 0.821875 0.0375 0.028125
0 0.4109375 0.81015625 0.0609375 0.040625