0 0.065625 0.1390625 0.13125 0.10625
0 0.171875 0.12109375 0.0796875 0.08125
0 0.23515625 0.1234375 0.040625 0.05
0 0.2984375 0.12890625 0.0734375 0.0703125
0 0.36640625 0.11640625 0.0609375 0.0578125
0 0.43984375 0.10703125 0.103125 0.0765625
0 0.5609375 0.115625 0.11875 0.0984375
0 0.65859375 0.09609375 0.0734375 0.0765625
0 0.72578125 0.08125 0.053125 0.0671875
0 0.80546875 0.07890625 0.10625 0.071875
0 0.9 0.0828125 0.08125 0.1015625
0 0.0515625 0.3109375 0.0703125 0.0796875
0 0.13125 0.30390625 0.096875 0.0890625
0 0.1984375 0.3140625 0.053125 0.109375
0 0.30546875 0.296875 0.153125 0.103125
0 0.43984375 0.2796875 0.090625 0.0625
0 0.58828125 0.2609375 0.20625 0.121875
0 0.7171875 0.26328125 0.0421875 0.0625
0 0.75703125 0.25078125 0.0421875 0.0640625
0 0.82109375 0.24921875 0.059375 0.0640625
0 0.8953125 0.22890625 0.0875 0.08125
0 0.1 0.49453125 0.1328125 0.1390625
0 0.19453125 0.459375 0.0671875 0.06875
0 0.3 0.4671875 0.140625 0.109375
0 0.4296875 0.4609375 0.0890625 0.0859375
0 0.52109375 0.46484375 0.0796875 0.1046875
0 0.64140625 0.421875 0.1421875 0.08125
0 0.74765625 0.409375 0.059375 0.0546875
0 0.828125 0.42109375 0.090625 0.1171875
0 0.89296875 0.40234375 0.04375 0.05625
0 0.9328125 0.38984375 0.04375 0.0578125
0 0.10625 0.6578125 0.0734375 0.065625
0 0.20703125 0.66953125 0.11875 0.121875
0 0.2890625 0.62734375 0.065625 0.078125
0 0.38671875 0.6171875 0.134375 0.0796875
0 0.5 0.625 0.1015625 0.1140625
0 0.621875 0.61015625 0.128125 0.13125
0 0.7515625 0.596875 0.128125 0.1484375
0 0.8640625 0.515625 0.0921875 0.09375
0 0.9375 0.56171875 0.125 0.1171875
0 0.12578125 0.84375 0.0703125 0.1
0 0.234375 0.8328125 0.15 0.134375
0 0.3375 0.83046875 0.0625 0.13125
0 0.4515625 0.7984375 0.140625 0.115625
0 0.55546875 0.75859375 0.075 0.1
0 0.70078125 0.696875 0.153125 0.090625
0 0.846875 0.74453125 0.096875 0.1
0 0.9421875 0.71328125 0.1 0.0796875
0 0.159375 0.978125 0.08125 0.04375
0 0.25 0.96640625 0.11875 0.0671875
0 0.36640625 0.96796875 0.1140625 0.0640625
0 0.45859375 0.953125 0.053125 0.0671875
0 0.52890625 0.9421875 0.0828125 0.0734375
0 0.6109375 0.921875 0.0875 0.0859375
0 0.73671875 0.9109375 0.1390625 0.0859375
0 0.84765625 0.89609375 0.08125 0.08125
0 0.95390625 0.89296875 0.0921875 0.0796875
0 0.840625 0.5640625 0.05 0.0796875
0 0.68125 0.7609375 0.1671875 0.10625