0 0.0875 0.21328125 0.1515625 0.0765625
0 0.2921875 0.1984375 0.221875 0.05625
0 0.5390625 0.171875 0.1921875 0.0453125
0 0.7 0.15625 0.084375 0.05
0 0.834375 0.14375 0.1453125 0.0453125
0 0.85078125 0.19765625 0.221875 0.0640625
0 0.6484375 0.21796875 0.1546875 0.046875
0 0.465625 0.23671875 0.1640625 0.0609375
0 0.31640625 0.2609375 0.0890625 0.0640625
0 0.11328125 0.2640625 0.225 0.0703125
0 0.09453125 0.328125 0.1875 0.0578125
0 0.396875 0.30078125 0.3484375 0.0796875
0 0.6484375 0.27890625 0.1328125 0.059375
0 0.77265625 0.2671875 0.090625 0.0359375
0 0.88671875 0.25234375 0.1171875 0.046875
0 0.8125 0.32109375 0.2578125 0.0703125
0 0.55703125 0.3390625 0.20625 0.059375
0 0.41328125 0.35546875 0.09375 0.0421875
0 0.30078125 0.36875 0.1109375 0.040625
0 0.13203125 0.384375 0.234375 0.071875
0 0.17421875 0.45234375 0.2984375 0.10625
0 0.08671875 0.5609375 0.096875 0.059375
0 0.1875 0.55859375 0.084375 0.059375
0 0.38515625 0.540625 0.271875 0.0703125
0 0.60390625 0.50859375 0.0984375 0.040625
0 0.7765625 0.4984375 0.20625 0.0484375
0 0.3515625 0.5984375 0.1625 0.053125
0 0.59609375 0.57265625 0.2671875 0.0640625
0 0.13359375 0.62734375 0.21875 0.0734375
0 0.059375 0.7375 0.034375 0.0359375
0 0.2265625 0.72734375 0.2265625 0.0828125
0 0.40703125 0.71328125 0.1 0.040625
0 0.51015625 0.7 0.1171875 0.04375
0 0.63359375 0.68359375 0.0859375 0.040625
0 0.7828125 0.6671875 0.1921875 0.0578125
0 0.95078125 0.6515625 0.0984375 0.05
0 0.93125 0.7203125 0.125 0.0453125
0 0.81328125 0.72890625 0.0953125 0.0453125
0 0.67890625 0.74921875 0.15625 0.0640625
0 0.496875 0.7640625 0.171875 0.0484375
0 0.21328125 0.78125 0.34375 0.109375
0 0.07265625 0.93359375 0.028125 0.040625
0 0.2953125 0.91015625 0.33125 0.090625
0 0.54140625 0.88359375 0.134375 0.0484375
0 0.68359375 0.87109375 0.1234375 0.046875
0 0.80546875 0.85234375 0.08125 0.0390625
0 0.9265625 0.83828125 0.146875 0.0390625
0 0.10859375 0.92890625 0.0296875 0.0109375