0 0.1109375 0.19921875 0.0875 0.05625
0 0.2140625 0.17265625 0.0875 0.053125
0 0.3375 0.16015625 0.109375 0.05
0 0.42578125 0.14765625 0.028125 0.0296875
0 0.48046875 0.140625 0.046875 0.03125
0 0.603125 0.14375 0.1546875 0.0640625
0 0.13984375 0.29375 0.0609375 0.034375
0 0.20390625 0.2796875 0.0453125 0.0265625
0 0.26796875 0.2640625 0.021875 0.028125
0 0.33203125 0.26015625 0.0734375 0.03125
0 0.41875 0.25234375 0.1046875 0.059375
0 0.49453125 0.24609375 0.0265625 0.028125
0 0.58828125 0.25078125 0.1359375 0.0734375
0 0.14453125 0.334375 0.015625 0.0265625
0 0.19375 0.33203125 0.0546875 0.040625
0 0.3578125 0.30859375 0.20625 0.0671875
0 0.5296875 0.28046875 0.08125 0.0453125
0 0.646875 0.26875 0.128125 0.0421875
0 0.7296875 0.26015625 0.021875 0.0234375
0 0.8 0.25859375 0.090625 0.0375
0 0.68828125 0.2953125 0.1390625 0.05
0 0.23359375 0.38203125 0.1125 0.04375
0 0.15546875 0.390625 0.0203125 0.03125
0 0.40703125 0.3625 0.1328125 0.0578125
0 0.1640625 0.44375 0.0234375 0.034375
0 0.29921875 0.41953125 0.2234375 0.08125
0 0.54296875 0.39296875 0.1828125 0.06875
0 0.18046875 0.48828125 0.03125 0.03125
0 0.25234375 0.484375 0.115625 0.0453125
0 0.40859375 0.465625 0.0921875 0.0375
0 0.48515625 0.45625 0.0484375 0.025
0 0.55234375 0.44453125 0.0453125 0.0296875
0 0.61875 0.446875 0.0875 0.05625
0 0.69296875 0.425 0.053125 0.0421875
0 0.19609375 0.596875 0.10625 0.0453125
0 0.35546875 0.58125 0.18125 0.053125
0 0.47890625 0.56328125 0.034375 0.0296875
0 0.5796875 0.55078125 0.140625 0.0546875
0 0.6890625 0.53203125 0.0515625 0.0328125
0 0.7734375 0.521875 0.0828125 0.034375
0 0.84296875 0.5109375 0.0375 0.028125
0 0.28203125 0.6421875 0.13125 0.05625
0 0.2484375 0.7546875 0.175 0.071875
0 0.39296875 0.73515625 0.128125 0.046875
0 0.525 0.72109375 0.1265625 0.05625
0 0.625 0.7 0.065625 0.0359375
0 0.71640625 0.69296875 0.1015625 0.04375
0 0.83984375 0.66640625 0.0734375 0.04375
0 0.4953125 0.77109375 0.1453125 0.0515625
0 0.6046875 0.7515625 0.06875 0.0375
0 0.7234375 0.74140625 0.0484375 0.028125
0 0.79765625 0.73359375 0.06875 0.04375
0 0.86640625 0.709375 0.0671875 0.0390625
0 0.009375 0.4171875 0.01875 0.0375
0 0.2390625 0.3203125 0.009375 0.0046875
0 0.32734375 0.46640625 0.009375 0.00625
0 0.42265625 0.403125 0.009375 0.0078125
0 0.3046875 0.3671875 0.009375 0.00625
0 0.0765625 0.07734375 0.0359375 0.0375
0 0.4828125 0.3015625 0.0140625 0.03125
0 0.0984375 0.30390625 0.0078125 0.009375
0 0.15390625 0.75078125 0.009375 0.0078125
0 0.6703125 0.2296875 0.01875 0.028125
0 0.58046875 0.3 0.0546875 0.0328125
0 0.784375 0.6734375 0.034375 0.03125