0 0.2390625 0.159375 0.0203125 0.021875
0 0.2625 0.16171875 0.01875 0.0171875
0 0.28671875 0.16015625 0.0171875 0.028125
0 0.3125 0.1609375 0.0203125 0.01875
0 0.346875 0.16171875 0.0296875 0.01875
0 0.3859375 0.165625 0.0171875 0.0140625
0 0.4546875 0.203125 0.01875 0.0140625
0 0.25546875 0.23046875 0.084375 0.04375
0 0.33125 0.23046875 0.0375 0.021875
0 0.409375 0.23828125 0.09375 0.0359375
0 0.4921875 0.2375 0.0359375 0.025
0 0.578125 0.2546875 0.1140625 0.046875
0 0.68046875 0.253125 0.05625 0.0375
0 0.74765625 0.25 0.0546875 0.0203125
0 0.83046875 0.265625 0.0765625 0.040625
0 0.89765625 0.27890625 0.025 0.01875
0 0.22578125 0.25234375 0.0515625 0.028125
0 0.3015625 0.26796875 0.084375 0.0390625
0 0.43125 0.2734375 0.1203125 0.0375
0 0.4640625 0.3375 0.01875 0.0171875
0 0.21796875 0.35390625 0.0421875 0.0234375
0 0.27578125 0.3578125 0.0390625 0.025
0 0.359375 0.36640625 0.0984375 0.0328125
0 0.43828125 0.371875 0.0203125 0.0234375
0 0.49453125 0.37890625 0.0515625 0.0234375
0 0.571875 0.39140625 0.06875 0.040625
0 0.63671875 0.38203125 0.0203125 0.025
0 0.68125 0.390625 0.0515625 0.021875
0 0.7578125 0.4015625 0.078125 0.0296875
0 0.1484375 0.38203125 0.0234375 0.021875
0 0.2375 0.39921875 0.0921875 0.0375
0 0.32890625 0.40546875 0.0484375 0.03125
0 0.4265625 0.415625 0.1015625 0.0421875
0 0.521875 0.41328125 0.0734375 0.0203125
0 0.459375 0.47109375 0.021875 0.01875
0 0.22265625 0.50078125 0.0953125 0.053125
0 0.31328125 0.5015625 0.0421875 0.028125
0 0.39921875 0.50703125 0.0984375 0.03125
0 0.5078125 0.51953125 0.0859375 0.025
0 0.58125 0.5234375 0.0265625 0.0234375
0 0.65703125 0.53984375 0.0890625 0.046875
0 0.46171875 0.54921875 0.0234375 0.0171875
0 0.17421875 0.5640625 0.04375 0.01875
0 0.2390625 0.56640625 0.0375 0.03125
0 0.32265625 0.571875 0.1234375 0.034375
0 0.4390625 0.5875 0.09375 0.0296875
0 0.52578125 0.590625 0.025 0.028125
0 0.60078125 0.609375 0.09375 0.04375
0 0.7265625 0.615625 0.134375 0.040625
0 0.83203125 0.6171875 0.0234375 0.01875
0 0.8734375 0.621875 0.01875 0.01875
0 0.16796875 0.634375 0.03125 0.0203125
0 0.23515625 0.6421875 0.084375 0.0296875
0 0.31015625 0.65625 0.025 0.0140625
0 0.39765625 0.66171875 0.121875 0.0484375
0 0.50546875 0.66484375 0.05 0.0265625
0 0.57890625 0.67265625 0.0609375 0.0234375
0 0.64609375 0.6765625 0.0359375 0.0234375
0 0.7390625 0.6828125 0.128125 0.0359375
0 0.87734375 0.703125 0.1140625 0.046875
0 0.175 0.66953125 0.0578125 0.028125
0 0.2796875 0.69609375 0.11875 0.0453125
0 0.3796875 0.6953125 0.0296875 0.028125
0 0.440625 0.70078125 0.01875 0.0171875
0 0.50546875 0.7109375 0.075 0.0390625
0 0.61796875 0.7125 0.1125 0.0359375
0 0.71328125 0.725 0.028125 0.0171875
0 0.73671875 0.72421875 0.021875 0.021875
0 0.76484375 0.7265625 0.0265625 0.0140625
0 0.18046875 0.75546875 0.071875 0.0375
0 0.24609375 0.76015625 0.046875 0.0359375
0 0.334375 0.76484375 0.0796875 0.034375
0 0.24609375 0.7984375 0.0453125 0.028125
0 0.35234375 0.79921875 0.096875 0.040625
0 0.478125 0.81796875 0.1171875 0.03125
0 0.58203125 0.83046875 0.021875 0.01875
0 0.621875 0.834375 0.0234375 0.0234375
0 0.66015625 0.834375 0.0203125 0.0140625
0 0.24140625 0.83671875 0.0453125 0.021875
0 0.34296875 0.84375 0.065625 0.025
0 0.4109375 0.85625 0.028125 0.0203125
0 0.5046875 0.8609375 0.1140625 0.03125
0 0.5796875 0.8625 0.0296875 0.0296875
0 0.2375 0.875 0.03125 0.0171875
0 0.35234375 0.8859375 0.0671875 0.028125
0 0.453125 0.90390625 0.115625 0.0515625
0 0.575 0.90546875 0.059375 0.0296875
0 0.2296875 0.91484375 0.034375 0.0265625
0 0.35859375 0.92734375 0.065625 0.04375