0 0.18515625 0.0296875 0.1359375 0.059375
0 0.459375 0.04296875 0.209375 0.084375
0 0.11171875 0.140625 0.0671875 0.103125
0 0.22890625 0.17734375 0.13125 0.05625
0 0.3734375 0.1859375 0.1140625 0.0421875
0 0.54609375 0.2 0.1609375 0.04375
0 0.70625 0.22265625 0.1109375 0.04375
0 0.84375 0.225 0.1359375 0.0671875
0 0.16640625 0.2453125 0.134375 0.0703125
0 0.34609375 0.24765625 0.1578125 0.090625
0 0.50703125 0.2546875 0.121875 0.065625
0 0.6578125 0.28359375 0.125 0.071875
0 0.825 0.296875 0.15625 0.059375
0 0.1359375 0.31171875 0.103125 0.0484375
0 0.259375 0.3265625 0.1 0.0359375
0 0.46875 0.325 0.2515625 0.0859375
0 0.18671875 0.39921875 0.2625 0.1140625
0 0.4671875 0.44453125 0.3171875 0.171875
0 0.66875 0.44921875 0.05625 0.0453125
0 0.76015625 0.46796875 0.2171875 0.159375
0 0.2484375 0.578125 0.196875 0.10625
0 0.42421875 0.590625 0.1328125 0.078125