0 0.27734375 0.1 0.16875 0.115625
0 0.4890625 0.1703125 0.1984375 0.1171875
0 0.68984375 0.2296875 0.1015625 0.0796875
0 0.85625 0.290625 0.175 0.121875
0 0.278125 0.2375 0.234375 0.125
0 0.48515625 0.31015625 0.1125 0.084375
0 0.77421875 0.3984375 0.3953125 0.1984375
0 0.16484375 0.34453125 0.09375 0.0859375
0 0.31484375 0.3828125 0.16875 0.1203125
0 0.48671875 0.43359375 0.1328125 0.090625
0 0.71328125 0.49921875 0.225 0.1203125
0 0.19453125 0.48515625 0.175 0.1234375
0 0.384375 0.53671875 0.1171875 0.1
0 0.53515625 0.56796875 0.121875 0.0921875
0 0.7171875 0.62421875 0.128125 0.0828125
0 0.0546875 0.80390625 0.0984375 0.08125
0 0.259375 0.85859375 0.2046875 0.1078125
0 0.62734375 0.94296875 0.125 0.1015625