0 0.02421875 0.09765625 0.046875 0.028125
0 0.2765625 0.075 0.0984375 0.0328125
0 0.33671875 0.06875 0.0171875 0.021875
0 0.365625 0.071875 0.03125 0.025
0 0.41484375 0.06171875 0.0578125 0.0265625
0 0.45625 0.0609375 0.01875 0.0171875
0 0.51171875 0.05234375 0.0875 0.0296875
0 0.72265625 0.02734375 0.0484375 0.025
0 0.75859375 0.02265625 0.015625 0.0203125
0 0.81796875 0.01796875 0.096875 0.034375
0 0.04765625 0.1734375 0.0953125 0.075
0 0.14765625 0.14296875 0.109375 0.0890625
0 0.2453125 0.14765625 0.0578125 0.0796875
0 0.30390625 0.14140625 0.0328125 0.040625
0 0.39296875 0.13359375 0.1015625 0.040625
0 0.53046875 0.12265625 0.1140625 0.0390625
0 0.178125 0.2078125 0.1234375 0.059375
0 0.30546875 0.20234375 0.0703125 0.0578125
0 0.41875 0.19453125 0.1234375 0.0609375
0 0.52578125 0.17109375 0.06875 0.04375
0 0.59765625 0.15703125 0.065625 0.0375
0 0.19375 0.2625 0.1375 0.053125
0 0.29921875 0.2484375 0.040625 0.04375
0 0.40859375 0.24765625 0.11875 0.065625
0 0.515625 0.2328125 0.0578125 0.0390625
0 0.65 0.209375 0.1375 0.0546875
0 0.20859375 0.325 0.14375 0.0609375
0 0.33984375 0.31171875 0.0390625 0.05
0 0.45859375 0.31015625 0.1421875 0.0984375
0 0.5953125 0.275 0.0921875 0.0546875
0 0.18125 0.38125 0.0921875 0.0390625
0 0.2625 0.37421875 0.0390625 0.0296875
0 0.33203125 0.36484375 0.0703125 0.03125
0 0.45546875 0.34453125 0.1328125 0.0484375
0 0.578125 0.328125 0.090625 0.046875
0 0.68359375 0.3140625 0.096875 0.05625
0 0.15390625 0.43203125 0.05 0.0390625
0 0.22734375 0.425 0.028125 0.0390625
0 0.31953125 0.4125 0.115625 0.0484375
0 0.42578125 0.4046875 0.0265625 0.01875
0 0.5 0.396875 0.0890625 0.08125
0 0.58984375 0.37109375 0.0640625 0.05
0 0.66953125 0.36796875 0.05625 0.034375
0 0.203125 0.47890625 0.1234375 0.0578125
0 0.34296875 0.4578125 0.1 0.0515625
0 0.4578125 0.47890625 0.0734375 0.078125
0 0.584375 0.43984375 0.1375 0.05
0 0.1046875 0.54296875 0.1078125 0.0703125
0 0.228125 0.546875 0.1 0.0953125
0 0.33046875 0.5203125 0.0890625 0.053125
0 0.40546875 0.5109375 0.03125 0.034375
0 0.471875 0.5078125 0.0703125 0.0703125
0 0.5390625 0.4890625 0.034375 0.04375
0 0.58515625 0.4828125 0.0390625 0.059375
0 0.6515625 0.46640625 0.075 0.0625
0 0.20546875 0.590625 0.04375 0.053125
0 0.28359375 0.578125 0.05625 0.05
0 0.36875 0.56171875 0.075 0.0609375
0 0.4453125 0.56328125 0.0484375 0.0375
0 0.50234375 0.53984375 0.040625 0.05
0 0.5703125 0.53984375 0.065625 0.040625
0 0.63359375 0.53828125 0.0484375 0.071875
0 0.69140625 0.5140625 0.0609375 0.0515625
0 0.23828125 0.65390625 0.115625 0.0984375
0 0.34453125 0.63515625 0.0984375 0.08125
0 0.434375 0.6265625 0.059375 0.0828125
0 0.50703125 0.61796875 0.0703125 0.08125
0 0.590625 0.584375 0.0765625 0.059375
0 0.68046875 0.5734375 0.0921875 0.0515625
0 0.23359375 0.70703125 0.0375 0.0375
0 0.309375 0.69140625 0.0984375 0.08125
0 0.3984375 0.67734375 0.0453125 0.03125
0 0.4953125 0.66640625 0.1484375 0.0796875
0 0.596875 0.64765625 0.0546875 0.075
0 0.66640625 0.6421875 0.0671875 0.0859375
0 0.71953125 0.61640625 0.0609375 0.0640625
0 0.23671875 0.75390625 0.0671875 0.053125
0 0.334375 0.74453125 0.1078125 0.0890625
0 0.42890625 0.7125 0.0671875 0.0484375
0 0.5109375 0.70234375 0.090625 0.065625
0 0.8671875 0.640625 0.1828125 0.0765625
0 0.0625 0.82734375 0.0234375 0.0234375
0 0.1109375 0.81953125 0.0640625 0.0296875
0 0.17734375 0.8078125 0.0625 0.0328125
0 0.22421875 0.8015625 0.025 0.0234375
0 0.2640625 0.7921875 0.0546875 0.028125
0 0.31328125 0.78515625 0.034375 0.0265625
0 0.36328125 0.77578125 0.0578125 0.0375
0 0.93671875 0.025 0.0234375 0.05
0 0.95 0.121875 0.0296875 0.13125