0 0.0921875 0.078125 0.1296875 0.1140625
0 0.20390625 0.0828125 0.0328125 0.0421875
0 0.29921875 0.08046875 0.13125 0.059375
0 0.43984375 0.08359375 0.128125 0.05
0 0.53515625 0.08984375 0.01875 0.0234375
0 0.6125 0.07890625 0.08125 0.040625
0 0.68671875 0.08671875 0.040625 0.0515625
0 0.78046875 0.078125 0.115625 0.0515625
0 0.86796875 0.06875 0.05625 0.03125
0 0.875 0.12890625 0.05625 0.03125
0 0.74140625 0.15390625 0.159375 0.0671875
0 0.609375 0.14453125 0.0515625 0.0359375
0 0.51796875 0.14921875 0.0703125 0.0359375
0 0.43359375 0.14765625 0.0375 0.0359375
0 0.35703125 0.15078125 0.0703125 0.0375
0 0.275 0.14453125 0.0421875 0.0296875
0 0.16484375 0.13984375 0.1125 0.0484375
0 0.05390625 0.12890625 0.059375 0.046875
0 0.13515625 0.21875 0.2140625 0.11875
0 0.2796875 0.221875 0.03125 0.0296875
0 0.34765625 0.21328125 0.053125 0.0390625
0 0.4796875 0.23828125 0.121875 0.071875
0 0.44453125 0.27734375 0.0390625 0.0421875
0 0.53828125 0.2796875 0.096875 0.0453125
0 0.66328125 0.27890625 0.1203125 0.0703125
0 0.76171875 0.26953125 0.046875 0.046875
0 0.84375 0.26328125 0.0828125 0.05
0 0.92734375 0.26328125 0.0640625 0.0359375
0 0.15078125 0.275 0.1234375 0.0578125
0 0.3171875 0.2828125 0.1734375 0.071875
0 0.05 0.3546875 0.0796875 0.1078125
0 0.1453125 0.3453125 0.0484375 0.0390625
0 0.22578125 0.34765625 0.059375 0.04375
0 0.33984375 0.36875 0.1078125 0.0875
0 0.4390625 0.35234375 0.04375 0.03125
0 0.51796875 0.3453125 0.0484375 0.0390625
0 0.60078125 0.34453125 0.0859375 0.0421875
0 0.7015625 0.35625 0.0703125 0.0734375
0 0.79296875 0.33515625 0.0828125 0.040625
0 0.89453125 0.3296875 0.0859375 0.0375
0 0.94609375 0.3953125 0.0609375 0.0390625
0 0.83984375 0.415625 0.1625 0.1046875
0 0.73046875 0.40859375 0.05625 0.03125
0 0.63203125 0.4375 0.109375 0.1
0 0.5453125 0.43828125 0.0734375 0.0671875
0 0.45390625 0.428125 0.05 0.071875
0 0.37109375 0.42734375 0.0890625 0.0671875
0 0.25078125 0.415625 0.0953125 0.046875
0 0.12734375 0.4125 0.0859375 0.053125
0 0.040625 0.44765625 0.05625 0.0984375
0 0.09609375 0.48984375 0.0453125 0.0578125
0 0.1765625 0.4875 0.071875 0.04375
0 0.271875 0.48515625 0.1078125 0.0453125
0 0.35859375 0.48984375 0.0296875 0.0359375
0 0.44921875 0.48046875 0.1140625 0.0453125
0 0.5859375 0.4734375 0.14375 0.053125
0 0.77421875 0.4859375 0.19375 0.1015625
0 0.89453125 0.46953125 0.0453125 0.03125
0 0.915625 0.55390625 0.115625 0.09375
0 0.81796875 0.53671875 0.0515625 0.04375
0 0.71953125 0.54375 0.103125 0.0421875
0 0.615625 0.553125 0.0375 0.05625
0 0.48203125 0.546875 0.175 0.05625
0 0.35 0.5625 0.04375 0.05625
0 0.27890625 0.559375 0.0171875 0.0234375
0 0.2109375 0.56015625 0.0375 0.034375
0 0.09140625 0.5515625 0.140625 0.0546875
0 0.1265625 0.59765625 0.13125 0.053125
0 0.1078125 0.65 0.1640625 0.0890625
0 0.25234375 0.628125 0.028125 0.03125
0 0.3296875 0.62734375 0.065625 0.040625
0 0.40546875 0.6265625 0.0390625 0.03125
0 0.46953125 0.6265625 0.0203125 0.025
0 0.53359375 0.61484375 0.05 0.0453125
0 0.60546875 0.6328125 0.05625 0.0828125
0 0.6703125 0.609375 0.03125 0.05
0 0.76171875 0.60546875 0.125 0.0484375
0 0.8546875 0.60234375 0.0421875 0.0625
0 0.9359375 0.5890625 0.0921875 0.05625
0 0.909375 0.67265625 0.04375 0.0265625
0 0.81171875 0.67578125 0.121875 0.046875
0 0.7125 0.68046875 0.0578125 0.046875
0 0.58984375 0.68125 0.14375 0.053125
0 0.43984375 0.69140625 0.1140625 0.0453125
0 0.3125 0.69375 0.1078125 0.05625
0 0.19609375 0.70546875 0.0921875 0.0390625
0 0.07421875 0.70546875 0.06875 0.0453125
0 0.1265625 0.7953125 0.134375 0.109375
0 0.22734375 0.7703125 0.03125 0.0359375
0 0.25234375 0.7359375 0.0453125 0.04375
0 0.32890625 0.76953125 0.146875 0.053125
0 0.49453125 0.76328125 0.1296875 0.04375
0 0.6328125 0.7609375 0.10625 0.0625
0 0.75 0.76796875 0.09375 0.065625
0 0.8625 0.746875 0.0859375 0.0484375
0 0.953125 0.73828125 0.0703125 0.046875
0 0.9609375 0.8203125 0.0359375 0.05
0 0.90546875 0.82578125 0.0734375 0.0796875
0 0.834375 0.82109375 0.0484375 0.0421875
0 0.75078125 0.821875 0.0890625 0.096875
0 0.634375 0.82578125 0.1359375 0.046875
0 0.5234375 0.83125 0.0375 0.0359375
0 0.421875 0.8546875 0.11875 0.0765625
0 0.31640625 0.84453125 0.04375 0.0296875
0 0.2328125 0.84609375 0.0578125 0.0390625
0 0.12109375 0.85 0.103125 0.05
0 0.1046875 0.9265625 0.0578125 0.0515625
0 0.18046875 0.93828125 0.0453125 0.059375
0 0.2609375 0.92421875 0.0515625 0.05625
0 0.36171875 0.9390625 0.0890625 0.0921875
0 0.45390625 0.91953125 0.0484375 0.0359375
0 0.5125 0.90859375 0.0234375 0.025
0 0.60703125 0.896875 0.084375 0.0609375
0 0.709375 0.9359375 0.0984375 0.1109375
0 0.56796875 0.76171875 0.0125 0.009375