0 0.04765625 0.35390625 0.040625 0.05
0 0.10390625 0.33671875 0.0578125 0.059375
0 0.21796875 0.3546875 0.10625 0.0609375
0 0.371875 0.3359375 0.1421875 0.053125
0 0.53125 0.328125 0.109375 0.0546875
0 0.671875 0.31953125 0.1328125 0.065625
0 0.84921875 0.33046875 0.2046875 0.090625
0 0.1640625 0.42109375 0.1640625 0.0765625
0 0.3234375 0.41171875 0.08125 0.0609375
0 0.465625 0.4109375 0.1421875 0.071875
0 0.6609375 0.384375 0.1828125 0.078125
0 0.8078125 0.38359375 0.0765625 0.053125
0 0.91640625 0.3796875 0.096875 0.0640625
0 0.1140625 0.49296875 0.0484375 0.046875
0 0.2375 0.4828125 0.1 0.040625
0 0.42734375 0.47890625 0.15625 0.0828125