0 0.22578125 0.175 0.1640625 0.059375
0 0.434375 0.21484375 0.1234375 0.0859375
0 0.60390625 0.20625 0.1609375 0.103125
0 0.74375 0.22734375 0.06875 0.075
0 0.15625 0.2671875 0.053125 0.0390625
0 0.309375 0.27265625 0.15625 0.0703125
0 0.5296875 0.30078125 0.1453125 0.0671875
0 0.66171875 0.3046875 0.028125 0.0125
0 0.74296875 0.3125 0.0609375 0.065625
0 0.8359375 0.31328125 0.0640625 0.0765625
0 0.2453125 0.3890625 0.23125 0.1046875
0 0.4375 0.3796875 0.0484375 0.0484375
0 0.5703125 0.375 0.1546875 0.121875
0 0.75234375 0.4296875 0.1515625 0.078125
0 0.27421875 0.47890625 0.2890625 0.0921875
0 0.4984375 0.50625 0.0734375 0.0640625
0 0.70390625 0.52421875 0.2359375 0.0796875
0 0.20625 0.58046875 0.1578125 0.078125
0 0.3453125 0.6125 0.05625 0.05
0 0.49453125 0.63125 0.1515625 0.0875
0 0.7171875 0.67109375 0.246875 0.1765625
0 0.1390625 0.8640625 0.071875 0.0625
0 0.346875 0.8875 0.2328125 0.0890625
0 0.6296875 0.90859375 0.1359375 0.0859375