0 0.4875 0.06875 0.1671875 0.071875
0 0.67265625 0.11953125 0.196875 0.0875
0 0.46015625 0.11640625 0.1875 0.071875
0 0.7078125 0.175 0.2296875 0.090625
0 0.89375 0.2125 0.09375 0.0546875
0 0.26484375 0.1265625 0.175 0.0765625
0 0.53046875 0.18125 0.2671875 0.09375
0 0.82109375 0.25859375 0.21875 0.096875
0 0.3 0.1890625 0.265625 0.10625
0 0.5328125 0.23359375 0.1515625 0.0625
0 0.66640625 0.25546875 0.0828125 0.0453125
0 0.79375 0.2859375 0.128125 0.0578125
0 0.315625 0.23203125 0.3125 0.1171875
0 0.6 0.28828125 0.1890625 0.0796875
0 0.7609375 0.31953125 0.09375 0.0484375
0 0.3234375 0.27890625 0.3484375 0.1390625
0 0.546875 0.315625 0.053125 0.0296875
0 0.76015625 0.3546875 0.3328125 0.121875
0 0.16875 0.27734375 0.0734375 0.0390625
0 0.315625 0.30625 0.1484375 0.0671875
0 0.48046875 0.33203125 0.078125 0.0484375
0 0.6859375 0.39140625 0.296875 0.125
0 0.14375 0.3109375 0.0828125 0.0453125
0 0.29140625 0.3546875 0.1296875 0.0671875
0 0.43046875 0.37578125 0.10625 0.0546875
0 0.48828125 0.3890625 0.021875 0.0359375
0 0.54609375 0.403125 0.0875 0.0453125
0 0.659375 0.42890625 0.0859375 0.05
0 0.78359375 0.4421875 0.1625 0.0890625
0 0.13359375 0.35546875 0.0578125 0.0390625
0 0.275 0.3921875 0.1359375 0.0640625
0 0.428125 0.42421875 0.121875 0.0671875
0 0.6359375 0.478125 0.2703125 0.1171875
0 0.1796875 0.4171875 0.1953125 0.075
0 0.3953125 0.47109375 0.1296875 0.0734375
0 0.56953125 0.50546875 0.18125 0.0796875
0 0.70546875 0.528125 0.0734375 0.0375
0 0.803125 0.55 0.1171875 0.059375
0 0.1796875 0.4546875 0.2234375 0.0921875
0 0.34140625 0.48984375 0.075 0.0390625
0 0.4828125 0.5265625 0.1375 0.06875
0 0.684375 0.565625 0.2109375 0.0890625
0 0.08046875 0.47890625 0.0578125 0.0453125
0 0.23203125 0.5125 0.1296875 0.05625
0 0.39296875 0.55625 0.1390625 0.0625
0 0.61640625 0.6 0.24375 0.0921875
0 0.09921875 0.525 0.128125 0.05625
0 0.29453125 0.57578125 0.1984375 0.075
0 0.53203125 0.62890625 0.2421875 0.0859375
0 0.74453125 0.6796875 0.1515625 0.065625
0 0.0890625 0.5734375 0.1265625 0.065625
0 0.2203125 0.596875 0.0625 0.0328125
0 0.43515625 0.64609375 0.3125 0.1015625
0 0.065625 0.62265625 0.1 0.046875
0 0.13984375 0.63828125 0.04375 0.028125
0 0.196875 0.6546875 0.0703125 0.0375
0 0.45703125 0.7140625 0.203125 0.0703125
0 0.71640625 0.7796875 0.0828125 0.0375
0 0.05703125 0.690625 0.1140625 0.065625
0 0.13046875 0.70703125 0.0203125 0.03125
0 0.17578125 0.72421875 0.0671875 0.0421875
0 0.2859375 0.74453125 0.1421875 0.0609375
0 0.3796875 0.7734375 0.046875 0.04375
0 0.5921875 0.81796875 0.3234375 0.1234375
0 0.56875 0.86875 0.1984375 0.0921875
0 0.065625 0.7578125 0.128125 0.0578125
0 0.196875 0.790625 0.134375 0.0625
0 0.3171875 0.82265625 0.10625 0.0578125
0 0.40703125 0.8453125 0.071875 0.0484375
0 0.6625 0.90234375 0.171875 0.0875
0 0.02890625 0.8 0.0578125 0.05
0 0.075 0.81953125 0.0265625 0.0265625
0 0.184375 0.84765625 0.084375 0.04375
0 0.34765625 0.8875 0.071875 0.0578125
0 0.49296875 0.9203125 0.0828125 0.0578125
0 0.55234375 0.93359375 0.034375 0.025
0 0.62578125 0.9453125 0.0578125 0.040625
0 0.7546875 0.97109375 0.103125 0.0578125
0 0.73671875 0.9828125 0.0921875 0.034375
0 0.665625 0.7015625 0.09375 0.05625
0 0.80390625 0.640625 0.1203125 0.053125