0 0.22578125 0.14453125 0.1578125 0.0734375
0 0.87265625 0.2359375 0.1453125 0.0875
0 0.20625 0.21328125 0.15 0.0625
0 0.37734375 0.2359375 0.1640625 0.071875
0 0.50625 0.265625 0.059375 0.05
0 0.58984375 0.275 0.096875 0.065625
0 0.73359375 0.3015625 0.165625 0.078125
0 0.86484375 0.31953125 0.06875 0.0625
0 0.2015625 0.30234375 0.184375 0.0828125
0 0.33203125 0.30625 0.05625 0.0484375
0 0.40546875 0.33125 0.08125 0.0515625
0 0.50625 0.334375 0.1078125 0.059375
0 0.61640625 0.35546875 0.096875 0.0625
0 0.7203125 0.384375 0.1046875 0.09375
0 0.85546875 0.39609375 0.14375 0.0828125
0 0.15234375 0.35546875 0.096875 0.05625
0 0.27109375 0.37734375 0.1140625 0.065625
0 0.36796875 0.38125 0.0546875 0.0671875
0 0.47265625 0.40078125 0.1484375 0.0828125
0 0.625 0.43046875 0.1171875 0.0734375
0 0.725 0.446875 0.071875 0.0703125
0 0.80859375 0.4546875 0.0890625 0.05625
0 0.13515625 0.4265625 0.0796875 0.059375
0 0.22265625 0.4421875 0.1078125 0.071875
0 0.334375 0.47265625 0.128125 0.1046875
0 0.446875 0.47265625 0.0890625 0.0515625
0 0.5765625 0.47578125 0.1375 0.065625
0 0.69296875 0.49765625 0.0984375 0.053125
0 0.77421875 0.50703125 0.0828125 0.05625
0 0.8640625 0.5265625 0.0859375 0.0828125
0 0.125 0.4890625 0.08125 0.05
0 0.2609375 0.51015625 0.1671875 0.1125
0 0.39453125 0.515625 0.09375 0.053125
0 0.50703125 0.5203125 0.11875 0.0609375
0 0.62734375 0.55234375 0.1296875 0.0828125
0 0.746875 0.5609375 0.10625 0.0703125
0 0.8484375 0.5765625 0.1140625 0.0640625
0 0.14375 0.53984375 0.1109375 0.053125
0 0.26015625 0.546875 0.0875 0.0515625
0 0.3375 0.55703125 0.0578125 0.0640625
0 0.41796875 0.559375 0.0953125 0.05625
0 0.53984375 0.58359375 0.1421875 0.06875