0 0.27265625 0.0625 0.0109375 0.025
0 0.303125 0.0703125 0.046875 0.0359375
0 0.3734375 0.0828125 0.090625 0.0390625
0 0.43671875 0.09453125 0.03125 0.0265625
0 0.2921875 0.1359375 0.2 0.075
0 0.21953125 0.228125 0.06875 0.0359375
0 0.25859375 0.234375 0.00625 0.0171875
0 0.2859375 0.2390625 0.0375 0.0234375
0 0.3453125 0.2546875 0.084375 0.0328125
0 0.2578125 0.2859375 0.209375 0.09375
0 0.1671875 0.31640625 0.040625 0.0359375
0 0.296875 0.34453125 0.2140625 0.084375
0 0.48125 0.3828125 0.1421875 0.0609375
0 0.596875 0.40234375 0.0578125 0.05
0 0.68828125 0.42265625 0.0890625 0.0546875
0 0.23828125 0.38359375 0.1375 0.075
0 0.446875 0.42890625 0.278125 0.1046875
0 0.17734375 0.50078125 0.0875 0.040625
0 0.56640625 0.56171875 0.065625 0.0359375
0 0.703125 0.58515625 0.1546875 0.0703125
0 0.21171875 0.553125 0.16875 0.0546875
0 0.440625 0.596875 0.18125 0.0734375
0 0.6390625 0.61953125 0.134375 0.0578125
0 0.221875 0.59765625 0.1921875 0.078125
0 0.50546875 0.64375 0.25 0.0921875
0 0.675 0.6703125 0.0640625 0.0421875
0 0.15859375 0.64140625 0.0515625 0.0390625
0 0.2703125 0.6546875 0.0921875 0.0484375
0 0.3625 0.6796875 0.0453125 0.0453125
0 0.50078125 0.69296875 0.1671875 0.06875
0 0.22734375 0.05625 0.075 0.040625
0 0.4140625 0.265625 0.0578125 0.0296875
0 0.37265625 0.53046875 0.2296875 0.078125
0 0.22890625 0.4546875 0.178125 0.0734375