0 0.25390625 0.68671875 0.2421875 0.0984375
0 0.3265625 0.74296875 0.2609375 0.09375
0 0.2765625 0.40625 0.20625 0.0984375
0 0.584375 0.4578125 0.146875 0.0953125
0 0.2125 0.590625 0.19375 0.1
0 0.83828125 0.253125 0.1984375 0.075
0 0.7578125 0.11015625 0.1796875 0.078125
0 0.4859375 0.3875 0.165625 0.0890625
0 0.4265625 0.5390625 0.15625 0.0890625
0 0.671875 0.4078125 0.1359375 0.0796875
0 0.21328125 0.78359375 0.1671875 0.096875
0 0.8546875 0.553125 0.1328125 0.084375
0 0.53125 0.59609375 0.1265625 0.0875
0 0.32421875 0.1515625 0.146875 0.071875
0 0.70859375 0.31328125 0.1484375 0.0796875
0 0.75703125 0.75546875 0.128125 0.078125
0 0.28984375 0.08984375 0.121875 0.0828125
0 0.64140625 0.15 0.1328125 0.0734375
0 0.80546875 0.159375 0.153125 0.06875
0 0.9265625 0.40234375 0.1015625 0.1125
0 0.69140625 0.590625 0.140625 0.0734375
0 0.1640625 0.09765625 0.1125 0.0828125
0 0.59765625 0.09609375 0.115625 0.071875
0 0.89140625 0.7515625 0.103125 0.08125
0 0.434375 0.10703125 0.140625 0.0640625
0 0.121875 0.38203125 0.1265625 0.0984375
0 0.1453125 0.146875 0.15625 0.059375
0 0.1203125 0.7421875 0.11875 0.0859375
0 0.31171875 0.45 0.1328125 0.0890625
0 0.396875 0.60625 0.1046875 0.0671875
0 0.75078125 0.5375 0.1109375 0.0734375
0 0.91796875 0.1046875 0.103125 0.071875
0 0.465625 0.440625 0.1015625 0.0765625
0 0.84609375 0.6 0.1171875 0.0765625
0 0.48125 0.1546875 0.1203125 0.06875
0 0.4671875 0.68515625 0.1140625 0.0765625
0 0.53203125 0.7421875 0.0890625 0.0703125
0 0.9484375 0.17109375 0.084375 0.0765625
0 0.18515625 0.01640625 0.1203125 0.0328125
0 0.62265625 0.759375 0.090625 0.0921875
0 0.79296875 0.68359375 0.0953125 0.0921875
0 0.1765625 0.5296875 0.1015625 0.0609375
0 0.1671875 0.43828125 0.1078125 0.053125
0 0.3640625 0.30078125 0.0984375 0.0640625
0 0.1390625 0.23359375 0.0859375 0.0625
0 0.36484375 0.78984375 0.0984375 0.0703125
0 0.06875 0.775 0.0875 0.059375
0 0.8 0.38515625 0.0875 0.0671875
0 0.6203125 0.53671875 0.0796875 0.0640625
0 0.246875 0.31171875 0.0828125 0.06875
0 0.6734375 0.6921875 0.0859375 0.05625
0 0.05390625 0.578125 0.0828125 0.0671875
0 0.41328125 0.259375 0.078125 0.0703125
0 0.0390625 0.51953125 0.0265625 0.0421875
0 0.52109375 0.24921875 0.0890625 0.059375
0 0.56875 0.3 0.0765625 0.05625
0 0.30078125 0.521875 0.0796875 0.0734375
0 0.33359375 0.24375 0.0546875 0.08125
0 0.68671875 0.240625 0.0796875 0.075
0 0.06796875 0.2328125 0.0359375 0.0421875
0 0.03515625 0.6640625 0.03125 0.0390625
0 0.08125 0.6734375 0.0625 0.0640625
0 0.45078125 0.790625 0.0671875 0.0609375
0 0.88984375 0.7015625 0.075 0.059375
0 0.6078125 0.24921875 0.059375 0.0546875
0 0.05390625 0.38515625 0.0296875 0.034375
0 0.24375 0.24140625 0.0609375 0.0515625
0 0.06640625 0.2921875 0.0671875 0.04375
0 0.15625 0.2984375 0.046875 0.06875
0 0.94609375 0.54296875 0.0546875 0.08125
0 0.07578125 0.0875 0.025 0.0390625
0 0.459375 0.28671875 0.0671875 0.059375
0 0.95625 0.7 0.0390625 0.08125
0 0.96484375 0.2546875 0.0484375 0.0640625
0 0.05 0.42890625 0.0375 0.0484375
0 0.0296875 0.725 0.0328125 0.03125
0 0.075 0.52265625 0.0109375 0.0515625
0 0.54609375 0.5359375 0.0125 0.046875
0 0.96171875 0.7609375 0.0390625 0.065625
0 0.578125 0.69375 0.046875 0.0484375