0 0.2421875 0.128125 0.26875 0.25625
0 0.47890625 0.18125 0.2375 0.1796875
0 0.62421875 0.20859375 0.0828125 0.140625
0 0.72109375 0.2296875 0.165625 0.1953125
0 0.8890625 0.30546875 0.221875 0.1953125
0 0.15546875 0.29140625 0.128125 0.16875
0 0.2484375 0.33125 0.1125 0.1578125
0 0.4078125 0.3875 0.2515625 0.1796875
0 0.54296875 0.42734375 0.0734375 0.1234375
0 0.690625 0.47734375 0.26875 0.184375
0 0.903125 0.55 0.190625 0.2140625
0 0.07890625 0.5515625 0.1078125 0.134375
0 0.17421875 0.59609375 0.1390625 0.1953125
0 0.2890625 0.6 0.125 0.15
0 0.4140625 0.6375 0.1578125 0.175
0 0.53125 0.67734375 0.10625 0.134375
0 0.62734375 0.67421875 0.0890625 0.1484375
0 0.746875 0.7140625 0.20625 0.1984375
0 0.88515625 0.75859375 0.125 0.1703125
0 0.07265625 0.79140625 0.1453125 0.1796875