0 0.51953125 0.05859375 0.1734375 0.0796875
0 0.709375 0.11953125 0.2078125 0.0984375
0 0.425 0.0875 0.1671875 0.0828125
0 0.66875 0.16875 0.315625 0.1421875
0 0.87890625 0.21328125 0.0734375 0.04375
0 0.31796875 0.1125 0.2578125 0.10625
0 0.525 0.16796875 0.1078125 0.0609375
0 0.6921875 0.21015625 0.178125 0.090625
0 0.275 0.15625 0.221875 0.1078125
0 0.4890625 0.19609375 0.159375 0.0984375
0 0.64609375 0.24765625 0.15 0.075
0 0.78984375 0.28828125 0.134375 0.071875
0 0.20390625 0.2 0.1328125 0.0625
0 0.3703125 0.240625 0.1734375 0.071875
0 0.6703125 0.315625 0.4140625 0.159375
0 0.2640625 0.27421875 0.2640625 0.1140625
0 0.49609375 0.33125 0.1671875 0.071875
0 0.7375 0.38359375 0.2890625 0.121875
0 0.1390625 0.30234375 0.084375 0.0515625
0 0.340625 0.34921875 0.278125 0.11875
0 0.56328125 0.4109375 0.11875 0.06875
0 0.7078125 0.45 0.1796875 0.0890625
0 0.2109375 0.3734375 0.2296875 0.1140625
0 0.3703125 0.4140625 0.0828125 0.0453125
0 0.50390625 0.446875 0.125 0.0546875
0 0.71328125 0.48984375 0.3046875 0.1328125
0 0.125 0.3984375 0.0953125 0.053125
0 0.253125 0.434375 0.1234375 0.0609375
0 0.45390625 0.47578125 0.2453125 0.1046875
0 0.7390625 0.55546875 0.30625 0.13125
0 0.1546875 0.4609375 0.1859375 0.0859375
0 0.3296875 0.50859375 0.1921875 0.0921875
0 0.49609375 0.55390625 0.11875 0.0734375
0 0.26484375 0.55546875 0.4171875 0.1671875
0 0.575 0.63359375 0.1828125 0.08125
0 0.21484375 0.58046875 0.3765625 0.15
0 0.46796875 0.653125 0.13125 0.08125
0 0.66171875 0.69765625 0.253125 0.115625
0 0.06328125 0.6109375 0.10625 0.0515625
0 0.1421875 0.62890625 0.05 0.0328125
0 0.19921875 0.6484375 0.071875 0.0421875
0 0.45859375 0.71796875 0.203125 0.0734375
0 0.715625 0.7890625 0.0890625 0.04375
0 0.05859375 0.6828125 0.1171875 0.071875
0 0.12890625 0.69921875 0.028125 0.0359375
0 0.1765625 0.7140625 0.0734375 0.04375
0 0.28515625 0.74140625 0.146875 0.065625
0 0.37890625 0.771875 0.0546875 0.0546875
0 0.57734375 0.81796875 0.2125 0.1109375
0 0.0625 0.74765625 0.125 0.0640625
0 0.19375 0.78359375 0.1421875 0.0671875
0 0.31484375 0.81640625 0.11875 0.0609375
0 0.4015625 0.8453125 0.0734375 0.053125
0 0.0265625 0.784375 0.053125 0.096875
0 0.096875 0.81484375 0.103125 0.0921875
0 0.19453125 0.84140625 0.0953125 0.0875
0 0.28984375 0.8703125 0.0984375 0.1015625
0 0.375 0.88984375 0.0453125 0.0328125
0 0.484375 0.91171875 0.0640625 0.046875
0 0.3359375 0.9359375 0.1734375 0.071875
0 0.21484375 0.90234375 0.078125 0.04375