0 0.22890625 0.04375 0.1109375 0.0734375
0 0.39375 0.08046875 0.175 0.084375
0 0.5609375 0.13984375 0.109375 0.0640625
0 0.73671875 0.16015625 0.153125 0.0953125
0 0.259375 0.15234375 0.240625 0.096875
0 0.46875 0.21171875 0.215625 0.109375
0 0.6828125 0.25078125 0.1296875 0.0609375
0 0.85390625 0.28671875 0.1671875 0.09375
0 0.15625 0.2296875 0.1875 0.1
0 0.3515625 0.27265625 0.1375 0.0796875
0 0.578125 0.33671875 0.3203125 0.1625
0 0.8734375 0.40859375 0.253125 0.1421875
0 0.1078125 0.3296875 0.128125 0.08125
0 0.24375 0.371875 0.2015625 0.109375
0 0.44296875 0.4296875 0.1703125 0.115625
0 0.56640625 0.45390625 0.065625 0.034375
0 0.7578125 0.4921875 0.25625 0.15
0 0.10390625 0.434375 0.1484375 0.084375
0 0.234375 0.50078125 0.109375 0.0984375
0 0.38671875 0.50625 0.1921875 0.096875
0 0.5953125 0.55703125 0.1328125 0.078125
0 0.71953125 0.590625 0.15625 0.0859375
0 0.87109375 0.659375 0.115625 0.0796875
0 0.10078125 0.55859375 0.2015625 0.1265625
0 0.23828125 0.59140625 0.075 0.0375
0 0.3609375 0.63671875 0.115625 0.075
0 0.44296875 0.6765625 0.01875 0.0171875
0 0.5609375 0.67734375 0.1671875 0.1