0 0.1734375 0.0671875 0.196875 0.134375
0 0.42265625 0.0734375 0.2609375 0.146875
0 0.58203125 0.1125 0.06875 0.1546875
0 0.7109375 0.09765625 0.225 0.1640625
0 0.146875 0.2109375 0.15625 0.1125
0 0.31328125 0.25390625 0.159375 0.1890625
0 0.53828125 0.26328125 0.271875 0.15
0 0.1296875 0.409375 0.1984375 0.1453125
0 0.271875 0.3984375 0.06875 0.0953125
0 0.35859375 0.41484375 0.09375 0.09375
0 0.49140625 0.45625 0.196875 0.1859375
0 0.640625 0.44921875 0.084375 0.0921875
0 0.753125 0.46796875 0.165625 0.1125
0 0.909375 0.515625 0.1421875 0.1390625
0 0.05 0.53671875 0.0671875 0.0875
0 0.12578125 0.55234375 0.0953125 0.103125
0 0.2609375 0.56875 0.1828125 0.134375
0 0.4046875 0.56640625 0.1 0.103125
0 0.515625 0.60390625 0.134375 0.1109375
0 0.61171875 0.61796875 0.0703125 0.090625
0 0.71640625 0.6203125 0.14375 0.1140625
0 0.034375 0.71796875 0.06875 0.0890625
0 0.1671875 0.71484375 0.165625 0.1203125
0 0.340625 0.73671875 0.15625 0.1015625
0 0.58828125 0.7703125 0.3203125 0.146875
0 0.7671875 0.796875 0.053125 0.0703125
0 0.86484375 0.809375 0.1234375 0.10625
0 0.0828125 0.878125 0.165625 0.134375