0 0.0421875 0.17734375 0.084375 0.1265625
0 0.17578125 0.14375 0.209375 0.1109375
0 0.3765625 0.103125 0.1578125 0.075
0 0.4984375 0.08046875 0.034375 0.04375
0 0.61953125 0.04921875 0.19375 0.0890625
0 0.75234375 0.02578125 0.0703125 0.0515625
0 0.11015625 0.2640625 0.2203125 0.109375
0 0.271875 0.22265625 0.0796875 0.0671875
0 0.36953125 0.19921875 0.1109375 0.0765625
0 0.603125 0.15859375 0.25625 0.1421875
0 0.78515625 0.08984375 0.084375 0.0734375
0 0.06640625 0.3734375 0.1328125 0.1
0 0.22109375 0.32734375 0.1375 0.0828125
0 0.40078125 0.29609375 0.2078125 0.1
0 0.54921875 0.25625 0.0703125 0.06875
0 0.70703125 0.22734375 0.203125 0.10625
0 0.8640625 0.18984375 0.1015625 0.0734375
0 0.034375 0.4671875 0.06875 0.06875
0 0.1828125 0.4359375 0.2171875 0.1203125
0 0.09609375 0.55625 0.1375 0.084375
0 0.31484375 0.50625 0.2921875 0.13125
0 0.565625 0.4578125 0.178125 0.0953125
0 0.828125 0.40234375 0.3203125 0.11875
0 0.05859375 0.66484375 0.059375 0.065625
0 0.16953125 0.646875 0.146875 0.1
0 0.3203125 0.60546875 0.1546875 0.08125
0 0.43046875 0.5890625 0.040625 0.0578125
0 0.5546875 0.5546875 0.184375 0.096875
0 0.68984375 0.5203125 0.0578125 0.0671875
0 0.85078125 0.49140625 0.2625 0.14375
0 0.15546875 0.7765625 0.2140625 0.1671875
0 0.30625 0.7078125 0.084375 0.0859375
0 0.4125 0.68671875 0.128125 0.0953125
0 0.59140625 0.64921875 0.1703125 0.0921875
0 0.7546875 0.62265625 0.140625 0.128125
0 0.921875 0.59765625 0.15625 0.1453125
0 0.13515625 0.8546875 0.134375 0.090625
0 0.2859375 0.8140625 0.1546875 0.090625
0 0.44140625 0.7875 0.14375 0.103125
0 0.59453125 0.74453125 0.1515625 0.0875
0 0.81015625 0.69921875 0.234375 0.121875
0 0.22109375 0.94140625 0.2515625 0.1171875
0 0.43515625 0.9 0.159375 0.109375
0 0.553125 0.87421875 0.1046875 0.0984375
0 0.6546875 0.84140625 0.103125 0.0703125
0 0.8546875 0.7953125 0.290625 0.11875