0 0.14765625 0.090625 0.0859375 0.0328125
0 0.3015625 0.1078125 0.20625 0.05625
0 0.1375 0.14296875 0.0703125 0.0328125
0 0.24609375 0.1609375 0.1359375 0.05625
0 0.48046875 0.16328125 0.0703125 0.0328125
0 0.56015625 0.1765625 0.040625 0.046875
0 0.62578125 0.184375 0.0671875 0.05625
0 0.6890625 0.19296875 0.0828125 0.0375
0 0.8140625 0.13125 0.040625 0.0265625
0 0.8140625 0.1796875 0.040625 0.028125
0 0.82421875 0.228125 0.059375 0.028125
0 0.8234375 0.27734375 0.0578125 0.028125
0 0.8125 0.32578125 0.0375 0.0265625
0 0.81015625 0.375 0.034375 0.0265625
0 0.190625 0.25 0.18125 0.0671875
0 0.365625 0.26875 0.1203125 0.0484375
0 0.54375 0.275 0.20625 0.0890625
0 0.6765625 0.2640625 0.015625 0.0546875
0 0.1671875 0.33359375 0.1578125 0.06875
0 0.3359375 0.3421875 0.1328125 0.078125
0 0.45 0.35859375 0.0515625 0.040625
0 0.57734375 0.346875 0.1765625 0.0640625
0 0.715625 0.353125 0.059375 0.0890625
0 0.18515625 0.4046875 0.196875 0.0671875
0 0.3125 0.4125 0.03125 0.05
0 0.38515625 0.4125 0.05625 0.05625
0 0.5140625 0.41328125 0.14375 0.071875
0 0.6640625 0.41875 0.1125 0.0609375
0 0.19296875 0.47890625 0.225 0.0796875
0 0.38515625 0.4859375 0.1265625 0.05
0 0.51015625 0.4953125 0.0984375 0.0734375
0 0.6125 0.4828125 0.071875 0.065625
0 0.68515625 0.49375 0.03125 0.0421875
0 0.17890625 0.57109375 0.2328125 0.08125
0 0.40859375 0.57734375 0.1921875 0.053125
0 0.5890625 0.58125 0.1546875 0.0984375
0 0.15078125 0.65 0.15 0.06875
0 0.29296875 0.64921875 0.075 0.065625
0 0.41875 0.65625 0.1203125 0.0640625
0 0.55390625 0.65234375 0.103125 0.0578125
0 0.7046875 0.671875 0.15625 0.084375
0 0.8171875 0.4734375 0.0546875 0.040625
0 0.81015625 0.57421875 0.040625 0.0359375
0 0.81875 0.72265625 0.065625 0.03125
0 0.1515625 0.78125 0.140625 0.0359375
0 0.27265625 0.78125 0.0828125 0.028125
0 0.4546875 0.77265625 0.25 0.0828125
0 0.11328125 0.834375 0.0625 0.03125
0 0.19140625 0.83828125 0.08125 0.0390625
0 0.81484375 0.8234375 0.059375 0.034375