0 0.0640625 0.146875 0.125 0.0640625
0 0.165625 0.1140625 0.0609375 0.0453125
0 0.0765625 0.184375 0.153125 0.0625
0 0.08984375 0.2140625 0.1484375 0.0640625
0 0.0953125 0.23828125 0.1203125 0.0515625
0 0.09296875 0.2375 0.11875 0.0515625
0 0.09765625 0.26796875 0.11875 0.0625
0 0.11640625 0.27421875 0.1140625 0.053125
0 0.0859375 0.3046875 0.075 0.0375
0 0.10703125 0.32109375 0.10625 0.04375
0 0.1203125 0.33984375 0.1078125 0.04375
0 0.1140625 0.3625 0.1015625 0.0390625
0 0.1421875 0.38203125 0.1421875 0.053125
0 0.15234375 0.40390625 0.1625 0.075
0 0.26171875 0.37421875 0.0796875 0.0453125
0 0.15234375 0.4171875 0.1375 0.0484375
0 0.31796875 0.3984375 0.1875 0.078125
0 0.1921875 0.453125 0.2296875 0.071875
0 0.38671875 0.415625 0.2109375 0.065625
0 0.1765625 0.478125 0.1140625 0.0453125
0 0.303125 0.45625 0.1453125 0.053125
0 0.46640625 0.428125 0.1609375 0.059375
0 0.17890625 0.496875 0.10625 0.05
0 0.30078125 0.4828125 0.11875 0.053125
0 0.21953125 0.51796875 0.165625 0.0609375
0 0.2375 0.534375 0.1890625 0.0609375
0 0.19140625 0.55625 0.08125 0.0375
0 0.2828125 0.5453125 0.0953125 0.0375
0 0.36796875 0.53828125 0.06875 0.05
0 0.221875 0.57578125 0.1296875 0.05625
0 0.2265625 0.59765625 0.125 0.0453125
0 0.34453125 0.58125 0.078125 0.0375
0 0.240625 0.61796875 0.1421875 0.0515625
0 0.2484375 0.64296875 0.1609375 0.05625
0 0.40859375 0.6171875 0.1625 0.059375
0 0.28359375 0.65703125 0.2046875 0.06875
0 0.22265625 0.69140625 0.090625 0.046875
0 0.2734375 0.70625 0.1484375 0.0578125
0 0.43984375 0.678125 0.1703125 0.05625
0 0.26171875 0.7265625 0.1125 0.0484375
0 0.234375 0.75625 0.05625 0.040625
0 0.32265625 0.74453125 0.1125 0.04375
0 0.25859375 0.77890625 0.090625 0.0421875
0 0.365625 0.7640625 0.1 0.0484375
0 0.30859375 0.8 0.2609375 0.078125
0 0.28046875 0.834375 0.115625 0.040625
0 0.4375 0.80625 0.16875 0.0609375
0 0.28359375 0.85546875 0.1109375 0.0375
0 0.43125 0.83203125 0.1546875 0.053125
0 0.25078125 0.8765625 0.040625 0.025
0 0.371875 0.8625 0.1921875 0.059375
0 0.55390625 0.8265625 0.153125 0.0578125
0 0.29296875 0.88828125 0.1125 0.0390625
0 0.29765625 0.903125 0.1109375 0.0390625
0 0.3453125 0.91484375 0.175 0.0546875
0 0.34296875 0.9296875 0.171875 0.0578125
0 0.3359375 0.94921875 0.10625 0.0390625
0 0.37421875 0.9578125 0.2046875 0.0578125
0 0.4671875 0.07265625 0.2390625 0.0828125
0 0.4390625 0.1078125 0.08125 0.0484375
0 0.5484375 0.0796875 0.1515625 0.0640625
0 0.478125 0.1265625 0.146875 0.059375
0 0.50703125 0.153125 0.1890625 0.08125
0 0.528125 0.2 0.2625 0.0796875
0 0.77890625 0.15390625 0.20625 0.065625
0 0.56171875 0.21796875 0.2015625 0.0640625
0 0.57109375 0.2390625 0.215625 0.06875
0 0.73671875 0.20625 0.115625 0.0578125
0 0.84921875 0.1859375 0.146875 0.0625
0 0.515625 0.2734375 0.0796875 0.0421875
0 0.56328125 0.284375 0.1546875 0.0625
0 0.68359375 0.25546875 0.0859375 0.040625
0 0.56171875 0.31015625 0.1484375 0.0609375
0 0.7140625 0.28046875 0.1359375 0.059375
0 0.5703125 0.328125 0.1265625 0.0515625
0 0.59921875 0.3453125 0.16875 0.065625
0 0.62265625 0.36484375 0.2 0.0703125
0 0.63828125 0.3859375 0.1109375 0.04375
0 0.65546875 0.40625 0.0984375 0.0484375
0 0.70234375 0.41015625 0.1984375 0.0640625
0 0.7046875 0.4390625 0.2015625 0.065625
0 0.66015625 0.4609375 0.1078125 0.040625
0 0.759375 0.43671875 0.084375 0.0359375
0 0.68125 0.471875 0.1296875 0.0515625
0 0.809375 0.4484375 0.1140625 0.05625
0 0.6671875 0.49921875 0.1015625 0.0421875
0 0.796875 0.47421875 0.1515625 0.0625
0 0.684375 0.52109375 0.1140625 0.0453125
0 0.78125 0.8265625 0.0984375 0.0984375
0 0.9109375 0.83984375 0.0640625 0.03125