0 0.36953125 0.0375 0.078125 0.0375
0 0.02890625 0.19296875 0.0578125 0.0328125
0 0.16953125 0.1734375 0.0234375 0.01875
0 0.23359375 0.15234375 0.1015625 0.0421875
0 0.33046875 0.1203125 0.096875 0.046875
0 0.7421875 0.1515625 0.0765625 0.025
0 0.15234375 0.28515625 0.2046875 0.05
0 0.31640625 0.26015625 0.0765625 0.0265625
0 0.39375 0.24921875 0.06875 0.028125
0 0.12578125 0.321875 0.0515625 0.021875
0 0.18125 0.31796875 0.034375 0.01875
0 0.24296875 0.30625 0.05 0.0203125
0 0.2984375 0.29453125 0.0234375 0.01875
0 0.39140625 0.284375 0.1453125 0.040625
0 0.146875 0.3578125 0.125 0.034375
0 0.2375 0.340625 0.034375 0.021875
0 0.29453125 0.3328125 0.0546875 0.0234375
0 0.371875 0.321875 0.0703125 0.0265625
0 0.4625 0.30546875 0.08125 0.028125
0 0.1765625 0.3859375 0.0828125 0.0265625
0 0.26484375 0.37578125 0.0703125 0.0265625
0 0.3671875 0.35859375 0.1140625 0.0375
0 0.44453125 0.34296875 0.021875 0.021875
0 0.50390625 0.33515625 0.0828125 0.028125
0 0.1796875 0.42265625 0.1578125 0.0421875
0 0.3 0.4015625 0.065625 0.025
0 0.3859375 0.38984375 0.0875 0.028125
0 0.475 0.37578125 0.065625 0.025
0 0.5609375 0.36484375 0.0703125 0.0296875
0 0.62421875 0.353125 0.0515625 0.021875
0 0.290625 0.43828125 0.14375 0.034375
0 0.2171875 0.4859375 0.10625 0.0375
0 0.38046875 0.4578125 0.20625 0.0484375
0 0.16328125 0.5296875 0.09375 0.03125
0 0.2234375 0.51875 0.0234375 0.0140625
0 0.26875 0.5109375 0.0515625 0.0203125
0 0.38046875 0.49453125 0.1421875 0.04375
0 0.48671875 0.4796875 0.0359375 0.021875
0 0.5875 0.46328125 0.1359375 0.0359375
0 0.6765625 0.44765625 0.0328125 0.025
0 0.234375 0.55390625 0.0984375 0.0296875
0 0.38125 0.53203125 0.1859375 0.0421875
0 0.1671875 0.59453125 0.128125 0.0359375
0 0.25078125 0.58125 0.0265625 0.0234375
0 0.365625 0.56640625 0.1859375 0.0484375
0 0.17734375 0.6296875 0.1421875 0.0421875
0 0.33828125 0.60703125 0.1671875 0.0484375
0 0.45078125 0.590625 0.034375 0.021875
0 0.55859375 0.57109375 0.165625 0.040625
0 0.20703125 0.6609375 0.1421875 0.040625
0 0.3265625 0.6453125 0.090625 0.03125
0 0.39296875 0.63203125 0.025 0.01875
0 0.47890625 0.61875 0.1265625 0.040625
0 0.178125 0.7 0.1078125 0.0296875
0 0.30078125 0.68203125 0.1171875 0.0328125
0 0.41953125 0.6640625 0.125 0.0375
0 0.50625 0.65078125 0.025 0.021875
0 0.6046875 0.63671875 0.1578125 0.0390625
0 0.7453125 0.61875 0.096875 0.03125
0 0.2109375 0.7265625 0.115625 0.0375
0 0.29921875 0.71640625 0.0390625 0.0203125
0 0.43671875 0.69765625 0.23125 0.0546875
0 0.22109375 0.7671875 0.1515625 0.0421875
0 0.36640625 0.7453125 0.134375 0.0421875
0 0.51015625 0.72265625 0.1359375 0.0375
0 0.60078125 0.709375 0.0234375 0.0203125
0 0.67890625 0.703125 0.1078125 0.028125
0 0.77890625 0.6875 0.065625 0.0234375
0 0.20546875 0.80234375 0.096875 0.0296875
0 0.31640625 0.7890625 0.1046875 0.0359375
0 0.3875 0.7765625 0.0171875 0.0171875
0 0.453125 0.7671875 0.0921875 0.0328125
0 0.2171875 0.8390625 0.1125 0.03125
0 0.34140625 0.821875 0.09375 0.0328125
0 0.4484375 0.80546875 0.0984375 0.0328125
0 0.5140625 0.79453125 0.021875 0.021875
0 0.56640625 0.79375 0.065625 0.0265625
0 0.3296875 0.15 0.0890625 0.0359375