0 0.72578125 0.1 0.0453125 0.0234375
0 0.7796875 0.1109375 0.04375 0.0203125
0 0.81484375 0.1203125 0.015625 0.0109375
0 0.8625 0.12578125 0.0734375 0.0328125
0 0.94375 0.13828125 0.08125 0.03125
0 0.68984375 0.1078125 0.015625 0.0125
0 0.875 0.14765625 0.0921875 0.0328125
0 0.88125 0.171875 0.0765625 0.03125
0 0.959375 0.18359375 0.075 0.028125
0 0.25234375 0.0328125 0.0421875 0.0359375
0 0.28515625 0.04296875 0.021875 0.0171875
0 0.33203125 0.053125 0.0421875 0.0234375
0 0.41875 0.07109375 0.10625 0.0421875
0 0.546875 0.09921875 0.025 0.0234375
0 0.56796875 0.10703125 0.025 0.0234375
0 0.21328125 0.05 0.04375 0.028125
0 0.24375 0.05859375 0.01875 0.01875
0 0.321875 0.08203125 0.1234375 0.0515625
0 0.45078125 0.096875 0.0828125 0.03125
0 0.53046875 0.11171875 0.065625 0.028125
0 0.446875 0.11796875 0.0859375 0.03125
0 0.5375 0.13515625 0.0734375 0.0328125
0 0.646875 0.1390625 0.06875 0.03125
0 0.65234375 0.1640625 0.0609375 0.03125
0 0.7453125 0.1703125 0.071875 0.0328125
0 0.7953125 0.18203125 0.0234375 0.0171875
0 0.19765625 0.0984375 0.04375 0.0296875
0 0.2296875 0.11015625 0.0234375 0.0203125
0 0.3109375 0.134375 0.1296875 0.05625
0 0.446875 0.153125 0.0796875 0.0328125
0 0.43828125 0.17265625 0.0859375 0.0390625
0 0.540625 0.184375 0.065625 0.034375
0 0.60078125 0.19765625 0.025 0.015625
0 0.17734375 0.1484375 0.04375 0.0265625
0 0.221875 0.15703125 0.0203125 0.0203125
0 0.29609375 0.18046875 0.140625 0.05625
0 0.3796875 0.19921875 0.0265625 0.028125
0 0.43046875 0.21171875 0.0625 0.028125
0 0.5375 0.234375 0.13125 0.04375
0 0.65703125 0.25234375 0.0703125 0.028125
0 0.76484375 0.2734375 0.1265625 0.0421875
0 0.86796875 0.3 0.046875 0.025
0 0.74296875 0.2921875 0.0609375 0.025
0 0.665625 0.3046875 0.06875 0.0328125
0 0.6734375 0.32734375 0.08125 0.034375
0 0.759375 0.3328125 0.0578125 0.03125
0 0.5875 0.29609375 0.01875 0.0125
0 0.61171875 0.35859375 0.0890625 0.0421875
0 0.16484375 0.3046875 0.0515625 0.03125
0 0.20078125 0.31796875 0.025 0.0234375
0 0.29140625 0.3359375 0.1046875 0.0390625
0 0.40390625 0.3484375 0.0703125 0.034375
0 0.40859375 0.375 0.0765625 0.0328125
0 0.4828125 0.38125 0.0578125 0.0328125
0 0.5640625 0.396875 0.08125 0.040625
0 0.13515625 0.3796875 0.0546875 0.0296875
0 0.18359375 0.390625 0.0234375 0.021875
0 0.28671875 0.41875 0.16875 0.0640625
0 0.38984375 0.4375 0.034375 0.03125
0 0.47890625 0.45859375 0.1265625 0.05
0 0.62734375 0.4765625 0.1125 0.040625
0 0.59765625 0.49296875 0.053125 0.0265625
0 0.63828125 0.5015625 0.03125 0.028125
0 0.6953125 0.51328125 0.059375 0.0265625
0 0.77265625 0.5203125 0.0640625 0.0328125
0 0.7765625 0.5421875 0.0546875 0.0328125
0 0.83203125 0.55703125 0.0484375 0.03125
0 0.53515625 0.51796875 0.01875 0.0125
0 0.61953125 0.53125 0.0625 0.0296875
0 0.715625 0.56171875 0.0578125 0.034375
0 0.62265625 0.5546875 0.121875 0.0484375
0 0.5265625 0.57421875 0.015625 0.0109375
0 0.58046875 0.58359375 0.046875 0.028125
0 0.6578125 0.60390625 0.053125 0.028125
0 0.6359375 0.621875 0.0640625 0.0359375
0 0.70625 0.634375 0.0515625 0.03125
0 0.1046875 0.53671875 0.046875 0.0296875
0 0.1421875 0.54609375 0.028125 0.021875
0 0.21484375 0.55859375 0.0625 0.0328125
0 0.27109375 0.56875 0.015625 0.0125
0 0.34765625 0.575 0.0671875 0.034375
0 0.43828125 0.603125 0.0625 0.034375
0 0.340625 0.59453125 0.0890625 0.0421875
0 0.32421875 0.61171875 0.1 0.046875
0 0.46171875 0.64375 0.109375 0.05
0 0.578125 0.640625 0.0625 0.04375
0 0.60625 0.675 0.0671875 0.0375
0 0.671875 0.6859375 0.065625 0.0375
0 0.09296875 0.58828125 0.05 0.0296875
0 0.1359375 0.596875 0.0265625 0.025
0 0.2515625 0.6234375 0.1625 0.0578125
0 0.3515625 0.6421875 0.034375 0.0359375
0 0.4046875 0.65234375 0.071875 0.034375
0 0.49609375 0.67734375 0.1171875 0.0484375
0 0.5953125 0.69453125 0.0765625 0.0359375
0 0.67734375 0.71328125 0.1015625 0.0421875
0 0.77109375 0.740625 0.0671875 0.0390625
0 0.665625 0.734375 0.1015625 0.040625
0 0.76875 0.76484375 0.0453125 0.0265625
0 0.7984375 0.7765625 0.028125 0.0296875
0 0.84453125 0.7859375 0.06875 0.0375
0 0.5359375 0.746875 0.0328125 0.021875
0 0.6203125 0.7546875 0.078125 0.0421875
0 0.68046875 0.765625 0.05625 0.0359375
0 0.73828125 0.79140625 0.0640625 0.034375
0 0.61796875 0.78125 0.0609375 0.03125
0 0.6828125 0.79921875 0.059375 0.0359375
0 0.57265625 0.803125 0.1078125 0.04375
0 0.68203125 0.82734375 0.075 0.0390625
0 0.74375 0.8421875 0.0484375 0.03125
0 0.0546875 0.74296875 0.05 0.0328125
0 0.090625 0.753125 0.0328125 0.025
0 0.1734375 0.76953125 0.1125 0.05
0 0.28984375 0.7828125 0.0796875 0.04375
0 0.28359375 0.809375 0.0890625 0.0390625
0 0.3484375 0.82578125 0.046875 0.034375
0 0.3921875 0.81484375 0.075 0.0359375
0 0.5046875 0.84609375 0.078125 0.0328125
0 0.578125 0.86171875 0.0625 0.0359375
0 0.45 0.8296875 0.0234375 0.01875
0 0.403125 0.6078125 0.046875 0.028125
0 0.48671875 0.6140625 0.021875 0.01875
0 0.55703125 0.66171875 0.046875 0.028125
0 0.5859375 0.13515625 0.015625 0.009375
0 0.521875 0.625 0.053125 0.0296875
0 0.48515625 0.08515625 0.021875 0.025
0 0.72890625 0.753125 0.0296875 0.0203125