0 0.04609375 0.06328125 0.0921875 0.0421875
0 0.12421875 0.06875 0.1484375 0.046875
0 0.26484375 0.04296875 0.1 0.04375
0 0.20078125 0.125 0.190625 0.040625
0 0.175 0.16640625 0.1078125 0.0484375
0 0.18984375 0.18671875 0.15 0.04375
0 0.36796875 0.171875 0.1265625 0.0421875
0 0.55625 0.153125 0.18125 0.0484375
0 0.72109375 0.1375 0.1078125 0.0421875
0 0.20859375 0.2296875 0.184375 0.0640625
0 0.4078125 0.2125 0.184375 0.0640625
0 0.59921875 0.1828125 0.1359375 0.0421875
0 0.73515625 0.17734375 0.0515625 0.04375
0 0.84453125 0.1671875 0.1359375 0.0546875
0 0.61328125 0.21640625 0.221875 0.0515625
0 0.840625 0.1921875 0.1828125 0.05
0 0.1796875 0.28515625 0.1640625 0.0453125
0 0.3859375 0.275 0.1703125 0.0578125
0 0.52109375 0.25703125 0.0484375 0.034375
0 0.6140625 0.25078125 0.0625 0.0328125
0 0.725 0.2390625 0.125 0.0390625
0 0.2015625 0.31796875 0.178125 0.0453125
0 0.3953125 0.3140625 0.2078125 0.0640625
0 0.60234375 0.2828125 0.134375 0.040625
0 0.8265625 0.2546875 0.246875 0.0640625
0 0.175 0.45625 0.1234375 0.075
0 0.20703125 0.53984375 0.1265625 0.0515625
0 0.30703125 0.53125 0.0171875 0.00625
0 0.19375 0.61875 0.10625 0.053125
0 0.18046875 0.69765625 0.1515625 0.0484375
0 0.22578125 0.771875 0.215625 0.0984375
0 0.23359375 0.83984375 0.2203125 0.075
0 0.4625 0.80546875 0.1671875 0.078125
0 0.7671875 0.41171875 0.1984375 0.09375
0 0.6515625 0.0296875 0.05625 0.0171875
0 0.33828125 0.45 0.15 0.0375
0 0.334375 0.59921875 0.1171875 0.046875
0 0.04921875 0.4921875 0.06875 0.0625
0 0.05 0.56640625 0.053125 0.0671875
0 0.06015625 0.6359375 0.059375 0.065625
0 0.053125 0.696875 0.0671875 0.053125
0 0.059375 0.778125 0.0578125 0.0578125
0 0.06484375 0.8484375 0.065625 0.065625
0 0.3796875 0.678125 0.1984375 0.0453125
0 0.77265625 0.01328125 0.0671875 0.025
0 0.63671875 0.475 0.15 0.071875
0 0.9484375 0.4015625 0.046875 0.0453125