0 0.3875 0.0875 0.253125 0.1
0 0.6375 0.0703125 0.21875 0.103125
0 0.2921875 0.22734375 0.0265625 0.0515625
0 0.39765625 0.22265625 0.175 0.1
0 0.3296875 0.33046875 0.01875 0.0390625
0 0.4484375 0.325 0.16875 0.078125
0 0.59375 0.3125 0.0953125 0.0796875
0 0.534375 0.41171875 0.1953125 0.0953125
0 0.68359375 0.38671875 0.10625 0.0765625
0 0.8265625 0.39140625 0.153125 0.06875
0 0.32578125 0.52734375 0.0265625 0.0375
0 0.42109375 0.51484375 0.1046875 0.075
0 0.59375 0.50078125 0.2015625 0.0765625
0 0.353125 0.6296875 0.059375 0.053125
0 0.4234375 0.634375 0.071875 0.1140625
0 0.525 0.6078125 0.125 0.0734375
0 0.70390625 0.5921875 0.1953125 0.0984375
0 0.84765625 0.5828125 0.05 0.071875
0 0.440625 0.7125 0.1015625 0.084375
0 0.59453125 0.69296875 0.2078125 0.1078125
0 0.3171875 0.86953125 0.053125 0.0671875
0 0.4453125 0.84453125 0.1921875 0.11875
0 0.3125 0.96640625 0.034375 0.0203125
0 0.409375 0.95 0.153125 0.09375
0 0.58125 0.9125 0.1671875 0.103125
0 0.775 0.88984375 0.190625 0.103125