0 0.09453125 0.0890625 0.090625 0.0375
0 0.18046875 0.08515625 0.071875 0.03125
0 0.28203125 0.0796875 0.1390625 0.075
0 0.43203125 0.06796875 0.1734375 0.0671875
0 0.5875 0.07578125 0.0828125 0.0375
0 0.72109375 0.0765625 0.1671875 0.071875
0 0.83515625 0.06328125 0.0625 0.059375
0 0.090625 0.190625 0.071875 0.0296875
0 0.13984375 0.18828125 0.025 0.0265625
0 0.1953125 0.2140625 0.11875 0.0578125
0 0.28203125 0.2125 0.05 0.05
0 0.39453125 0.22421875 0.159375 0.0921875
0 0.49375 0.20703125 0.0640625 0.06875
0 0.58359375 0.21953125 0.1671875 0.0859375
0 0.6953125 0.2078125 0.1 0.0484375
0 0.7578125 0.2015625 0.0421875 0.053125
0 0.80703125 0.19921875 0.0625 0.046875
0 0.88984375 0.196875 0.10625 0.05625
0 0.08984375 0.28046875 0.0984375 0.046875
0 0.21640625 0.2765625 0.1765625 0.0625
0 0.3390625 0.275 0.0578125 0.0484375
0 0.396875 0.26875 0.0546875 0.0640625
0 0.5109375 0.2796875 0.1578125 0.0890625
0 0.625 0.2703125 0.0984375 0.05
0 0.76015625 0.26015625 0.1890625 0.06875
0 0.8921875 0.25546875 0.065625 0.04375
0 0.103125 0.3484375 0.0953125 0.0375
0 0.17890625 0.33125 0.0546875 0.05
0 0.28046875 0.3453125 0.1375 0.0828125
0 0.44453125 0.3234375 0.2046875 0.0671875
0 0.5796875 0.33671875 0.065625 0.03125
0 0.64765625 0.31875 0.0859375 0.059375
0 0.75703125 0.32578125 0.16875 0.065625
0 0.87421875 0.3171875 0.065625 0.0515625
0 0.12578125 0.40078125 0.153125 0.0921875
0 0.22109375 0.39296875 0.0796875 0.059375
0 0.34921875 0.3890625 0.196875 0.0734375
0 0.50390625 0.39296875 0.1234375 0.0875
0 0.63671875 0.3921875 0.1609375 0.0921875
0 0.78515625 0.3703125 0.165625 0.071875
0 0.18359375 0.46484375 0.246875 0.08125
0 0.34375 0.446875 0.1078125 0.059375
0 0.43125 0.44453125 0.078125 0.05625
0 0.565625 0.4390625 0.190625 0.0625
0 0.1171875 0.55390625 0.084375 0.0296875
0 0.1890625 0.54921875 0.05625 0.0296875
0 0.2375 0.54921875 0.0375 0.0296875
0 0.303125 0.54375 0.0875 0.025
0 0.4109375 0.53984375 0.1203125 0.03125
0 0.2171875 0.578125 0.1296875 0.059375
0 0.315625 0.578125 0.0640625 0.046875
0 0.4375 0.578125 0.1859375 0.078125
0 0.5734375 0.5625 0.1046875 0.0625
0 0.6515625 0.56484375 0.0484375 0.05
0 0.71171875 0.5625 0.08125 0.053125
0 0.7984375 0.559375 0.1125 0.0578125
0 0.16328125 0.63203125 0.1984375 0.0578125
0 0.30234375 0.63359375 0.0609375 0.04375
0 0.35625 0.63046875 0.0546875 0.0515625
0 0.459375 0.63828125 0.1640625 0.09375
0 0.546875 0.61953125 0.05 0.05625
0 0.61953125 0.63203125 0.13125 0.0671875
0 0.71171875 0.62109375 0.05625 0.05
0 0.7640625 0.62734375 0.0421875 0.0328125
0 0.8671875 0.61953125 0.1609375 0.08125
0 0.146875 0.71796875 0.13125 0.0625
0 0.24375 0.69375 0.0671875 0.0484375
0 0.30078125 0.6875 0.0484375 0.0515625
0 0.4203125 0.68984375 0.20625 0.065625
0 0.53828125 0.68984375 0.0484375 0.05
0 0.60625 0.6984375 0.0875 0.0875
0 0.68125 0.68828125 0.0921875 0.03125
0 0.828125 0.67265625 0.2 0.05625
0 0.11171875 0.753125 0.0609375 0.05
0 0.1875 0.76484375 0.0859375 0.0375
0 0.28671875 0.76484375 0.1 0.075
0 0.3609375 0.746875 0.0546875 0.05625
0 0.4671875 0.74921875 0.171875 0.075
0 0.57109375 0.74296875 0.0390625 0.05
0 0.64609375 0.73515625 0.1234375 0.059375
0 0.77265625 0.7421875 0.1390625 0.078125
0 0.8828125 0.7421875 0.0921875 0.053125
0 0.14609375 0.828125 0.11875 0.0703125
0 0.12265625 0.91171875 0.059375 0.028125
0 0.18203125 0.9109375 0.0578125 0.0265625
0 0.22265625 0.91015625 0.0234375 0.028125
0 0.29375 0.90703125 0.1125 0.0296875