0 0.490625 0.128125 0.171875 0.196875
0 0.63046875 0.1796875 0.0875 0.1421875
0 0.74453125 0.290625 0.1421875 0.2125
0 0.86796875 0.26640625 0.096875 0.1703125
0 0.934375 0.3640625 0.13125 0.30625
0 0.11015625 0.34765625 0.1125 0.2515625
0 0.25234375 0.33046875 0.1125 0.178125
0 0.4765625 0.44609375 0.3171875 0.3734375
0 0.70546875 0.53984375 0.175 0.209375
0 0.87890625 0.503125 0.125 0.1875
0 0.1546875 0.63125 0.3015625 0.340625
0 0.2625 0.709375 0.0515625 0.121875
0 0.4046875 0.61796875 0.1265625 0.1734375
0 0.4953125 0.65234375 0.059375 0.1734375
0 0.609375 0.659375 0.1609375 0.2109375
0 0.7109375 0.7921875 0.1203125 0.2109375
0 0.82890625 0.759375 0.0859375 0.1859375
0 0.028125 0.79453125 0.05625 0.1765625
0 0.11328125 0.81171875 0.10625 0.1921875
0 0.1984375 0.85078125 0.109375 0.1125
0 0.3078125 0.88203125 0.0703125 0.1140625
0 0.4796875 0.92265625 0.184375 0.1546875
0 0.62890625 0.92890625 0.0921875 0.1421875
0 0.7890625 0.9484375 0.20625 0.103125
0 0.94140625 0.16796875 0.1171875 0.1703125
0 0.25390625 0.1328125 0.2640625 0.265625