0 0.0828125 0.10859375 0.0953125 0.0453125
0 0.425 0.08671875 0.1984375 0.046875
0 0.5953125 0.071875 0.1359375 0.053125
0 0.1578125 0.13125 0.1859375 0.046875
0 0.0734375 0.19453125 0.0828125 0.0203125
0 0.23359375 0.1765625 0.1703125 0.0546875
0 0.065625 0.246875 0.0625 0.0203125
0 0.23203125 0.23515625 0.1828125 0.0484375
0 0.48515625 0.22109375 0.0734375 0.021875
0 0.6734375 0.2140625 0.1359375 0.0515625
0 0.1078125 0.30078125 0.1109375 0.0359375
0 0.22109375 0.290625 0.1125 0.01875
0 0.27421875 0.325 0.1015625 0.0359375
0 0.39765625 0.3109375 0.071875 0.034375
0 0.0859375 0.4015625 0.04375 0.025
0 0.140625 0.396875 0.0609375 0.025
0 0.20078125 0.39140625 0.0421875 0.0203125
0 0.25390625 0.38828125 0.053125 0.0203125
0 0.34140625 0.38359375 0.1109375 0.0234375
0 0.1421875 0.44453125 0.1578125 0.0421875
0 0.32421875 0.43984375 0.1859375 0.0390625
0 0.48515625 0.4296875 0.078125 0.03125
0 0.60390625 0.42265625 0.15625 0.0328125
0 0.11484375 0.50390625 0.1140625 0.04375
0 0.19140625 0.496875 0.015625 0.028125
0 0.23828125 0.4953125 0.0671875 0.0328125
0 0.35234375 0.4953125 0.153125 0.040625
0 0.478125 0.48125 0.0890625 0.0296875
0 0.23828125 0.58046875 0.0859375 0.0671875
0 0.42890625 0.56328125 0.1921875 0.05625
0 0.609375 0.55625 0.0734375 0.0515625
0 0.2765625 0.67265625 0.15 0.0875
0 0.58203125 0.64921875 0.0828125 0.0421875
0 0.740625 0.64375 0.15625 0.0515625
0 0.3921875 0.7515625 0.31875 0.084375
0 0.271875 0.85078125 0.1203125 0.078125
0 0.51953125 0.8515625 0.34375 0.1296875
0 0.190625 0.1015625 0.0453125 0.025
0 0.45390625 0.66171875 0.1265625 0.046875