0 0.3375 0.109375 0.0828125 0.1
0 0.4015625 0.10859375 0.0375 0.0671875
0 0.48359375 0.11796875 0.1140625 0.084375
0 0.6328125 0.15703125 0.125 0.1203125
0 0.71484375 0.22109375 0.25 0.1171875
0 0.3140625 0.278125 0.059375 0.08125
0 0.3953125 0.2875 0.0859375 0.0640625
0 0.50390625 0.2953125 0.1171875 0.0765625
0 0.6703125 0.31484375 0.203125 0.1
0 0.4140625 0.3484375 0.1234375 0.05625
0 0.2859375 0.40234375 0.06875 0.078125
0 0.390625 0.4125 0.125 0.0765625
0 0.60390625 0.42421875 0.2359375 0.078125
0 0.259375 0.63671875 0.090625 0.16875
0 0.37421875 0.609375 0.075 0.1171875
0 0.55703125 0.5921875 0.26875 0.1078125