0 0.090625 0.184375 0.040625 0.028125
0 0.13359375 0.18515625 0.0234375 0.0140625
0 0.2 0.1765625 0.09375 0.0390625
0 0.2875 0.1609375 0.0609375 0.025
0 0.3984375 0.14375 0.1484375 0.0421875
0 0.93515625 0.04296875 0.0125 0.0171875
0 0.775 0.06171875 0.20625 0.0796875
0 0.240625 0.20234375 0.1078125 0.034375
0 0.3109375 0.19296875 0.0265625 0.015625
0 0.36015625 0.184375 0.065625 0.0265625
0 0.43203125 0.1703125 0.075 0.0375
0 0.7359375 0.109375 0.0921875 0.0359375
0 0.23984375 0.23359375 0.10625 0.0328125
0 0.3140625 0.22421875 0.034375 0.0203125
0 0.378125 0.2125 0.0671875 0.028125
0 0.446875 0.196875 0.059375 0.0265625
0 0.73828125 0.15078125 0.09375 0.040625
0 0.2296875 0.2703125 0.0828125 0.0265625
0 0.3171875 0.26640625 0.065625 0.0328125
0 0.41484375 0.23671875 0.103125 0.0328125
0 0.5 0.22109375 0.0671875 0.0328125
0 0.75234375 0.1875 0.0796875 0.040625
0 0.22890625 0.30390625 0.0921875 0.034375
0 0.32421875 0.29765625 0.0578125 0.0328125
0 0.421875 0.2703125 0.1109375 0.0375
0 0.51640625 0.25 0.0625 0.0296875
0 0.19140625 0.34140625 0.0984375 0.0359375
0 0.31875 0.32578125 0.1375 0.040625
0 0.45078125 0.30234375 0.109375 0.0359375
0 0.24375 0.378125 0.11875 0.046875
0 0.37109375 0.35390625 0.0984375 0.0328125
0 0.7484375 0.26015625 0.0484375 0.034375
0 0.14765625 0.42265625 0.0703125 0.0296875
0 0.25546875 0.40859375 0.109375 0.0328125
0 0.38203125 0.390625 0.0984375 0.0328125
0 0.79140625 0.3 0.1140625 0.04375
0 0.1234375 0.5015625 0.03125 0.01875
0 0.24296875 0.4890625 0.125 0.05
0 0.346875 0.46796875 0.0640625 0.0296875
0 0.4203125 0.46015625 0.078125 0.0265625
0 0.52578125 0.43515625 0.1421875 0.046875
0 0.25390625 0.521875 0.1125 0.034375
0 0.33671875 0.51015625 0.028125 0.0203125
0 0.39609375 0.50234375 0.08125 0.028125
0 0.4734375 0.49140625 0.075 0.0375
0 0.76015625 0.3875 0.046875 0.03125
0 0.775 0.43046875 0.046875 0.034375
0 0.2625 0.56484375 0.1171875 0.0421875
0 0.34296875 0.553125 0.028125 0.01875
0 0.40390625 0.54140625 0.078125 0.03125
0 0.4875 0.52265625 0.0734375 0.0296875
0 0.7796875 0.471875 0.0484375 0.0296875
0 0.25 0.60703125 0.09375 0.0328125
0 0.34453125 0.59140625 0.0671875 0.0359375
0 0.446875 0.57265625 0.1171875 0.0390625
0 0.5453125 0.56171875 0.06875 0.0359375
0 0.821875 0.5140625 0.1078125 0.040625
0 0.209375 0.6515625 0.109375 0.040625
0 0.3671875 0.628125 0.1765625 0.0515625
0 0.53359375 0.60703125 0.13125 0.0421875
0 0.26953125 0.69375 0.1328125 0.0578125
0 0.4046875 0.66875 0.125 0.046875
0 0.81171875 0.6109375 0.1171875 0.0453125
0 0.92265625 0.59609375 0.0984375 0.040625
0 0.98828125 0.575 0.0234375 0.034375
0 0.15078125 0.7484375 0.075 0.0453125
0 0.265625 0.73828125 0.1265625 0.04375
0 0.39609375 0.7140625 0.115625 0.0484375
0 0.85859375 0.6515625 0.1265625 0.0453125