0 0.078125 0.15703125 0.0828125 0.0421875
0 0.2140625 0.1609375 0.090625 0.0390625
0 0.334375 0.16171875 0.034375 0.0171875
0 0.47109375 0.16015625 0.175 0.0578125
0 0.646875 0.15859375 0.090625 0.05
0 0.73828125 0.15078125 0.0265625 0.01875
0 0.86484375 0.15 0.15625 0.0515625
0 0.15 0.23984375 0.1734375 0.04375
0 0.30703125 0.2328125 0.0671875 0.028125
0 0.3875 0.23046875 0.0296875 0.0203125
0 0.5 0.23125 0.1203125 0.0390625
0 0.61640625 0.225 0.0203125 0.0171875
0 0.72734375 0.2234375 0.146875 0.0453125
0 0.878125 0.21484375 0.1203125 0.05
0 0.08984375 0.29453125 0.04375 0.021875
0 0.1609375 0.28828125 0.05 0.0328125
0 0.28828125 0.2921875 0.1125 0.0390625