0 0.16484375 0.08046875 0.0734375 0.0375
0 0.2921875 0.0859375 0.0625 0.03125
0 0.34609375 0.109375 0.0390625 0.0328125
0 0.4171875 0.11953125 0.0859375 0.0296875
0 0.4953125 0.12578125 0.053125 0.03125
0 0.55703125 0.13203125 0.059375 0.03125
0 0.38515625 0.21015625 0.0640625 0.0453125
0 0.4609375 0.21015625 0.06875 0.0265625
0 0.546875 0.21796875 0.0515625 0.028125
0 0.62109375 0.22421875 0.06875 0.028125
0 0.70234375 0.228125 0.0671875 0.0328125
0 0.54765625 0.2671875 0.0640625 0.025
0 0.390625 0.30546875 0.0890625 0.03125
0 0.51640625 0.31875 0.1 0.0375
0 0.6125 0.32578125 0.075 0.04375
0 0.696875 0.3265625 0.0796875 0.034375
0 0.38203125 0.37265625 0.0796875 0.0453125
0 0.37734375 0.425 0.0828125 0.0375
0 0.49921875 0.4296875 0.090625 0.034375
0 0.59921875 0.4390625 0.0546875 0.0328125
0 0.3703125 0.49140625 0.071875 0.0515625
0 0.48046875 0.496875 0.0453125 0.0265625
0 0.5515625 0.49765625 0.0703125 0.0328125
0 0.64375 0.50390625 0.08125 0.0375
0 0.4953125 0.37578125 0.0703125 0.0296875
0 0.5796875 0.37890625 0.05 0.0328125
0 0.63125 0.3890625 0.0296875 0.028125
0 0.68125 0.43984375 0.075 0.0328125
0 0.4890625 0.55078125 0.0734375 0.0359375
0 0.5484375 0.5625 0.0390625 0.03125
0 0.59921875 0.5609375 0.0515625 0.0296875
0 0.6609375 0.571875 0.0640625 0.0375
0 0.30859375 0.6296875 0.125 0.05
0 0.4296875 0.634375 0.075 0.0359375
0 0.49375 0.6359375 0.05 0.0265625
0 0.55703125 0.63984375 0.0640625 0.0359375
0 0.37734375 0.7046875 0.0609375 0.034375
0 0.434375 0.70703125 0.0484375 0.0234375
0 0.51015625 0.7109375 0.071875 0.0296875
0 0.63671875 0.64609375 0.075 0.0234375
0 0.27421875 0.70546875 0.0859375 0.0375
0 0.27890625 0.74140625 0.0640625 0.0453125
0 0.35234375 0.7421875 0.06875 0.034375
0 0.44375 0.74765625 0.103125 0.0375
0 0.62890625 0.7546875 0.0671875 0.0234375
0 0.55078125 0.75234375 0.065625 0.04375
0 0.290625 0.1265625 0.0671875 0.0359375