0 0.24296875 0.24140625 0.109375 0.0171875
0 0.42109375 0.21953125 0.115625 0.0296875
0 0.55859375 0.215625 0.1078125 0.0328125
0 0.684375 0.23046875 0.1625 0.01875
0 0.18515625 0.28125 0.1765625 0.0453125
0 0.425 0.2765625 0.1125 0.0234375
0 0.6265625 0.27109375 0.1359375 0.0328125
0 0.82421875 0.26640625 0.184375 0.0421875
0 0.2296875 0.3296875 0.1609375 0.04375
0 0.425 0.334375 0.1671875 0.0421875
0 0.596875 0.33046875 0.1359375 0.053125
0 0.77265625 0.32109375 0.1640625 0.046875
0 0.7921875 0.28984375 0.08125 0.0265625
0 0.8640625 0.29921875 0.0734375 0.0328125
0 0.35390625 0.3515625 0.1453125 0.034375
0 0.49453125 0.35 0.1234375 0.0359375
0 0.26640625 0.37890625 0.215625 0.0484375
0 0.44375 0.3734375 0.0765625 0.0234375
0 0.68125 0.3703125 0.3109375 0.0625
0 0.146875 0.4328125 0.0984375 0.0484375
0 0.2984375 0.4234375 0.15 0.0359375
0 0.44609375 0.4125 0.115625 0.0296875
0 0.61796875 0.4046875 0.1828125 0.0375
0 0.81171875 0.39921875 0.1546875 0.03125
0 0.1296875 0.4671875 0.1515625 0.0296875
0 0.3125 0.46171875 0.134375 0.03125
0 0.48046875 0.45 0.121875 0.03125
0 0.65234375 0.453125 0.1984375 0.0453125
0 0.8453125 0.4328125 0.1703125 0.0546875
0 0.1109375 0.50859375 0.115625 0.0421875
0 0.2359375 0.4984375 0.125 0.0328125
0 0.37109375 0.50546875 0.0953125 0.0375
0 0.490625 0.496875 0.1359375 0.0484375
0 0.60078125 0.48125 0.0625 0.03125
0 0.70859375 0.48984375 0.0890625 0.034375
0 0.80859375 0.48125 0.06875 0.0203125
0 0.29140625 0.5390625 0.4484375 0.04375
0 0.60078125 0.5328125 0.0890625 0.021875
0 0.715625 0.52890625 0.075 0.021875
0 0.79453125 0.5359375 0.05 0.0359375
0 0.1109375 0.57265625 0.0875 0.0328125
0 0.2359375 0.56484375 0.09375 0.01875
0 0.33046875 0.565625 0.065625 0.0203125
0 0.43984375 0.56015625 0.0796875 0.0203125
0 0.646875 0.56171875 0.275 0.0453125
0 0.87421875 0.55859375 0.1375 0.0328125
0 0.23671875 0.58203125 0.13125 0.0171875
0 0.68125 0.575 0.1046875 0.021875
0 0.11171875 0.5984375 0.065625 0.0296875
0 0.29609375 0.60703125 0.21875 0.053125
0 0.484375 0.596875 0.071875 0.0375
0 0.61875 0.59765625 0.140625 0.0484375
0 0.26640625 0.64609375 0.240625 0.05625
0 0.59765625 0.63125 0.325 0.053125
0 0.2140625 0.6859375 0.121875 0.0484375
0 0.3671875 0.68203125 0.1140625 0.03125
0 0.61171875 0.678125 0.3265625 0.0640625
0 0.159375 0.7234375 0.1671875 0.0390625
0 0.32734375 0.72578125 0.0828125 0.025
0 0.5125 0.72109375 0.1796875 0.0390625
0 0.68828125 0.71796875 0.0796875 0.03125
0 0.7921875 0.7125 0.0515625 0.034375
0 0.17890625 0.76953125 0.1703125 0.0359375
0 0.44453125 0.77109375 0.240625 0.0578125
0 0.77421875 0.7609375 0.3328125 0.0609375
0 0.20234375 0.81640625 0.0703125 0.034375
0 0.4796875 0.815625 0.4 0.06875
0 0.7484375 0.8015625 0.0671875 0.0375
0 0.87734375 0.7984375 0.153125 0.0453125
0 0.3703125 0.8640625 0.259375 0.053125
0 0.60546875 0.85703125 0.0671875 0.0390625
0 0.7515625 0.85 0.1578125 0.0375
0 0.38828125 0.91015625 0.2921875 0.04375
0 0.61015625 0.88671875 0.06875 0.0390625
0 0.76171875 0.8875 0.1390625 0.0375
0 0.346875 0.93984375 0.125 0.034375
0 0.56328125 0.93359375 0.2328125 0.040625
0 0.828125 0.91875 0.253125 0.0609375
0 0.52265625 0.27421875 0.0359375 0.0109375