0 0.38203125 0.19765625 0.3203125 0.153125
0 0.353125 0.3265625 0.0828125 0.084375
0 0.4125 0.33125 0.009375 0.0125
0 0.55546875 0.27578125 0.2984375 0.13125
0 0.3125 0.4734375 0.071875 0.0796875
0 0.45 0.44375 0.121875 0.096875
0 0.52109375 0.43671875 0.009375 0.0125
0 0.759375 0.40625 0.10625 0.1125
0 0.33515625 0.57421875 0.0578125 0.1234375
0 0.4765625 0.58359375 0.2671875 0.159375
0 0.6671875 0.5453125 0.121875 0.0953125
0 0.73984375 0.54609375 0.0140625 0.0203125
0 0.77421875 0.628125 0.09375 0.1875
0 0.3765625 0.7875 0.05 0.09375
0 0.48203125 0.7765625 0.1359375 0.0828125
0 0.61015625 0.7546875 0.0546875 0.1
0 0.709375 0.6796875 0.1125 0.0953125
0 0.834375 0.6515625 0.1515625 0.115625
0 0.75859375 0.7859375 0.115625 0.1265625
0 0.8140625 0.775 0.0359375 0.1125
0 0.871875 0.74296875 0.103125 0.071875
0 0.49296875 0.92109375 0.1734375 0.1171875
0 0.59375 0.90078125 0.0125 0.0171875
0 0.8765625 0.81328125 0.0703125 0.06875