0 0.14375 0.0890625 0.028125 0.015625
0 0.19609375 0.08203125 0.059375 0.021875
0 0.29921875 0.07265625 0.0828125 0.0296875
0 0.38046875 0.07109375 0.0171875 0.0140625
0 0.425 0.0703125 0.0390625 0.0328125
0 0.45625 0.0625 0.015625 0.01875
0 0.55625 0.06015625 0.040625 0.01875
0 0.63359375 0.053125 0.0203125 0.0109375
0 0.69921875 0.05234375 0.0359375 0.025
0 0.74453125 0.046875 0.0234375 0.015625
0 0.11640625 0.14453125 0.0328125 0.0171875
0 0.196875 0.1390625 0.071875 0.0296875
0 0.2734375 0.12578125 0.0234375 0.01875
0 0.30859375 0.1234375 0.01875 0.0171875
0 0.365625 0.1234375 0.0359375 0.0296875
0 0.415625 0.11796875 0.0265625 0.01875
0 0.47265625 0.11328125 0.0375 0.015625
0 0.5359375 0.1078125 0.040625 0.025
0 0.59765625 0.09921875 0.0546875 0.01875
0 0.67109375 0.0953125 0.059375 0.03125
0 0.7421875 0.08203125 0.028125 0.021875
0 0.8078125 0.08046875 0.0625 0.021875
0 0.87265625 0.0796875 0.025 0.0140625
0 0.58984375 0.13046875 0.05625 0.025
0 0.64921875 0.1234375 0.028125 0.0203125
0 0.14609375 0.20625 0.0609375 0.034375
0 0.2265625 0.1984375 0.021875 0.0171875
0 0.275 0.19765625 0.0328125 0.01875
0 0.36640625 0.19375 0.0578125 0.0265625
0 0.4453125 0.184375 0.034375 0.015625
0 0.51484375 0.175 0.06875 0.025
0 0.59609375 0.16875 0.0234375 0.0203125
0 0.65 0.1671875 0.0390625 0.0125
0 0.7046875 0.1671875 0.04375 0.03125
0 0.7515625 0.15859375 0.0234375 0.01875
0 0.75859375 0.17578125 0.0359375 0.025
0 0.3984375 0.2296875 0.065625 0.025
0 0.48359375 0.2265625 0.05 0.025
0 0.5734375 0.215625 0.084375 0.0265625
0 0.6671875 0.20390625 0.071875 0.028125
0 0.19296875 0.31015625 0.1171875 0.0265625
0 0.33359375 0.2984375 0.103125 0.025
0 0.440625 0.28671875 0.021875 0.015625
0 0.50625 0.27734375 0.05 0.0234375
0 0.15078125 0.3640625 0.05 0.0203125
0 0.21484375 0.3578125 0.040625 0.025
0 0.26875 0.353125 0.021875 0.025
0 0.315625 0.3421875 0.0390625 0.015625
0 0.3890625 0.33515625 0.0484375 0.01875
0 0.1890625 0.40078125 0.0640625 0.0171875
0 0.2390625 0.403125 0.028125 0.0203125
0 0.27578125 0.3953125 0.0328125 0.01875
0 0.31953125 0.38984375 0.021875 0.0265625
0 0.4109375 0.3828125 0.034375 0.0171875
0 0.48359375 0.37578125 0.021875 0.0140625
0 0.58515625 0.36328125 0.1203125 0.03125
0 0.17890625 0.43203125 0.0296875 0.0171875
0 0.26015625 0.428125 0.0796875 0.0203125
0 0.35078125 0.42578125 0.0375 0.0265625
0 0.43515625 0.41640625 0.0765625 0.0265625
0 0.20546875 0.4625 0.028125 0.0171875
0 0.31171875 0.45625 0.09375 0.0359375
0 0.3953125 0.4484375 0.0265625 0.0109375
0 0.465625 0.4375 0.05625 0.0265625
0 0.51875 0.43125 0.021875 0.0109375
0 0.5625 0.42578125 0.0484375 0.0171875
0 0.71640625 0.34609375 0.078125 0.028125
0 0.7921875 0.3390625 0.05 0.03125
0 0.84921875 0.33125 0.021875 0.0109375
0 0.89609375 0.32890625 0.0515625 0.0171875
0 0.3859375 0.47421875 0.0375 0.01875
0 0.43671875 0.4734375 0.0171875 0.0078125
0 0.50390625 0.46796875 0.0515625 0.0203125
0 0.5828125 0.4625 0.0671875 0.0328125
0 0.67578125 0.45625 0.071875 0.0265625
0 0.3078125 0.525 0.040625 0.0125
0 0.37734375 0.51953125 0.0515625 0.0171875
0 0.4171875 0.51875 0.0234375 0.0234375
0 0.43984375 0.51484375 0.0125 0.0078125
0 0.50234375 0.509375 0.0703125 0.0203125
0 0.5796875 0.50625 0.04375 0.0203125
0 0.65546875 0.49921875 0.0421875 0.0203125
0 0.715625 0.4890625 0.028125 0.0234375
0 0.3078125 0.55078125 0.0578125 0.0296875
0 0.37109375 0.5515625 0.0265625 0.025
0 0.45625 0.54765625 0.084375 0.034375
0 0.56640625 0.53515625 0.0828125 0.028125
0 0.68046875 0.53125 0.10625 0.0328125
0 0.22109375 0.6046875 0.03125 0.025
0 0.3171875 0.6 0.0546875 0.01875
0 0.39453125 0.59375 0.05 0.028125
0 0.246875 0.64453125 0.0140625 0.0359375
0 0.296875 0.64140625 0.05625 0.025
0 0.40078125 0.6296875 0.1140625 0.0265625
0 0.52421875 0.615625 0.08125 0.0234375
0 0.60546875 0.6078125 0.021875 0.0171875
0 0.67734375 0.60078125 0.0859375 0.0296875
0 0.19609375 0.70546875 0.05625 0.03125
0 0.4078125 0.68671875 0.046875 0.0265625
0 0.6109375 0.66796875 0.05 0.025
0 0.43515625 0.7109375 0.0421875 0.0203125
0 0.475 0.709375 0.040625 0.025
0 0.50859375 0.70625 0.0109375 0.0125
0 0.53984375 0.70078125 0.034375 0.025
0 0.490625 0.7296875 0.0328125 0.0140625
0 0.53046875 0.72578125 0.0234375 0.015625
0 0.55 0.72265625 0.01875 0.015625
0 0.590625 0.72109375 0.0578125 0.025
0 0.42890625 0.75234375 0.0421875 0.015625
0 0.42578125 0.78125 0.0359375 0.03125
0 0.4703125 0.77734375 0.0359375 0.021875
0 0.50546875 0.77109375 0.01875 0.0109375
0 0.4328125 0.8125 0.034375 0.0171875
0 0.478125 0.80546875 0.025 0.0171875
0 0.50234375 0.80234375 0.01875 0.015625
0 0.53359375 0.79765625 0.04375 0.025
0 0.57265625 0.7875 0.04375 0.021875
0 0.1828125 0.88359375 0.028125 0.025
0 0.23515625 0.87421875 0.015625 0.0171875
0 0.3078125 0.86796875 0.06875 0.025
0 0.3984375 0.85078125 0.0515625 0.0234375
0 0.44765625 0.84765625 0.0515625 0.028125
0 0.490625 0.84453125 0.0140625 0.015625
0 0.53203125 0.83984375 0.0140625 0.015625
0 0.59375 0.83515625 0.0625 0.0234375
0 0.65625 0.83203125 0.0265625 0.0234375
0 0.71796875 0.8296875 0.0578125 0.0328125
0 0.7625 0.82421875 0.0265625 0.01875
0 0.8359375 0.81484375 0.0625 0.028125
0 0.3921875 0.88203125 0.0671875 0.034375
0 0.465625 0.89296875 0.059375 0.025
0 0.5015625 0.89453125 0.01875 0.0234375
0 0.5765625 0.8828125 0.1328125 0.0328125
0 0.68828125 0.878125 0.06875 0.0234375
0 0.7484375 0.8703125 0.046875 0.0265625
0 0.45234375 0.59296875 0.046875 0.0265625
0 0.240625 0.70078125 0.0140625 0.015625
0 0.45234375 0.68046875 0.0328125 0.015625
0 0.65859375 0.659375 0.01875 0.0140625