0 0.13125 0.18203125 0.15625 0.0875
0 0.12265625 0.259375 0.1203125 0.0703125
0 0.071875 0.3140625 0.0296875 0.034375
0 0.13984375 0.2890625 0.128125 0.0796875
0 0.14296875 0.33125 0.103125 0.053125
0 0.090625 0.3921875 0.0453125 0.0546875
0 0.175 0.3625 0.153125 0.078125
0 0.19453125 0.39609375 0.175 0.0875
0 0.19765625 0.45390625 0.14375 0.0609375
0 0.325 0.42109375 0.115625 0.05625
0 0.21015625 0.50625 0.1390625 0.0640625
0 0.359375 0.14765625 0.1640625 0.0875
0 0.38671875 0.184375 0.2203125 0.096875
0 0.47109375 0.2171875 0.3203125 0.1296875
0 0.4125 0.3015625 0.1640625 0.071875
0 0.4515625 0.3328125 0.2046875 0.0953125
0 0.48671875 0.36328125 0.209375 0.1046875
0 0.459375 0.43046875 0.1703125 0.0953125
0 0.40859375 0.490625 0.1109375 0.053125
0 0.4828125 0.4734375 0.0203125 0.0125
0 0.54296875 0.459375 0.09375 0.0484375
0 0.69453125 0.096875 0.178125 0.0734375
0 0.74609375 0.14609375 0.16875 0.078125
0 0.72421875 0.20234375 0.2265625 0.1
0 0.7125 0.259375 0.1953125 0.0875
0 0.69296875 0.31953125 0.1375 0.0578125
0 0.24609375 0.61953125 0.1890625 0.0984375
0 0.25390625 0.6671875 0.1640625 0.09375
0 0.2296875 0.7296875 0.128125 0.0578125
0 0.415625 0.675 0.1984375 0.084375
0 0.221875 0.7703125 0.0546875 0.028125
0 0.3078125 0.7546875 0.0984375 0.0390625
0 0.21796875 0.790625 0.0578125 0.03125
0 0.27421875 0.7828125 0.053125 0.028125
0 0.24453125 0.81015625 0.090625 0.0375
0 0.340625 0.78828125 0.0765625 0.034375
0 0.2421875 0.83046875 0.071875 0.0421875
0 0.33046875 0.8125 0.0796875 0.0421875
0 0.4109375 0.79140625 0.0609375 0.025
0 0.2828125 0.834375 0.1359375 0.0484375
0 0.42421875 0.80625 0.1296875 0.0515625
0 0.2703125 0.85625 0.1078125 0.0421875
0 0.3578125 0.8375 0.0578125 0.0296875
0 0.4203125 0.821875 0.046875 0.0265625
0 0.48671875 0.8125 0.065625 0.0421875
0 0.24453125 0.875 0.01875 0.01875
0 0.309375 0.86328125 0.0765625 0.0328125
0 0.3984375 0.84453125 0.0734375 0.03125
0 0.29609375 0.88125 0.1328125 0.046875
0 0.4109375 0.85703125 0.0796875 0.0390625
0 0.24375 0.90703125 0.021875 0.0203125
0 0.3 0.9 0.0640625 0.034375
0 0.353125 0.8921875 0.025 0.015625
0 0.40390625 0.8796875 0.0703125 0.0375
0 0.26328125 0.91796875 0.0453125 0.028125
0 0.31640625 0.91640625 0.0390625 0.0203125
0 0.28671875 0.934375 0.09375 0.04375
0 0.3859375 0.9203125 0.0734375 0.034375
0 0.29375 0.95 0.09375 0.0421875
0 0.3875 0.9359375 0.0453125 0.0203125
0 0.46171875 0.915625 0.0609375 0.0328125
0 0.29765625 0.96875 0.053125 0.0265625
0 0.38515625 0.95703125 0.1109375 0.046875
0 0.290625 0.98671875 0.06875 0.0265625
0 0.3625 0.9796875 0.0578125 0.028125
0 0.440625 0.96328125 0.075 0.0296875
0 0.309375 0.98828125 0.1125 0.0234375
0 0.50390625 0.715625 0.0203125 0.0203125
0 0.5484375 0.70390625 0.0671875 0.0375
0 0.6203125 0.68203125 0.06875 0.0359375
0 0.5328125 0.728125 0.0546875 0.0359375
0 0.590625 0.70625 0.046875 0.028125
0 0.6578125 0.69453125 0.040625 0.04375
0 0.70625 0.6796875 0.065625 0.040625
0 0.78046875 0.6515625 0.0734375 0.034375
0 0.53671875 0.7421875 0.04375 0.0265625
0 0.6109375 0.71953125 0.0875 0.0375
0 0.71328125 0.684375 0.0625 0.0328125
0 0.57421875 0.7484375 0.0703125 0.040625
0 0.63671875 0.72421875 0.059375 0.0296875
0 0.575 0.76640625 0.053125 0.034375
0 0.65625 0.740625 0.096875 0.0453125
0 0.72109375 0.71875 0.034375 0.0234375
0 0.78359375 0.70078125 0.075 0.0328125
0 0.87109375 0.67421875 0.0953125 0.046875
0 0.57109375 0.78671875 0.0328125 0.0265625
0 0.61796875 0.77109375 0.0484375 0.028125
0 0.66484375 0.75859375 0.0421875 0.021875
0 0.7171875 0.753125 0.05 0.0359375
0 0.775 0.71953125 0.04375 0.025
0 0.8421875 0.6953125 0.0703125 0.0375
0 0.58203125 0.79921875 0.0953125 0.040625
0 0.57421875 0.81875 0.0484375 0.0296875
0 0.63359375 0.7953125 0.0625 0.0359375
0 0.71640625 0.77265625 0.065625 0.0296875
0 0.56953125 0.8328125 0.0484375 0.0296875
0 0.6328125 0.815625 0.0625 0.03125
0 0.68203125 0.79765625 0.0328125 0.0265625
0 0.73046875 0.78515625 0.046875 0.028125
0 0.7703125 0.76953125 0.0328125 0.025
0 0.83203125 0.75 0.0859375 0.05
0 0.5828125 0.8515625 0.05625 0.028125
0 0.65 0.83515625 0.071875 0.0421875
0 0.61640625 0.8578125 0.134375 0.0546875
0 0.73046875 0.81875 0.084375 0.040625
0 0.5859375 0.88671875 0.0671875 0.0359375
0 0.709375 0.8546875 0.171875 0.08125
0 0.575 0.90859375 0.0546875 0.028125
0 0.6296875 0.89140625 0.0375 0.0234375
0 0.6921875 0.86953125 0.096875 0.0421875
0 0.58203125 0.921875 0.0734375 0.0375
0 0.63671875 0.90390625 0.0359375 0.025
0 0.57890625 0.9453125 0.06875 0.0359375
0 0.628125 0.925 0.01875 0.0125
0 0.68203125 0.9109375 0.0734375 0.0421875
0 0.59609375 0.95703125 0.1015625 0.0546875
0 0.88203125 0.834375 0.0625 0.0359375