0 0.1046875 0.10859375 0.1625 0.0515625
0 0.26953125 0.07890625 0.1390625 0.0515625
0 0.3953125 0.0515625 0.0953125 0.0359375
0 0.46328125 0.03984375 0.0328125 0.025
0 0.075 0.140625 0.06875 0.0328125
0 0.05390625 0.1765625 0.0453125 0.03125
0 0.18671875 0.16171875 0.0890625 0.0421875
0 0.5828125 0.090625 0.1125 0.0421875
0 0.12109375 0.20390625 0.075 0.034375
0 0.24453125 0.18046875 0.0703125 0.025
0 0.5203125 0.13671875 0.065625 0.0265625
0 0.690625 0.1 0.059375 0.0296875
0 0.76328125 0.08359375 0.0703125 0.0265625
0 0.128125 0.23515625 0.059375 0.04375
0 0.24453125 0.2078125 0.0484375 0.028125
0 0.2984375 0.20546875 0.0421875 0.028125
0 0.33828125 0.18984375 0.0484375 0.025
0 0.12265625 0.26484375 0.109375 0.0390625
0 0.2015625 0.2515625 0.0453125 0.021875
0 0.265625 0.2421875 0.0640625 0.034375
0 0.31953125 0.2390625 0.040625 0.034375
0 0.35859375 0.22421875 0.040625 0.021875
0 0.52734375 0.1640625 0.0578125 0.03125
0 0.69375 0.1234375 0.0515625 0.025
0 0.74765625 0.12109375 0.0359375 0.028125
0 0.78671875 0.10546875 0.040625 0.021875
0 0.51171875 0.19140625 0.0609375 0.025
0 0.57578125 0.17890625 0.0625 0.0265625
0 0.625 0.16953125 0.0328125 0.0171875
0 0.715625 0.15 0.065625 0.0296875
0 0.76953125 0.1375 0.0359375 0.0171875
0 0.146875 0.2859375 0.109375 0.04375
0 0.22734375 0.2703125 0.0359375 0.021875
0 0.2796875 0.265625 0.040625 0.0234375
0 0.3578125 0.25859375 0.034375 0.028125
0 0.39296875 0.24375 0.040625 0.021875
0 0.546875 0.2125 0.0796875 0.0296875
0 0.6046875 0.203125 0.03125 0.01875
0 0.64609375 0.1953125 0.0484375 0.025
0 0.73359375 0.175 0.09375 0.0359375
0 0.5671875 0.246875 0.109375 0.040625
0 0.74375 0.209375 0.0921875 0.04375
0 0.296875 0.29140625 0.0609375 0.0328125
0 0.35078125 0.2859375 0.0421875 0.0296875
0 0.396875 0.26875 0.0578125 0.0328125
0 0.16015625 0.3453125 0.1171875 0.0453125
0 0.3046875 0.31796875 0.0703125 0.040625
0 0.35859375 0.31640625 0.0453125 0.0359375
0 0.40234375 0.29921875 0.0484375 0.025
0 0.3046875 0.346875 0.0671875 0.0390625
0 0.359375 0.3421875 0.0453125 0.03125
0 0.40546875 0.32265625 0.0484375 0.0359375
0 0.559375 0.28359375 0.1078125 0.0421875
0 0.63203125 0.2640625 0.0484375 0.028125
0 0.74296875 0.240625 0.115625 0.0390625
0 0.16328125 0.39609375 0.1078125 0.0453125
0 0.33671875 0.371875 0.1046875 0.0359375
0 0.56953125 0.3265625 0.0953125 0.0375
0 0.75859375 0.2796875 0.115625 0.0421875
0 0.1359375 0.440625 0.10625 0.0421875
0 0.24921875 0.4234375 0.09375 0.040625
0 0.12734375 0.47265625 0.1 0.0421875
0 0.22109375 0.45625 0.0921875 0.0359375
0 0.29375 0.4453125 0.0484375 0.0296875
0 0.34453125 0.44296875 0.0390625 0.034375
0 0.38515625 0.42734375 0.0390625 0.028125
0 0.4546875 0.41953125 0.0765625 0.0484375
0 0.52734375 0.40625 0.0609375 0.0265625
0 0.23203125 0.496875 0.109375 0.0390625
0 0.31015625 0.4859375 0.0390625 0.025
0 0.35703125 0.48515625 0.0421875 0.0328125
0 0.3890625 0.4671875 0.0375 0.0296875
0 0.46484375 0.46171875 0.075 0.05
0 0.52890625 0.45234375 0.0671875 0.028125
0 0.1421875 0.57109375 0.1015625 0.04375
0 0.2359375 0.55703125 0.0875 0.0484375
0 0.56484375 0.49765625 0.565625 0.121875
0 0.1421875 0.61171875 0.0875 0.04375
0 0.23828125 0.596875 0.0859375 0.0453125
0 0.5265625 0.54453125 0.4765625 0.103125
0 0.79296875 0.49765625 0.0546875 0.03125
0 0.8984375 0.4734375 0.1421875 0.0453125
0 0.13671875 0.64765625 0.0671875 0.0421875
0 0.23046875 0.63046875 0.121875 0.046875
0 0.33203125 0.61015625 0.0765625 0.0328125
0 0.178125 0.66796875 0.109375 0.034375
0 0.271875 0.65 0.053125 0.0265625
0 0.38046875 0.63125 0.0890625 0.0328125
0 0.47578125 0.61875 0.096875 0.040625
0 0.6609375 0.58125 0.2734375 0.0890625
0 0.521875 0.6453125 0.1046875 0.0453125
0 0.75625 0.6171875 0.084375 0.0640625
0 0.66328125 0.69140625 0.078125 0.034375
0 0.7390625 0.68515625 0.0765625 0.0359375
0 0.84921875 0.66484375 0.0671875 0.0375
0 0.92734375 0.64765625 0.1 0.0421875
0 0.15546875 0.78828125 0.090625 0.0390625
0 0.54765625 0.7234375 0.0625 0.034375
0 0.1796875 0.81328125 0.103125 0.0359375
0 0.359375 0.7796875 0.215625 0.0609375
0 0.5703125 0.74375 0.0921875 0.034375
0 0.7140625 0.7171875 0.1765625 0.0515625
0 0.8171875 0.70234375 0.0328125 0.0265625
0 0.46171875 0.80234375 0.1296875 0.065625
0 0.49140625 0.75625 0.04375 0.028125
0 0.54375 0.76953125 0.034375 0.0265625
0 0.5859375 0.75859375 0.0421875 0.025
0 0.7734375 0.73046875 0.184375 0.05
0 0.9 0.7125 0.0421875 0.0296875
0 0.9484375 0.6984375 0.0484375 0.0234375
0 0.58515625 0.79296875 0.115625 0.0421875
0 0.73828125 0.76875 0.1703125 0.0578125
0 0.55859375 0.82109375 0.04375 0.034375
0 0.60546875 0.80859375 0.0390625 0.0265625
0 0.76640625 0.78671875 0.1421875 0.0484375
0 0.89453125 0.7734375 0.04375 0.0359375
0 0.9609375 0.7578125 0.0734375 0.034375
0 0.2484375 0.87421875 0.2109375 0.059375
0 0.37578125 0.846875 0.028125 0.025
0 0.28203125 0.88359375 0.046875 0.0265625
0 0.3203125 0.87734375 0.0171875 0.0234375
0 0.35390625 0.875 0.0375 0.028125
0 0.3984375 0.86328125 0.0453125 0.0234375
0 0.20546875 0.92734375 0.1265625 0.0484375
0 0.40859375 0.88828125 0.253125 0.0671875
0 0.4796875 0.9140625 0.1359375 0.06875
0 0.24921875 0.97890625 0.1671875 0.0421875
0 0.31015625 0.9921875 0.0609375 0.015625
0 0.35078125 0.990625 0.0234375 0.01875
0 0.38671875 0.98984375 0.0421875 0.0203125
0 0.43828125 0.98046875 0.05625 0.025
0 0.3125 0.165625 0.0578125 0.0265625
0 0.315625 0.2609375 0.03125 0.021875
0 0.31171875 0.6453125 0.0296875 0.025
0 0.828125 0.61640625 0.0375 0.025
0 0.34609375 0.9640625 0.028125 0.0234375
0 0.8453125 0.75234375 0.0328125 0.028125
0 0.84453125 0.778125 0.0203125 0.0234375