0 0.15546875 0.0390625 0.1765625 0.078125
0 0.58828125 0.08203125 0.6765625 0.1640625
0 0.9640625 0.11015625 0.071875 0.0671875
0 0.28203125 0.09921875 0.153125 0.1125
0 0.4515625 0.109375 0.203125 0.11875
0 0.64140625 0.146875 0.203125 0.1328125
0 0.8109375 0.153125 0.1265625 0.103125
0 0.93828125 0.1734375 0.1140625 0.1015625
0 0.1625 0.1734375 0.103125 0.0828125
0 0.328125 0.203125 0.1546875 0.0890625
0 0.49453125 0.2671875 0.1984375 0.1796875
0 0.6578125 0.25 0.15625 0.096875
0 0.825 0.28515625 0.2109375 0.1484375
0 0.93828125 0.27734375 0.1234375 0.1140625
0 0.121875 0.25859375 0.0671875 0.0671875
0 0.22109375 0.28671875 0.1125 0.0734375
0 0.33203125 0.31640625 0.0984375 0.0875
0 0.45546875 0.309375 0.10625 0.0625
0 0.58671875 0.33203125 0.1640625 0.0984375
0 0.73828125 0.3734375 0.1609375 0.1359375
0 0.8859375 0.3703125 0.1125 0.0734375
0 0.96484375 0.3859375 0.0703125 0.103125
0 0.16640625 0.3453125 0.1515625 0.1109375
0 0.3390625 0.37578125 0.15625 0.1015625
0 0.49921875 0.403125 0.1328125 0.0890625
0 0.61328125 0.4453125 0.0609375 0.04375
0 0.715625 0.47890625 0.1921875 0.128125
0 0.89140625 0.4796875 0.1796875 0.121875
0 0.16015625 0.45390625 0.1328125 0.0984375
0 0.32421875 0.4921875 0.153125 0.0875
0 0.46640625 0.54375 0.2078125 0.175
0 0.61796875 0.53203125 0.1015625 0.096875
0 0.74375 0.54453125 0.1421875 0.103125
0 0.9015625 0.58203125 0.1890625 0.0875
0 0.20546875 0.565625 0.2046875 0.159375
0 0.3984375 0.59765625 0.15625 0.0671875
0 0.50859375 0.621875 0.0859375 0.115625
0 0.596875 0.67109375 0.1015625 0.121875
0 0.74921875 0.64375 0.1953125 0.0984375
0 0.90234375 0.6765625 0.1546875 0.090625
0 0.1625 0.6265625 0.1609375 0.1109375
0 0.3328125 0.6578125 0.18125 0.0859375
0 0.50703125 0.7078125 0.19375 0.1
0 0.7140625 0.74140625 0.196875 0.11875
0 0.88359375 0.7515625 0.1140625 0.096875
0 0.95078125 0.771875 0.0375 0.0875
0 0.12421875 0.7109375 0.11875 0.09375
0 0.32890625 0.7609375 0.2828125 0.13125
0 0.5734375 0.81328125 0.253125 0.140625
0 0.82265625 0.83515625 0.2359375 0.1
0 0.13125 0.80546875 0.128125 0.1359375
0 0.259375 0.84453125 0.153125 0.115625
0 0.3703125 0.8609375 0.0984375 0.1234375
0 0.58046875 0.8953125 0.3234375 0.1640625
0 0.83203125 0.94765625 0.2140625 0.1046875
0 0.17578125 0.90390625 0.1921875 0.115625
0 0.31015625 0.92421875 0.09375 0.103125
0 0.41171875 0.96328125 0.0984375 0.0609375
0 0.53828125 0.96875 0.1609375 0.0625
0 0.77890625 0.98203125 0.2765625 0.0359375