0 0.21640625 0.3140625 0.103125 0.0390625
0 0.29609375 0.29609375 0.0359375 0.028125
0 0.37109375 0.2953125 0.1109375 0.040625
0 0.4546875 0.28125 0.0359375 0.01875
0 0.25625 0.34296875 0.16875 0.05
0 0.403125 0.325 0.1078125 0.0328125
0 0.48046875 0.315625 0.0265625 0.021875
0 0.515625 0.31484375 0.0203125 0.0171875
0 0.22890625 0.384375 0.1046875 0.040625
0 0.3484375 0.37265625 0.1046875 0.0421875
0 0.43828125 0.3578125 0.05 0.028125
0 0.528125 0.35 0.1140625 0.046875
0 0.18046875 0.42109375 0.028125 0.0265625
0 0.27265625 0.41640625 0.1453125 0.0453125
0 0.42890625 0.3984375 0.140625 0.04375
0 0.22734375 0.46015625 0.103125 0.040625
0 0.3 0.446875 0.021875 0.025
0 0.4125 0.4390625 0.184375 0.0453125
0 0.5296875 0.42265625 0.0328125 0.025
0 0.22421875 0.4921875 0.0578125 0.0265625
0 0.221875 0.52734375 0.0640625 0.028125
0 0.3265625 0.52109375 0.1390625 0.046875
0 0.4421875 0.5125 0.090625 0.0328125
0 0.51796875 0.49921875 0.040625 0.0265625
0 0.25546875 0.56640625 0.1328125 0.04375
0 0.40625 0.55234375 0.14375 0.046875
0 0.25234375 0.59765625 0.096875 0.03125
0 0.32734375 0.59140625 0.0265625 0.021875
0 0.3734375 0.58671875 0.0546875 0.0265625
0 0.4359375 0.57734375 0.046875 0.0265625
0 0.53515625 0.5703125 0.128125 0.0359375
0 0.234375 0.634375 0.0765625 0.028125
0 0.3171875 0.6265625 0.0734375 0.028125
0 0.3734375 0.62421875 0.01875 0.0171875
0 0.43359375 0.61640625 0.0921875 0.0328125
0 0.56484375 0.6078125 0.15625 0.040625
0 0.2546875 0.67109375 0.0765625 0.025
0 0.3125 0.66171875 0.015625 0.0203125
0 0.35859375 0.659375 0.0453125 0.0234375
0 0.4515625 0.65234375 0.1296875 0.034375
0 0.571875 0.64140625 0.0875 0.03125
0 0.25859375 0.7 0.071875 0.0296875
0 0.32265625 0.69453125 0.025 0.021875
0 0.36875 0.69140625 0.0578125 0.028125
0 0.4296875 0.6875 0.05 0.025
0 0.490625 0.6859375 0.071875 0.0234375
0 0.55390625 0.67734375 0.028125 0.0234375
0 0.25546875 0.73203125 0.065625 0.0296875
0 0.33984375 0.734375 0.08125 0.0375
0 0.43046875 0.7265625 0.0953125 0.034375
0 0.53359375 0.71484375 0.1 0.034375
0 0.3265625 0.7625 0.1796875 0.0484375
0 0.25390625 0.8265625 0.034375 0.0234375
0 0.290625 0.825 0.0140625 0.0125
0 0.35625 0.82421875 0.1046875 0.034375
0 0.28671875 0.91953125 0.0671875 0.028125
0 0.3859375 0.903125 0.084375 0.0296875
0 0.5375 0.91796875 0.1171875 0.0390625
0 0.68671875 0.89140625 0.0984375 0.025
0 0.7546875 0.8859375 0.028125 0.01875
0 0.703125 0.90234375 0.0609375 0.0234375
0 0.8671875 0.9046875 0.1734375 0.0421875
0 0.7734375 0.9609375 0.1265625 0.0390625
0 0.746875 0.79765625 0.0890625 0.046875
0 0.81796875 0.8 0.05 0.025
0 0.88984375 0.796875 0.08125 0.025
0 0.96796875 0.78828125 0.0640625 0.0296875
0 0.7515625 0.840625 0.0359375 0.0203125
0 0.83671875 0.82890625 0.109375 0.0359375
0 0.74921875 0.4765625 0.090625 0.034375
0 0.82265625 0.46796875 0.0390625 0.028125
0 0.90078125 0.46015625 0.1015625 0.0359375