0 0.04296875 0.20234375 0.0546875 0.0375
0 0.1171875 0.2125 0.059375 0.0609375
0 0.1828125 0.19609375 0.0484375 0.028125
0 0.25078125 0.21640625 0.08125 0.09375
0 0.1296875 0.2890625 0.0453125 0.0625
0 0.18125 0.3 0.075 0.084375
0 0.25859375 0.29765625 0.0671875 0.0359375
0 0.32109375 0.30390625 0.0453125 0.0265625
0 0.37421875 0.29296875 0.0546875 0.0375
0 0.4390625 0.2875 0.0453125 0.028125
0 0.4859375 0.2859375 0.0328125 0.03125
0 0.56328125 0.2875 0.0859375 0.0546875
0 0.63671875 0.275 0.0359375 0.021875
0 0.69375 0.28203125 0.0546875 0.0453125
0 0.7734375 0.2671875 0.0703125 0.034375
0 0.834375 0.26640625 0.040625 0.0234375
0 0.10234375 0.3640625 0.0328125 0.021875
0 0.15703125 0.3609375 0.04375 0.0171875
0 0.26015625 0.3703125 0.1171875 0.0625
0 0.371875 0.3640625 0.0703125 0.0578125
0 0.4234375 0.3515625 0.0234375 0.0390625
0 0.47734375 0.3625 0.0453125 0.0203125
0 0.54921875 0.35703125 0.0546875 0.0421875
0 0.621875 0.353125 0.0546875 0.046875
0 0.675 0.35390625 0.034375 0.0265625
0 0.73515625 0.35546875 0.078125 0.0515625
0 0.8328125 0.340625 0.078125 0.0390625
0 0.09921875 0.43125 0.0546875 0.05
0 0.1765625 0.42109375 0.059375 0.0359375
0 0.25859375 0.42265625 0.0640625 0.0375
0 0.34921875 0.4203125 0.0609375 0.0265625
0 0.4265625 0.4203125 0.0625 0.0234375
0 0.4984375 0.43125 0.06875 0.053125
0 0.63203125 0.43203125 0.171875 0.05625
0 0.796875 0.4203125 0.1140625 0.0671875
0 0.1234375 0.4859375 0.10625 0.0546875
0 0.209375 0.48984375 0.0421875 0.0328125
0 0.24453125 0.4953125 0.01875 0.0234375
0 0.3125 0.4921875 0.0828125 0.0359375
0 0.41875 0.50546875 0.0984375 0.0625
0 0.49921875 0.48671875 0.0484375 0.040625
0 0.6046875 0.478125 0.146875 0.0390625
0 0.71171875 0.48046875 0.0421875 0.025
0 0.78984375 0.48515625 0.0671875 0.05625
0 0.11015625 0.55390625 0.0609375 0.0328125
0 0.184375 0.575 0.0640625 0.0578125
0 0.24921875 0.56328125 0.0359375 0.0234375
0 0.32890625 0.55859375 0.0609375 0.034375
0 0.4109375 0.5703125 0.053125 0.0484375
0 0.49609375 0.5734375 0.08125 0.0640625
0 0.603125 0.5765625 0.1203125 0.0640625
0 0.70078125 0.56328125 0.065625 0.0296875
0 0.78359375 0.559375 0.05 0.0265625
0 0.84140625 0.56796875 0.0515625 0.0453125
0 0.10390625 0.63515625 0.0484375 0.0375
0 0.17578125 0.64296875 0.040625 0.0453125
0 0.2421875 0.63984375 0.059375 0.0328125
0 0.2765625 0.64921875 0.0265625 0.0421875
0 0.328125 0.66015625 0.0640625 0.04375
0 0.40390625 0.6484375 0.0640625 0.040625
0 0.51875 0.6671875 0.1359375 0.0671875
0 0.6328125 0.64765625 0.0390625 0.0328125
0 0.7171875 0.66015625 0.103125 0.08125
0 0.815625 0.63203125 0.065625 0.0296875
0 0.1265625 0.70859375 0.0796875 0.03125
0 0.2015625 0.7078125 0.03125 0.028125
0 0.26953125 0.7109375 0.059375 0.0375
0 0.3484375 0.70546875 0.0609375 0.0296875
0 0.421875 0.703125 0.0578125 0.0328125
0 0.47578125 0.7125 0.028125 0.0421875
0 0.5421875 0.703125 0.0734375 0.0296875
0 0.61796875 0.70625 0.0609375 0.0296875
0 0.69140625 0.70390625 0.065625 0.0328125
0 0.76796875 0.703125 0.0609375 0.0390625
0 0.82578125 0.69921875 0.0203125 0.028125
0 0.85703125 0.6953125 0.0421875 0.028125
0 0.89609375 0.69609375 0.0125 0.021875
0 0.95859375 0.6921875 0.053125 0.0359375
0 0.77265625 0.73515625 0.0390625 0.028125
0 0.83046875 0.734375 0.046875 0.0296875
0 0.89609375 0.72890625 0.0703125 0.0421875
0 0.32109375 0.81796875 0.115625 0.065625
0 0.4421875 0.8203125 0.078125 0.0390625
0 0.553125 0.81015625 0.1171875 0.0515625
0 0.4671875 0.89375 0.028125 0.0296875
0 0.490625 0.89921875 0.0140625 0.025
0 0.5203125 0.9 0.0328125 0.03125
0 0.91484375 0.696875 0.0140625 0.0140625