0 0.1546875 0.084375 0.0875 0.034375
0 0.30859375 0.1046875 0.2078125 0.059375
0 0.14375 0.13671875 0.071875 0.034375
0 0.2515625 0.15703125 0.1375 0.0578125
0 0.4859375 0.16328125 0.071875 0.034375
0 0.565625 0.178125 0.0421875 0.0484375
0 0.63125 0.18671875 0.0671875 0.05625
0 0.69453125 0.19609375 0.0828125 0.0390625
0 0.8203125 0.13671875 0.040625 0.028125
0 0.81953125 0.18515625 0.040625 0.028125
0 0.82890625 0.23359375 0.0609375 0.0296875
0 0.82734375 0.2828125 0.059375 0.028125
0 0.815625 0.33125 0.0390625 0.0265625
0 0.8125 0.38046875 0.0359375 0.028125
0 0.19453125 0.24453125 0.1828125 0.0703125
0 0.36953125 0.26640625 0.1203125 0.0515625
0 0.54765625 0.27578125 0.2078125 0.09375
0 0.68125 0.2671875 0.015625 0.0546875
0 0.16953125 0.32734375 0.1578125 0.071875
0 0.3390625 0.33984375 0.134375 0.0796875
0 0.45234375 0.3578125 0.053125 0.040625
0 0.58046875 0.34765625 0.178125 0.0671875
0 0.71875 0.35703125 0.0609375 0.0890625
0 0.18671875 0.39921875 0.1984375 0.0703125
0 0.3140625 0.409375 0.03125 0.05
0 0.38671875 0.4109375 0.0578125 0.05625
0 0.515625 0.4140625 0.14375 0.0734375
0 0.665625 0.42109375 0.1140625 0.0625
0 0.19375 0.4734375 0.2265625 0.084375
0 0.3859375 0.484375 0.128125 0.0515625
0 0.51015625 0.4953125 0.1 0.075
0 0.61328125 0.484375 0.0734375 0.0671875
0 0.68515625 0.496875 0.03125 0.04375
0 0.178125 0.565625 0.234375 0.0859375
0 0.4078125 0.57578125 0.19375 0.05625
0 0.5875 0.5828125 0.15625 0.1015625
0 0.14765625 0.64375 0.15 0.0703125
0 0.28984375 0.64609375 0.075 0.0671875
0 0.41640625 0.6546875 0.1203125 0.065625
0 0.55078125 0.653125 0.1046875 0.059375
0 0.7015625 0.675 0.1578125 0.0859375
0 0.8171875 0.47890625 0.05625 0.0421875
0 0.809375 0.5796875 0.0421875 0.0375
0 0.81484375 0.728125 0.0671875 0.03125
0 0.14609375 0.775 0.1421875 0.0390625
0 0.2671875 0.77734375 0.084375 0.0296875
0 0.45 0.771875 0.2515625 0.0875
0 0.1078125 0.828125 0.0640625 0.0328125
0 0.1859375 0.8328125 0.08125 0.040625
0 0.809375 0.82890625 0.0609375 0.034375