0 0.9078125 0.02734375 0.078125 0.015625
0 0.96171875 0.02578125 0.0203125 0.015625
0 0.9890625 0.0234375 0.021875 0.01875
0 0.5890625 0.0390625 0.109375 0.0328125
0 0.75 0.04765625 0.13125 0.0515625
0 0.9140625 0.04609375 0.171875 0.034375
0 0.1359375 0.07734375 0.15 0.0578125
0 0.2859375 0.06640625 0.1265625 0.0375
0 0.415625 0.071875 0.125 0.046875
0 0.5859375 0.09296875 0.190625 0.071875
0 0.725 0.0953125 0.1 0.0671875
0 0.928125 0.0640625 0.0265625 0.015625
0 0.96328125 0.06328125 0.0375 0.015625
0 0.9125 0.10078125 0.175 0.0609375
0 0.115625 0.13046875 0.09375 0.05625
0 0.1921875 0.1203125 0.040625 0.0140625
0 0.3140625 0.125 0.175 0.053125
0 0.11875 0.16015625 0.0875 0.034375
0 0.196875 0.1578125 0.040625 0.009375
0 0.29296875 0.16171875 0.125 0.03125
0 0.12890625 0.203125 0.078125 0.03125
0 0.2046875 0.20703125 0.03125 0.009375
0 0.365625 0.21875 0.246875 0.053125
0 0.1375 0.246875 0.128125 0.0375
0 0.225 0.25078125 0.04375 0.009375
0 0.371875 0.25 0.240625 0.0296875
0 0.1265625 0.29296875 0.1171875 0.0328125
0 0.2328125 0.2953125 0.04375 0.0125
0 0.40625 0.28671875 0.271875 0.046875
0 0.1609375 0.3828125 0.1875 0.04375
0 0.2796875 0.38125 0.040625 0.0140625
0 0.3953125 0.37890625 0.159375 0.040625
0 0.1734375 0.43515625 0.18125 0.059375
0 0.29375 0.421875 0.046875 0.009375
0 0.41796875 0.42421875 0.1890625 0.0375
0 0.1625 0.4625 0.103125 0.034375
0 0.2625 0.46640625 0.046875 0.0125
0 0.4046875 0.471875 0.209375 0.0328125
0 0.18125 0.50546875 0.165625 0.0375
0 0.303125 0.509375 0.075 0.0125
0 0.4140625 0.5171875 0.146875 0.0546875
0 0.5453125 0.5125 0.071875 0.0375
0 0.1625 0.5609375 0.1671875 0.0625
0 0.303125 0.553125 0.075 0.009375
0 0.4578125 0.559375 0.1703125 0.065625
0 0.15234375 0.64609375 0.0703125 0.05625
0 0.2984375 0.65390625 0.20625 0.059375
0 0.2203125 0.73671875 0.3078125 0.0625
0 0.5515625 0.728125 0.2375 0.0296875
0 0.221875 0.77578125 0.20625 0.03125
0 0.48046875 0.784375 0.2578125 0.0625
0 0.79296875 0.778125 0.334375 0.04375