0 0.4578125 0.05703125 0.078125 0.01875
0 0.1296875 0.12890625 0.03125 0.0375
0 0.18671875 0.11953125 0.075 0.0375
0 0.3703125 0.08828125 0.2546875 0.0796875
0 0.51875 0.0828125 0.0234375 0.0140625
0 0.62578125 0.07265625 0.1875 0.090625
0 0.75625 0.08203125 0.04375 0.0421875
0 0.1671875 0.15546875 0.115625 0.040625
0 0.328125 0.13515625 0.1859375 0.053125
0 0.53984375 0.12265625 0.18125 0.0890625
0 0.71875 0.128125 0.1359375 0.0703125
0 0.79609375 0.11953125 0.0171875 0.0234375
0 0.17109375 0.1890625 0.125 0.0515625
0 0.334375 0.18984375 0.1484375 0.0953125
0 0.4359375 0.16015625 0.0359375 0.0359375
0 0.56328125 0.1578125 0.153125 0.071875
0 0.6796875 0.15234375 0.0609375 0.021875
0 0.74609375 0.1515625 0.0234375 0.0171875
0 0.22421875 0.23515625 0.228125 0.0875
0 0.37734375 0.21015625 0.0390625 0.034375
0 0.55390625 0.20859375 0.2546875 0.065625
0 0.734375 0.17890625 0.0796875 0.0421875
0 0.25859375 0.2765625 0.28125 0.1109375
0 0.4953125 0.24453125 0.2421875 0.115625
0 0.64140625 0.23359375 0.0390625 0.021875
0 0.703125 0.221875 0.075 0.040625
0 0.79140625 0.21796875 0.0828125 0.059375
0 0.209375 0.3203125 0.175 0.0765625
0 0.37578125 0.296875 0.1140625 0.065625
0 0.55078125 0.28203125 0.2171875 0.075
0 0.76484375 0.271875 0.165625 0.075
0 0.184375 0.35390625 0.146875 0.0484375
0 0.30703125 0.340625 0.071875 0.04375
0 0.40390625 0.33125 0.0953125 0.0421875
0 0.465625 0.321875 0.0171875 0.0328125
0 0.5390625 0.3171875 0.1 0.0453125
0 0.6890625 0.29296875 0.18125 0.0671875
0 0.79453125 0.3125 0.08125 0.0734375
0 0.16640625 0.3984375 0.075 0.04375
0 0.24140625 0.38671875 0.034375 0.0453125
0 0.309375 0.40546875 0.0546875 0.0453125
0 0.415625 0.384375 0.134375 0.0734375
0 0.54921875 0.35234375 0.096875 0.053125
0 0.7046875 0.35390625 0.203125 0.0984375
0 0.18984375 0.44921875 0.1140625 0.03125
0 0.29140625 0.4453125 0.0703125 0.0453125
0 0.4046875 0.40546875 0.1546875 0.075
0 0.50546875 0.41328125 0.0359375 0.021875
0 0.56796875 0.421875 0.0515625 0.05
0 0.70703125 0.41015625 0.209375 0.071875
0 0.834375 0.39453125 0.0390625 0.0375
0 0.15234375 0.48046875 0.015625 0.03125
0 0.2078125 0.4859375 0.05625 0.021875
0 0.26640625 0.47890625 0.021875 0.0203125
0 0.32890625 0.4578125 0.0796875 0.05
0 0.43046875 0.4515625 0.1203125 0.0515625
0 0.56953125 0.44140625 0.1078125 0.0421875
0 0.65078125 0.43828125 0.0296875 0.0203125
0 0.7546875 0.43671875 0.1234375 0.071875
0 0.17265625 0.5203125 0.0765625 0.053125
0 0.31171875 0.50390625 0.175 0.0671875
0 0.4328125 0.48984375 0.046875 0.05
0 0.528125 0.4859375 0.1140625 0.0625
0 0.63203125 0.50390625 0.0671875 0.05625
0 0.740625 0.4640625 0.121875 0.05625
0 0.82265625 0.46015625 0.0140625 0.0359375
0 0.184375 0.5640625 0.078125 0.0375
0 0.25703125 0.5515625 0.0390625 0.046875
0 0.3609375 0.5375 0.1046875 0.05625
0 0.496875 0.528125 0.125 0.0609375
0 0.59765625 0.54296875 0.0546875 0.053125
0 0.65859375 0.525 0.065625 0.021875
0 0.7078125 0.515625 0.025 0.0484375
0 0.77265625 0.5078125 0.0875 0.05
0 0.18671875 0.5984375 0.0859375 0.05625
0 0.31171875 0.58515625 0.1265625 0.0578125
0 0.47421875 0.58671875 0.1484375 0.075
0 0.59453125 0.58203125 0.0625 0.0421875
0 0.67578125 0.5515625 0.08125 0.0546875
0 0.7828125 0.54296875 0.1125 0.0515625
0 0.859375 0.55546875 0.03125 0.0515625
0 0.984375 0.51640625 0.0296875 0.0140625
0 0.2203125 0.6375 0.15625 0.0625
0 0.33125 0.62578125 0.0125 0.0390625
0 0.38828125 0.63359375 0.053125 0.021875
0 0.45703125 0.63125 0.021875 0.015625
0 0.5609375 0.61796875 0.1453125 0.0859375
0 0.71796875 0.58828125 0.125 0.0640625
0 0.82109375 0.58359375 0.0359375 0.0390625
0 0.1828125 0.6796875 0.08125 0.046875
0 0.3015625 0.67421875 0.115625 0.0515625
0 0.453125 0.6515625 0.1390625 0.0765625
0 0.6734375 0.63828125 0.253125 0.06875
0 0.84375 0.6421875 0.0828125 0.05625
0 0.1640625 0.7265625 0.0125 0.0390625
0 0.22578125 0.73203125 0.0546875 0.0203125
0 0.33125 0.703125 0.096875 0.0578125
0 0.4109375 0.71640625 0.0515625 0.025
0 0.60546875 0.69765625 0.3109375 0.1171875
0 0.8203125 0.66484375 0.1296875 0.05625
0 0.990625 0.6046875 0.01875 0.015625
0 0.2046875 0.76875 0.0953125 0.0625
0 0.30234375 0.7671875 0.0421875 0.021875
0 0.36171875 0.7546875 0.0171875 0.034375
0 0.421875 0.7609375 0.053125 0.021875
0 0.5625 0.75078125 0.1671875 0.10625
0 0.7109375 0.73515625 0.1078125 0.078125
0 0.81953125 0.7 0.0828125 0.059375
0 0.1734375 0.8203125 0.028125 0.0171875
0 0.2421875 0.81640625 0.0765625 0.078125
0 0.390625 0.81796875 0.1796875 0.0703125
0 0.50703125 0.78828125 0.01875 0.040625
0 0.571875 0.79453125 0.0671875 0.021875
0 0.709375 0.7765625 0.175 0.1078125
0 0.82578125 0.7625 0.025 0.0203125
0 0.26953125 0.8453125 0.2265625 0.06875
0 0.42890625 0.8421875 0.0375 0.0234375