0 0.04375 0.11015625 0.03125 0.0453125
0 0.11953125 0.09765625 0.1140625 0.05625
0 0.40234375 0.02890625 0.0796875 0.05
0 0.1234375 0.26328125 0.115625 0.0625
0 0.23984375 0.23359375 0.096875 0.0734375
0 0.44765625 0.184375 0.125 0.0546875
0 0.58125 0.13515625 0.0984375 0.0875
0 0.63828125 0.13671875 0.0875 0.0484375
0 0.15546875 0.33046875 0.1453125 0.0671875
0 0.278125 0.290625 0.0953125 0.053125
0 0.34296875 0.2734375 0.028125 0.03125
0 0.1609375 0.396875 0.14375 0.08125
0 0.27734375 0.34453125 0.10625 0.078125
0 0.39765625 0.2671875 0.0140625 0.0328125
0 0.4578125 0.25546875 0.0875 0.0546875
0 0.5984375 0.21796875 0.04375 0.046875
0 0.63515625 0.20859375 0.0265625 0.025
0 0.67578125 0.2015625 0.05625 0.0625
0 0.72578125 0.1859375 0.0515625 0.046875
0 0.5890625 0.28203125 0.040625 0.0375
0 0.6578125 0.27890625 0.09375 0.0640625
0 0.72890625 0.253125 0.046875 0.0734375
0 0.61875 0.33125 0.0546875 0.0546875
0 0.71484375 0.3078125 0.1109375 0.0578125
0 0.6140625 0.39453125 0.03125 0.0484375
0 0.66796875 0.38515625 0.0484375 0.040625
0 0.73828125 0.34375 0.10625 0.0796875
0 0.14375 0.6390625 0.0421875 0.065625
0 0.2390625 0.6 0.128125 0.09375
0 0.13984375 0.7484375 0.0703125 0.0625
0 0.20078125 0.7359375 0.0234375 0.040625
0 0.25078125 0.7265625 0.053125 0.0671875
0 0.35 0.69453125 0.071875 0.0609375
0 0.2046875 0.82265625 0.0328125 0.0484375
0 0.2484375 0.85859375 0.0515625 0.059375
0 0.2640625 0.95390625 0.05 0.0578125
0 0.4625 0.62421875 0.053125 0.0796875
0 0.52734375 0.615625 0.0984375 0.08125
0 0.490625 0.78203125 0.06875 0.1
0 0.575 0.7734375 0.096875 0.090625
0 0.52578125 0.91484375 0.075 0.0953125
0 0.60390625 0.8734375 0.0921875 0.075
0 0.659375 0.575 0.071875 0.05625
0 0.67890625 0.72265625 0.059375 0.059375
0 0.7640625 0.6703125 0.115625 0.1234375
0 0.77265625 0.69140625 0.0984375 0.128125
0 0.7015625 0.8375 0.0671875 0.0625
0 0.7890625 0.76171875 0.1390625 0.1984375
0 0.26015625 0.0734375 0.053125 0.03125
0 0.29453125 0.72109375 0.0390625 0.0359375