0 0.203125 0.146875 0.1390625 0.0484375
0 0.35390625 0.15390625 0.125 0.05
0 0.1546875 0.184375 0.0578125 0.0453125
0 0.24140625 0.1859375 0.090625 0.0328125
0 0.18125 0.234375 0.025 0.0265625
0 0.265625 0.23671875 0.0953125 0.0421875
0 0.38046875 0.22890625 0.090625 0.03125
0 0.44765625 0.22421875 0.0234375 0.009375
0 0.52734375 0.2171875 0.128125 0.040625
0 0.1921875 0.2734375 0.0484375 0.0234375
0 0.2546875 0.27734375 0.0328125 0.0328125
0 0.32578125 0.28046875 0.0765625 0.0265625
0 0.49609375 0.26171875 0.0234375 0.009375
0 0.58125 0.2703125 0.1234375 0.0421875
0 0.19765625 0.30859375 0.0453125 0.028125
0 0.2765625 0.3109375 0.040625 0.0296875
0 0.50078125 0.3015625 0.0234375 0.009375
0 0.5671875 0.30234375 0.1 0.034375
0 0.34921875 0.3078125 0.0328125 0.0171875
0 0.41875 0.30390625 0.0171875 0.015625
0 0.41953125 0.27578125 0.0859375 0.034375
0 0.17265625 0.359375 0.071875 0.0265625
0 0.275 0.34921875 0.084375 0.03125
0 0.2140625 0.39609375 0.0390625 0.025
0 0.27734375 0.39453125 0.0375 0.025
0 0.34609375 0.39140625 0.075 0.034375
0 0.43359375 0.38984375 0.0921875 0.028125
0 0.21796875 0.4390625 0.0453125 0.021875
0 0.27734375 0.43203125 0.0109375 0.028125
0 0.3328125 0.43046875 0.05625 0.03125
0 0.4140625 0.4296875 0.0609375 0.03125
0 0.49921875 0.4265625 0.0703125 0.0234375
0 0.5671875 0.4234375 0.0234375 0.009375
0 0.6453125 0.421875 0.1171875 0.03125
0 0.21328125 0.475 0.0296875 0.0171875
0 0.27265625 0.47421875 0.0296875 0.0265625
0 0.3328125 0.47109375 0.065625 0.028125
0 0.42578125 0.4765625 0.0828125 0.0328125
0 0.51171875 0.47421875 0.0671875 0.0328125
0 0.5703125 0.465625 0.0203125 0.00625
0 0.65234375 0.46875 0.1171875 0.0515625
0 0.20390625 0.51640625 0.09375 0.03125
0 0.2234375 0.553125 0.0421875 0.025
0 0.30546875 0.5578125 0.0953125 0.034375
0 0.40703125 0.5453125 0.040625 0.025
0 0.45859375 0.54609375 0.0140625 0.00625
0 0.515625 0.5453125 0.0859375 0.04375
0 0.64921875 0.53828125 0.0796875 0.03125
0 0.728125 0.546875 0.059375 0.0234375
0 0.171875 0.62890625 0.0171875 0.00625
0 0.2390625 0.6234375 0.0734375 0.03125
0 0.371875 0.6265625 0.1125 0.034375
0 0.496875 0.61875 0.0375 0.0328125
0 0.590625 0.62109375 0.103125 0.0421875
0 0.22578125 0.6765625 0.121875 0.0421875
0 0.378125 0.665625 0.0953125 0.040625
0 0.228125 0.70859375 0.025 0.0109375
0 0.29453125 0.70703125 0.0375 0.0296875
0 0.37265625 0.709375 0.08125 0.028125
0 0.4359375 0.70234375 0.0234375 0.009375
0 0.49375 0.70390625 0.084375 0.0296875
0 0.2296875 0.73984375 0.025 0.009375
0 0.28671875 0.74453125 0.0609375 0.03125
0 0.36171875 0.7484375 0.0984375 0.028125
0 0.4859375 0.740625 0.1171875 0.0359375
0 0.2328125 0.7859375 0.021875 0.0078125
0 0.303125 0.7890625 0.121875 0.0375
0 0.41875 0.7796875 0.0171875 0.009375
0 0.5015625 0.784375 0.1609375 0.046875
0 0.2421875 0.82890625 0.021875 0.015625
0 0.30078125 0.821875 0.0765625 0.03125
0 0.42734375 0.83046875 0.1296875 0.040625