0 0.17734375 0.05703125 0.0828125 0.0265625
0 0.26328125 0.06640625 0.08125 0.0421875
0 0.3734375 0.08359375 0.1296875 0.040625
0 0.49296875 0.096875 0.1015625 0.0375
0 0.1671875 0.115625 0.0875 0.03125
0 0.2265625 0.125 0.0234375 0.0171875
0 0.27109375 0.128125 0.0546875 0.025
0 0.32109375 0.134375 0.0375 0.0234375
0 0.3578125 0.13828125 0.028125 0.0234375
0 0.415625 0.14921875 0.0828125 0.0359375
0 0.1703125 0.146875 0.115625 0.0390625
0 0.14375 0.17265625 0.0765625 0.034375
0 0.21640625 0.1859375 0.0625 0.0265625
0 0.26484375 0.1875 0.0359375 0.021875
0 0.33671875 0.20078125 0.096875 0.0265625
0 0.69140625 0.11328125 0.1265625 0.040625
0 0.79375 0.1171875 0.075 0.0296875
0 0.86171875 0.121875 0.059375 0.03125
0 0.90703125 0.12265625 0.034375 0.0265625
0 0.95078125 0.125 0.0484375 0.028125
0 0.65625 0.1375 0.0640625 0.028125
0 0.646875 0.18359375 0.0578125 0.0328125
0 0.7109375 0.18359375 0.0546875 0.0296875
0 0.80546875 0.18984375 0.1 0.0359375
0 0.64375 0.2140625 0.0484375 0.034375
0 0.690625 0.21796875 0.0375 0.021875
0 0.7734375 0.21953125 0.1078125 0.0421875
0 0.6359375 0.25234375 0.05 0.0265625
0 0.684375 0.259375 0.04375 0.03125
0 0.78203125 0.2734375 0.1203125 0.0390625
0 0.1484375 0.23515625 0.10625 0.0390625
0 0.21484375 0.24296875 0.0234375 0.0203125
0 0.26796875 0.25 0.075 0.0296875
0 0.34453125 0.2625 0.078125 0.0265625
0 0.415625 0.275 0.0640625 0.0359375
0 0.14375 0.26484375 0.0921875 0.0390625
0 0.23515625 0.28125 0.0578125 0.0390625
0 0.34765625 0.30078125 0.09375 0.040625
0 0.42734375 0.32265625 0.046875 0.03125
0 0.49140625 0.31796875 0.0296875 0.028125
0 0.54609375 0.3265625 0.03125 0.034375
0 0.63671875 0.340625 0.1171875 0.05
0 0.74609375 0.35234375 0.0859375 0.04375
0 0.840625 0.3671875 0.0609375 0.03125
0 0.16484375 0.31484375 0.1640625 0.05625
0 0.3125 0.33828125 0.0921875 0.0421875
0 0.44375 0.36171875 0.1328125 0.0375
0 0.56484375 0.37421875 0.0671875 0.0359375
0 0.63515625 0.3859375 0.028125 0.025
0 0.6984375 0.38984375 0.06875 0.0375
0 0.7609375 0.39765625 0.0328125 0.034375
0 0.871875 0.41171875 0.1625 0.0484375
0 0.14296875 0.35 0.1375 0.0453125
0 0.26015625 0.371875 0.05625 0.05
0 0.34453125 0.3875 0.0890625 0.0515625
0 0.421875 0.38984375 0.0484375 0.034375
0 0.5109375 0.4140625 0.121875 0.059375
0 0.62578125 0.421875 0.0765625 0.0421875
0 0.70546875 0.4375 0.0625 0.0359375
0 0.8015625 0.45390625 0.1 0.040625
0 0.925 0.465625 0.115625 0.0421875
0 0.09453125 0.38515625 0.0453125 0.0359375
0 0.16953125 0.3921875 0.03125 0.0296875
0 0.21640625 0.39609375 0.0453125 0.025
0 0.309375 0.40703125 0.075 0.034375
0 0.4046875 0.42578125 0.0640625 0.034375
0 0.50390625 0.44609375 0.0953125 0.0390625
0 0.61328125 0.46484375 0.0890625 0.0453125
0 0.7359375 0.47890625 0.134375 0.0484375
0 0.06015625 0.4734375 0.05625 0.0296875
0 0.12578125 0.48515625 0.0671875 0.034375
0 0.0875 0.62578125 0.13125 0.0453125
0 0.17734375 0.63203125 0.040625 0.0265625
0 0.2859375 0.64609375 0.1640625 0.046875
0 0.38671875 0.6546875 0.025 0.025
0 0.42265625 0.66015625 0.0421875 0.0265625
0 0.47265625 0.665625 0.0609375 0.028125
0 0.6390625 0.68984375 0.13125 0.0453125
0 0.7421875 0.696875 0.0734375 0.0296875
0 0.8078125 0.7078125 0.053125 0.034375
0 0.8515625 0.7109375 0.0296875 0.021875
0 0.89375 0.71640625 0.046875 0.025
0 0.60234375 0.7125 0.0671875 0.028125
0 0.0609375 0.7296875 0.1015625 0.0421875
0 0.1375 0.734375 0.0390625 0.028125
0 0.228125 0.75 0.1328125 0.05
0 0.06015625 0.765625 0.1078125 0.0421875
0 0.1390625 0.771875 0.0375 0.028125
0 0.2015625 0.7796875 0.078125 0.0390625
0 0.0234375 0.79375 0.040625 0.028125
0 0.02578125 0.83046875 0.0515625 0.0296875
0 0.028125 0.8671875 0.05625 0.03125
0 0.06484375 0.90859375 0.1296875 0.0390625
0 0.6 0.77421875 0.0546875 0.0328125
0 0.65546875 0.78125 0.040625 0.03125
0 0.7359375 0.7890625 0.103125 0.0375
0 0.59453125 0.80625 0.04375 0.0296875
0 0.63515625 0.81015625 0.0359375 0.03125
0 0.7265625 0.81796875 0.103125 0.0359375
0 0.58359375 0.8375 0.0390625 0.034375
0 0.63203125 0.8453125 0.0484375 0.0296875
0 0.7328125 0.8546875 0.1203125 0.0375
0 0.5859375 0.8890625 0.0375 0.0265625
0 0.634375 0.89296875 0.0640625 0.034375
0 0.74296875 0.9015625 0.1171875 0.0359375
0 0.578125 0.92890625 0.040625 0.028125
0 0.634375 0.928125 0.06875 0.0390625
0 0.74140625 0.934375 0.125 0.04375
0 0.57890625 0.96171875 0.0484375 0.03125
0 0.6390625 0.9640625 0.0765625 0.0421875
0 0.7484375 0.97109375 0.1140625 0.0390625