0 0.47109375 0.0890625 0.1625 0.0640625
0 0.653125 0.13046875 0.190625 0.0828125
0 0.365625 0.11484375 0.103125 0.046875
0 0.53359375 0.1546875 0.075 0.0359375
0 0.64921875 0.175 0.065625 0.034375
0 0.78125 0.20546875 0.1171875 0.0515625
0 0.19921875 0.1421875 0.1109375 0.0625
0 0.37578125 0.1828125 0.05625 0.046875
0 0.54453125 0.2171875 0.13125 0.0609375
0 0.74609375 0.25390625 0.1609375 0.059375
0 0.1578125 0.18046875 0.0703125 0.0375
0 0.34453125 0.22109375 0.159375 0.059375
0 0.5671875 0.271875 0.1796875 0.0609375
0 0.734375 0.296875 0.06875 0.0296875
0 0.834375 0.315625 0.078125 0.0296875
0 0.23046875 0.25625 0.2234375 0.0859375
0 0.5125 0.30859375 0.2078125 0.0671875
0 0.73515625 0.34140625 0.1109375 0.0421875
0 0.24296875 0.303125 0.253125 0.0765625
0 0.49453125 0.35390625 0.0859375 0.0359375
0 0.66953125 0.3875 0.1359375 0.05
0 0.14765625 0.34453125 0.0953125 0.0453125
0 0.309375 0.37734375 0.078125 0.0328125
0 0.49453125 0.415625 0.1 0.05
0 0.6671875 0.434375 0.09375 0.0390625
0 0.796875 0.4515625 0.09375 0.0375
0 0.128125 0.38984375 0.06875 0.0390625
0 0.35859375 0.44140625 0.2 0.0703125
0 0.5515625 0.47578125 0.0625 0.0328125
0 0.69765625 0.49921875 0.134375 0.04375
0 0.13671875 0.4421875 0.10625 0.0421875
0 0.28125 0.47109375 0.0671875 0.034375
0 0.521875 0.51953125 0.26875 0.078125
0 0.7328125 0.56328125 0.0421875 0.028125
0 0.09296875 0.4828125 0.040625 0.0265625
0 0.20078125 0.5046875 0.084375 0.040625
0 0.33984375 0.52265625 0.03125 0.03125
0 0.46875 0.56015625 0.1203125 0.0671875
0 0.67890625 0.596875 0.1890625 0.059375
0 0.15703125 0.54375 0.1875 0.065625
0 0.3765625 0.58828125 0.1375 0.0421875
0 0.52109375 0.61171875 0.0171875 0.0234375
0 0.64375 0.6390625 0.1171875 0.0421875
0 0.1015625 0.578125 0.103125 0.0421875
0 0.2453125 0.61171875 0.0921875 0.046875
0 0.46484375 0.6484375 0.209375 0.065625
0 0.66015625 0.68046875 0.0640625 0.0421875
0 0.76171875 0.70234375 0.1109375 0.0515625
0 0.14453125 0.6265625 0.178125 0.0625
0 0.41015625 0.67734375 0.2546875 0.075
0 0.1 0.653125 0.096875 0.0375
0 0.17109375 0.6625 0.04375 0.025
0 0.228125 0.675 0.0640625 0.0328125
0 0.48046875 0.7171875 0.1953125 0.0515625
0 0.73359375 0.76015625 0.0796875 0.03125
0 0.08984375 0.72421875 0.121875 0.0625
0 0.1671875 0.72890625 0.0203125 0.03125
0 0.2140625 0.74140625 0.065625 0.0359375
0 0.321875 0.75546875 0.1390625 0.0515625
0 0.4125 0.7765625 0.0484375 0.04375
0 0.528125 0.79765625 0.125 0.059375
0 0.03125 0.76875 0.021875 0.03125
0 0.10859375 0.78125 0.125 0.05
0 0.2390625 0.80546875 0.1328125 0.0546875
0 0.35703125 0.8265625 0.1015625 0.0484375
0 0.44375 0.8421875 0.06875 0.0453125
0 0.0484375 0.8125 0.0640625 0.0375
0 0.225 0.83984375 0.0390625 0.0390625
0 0.384375 0.87265625 0.05625 0.0328125
0 0.4640625 0.884375 0.0421875 0.0359375
0 0.5984375 0.91328125 0.08125 0.075