0 0.0984375 0.1515625 0.1203125 0.0765625
0 0.3015625 0.0953125 0.18125 0.0875
0 0.7328125 0.0203125 0.08125 0.040625
0 0.09296875 0.2578125 0.0734375 0.0375
0 0.215625 0.2265625 0.1265625 0.0546875
0 0.37734375 0.1953125 0.14375 0.05625
0 0.50234375 0.16484375 0.0796875 0.0453125
0 0.63828125 0.13828125 0.1828125 0.071875
0 0.7671875 0.11015625 0.0546875 0.0359375
0 0.121875 0.31328125 0.0890625 0.05
0 0.25625 0.27890625 0.1609375 0.0765625
0 0.396875 0.25234375 0.078125 0.053125
0 0.4984375 0.24296875 0.1109375 0.0734375
0 0.6359375 0.2015625 0.1328125 0.05625
0 0.77421875 0.18828125 0.140625 0.09375
0 0.178125 0.365625 0.18125 0.0734375
0 0.3609375 0.32421875 0.134375 0.071875
0 0.4890625 0.29609375 0.115625 0.0515625
0 0.65078125 0.2625 0.1796875 0.090625
0 0.215625 0.42890625 0.240625 0.0984375
0 0.4171875 0.36796875 0.1515625 0.059375
0 0.5671875 0.3359375 0.103125 0.0546875
0 0.6625 0.309375 0.0640625 0.0421875
0 0.7859375 0.28046875 0.1875 0.08125
0 0.178125 0.5171875 0.134375 0.0828125
0 0.36875 0.46484375 0.2234375 0.0875
0 0.5796875 0.4109375 0.1546875 0.0671875
0 0.715625 0.37421875 0.10625 0.05
0 0.16015625 0.60859375 0.0515625 0.053125
0 0.21796875 0.60234375 0.05625 0.0671875
0 0.28515625 0.58984375 0.06875 0.053125
0 0.35234375 0.571875 0.0640625 0.0515625
0 0.4296875 0.55234375 0.0765625 0.0609375
0 0.50390625 0.5265625 0.0703125 0.065625
0 0.58828125 0.5140625 0.06875 0.0484375
0 0.6625 0.49765625 0.065625 0.0546875
0 0.7171875 0.48515625 0.0140625 0.034375
0 0.21953125 0.69375 0.1328125 0.0734375
0 0.38203125 0.65625 0.1296875 0.065625
0 0.54765625 0.62109375 0.1625 0.078125
0 0.715625 0.565625 0.1734375 0.103125
0 0.315625 0.740625 0.2953125 0.1140625
0 0.5203125 0.6953125 0.0765625 0.0421875
0 0.60859375 0.67734375 0.0984375 0.0703125
0 0.75390625 0.63125 0.1765625 0.0859375
0 0.9125 0.603125 0.1453125 0.0921875
0 0.24453125 0.83828125 0.11875 0.0625
0 0.39375 0.79140625 0.1484375 0.071875
0 0.5109375 0.76484375 0.0578125 0.04375
0 0.60234375 0.740625 0.096875 0.05
0 0.74453125 0.70546875 0.146875 0.0734375
0 0.89453125 0.65546875 0.146875 0.0921875
0 0.97890625 0.6625 0.0421875 0.090625