0 0.346875 0.05234375 0.253125 0.1046875
0 0.5671875 0.08671875 0.1953125 0.1671875
0 0.82734375 0.14140625 0.328125 0.1671875
0 0.26875 0.22890625 0.2015625 0.2234375
0 0.48203125 0.2984375 0.253125 0.2171875
0 0.7171875 0.35703125 0.253125 0.215625
0 0.90703125 0.40078125 0.1859375 0.2171875
0 0.2984375 0.38828125 0.3015625 0.1421875
0 0.5765625 0.44453125 0.225 0.1453125
0 0.80859375 0.4984375 0.2265625 0.15
0 0.21796875 0.534375 0.2203125 0.146875
0 0.4328125 0.58359375 0.203125 0.14375
0 0.68125 0.69296875 0.3140625 0.221875
0 0.178125 0.70546875 0.2171875 0.1515625
0 0.44296875 0.79921875 0.3453125 0.275
0 0.7453125 0.89453125 0.309375 0.2109375