0 0.3140625 0.1875 0.1390625 0.0765625
0 0.21171875 0.29609375 0.1 0.0671875
0 0.2890625 0.3 0.025 0.0578125
0 0.34609375 0.2796875 0.0734375 0.0421875
0 0.42265625 0.27265625 0.0453125 0.040625
0 0.5203125 0.27578125 0.1265625 0.05
0 0.6171875 0.25390625 0.028125 0.0328125
0 0.67890625 0.24765625 0.078125 0.0328125
0 0.8046875 0.2578125 0.1296875 0.0578125
0 0.8046875 0.21953125 0.1328125 0.0453125
0 0.89921875 0.2234375 0.0453125 0.0359375
0 0.23515625 0.37890625 0.0921875 0.075
0 0.32265625 0.38203125 0.0546875 0.0640625
0 0.43203125 0.37265625 0.15 0.0765625
0 0.54140625 0.33984375 0.05625 0.0421875
0 0.74296875 0.32421875 0.0765625 0.0453125
0 0.28125 0.446875 0.1546875 0.0671875
0 0.265625 0.50859375 0.0921875 0.0515625
0 0.33984375 0.51015625 0.034375 0.046875
0 0.475 0.490625 0.19375 0.084375
0 0.59453125 0.4515625 0.03125 0.03125
0 0.34140625 0.56875 0.1265625 0.084375
0 0.2921875 0.64609375 0.0890625 0.0671875
0 0.38359375 0.63046875 0.0765625 0.0515625
0 0.36015625 0.71484375 0.196875 0.1421875
0 0.48828125 0.6859375 0.0484375 0.0765625
0 0.5828125 0.65234375 0.13125 0.0671875
0 0.31328125 0.79921875 0.0609375 0.0484375
0 0.40078125 0.77734375 0.090625 0.04375
0 0.32734375 0.8890625 0.071875 0.0421875
0 0.4078125 0.875 0.05 0.06875
0 0.52578125 0.82734375 0.1421875 0.08125
0 0.67734375 0.79140625 0.134375 0.0828125
0 0.390625 0.95859375 0.225 0.0546875