0 0.16015625 0.209375 0.08125 0.028125
0 0.26328125 0.18359375 0.11875 0.0375
0 0.17421875 0.2296875 0.059375 0.0234375
0 0.24375 0.21328125 0.04375 0.0203125
0 0.13828125 0.25859375 0.0125 0.00625
0 0.17890625 0.25234375 0.053125 0.025
0 0.21640625 0.24296875 0.03125 0.0171875
0 0.26171875 0.234375 0.065625 0.0265625
0 0.32890625 0.21640625 0.0484375 0.025
0 0.19375 0.2765625 0.065625 0.025
0 0.26796875 0.25703125 0.0625 0.025
0 0.1421875 0.30625 0.0078125 0.0046875
0 0.23046875 0.296875 0.1375 0.05
0 0.33671875 0.2703125 0.096875 0.0359375
0 0.2140625 0.321875 0.0765625 0.028125
0 0.29921875 0.303125 0.0671875 0.028125
0 0.37890625 0.284375 0.075 0.0265625
0 0.43203125 0.271875 0.046875 0.021875
0 0.15390625 0.35546875 0.0140625 0.00625
0 0.21328125 0.34921875 0.0859375 0.0328125
0 0.27890625 0.33203125 0.0484375 0.0203125
0 0.353125 0.31796875 0.0921875 0.0359375
0 0.2046875 0.3796875 0.0671875 0.028125
0 0.27265625 0.36328125 0.0890625 0.034375
0 0.18359375 0.43125 0.059375 0.0296875
0 0.25078125 0.41796875 0.071875 0.03125
0 0.31640625 0.403125 0.0203125 0.0109375
0 0.3875 0.3890625 0.0734375 0.03125
0 0.4390625 0.37578125 0.034375 0.021875
0 0.4953125 0.3640625 0.08125 0.0328125
0 0.5796875 0.34375 0.0765625 0.03125
0 0.62734375 0.33046875 0.015625 0.0109375
0 0.7125 0.3109375 0.1015625 0.0390625
0 0.8265625 0.2875 0.096875 0.0359375
0 0.1859375 0.4640625 0.053125 0.0359375
0 0.25390625 0.4453125 0.0375 0.0234375
0 0.290625 0.43359375 0.015625 0.0125
0 0.3515625 0.42265625 0.0625 0.028125
0 0.4625 0.39921875 0.15 0.05
0 0.559375 0.375 0.0171875 0.0078125
0 0.60625 0.3640625 0.065625 0.03125
0 0.66875 0.34921875 0.0515625 0.025
0 0.7140625 0.3390625 0.021875 0.0109375
0 0.7734375 0.3265625 0.06875 0.03125
0 0.82109375 0.31640625 0.028125 0.021875
0 0.87578125 0.30703125 0.071875 0.034375
0 0.89453125 0.31796875 0.0421875 0.0203125
0 0.20234375 0.53203125 0.0625 0.028125
0 0.271875 0.5171875 0.071875 0.028125
0 0.3453125 0.5 0.0484375 0.021875
0 0.2 0.56328125 0.0625 0.028125
0 0.24140625 0.55078125 0.0328125 0.0203125
0 0.3078125 0.5359375 0.0796875 0.0328125
0 0.39765625 0.5171875 0.0765625 0.0328125
0 0.2484375 0.58515625 0.0578125 0.034375
0 0.28515625 0.5765625 0.009375 0.0046875
0 0.37109375 0.56328125 0.140625 0.0625
0 0.2578125 0.60546875 0.059375 0.025
0 0.359375 0.5859375 0.1453125 0.046875
0 0.28046875 0.62734375 0.075 0.03125
0 0.3375 0.61328125 0.05625 0.03125
0 0.39765625 0.609375 0.09375 0.0421875
0 0.51796875 0.57734375 0.121875 0.040625
0 0.29296875 0.68359375 0.0828125 0.0328125
0 0.35078125 0.66796875 0.0421875 0.0234375
0 0.4125 0.66171875 0.0921875 0.0421875
0 0.48984375 0.63671875 0.053125 0.0265625
0 0.265625 0.71640625 0.0796875 0.03125
0 0.359375 0.69765625 0.0875 0.0375
0 0.30625 0.74296875 0.15 0.0609375
0 0.45078125 0.70859375 0.13125 0.046875
0 0.25390625 0.77890625 0.05625 0.028125
0 0.37890625 0.74921875 0.1703125 0.0515625
0 0.31328125 0.871875 0.0765625 0.05625
0 0.565625 0.71328125 0.021875 0.0203125
0 0.33984375 0.8984375 0.0890625 0.0625
0 0.46640625 0.80703125 0.184375 0.1234375
0 0.35859375 0.92421875 0.071875 0.0484375
0 0.40625 0.89375 0.05625 0.040625
0 0.45234375 0.8484375 0.0671875 0.0515625
0 0.58359375 0.725 0.0265625 0.0203125
0 0.48125 0.8796875 0.209375 0.1515625
0 0.60390625 0.7421875 0.03125 0.021875
0 0.66875 0.73515625 0.028125 0.0203125
0 0.28125 0.65546875 0.071875 0.0359375
0 0.38671875 0.6390625 0.15 0.0625