0 0.01875 0.11875 0.015625 0.025
0 0.0546875 0.10625 0.059375 0.04375
0 0.13515625 0.07890625 0.10625 0.0390625
0 0.02421875 0.1515625 0.0328125 0.0328125
0 0.07578125 0.13046875 0.078125 0.0515625
0 0.3484375 0.0484375 0.0703125 0.0578125
0 0.02890625 0.21328125 0.0546875 0.0390625
0 0.1046875 0.18515625 0.1078125 0.0609375
0 0.165625 0.16640625 0.0203125 0.0265625
0 0.209375 0.1515625 0.071875 0.046875
0 0.284375 0.12734375 0.0796875 0.046875
0 0.38359375 0.0890625 0.1203125 0.096875
0 0.00546875 0.30078125 0.0109375 0.0359375
0 0.0390625 0.2859375 0.0453125 0.03125
0 0.075 0.271875 0.028125 0.0296875
0 0.1046875 0.26484375 0.0296875 0.025
0 0.1484375 0.24921875 0.05625 0.0359375
0 0.21015625 0.228125 0.071875 0.0421875
0 0.25625 0.21328125 0.0203125 0.0265625
0 0.3265625 0.19140625 0.125 0.0609375
0 0.42109375 0.16875 0.0515625 0.0359375
0 0.47265625 0.16015625 0.046875 0.0296875
0 0.53203125 0.14296875 0.071875 0.040625
0 0.58671875 0.1171875 0.05 0.0640625
0 0.65703125 0.103125 0.0515625 0.0625
0 0.71328125 0.08828125 0.059375 0.084375
0 0.77265625 0.084375 0.0640625 0.0703125
0 0.8296875 0.0875 0.025 0.0484375
0 0.85234375 0.090625 0.0359375 0.0625
0 0.8296875 0.1359375 0.0515625 0.0515625
0 0.0109375 0.36796875 0.021875 0.0359375
0 0.05390625 0.3546875 0.05 0.040625
0 0.09140625 0.340625 0.0328125 0.03125
0 0.14140625 0.32578125 0.06875 0.04375
0 0.20859375 0.3046875 0.0703125 0.0421875
0 0.25703125 0.29140625 0.028125 0.028125
0 0.31484375 0.27578125 0.0875 0.04375
0 0.36953125 0.265625 0.015625 0.021875
0 0.39921875 0.25390625 0.040625 0.034375
0 0.45390625 0.240625 0.0546875 0.0375
0 0.5015625 0.2296875 0.040625 0.034375
0 0.565625 0.215625 0.084375 0.046875
0 0.06015625 0.41171875 0.0328125 0.0390625
0 0.11796875 0.39296875 0.0703125 0.05
0 0.18359375 0.38046875 0.0359375 0.03125
0 0.271875 0.35078125 0.053125 0.071875
0 0.35625 0.33515625 0.0546875 0.034375
0 0.44375 0.3125 0.1203125 0.1140625
0 0.54453125 0.278125 0.0796875 0.0921875
0 0.6640625 0.259375 0.096875 0.0703125
0 0.76640625 0.2453125 0.0359375 0.0515625
0 0.8203125 0.2328125 0.06875 0.06875
0 0.06875 0.46171875 0.034375 0.0453125
0 0.13671875 0.4359375 0.0890625 0.06875
0 0.21328125 0.41875 0.053125 0.0515625
0 0.26875 0.3984375 0.04375 0.0453125
0 0.32890625 0.38515625 0.0484375 0.05
0 0.034375 0.50078125 0.0296875 0.034375
0 0.08671875 0.48515625 0.05625 0.034375
0 0.134375 0.47265625 0.0421875 0.03125
0 0.24296875 0.44453125 0.1828125 0.075
0 0.38359375 0.409375 0.1046875 0.05
0 0.475 0.3890625 0.0765625 0.04375
0 0.53515625 0.375 0.04375 0.0359375
0 0.59609375 0.36171875 0.0828125 0.04375
0 0.0828125 0.55390625 0.0234375 0.034375
0 0.13515625 0.5265625 0.075 0.0671875
0 0.53203125 0.44921875 0.034375 0.040625
0 0.6140625 0.41328125 0.096875 0.0796875
0 0.06015625 0.634375 0.03125 0.0390625
0 0.10859375 0.6234375 0.0484375 0.040625
0 0.13984375 0.6140625 0.01875 0.0265625
0 0.17265625 0.60625 0.0453125 0.0359375
0 0.26015625 0.5875 0.1265625 0.0546875
0 0.35390625 0.5671875 0.0609375 0.04375
0 0.40859375 0.55625 0.0453125 0.0296875
0 0.4703125 0.5421875 0.0828125 0.053125
0 0.1328125 0.68671875 0.0765625 0.0953125
0 0.190625 0.6625 0.0234375 0.040625
0 0.2765625 0.63984375 0.0984375 0.0734375
0 0.38515625 0.63203125 0.0546875 0.0625
0 0.43984375 0.59609375 0.040625 0.0578125
0 0.5 0.58984375 0.046875 0.065625
0 0.59453125 0.57421875 0.128125 0.1015625
0 0.71640625 0.5421875 0.06875 0.071875
0 0.81328125 0.5203125 0.0875 0.0703125
0 0.89375 0.5 0.05 0.0609375
0 0.921875 0.48125 0.028125 0.0484375
0 0.9046875 0.53984375 0.0421875 0.046875
0 0.08515625 0.76953125 0.028125 0.0359375
0 0.1390625 0.75703125 0.0546875 0.0375
0 0.19140625 0.746875 0.0515625 0.040625
0 0.23515625 0.7390625 0.0390625 0.034375
0 0.29453125 0.73046875 0.078125 0.05
0 0.3671875 0.71171875 0.0796875 0.04375
0 0.45859375 0.69375 0.1109375 0.0578125
0 0.54609375 0.6703125 0.0703125 0.04375
0 0.60703125 0.6578125 0.053125 0.0375
0 0.65703125 0.64765625 0.046875 0.0328125
0 0.72109375 0.63046875 0.0796875 0.04375
0 0.128125 0.828125 0.025 0.0359375
0 0.17421875 0.81484375 0.0875 0.08125
0 0.24375 0.7953125 0.0625 0.0703125
0 0.34765625 0.76953125 0.13125 0.0921875
0 0.465625 0.74375 0.0796875 0.08125
0 0.6015625 0.7328125 0.034375 0.0390625
0 0.6953125 0.69140625 0.1296875 0.1109375
0 0.8328125 0.646875 0.1125 0.08125
0 0.11484375 0.90546875 0.034375 0.0390625
0 0.15 0.8984375 0.021875 0.0265625
0 0.18515625 0.89140625 0.046875 0.0375
0 0.240625 0.88984375 0.059375 0.0390625
0 0.31953125 0.8703125 0.1 0.0484375
0 0.39765625 0.8546875 0.0578125 0.0390625
0 0.4625 0.8421875 0.08125 0.0453125
0 0.55546875 0.82421875 0.1078125 0.05625
0 0.64296875 0.79921875 0.071875 0.046875
0 0.703125 0.778125 0.05 0.05
0 0.784375 0.74453125 0.09375 0.0765625