0 0.103125 0.11953125 0.0390625 0.0375
0 0.190625 0.13203125 0.090625 0.1
0 0.3046875 0.13671875 0.10625 0.078125
0 0.45078125 0.1484375 0.146875 0.103125
0 0.66015625 0.17578125 0.2296875 0.115625
0 0.8234375 0.16484375 0.075 0.0546875
0 0.921875 0.19375 0.0765625 0.0703125
0 0.9890625 0.18671875 0.021875 0.0484375
0 0.11953125 0.1671875 0.08125 0.0625
0 0.234375 0.1796875 0.1140625 0.05625
0 0.41484375 0.209375 0.2046875 0.1015625
0 0.58046875 0.20390625 0.084375 0.0484375
0 0.696875 0.2234375 0.1046875 0.065625
0 0.82421875 0.21875 0.1 0.0640625
0 0.9171875 0.225 0.0390625 0.04375
0 0.97734375 0.22890625 0.0453125 0.0640625
0 0.07109375 0.24765625 0.0421875 0.0359375
0 0.10703125 0.253125 0.0140625 0.0546875
0 0.22890625 0.25859375 0.1296875 0.075
0 0.35625 0.28125 0.1140625 0.0671875
0 0.50859375 0.2828125 0.13125 0.0609375
0 0.6359375 0.28828125 0.0875 0.053125
0 0.7203125 0.29453125 0.03125 0.0359375
0 0.8109375 0.3109375 0.134375 0.078125
0 0.94609375 0.309375 0.1078125 0.084375
0 0.0984375 0.31328125 0.0703125 0.0796875
0 0.2859375 0.30859375 0.265625 0.0953125
0 0.46015625 0.32734375 0.009375 0.03125
0 0.55078125 0.33046875 0.1171875 0.0609375
0 0.7078125 0.34140625 0.1375 0.0640625
0 0.828125 0.35234375 0.0453125 0.0453125
0 0.9390625 0.359375 0.121875 0.065625
0 0.109375 0.35078125 0.0859375 0.059375
0 0.2 0.35078125 0.05 0.059375
0 0.309375 0.35703125 0.1171875 0.05625
0 0.053125 0.4125 0.03125 0.034375
0 0.11328125 0.41328125 0.1015625 0.0828125
0 0.21015625 0.434375 0.071875 0.053125
0 0.328125 0.4375 0.115625 0.0734375
0 0.515625 0.45703125 0.2421875 0.1203125
0 0.696875 0.47734375 0.115625 0.0859375
0 0.815625 0.471875 0.046875 0.0453125
0 0.9234375 0.5 0.1078125 0.0734375
0 0.0796875 0.47578125 0.0796875 0.0734375
0 0.190625 0.47578125 0.0703125 0.04375
0 0.28046875 0.48515625 0.071875 0.05625
0 0.38671875 0.5015625 0.0828125 0.0765625
0 0.5140625 0.5078125 0.0796875 0.0703125
0 0.6296875 0.50703125 0.0734375 0.0421875
0 0.78515625 0.51875 0.103125 0.0546875
0 0.934375 0.5265625 0.0859375 0.0609375
0 0.0875 0.5125 0.1015625 0.0765625
0 0.1859375 0.52890625 0.0875 0.078125
0 0.32421875 0.54453125 0.0765625 0.0703125
0 0.4546875 0.54609375 0.1 0.0765625
0 0.59140625 0.54453125 0.090625 0.065625
0 0.7296875 0.56875 0.103125 0.0890625
0 0.02109375 0.59453125 0.028125 0.0390625
0 0.06875 0.603125 0.0546875 0.0609375
0 0.1625 0.61796875 0.0875 0.078125
0 0.3109375 0.6078125 0.128125 0.078125
0 0.4234375 0.625 0.059375 0.053125
0 0.56484375 0.63359375 0.1578125 0.0765625
0 0.7921875 0.6578125 0.23125 0.0859375
0 0.95234375 0.6875 0.059375 0.0671875
0 0.06640625 0.6484375 0.0859375 0.05625
0 0.18203125 0.66796875 0.1125 0.0953125
0 0.30703125 0.6640625 0.1140625 0.078125
0 0.46171875 0.6796875 0.1421875 0.09375
0 0.59140625 0.69140625 0.053125 0.0515625
0 0.6640625 0.7015625 0.05625 0.0734375
0 0.74921875 0.70234375 0.1078125 0.0765625
0 0.884375 0.7171875 0.1515625 0.0734375
0 0.096875 0.709375 0.153125 0.0953125
0 0.2703125 0.725 0.1125 0.084375
0 0.421875 0.71796875 0.10625 0.05625
0 0.559375 0.73203125 0.1203125 0.0765625
0 0.746875 0.74609375 0.228125 0.0921875
0 0.91875 0.76484375 0.1 0.0546875
0 0.015625 0.7734375 0.021875 0.0296875
0 0.06875 0.7890625 0.0578125 0.06875
0 0.16796875 0.80546875 0.103125 0.0875
0 0.54453125 0.83203125 0.171875 0.103125
0 0.71875 0.8359375 0.1359375 0.075
0 0.840625 0.84375 0.05625 0.0578125
0 0.91953125 0.859375 0.075 0.0546875
0 0.05625 0.83515625 0.1125 0.0640625
0 0.2171875 0.840625 0.10625 0.05625
0 0.390625 0.859375 0.134375 0.06875
0 0.521875 0.87109375 0.0609375 0.0484375
0 0.6171875 0.88359375 0.1140625 0.0671875
0 0.75625 0.88359375 0.0859375 0.0515625
0 0.8828125 0.9046875 0.134375 0.065625
0 0.2078125 0.90234375 0.0859375 0.071875
0 0.3359375 0.89921875 0.0796875 0.04375
0 0.4359375 0.91015625 0.0328125 0.028125
0 0.575 0.91484375 0.1453125 0.071875
0 0.34296875 0.80234375 0.16875 0.084375
0 0.06484375 0.88203125 0.1296875 0.0703125