0 0.046875 0.17734375 0.09375 0.0984375
0 0.18828125 0.15546875 0.1328125 0.0984375
0 0.30234375 0.1234375 0.0609375 0.090625
0 0.44609375 0.11875 0.2171875 0.1546875
0 0.61875 0.0484375 0.1375 0.096875
0 0.7421875 0.0234375 0.090625 0.046875
0 0.840625 0.0140625 0.090625 0.028125
0 0.078125 0.32265625 0.15625 0.1671875
0 0.20078125 0.27890625 0.0390625 0.065625
0 0.303125 0.25 0.103125 0.0828125
0 0.3890625 0.24375 0.0484375 0.0546875
0 0.46640625 0.21171875 0.078125 0.0828125
0 0.56328125 0.18125 0.0984375 0.0953125
0 0.70234375 0.196875 0.1625 0.2046875
0 0.79296875 0.1296875 0.0375 0.05
0 0.86875 0.140625 0.096875 0.1140625
0 0.06015625 0.44375 0.0875 0.10625
0 0.11875 0.42109375 0.04375 0.0734375
0 0.203125 0.3890625 0.0890625 0.096875
0 0.2421875 0.325 0.0484375 0.06875
0 0.25625 0.39140625 0.0265625 0.04375
0 0.3046875 0.3734375 0.0890625 0.0859375
0 0.37890625 0.346875 0.0390625 0.065625
0 0.45078125 0.3453125 0.0859375 0.0796875
0 0.54765625 0.33203125 0.1125 0.10625
0 0.646875 0.29609375 0.0921875 0.0828125
0 0.70859375 0.28359375 0.0296875 0.046875
0 0.78515625 0.25390625 0.1125 0.078125
0 0.88125 0.23046875 0.0421875 0.05
0 0.52578125 0.44375 0.0703125 0.11875
0 0.43359375 0.5015625 0.1484375 0.178125
0 0.32265625 0.503125 0.096875 0.08125
0 0.22578125 0.5234375 0.0671875 0.0765625
0 0.13671875 0.53125 0.065625 0.084375
0 0.05625 0.5609375 0.0484375 0.0484375
0 0.159375 0.63984375 0.121875 0.1046875
0 0.30859375 0.6234375 0.128125 0.1
0 0.38984375 0.596875 0.059375 0.071875
0 0.496875 0.5890625 0.1296875 0.1609375
0 0.5890625 0.5671875 0.0609375 0.096875
0 0.6625 0.5375 0.0984375 0.0828125
0 0.08359375 0.78203125 0.04375 0.06875
0 0.140625 0.7671875 0.0734375 0.09375
0 0.2828125 0.78125 0.1171875 0.1203125
0 0.36328125 0.74296875 0.0578125 0.090625
0 0.5 0.70625 0.196875 0.1359375
0 0.63125 0.6625 0.071875 0.075
0 0.7296875 0.6609375 0.115625 0.1125
0 0.8140625 0.61875 0.0890625 0.090625
0 0.8921875 0.5921875 0.071875 0.0765625
0 0.959375 0.57421875 0.08125 0.0765625
0 0.96328125 0.70625 0.0734375 0.14375
0 0.86328125 0.71328125 0.121875 0.13125
0 0.78125 0.76328125 0.0359375 0.0515625
0 0.73125 0.778125 0.04375 0.0734375
0 0.63046875 0.8171875 0.1671875 0.1859375
0 0.51953125 0.85390625 0.1171875 0.1671875
0 0.4140625 0.83125 0.1015625 0.078125
0 0.315625 0.85390625 0.0609375 0.0640625
0 0.2234375 0.91875 0.1453125 0.15625
0 0.11484375 0.89375 0.0640625 0.0921875
0 0.16875 0.98828125 0.1 0.0234375
0 0.2640625 0.98671875 0.03125 0.0265625
0 0.34453125 0.96953125 0.0953125 0.0609375
0 0.47421875 0.9390625 0.1609375 0.121875
0 0.61875 0.93515625 0.1421875 0.1234375
0 0.78828125 0.88125 0.1796875 0.096875
0 0.903125 0.84921875 0.0625 0.0703125
0 0.9640625 0.834375 0.071875 0.159375
0 0.7125 0.51171875 0.046875 0.0984375