0 0.434375 0.0546875 0.1484375 0.0625
0 0.9046875 0.196875 0.190625 0.065625
0 0.53359375 0.16796875 0.1453125 0.0625
0 0.47421875 0.2375 0.1515625 0.0828125
0 0.6796875 0.28984375 0.13125 0.053125
0 0.84296875 0.34375 0.0890625 0.04375
0 0.18046875 0.28203125 0.1953125 0.0671875
0 0.5453125 0.33828125 0.1515625 0.06875
0 0.81640625 0.40703125 0.171875 0.05625
0 0.35859375 0.41328125 0.096875 0.0578125
0 0.4375 0.41875 0.059375 0.040625
0 0.53125 0.4421875 0.1078125 0.0546875
0 0.62109375 0.459375 0.05625 0.0421875
0 0.6828125 0.46171875 0.0546875 0.0296875
0 0.4765625 0.459375 0.1546875 0.0484375
0 0.78359375 0.52734375 0.0421875 0.0328125
0 0.86875 0.54921875 0.0921875 0.0453125
0 0.95390625 0.55390625 0.059375 0.0359375
0 0.7859375 0.5671875 0.0671875 0.0359375
0 0.896875 0.58203125 0.146875 0.0546875
0 0.58203125 0.54609375 0.1359375 0.0734375
0 0.37265625 0.50703125 0.0953125 0.0453125
0 0.08828125 0.5671875 0.08125 0.040625
0 0.1890625 0.58515625 0.090625 0.0453125
0 0.33671875 0.603125 0.2140625 0.071875
0 0.51015625 0.628125 0.128125 0.0390625
0 0.640625 0.64609375 0.1390625 0.0578125
0 0.7625 0.6578125 0.1109375 0.0453125
0 0.85 0.67421875 0.05625 0.0265625
0 0.14375 0.61171875 0.159375 0.053125
0 0.2640625 0.62890625 0.071875 0.03125
0 0.3890625 0.6421875 0.15625 0.0484375
0 0.50703125 0.65703125 0.0484375 0.040625
0 0.60546875 0.67734375 0.15 0.059375
0 0.74765625 0.69140625 0.1265625 0.040625
0 0.86015625 0.7046875 0.071875 0.0328125
0 0.1234375 0.6421875 0.1296875 0.046875
0 0.23515625 0.65390625 0.078125 0.0390625
0 0.31328125 0.66953125 0.071875 0.028125
0 0.38515625 0.68046875 0.0359375 0.0203125
0 0.4703125 0.69453125 0.1015625 0.0578125
0 0.6140625 0.7078125 0.1546875 0.0484375
0 0.78515625 0.72890625 0.165625 0.05
0 0.09375 0.6734375 0.1125 0.0515625
0 0.24296875 0.6875 0.16875 0.0609375
0 0.36328125 0.7015625 0.05 0.034375
0 0.43359375 0.72265625 0.0515625 0.0265625
0 0.4984375 0.72890625 0.05 0.021875
0 0.59921875 0.74140625 0.14375 0.05
0 0.70390625 0.7515625 0.0484375 0.034375
0 0.78828125 0.7609375 0.1078125 0.04375
0 0.8890625 0.77265625 0.0734375 0.040625
0 0.134375 0.709375 0.2046875 0.059375
0 0.2640625 0.72578125 0.053125 0.0375
0 0.340625 0.73359375 0.084375 0.0390625
0 0.44921875 0.75625 0.128125 0.0609375
0 0.5578125 0.76171875 0.078125 0.0390625
0 0.68046875 0.78046875 0.1109375 0.04375
0 0.790625 0.7921875 0.08125 0.040625
0 0.88359375 0.80546875 0.0984375 0.034375
0 0.084375 0.7375 0.121875 0.0453125
0 0.1828125 0.75390625 0.0828125 0.034375
0 0.27890625 0.7640625 0.1171875 0.0515625
0 0.3875 0.77421875 0.0765625 0.04375
0 0.503125 0.790625 0.1375 0.0546875
0 0.6125 0.8 0.0390625 0.03125
0 0.65703125 0.81796875 0.040625 0.0296875
0 0.71640625 0.821875 0.0421875 0.01875
0 0.84453125 0.834375 0.1546875 0.0484375
0 0.0921875 0.76953125 0.1546875 0.0546875
0 0.22421875 0.79453125 0.0828125 0.0609375
0 0.35390625 0.80859375 0.146875 0.059375
0 0.46328125 0.81953125 0.04375 0.0328125
0 0.5421875 0.83203125 0.1078125 0.04375
0 0.653125 0.84375 0.090625 0.0375
0 0.778125 0.86328125 0.1375 0.0546875
0 0.89453125 0.87734375 0.075 0.0375
0 0.15703125 0.8140625 0.26875 0.0703125
0 0.3359375 0.8375 0.0546875 0.0359375
0 0.43671875 0.8515625 0.1171875 0.0453125