0 0.11796875 0.60546875 0.1765625 0.0765625
0 0.1046875 0.75859375 0.203125 0.0765625
0 0.325 0.70078125 0.1671875 0.0828125
0 0.56171875 0.7734375 0.20625 0.0703125
0 0.1671875 0.53359375 0.19375 0.071875
0 0.1546875 0.4875 0.2046875 0.0609375
0 0.1609375 0.80234375 0.153125 0.0765625
0 0.75078125 0.8359375 0.1796875 0.0625
0 0.2859375 0.62421875 0.146875 0.0671875
0 0.13515625 0.56015625 0.1578125 0.0609375
0 0.353125 0.3 0.153125 0.0703125
0 0.17421875 0.1296875 0.14375 0.0640625
0 0.61171875 0.58515625 0.225 0.059375
0 0.56640625 0.89453125 0.1703125 0.071875
0 0.3515625 0.675 0.1703125 0.0609375
0 0.1875 0.38359375 0.1734375 0.05625
0 0.76953125 0.6453125 0.1546875 0.0734375
0 0.196875 0.4171875 0.171875 0.05625
0 0.5890625 0.6640625 0.15625 0.0671875
0 0.365625 0.26875 0.146875 0.0609375
0 0.61796875 0.4390625 0.2 0.0578125
0 0.14765625 0.6375 0.128125 0.0703125
0 0.29921875 0.10234375 0.1625 0.0546875
0 0.378125 0.33515625 0.1671875 0.0640625
0 0.16796875 0.175 0.11875 0.0796875
0 0.2890625 0.77890625 0.14375 0.0625
0 0.634375 0.3078125 0.16875 0.059375
0 0.34375 0.4421875 0.1109375 0.0671875
0 0.6625 0.1265625 0.14375 0.0546875
0 0.7484375 0.25078125 0.153125 0.053125
0 0.22890625 0.8453125 0.165625 0.0546875
0 0.34765625 0.409375 0.13125 0.059375
0 0.740625 0.21328125 0.1484375 0.0578125
0 0.23203125 0.24453125 0.1296875 0.053125
0 0.68125 0.1625 0.1703125 0.053125
0 0.8296875 0.11796875 0.121875 0.0578125
0 0.334375 0.81015625 0.140625 0.0546875
0 0.821875 0.1484375 0.15625 0.0515625
0 0.1 0.67109375 0.140625 0.0515625
0 0.5203125 0.80390625 0.128125 0.0546875
0 0.7078125 0.96953125 0.1453125 0.05
0 0.30078125 0.175 0.1359375 0.05
0 0.4421875 0.08984375 0.115625 0.05625
0 0.23203125 0.35546875 0.1484375 0.0515625
0 0.2109375 0.05625 0.13125 0.046875
0 0.67578125 0.384375 0.1078125 0.053125
0 0.315625 0.03515625 0.1515625 0.046875
0 0.528125 0.8484375 0.125 0.0453125
0 0.2125 0.72265625 0.13125 0.0484375
0 0.77109375 0.7609375 0.1078125 0.0609375
0 0.33203125 0.5546875 0.1453125 0.0453125
0 0.54609375 0.95546875 0.1296875 0.05
0 0.83203125 0.68984375 0.121875 0.0453125
0 0.7890625 0.359375 0.1203125 0.046875
0 0.16640625 0.015625 0.1140625 0.03125
0 0.22578125 0.278125 0.1078125 0.0453125
0 0.5296875 0.6125 0.10625 0.0421875
0 0.0796875 0.71015625 0.1 0.0515625
0 0.84296875 0.3015625 0.084375 0.0484375
0 0.6125 0.22421875 0.1 0.0421875
0 0.36796875 0.15078125 0.096875 0.04375
0 0.53203125 0.73203125 0.1296875 0.053125
0 0.859375 0.80859375 0.1171875 0.04375
0 0.58359375 0.36796875 0.096875 0.05625
0 0.13203125 0.30859375 0.084375 0.05625
0 0.80078125 0.32421875 0.103125 0.0390625
0 0.59296875 0.4765625 0.1078125 0.0390625
0 0.26484375 0.578125 0.078125 0.040625
0 0.6828125 0.70703125 0.1046875 0.0375
0 0.85234375 0.9125 0.109375 0.0375
0 0.12734375 0.221875 0.0734375 0.04375
0 0.55 0.92109375 0.071875 0.05
0 0.61875 0.08125 0.084375 0.04375
0 0.16015625 0.08828125 0.071875 0.0421875
0 0.41640625 0.5921875 0.0734375 0.046875
0 0.71171875 0.79375 0.05625 0.0546875
0 0.51484375 0.6859375 0.0796875 0.0421875
0 0.7109375 0.0953125 0.096875 0.0359375
0 0.853125 0.40703125 0.0890625 0.034375
0 0.2890625 0.14375 0.05625 0.0484375
0 0.73984375 0.49765625 0.0765625 0.04375
0 0.6484375 0.93046875 0.0796875 0.0421875
0 0.525 0.51015625 0.0609375 0.053125
0 0.13671875 0.26875 0.0484375 0.0484375
0 0.7359375 0.6765625 0.0703125 0.034375
0 0.62890625 0.7359375 0.04375 0.046875
0 0.31015625 0.74296875 0.046875 0.046875
0 0.871875 0.72734375 0.0703125 0.0421875
0 0.76484375 0.80078125 0.0640625 0.040625
0 0.4265625 0.12421875 0.0796875 0.0359375
0 0.6203125 0.80703125 0.0671875 0.034375
0 0.21484375 0.67734375 0.05625 0.0421875
0 0.69375 0.734375 0.0671875 0.03125
0 0.05859375 0.78359375 0.053125 0.040625
0 0.71484375 0.89140625 0.0578125 0.03125
0 0.7671875 0.2890625 0.0546875 0.0390625
0 0.69453125 0.2734375 0.065625 0.0296875
0 0.6671875 0.490625 0.0359375 0.0375
0 0.79765625 0.72421875 0.06875 0.0234375
0 0.83203125 0.51484375 0.0625 0.0265625
0 0.353125 0.59296875 0.05 0.03125
0 0.43046875 0.16640625 0.040625 0.03125
0 0.6046875 0.6921875 0.0359375 0.03125
0 0.85546875 0.77421875 0.05 0.03125
0 0.47578125 0.9171875 0.04375 0.0265625
0 0.32421875 0.0765625 0.04375 0.025
0 0.66484375 0.63125 0.046875 0.021875
0 0.73515625 0.93828125 0.0359375 0.025
0 0.78203125 0.3984375 0.0421875 0.0203125
0 0.59375 0.62265625 0.0328125 0.025
0 0.39609375 0.6328125 0.034375 0.0234375
0 0.05625 0.628125 0.0328125 0.0234375
0 0.56796875 0.51328125 0.028125 0.021875
0 0.7765625 0.9390625 0.0265625 0.01875
0 0.26328125 0.32890625 0.0265625 0.0203125
0 0.76796875 0.9015625 0.0453125 0.0265625
0 0.62578125 0.525 0.090625 0.059375
0 0.2203125 0.315625 0.065625 0.0453125
0 0.83671875 0.184375 0.125 0.046875