0 0.16484375 0.07734375 0.1796875 0.0734375
0 0.346875 0.05234375 0.0953125 0.04375
0 0.5546875 0.04140625 0.2359375 0.05625
0 0.73515625 0.028125 0.0671875 0.0484375
0 0.13125 0.15703125 0.1125 0.0515625
0 0.3484375 0.14140625 0.2453125 0.1015625
0 0.61640625 0.11796875 0.1828125 0.053125
0 0.20546875 0.24375 0.2640625 0.11875
0 0.57578125 0.23046875 0.4015625 0.1109375
0 0.196875 0.33359375 0.21875 0.05625
0 0.4265625 0.30625 0.13125 0.0609375
0 0.659375 0.2796875 0.21875 0.0671875
0 0.121875 0.596875 0.0734375 0.0453125
0 0.29453125 0.58125 0.1625 0.0515625
0 0.42890625 0.56953125 0.0625 0.0484375