0 0.30546875 0.09609375 0.1203125 0.0546875
0 0.3890625 0.09765625 0.0453125 0.0203125
0 0.43359375 0.09921875 0.0484375 0.0265625
0 0.51015625 0.11171875 0.1109375 0.0234375
0 0.60703125 0.1171875 0.0796875 0.0234375
0 0.7234375 0.1265625 0.1484375 0.0359375
0 0.8375 0.1359375 0.034375 0.0203125
0 0.91796875 0.14453125 0.1046875 0.0296875
0 0.2265625 0.11171875 0.1 0.0328125
0 0.315625 0.1359375 0.1 0.0421875
0 0.4125 0.14140625 0.1140625 0.0484375
0 0.51484375 0.13984375 0.0859375 0.0265625
0 0.5796875 0.14453125 0.0484375 0.0265625
0 0.65390625 0.153125 0.1171875 0.034375
0 0.75078125 0.15703125 0.0734375 0.0296875
0 0.8296875 0.16875 0.0859375 0.0203125
0 0.92421875 0.171875 0.103125 0.0359375
0 0.22421875 0.1421875 0.1046875 0.03125
0 0.32734375 0.15 0.1015625 0.028125
0 0.4375 0.17109375 0.11875 0.046875
0 0.565625 0.17734375 0.103125 0.0484375
0 0.65859375 0.17890625 0.0828125 0.028125
0 0.7390625 0.18359375 0.0875 0.03125
0 0.8140625 0.196875 0.0671875 0.0171875
0 0.91875 0.2109375 0.1625 0.0625
0 0.9109375 0.23828125 0.178125 0.0515625
0 0.79921875 0.22265625 0.0515625 0.025
0 0.7359375 0.2203125 0.0828125 0.01875
0 0.6625 0.2125 0.0671875 0.0265625
0 0.76171875 0.24921875 0.065625 0.0234375
0 0.859375 0.25703125 0.125 0.03125
0 0.93046875 0.30234375 0.1140625 0.0453125
0 0.82421875 0.28203125 0.140625 0.0328125
0 0.71953125 0.2796875 0.059375 0.0171875
0 0.9203125 0.321875 0.1109375 0.0265625
0 0.8390625 0.31640625 0.046875 0.0234375
0 0.896875 0.3640625 0.1046875 0.040625
0 0.84609375 0.34609375 0.053125 0.0265625
0 0.72734375 0.315625 0.1640625 0.0515625
0 0.6453125 0.2375 0.1421875 0.034375
0 0.58203125 0.2734375 0.2203125 0.065625
0 0.4421875 0.246875 0.0703125 0.03125
0 0.37265625 0.25390625 0.06875 0.046875
0 0.49765625 0.22734375 0.140625 0.0296875
0 0.5609375 0.28828125 0.05 0.028125
0 0.49453125 0.28671875 0.078125 0.0171875
0 0.415625 0.275 0.075 0.028125
0 0.92890625 0.38359375 0.05625 0.025
0 0.84140625 0.38359375 0.0984375 0.0484375
0 0.775 0.340625 0.0875 0.0296875
0 0.75390625 0.38046875 0.0875 0.0515625
0 0.653125 0.37265625 0.1265625 0.0484375
0 0.68515625 0.33203125 0.1015625 0.028125
0 0.62109375 0.3046875 0.1046875 0.053125
0 0.596875 0.3234375 0.078125 0.028125
0 0.57421875 0.35546875 0.04375 0.0140625
0 0.53359375 0.2125 0.15625 0.046875
0 0.42421875 0.190625 0.0921875 0.0234375
0 0.465625 0.3109375 0.146875 0.0359375
0 0.34609375 0.21953125 0.1625 0.0609375
0 0.315625 0.178125 0.1375 0.0359375
0 0.2078125 0.1828125 0.078125 0.0390625
0 0.21875 0.2 0.1015625 0.028125
0 0.25390625 0.240625 0.1796875 0.05
0 0.3 0.26640625 0.0984375 0.03125
0 0.20390625 0.25546875 0.084375 0.03125
0 0.525 0.3484375 0.0625 0.025
0 0.3546875 0.3015625 0.0703125 0.0296875
0 0.23828125 0.3 0.1671875 0.05625
0 0.2609375 0.33046875 0.1171875 0.0421875
0 0.18515625 0.31796875 0.0546875 0.028125
0 0.43515625 0.35390625 0.1234375 0.0453125
0 0.36640625 0.33203125 0.071875 0.0265625
0 0.82734375 0.78359375 0.1703125 0.0453125
0 0.640625 0.76953125 0.1765625 0.04375
0 0.83203125 0.75859375 0.0984375 0.028125
0 0.89296875 0.73515625 0.0453125 0.0234375
0 0.80078125 0.73828125 0.1328125 0.053125
0 0.86484375 0.70234375 0.1421875 0.0328125
0 0.8578125 0.68125 0.159375 0.0578125
0 0.878125 0.64375 0.096875 0.0265625
0 0.803125 0.6375 0.04375 0.0234375
0 0.725 0.69375 0.0921875 0.0296875
0 0.74375 0.67109375 0.1046875 0.05
0 0.74296875 0.7640625 0.0890625 0.0390625
0 0.684375 0.75 0.05 0.0171875
0 0.7203125 0.71796875 0.040625 0.025
0 0.6625 0.71875 0.071875 0.0171875
0 0.6140625 0.74140625 0.090625 0.0296875
0 0.6 0.71796875 0.0640625 0.04375
0 0.7453125 0.6375 0.0625 0.015625
0 0.61171875 0.6890625 0.1484375 0.04375
0 0.64140625 0.65078125 0.1171875 0.0328125
0 0.51875 0.7609375 0.071875 0.0265625
0 0.5359375 0.7359375 0.078125 0.01875
0 0.44609375 0.72578125 0.0953125 0.0265625
0 0.40078125 0.7546875 0.1625 0.05
0 0.2765625 0.73828125 0.0984375 0.0328125
0 0.175 0.73125 0.109375 0.03125
0 0.31328125 0.725 0.1671875 0.0609375
0 0.21953125 0.7078125 0.04375 0.015625
0 0.16171875 0.70234375 0.0703125 0.0296875
0 0.25546875 0.67890625 0.1390625 0.0359375
0 0.15703125 0.66640625 0.05625 0.0296875
0 0.36875 0.6875 0.075 0.0328125
0 0.4515625 0.6953125 0.0875 0.025
0 0.5328125 0.70390625 0.0921875 0.03125
0 0.51484375 0.67109375 0.0640625 0.028125
0 0.65390625 0.6265625 0.1171875 0.0296875
0 0.4140625 0.67421875 0.1515625 0.0625
0 0.26796875 0.65703125 0.15 0.05
0 0.16796875 0.640625 0.0671875 0.0265625
0 0.42890625 0.6390625 0.128125 0.034375
0 0.35078125 0.62734375 0.03125 0.0203125
0 0.25390625 0.62578125 0.1421875 0.0609375
0 0.16015625 0.61328125 0.0421875 0.015625
0 0.16796875 0.58125 0.065625 0.028125
0 0.2515625 0.5875 0.084375 0.028125
0 0.34453125 0.6046875 0.1140625 0.0484375
0 0.45234375 0.60546875 0.0734375 0.03125
0 0.54375 0.61328125 0.1140625 0.03125
0 0.86015625 0.44296875 0.1609375 0.0546875
0 0.88671875 0.4671875 0.078125 0.0328125
0 0.86953125 0.49375 0.165625 0.040625
0 0.8203125 0.521875 0.1546875 0.034375
0 0.8890625 0.56640625 0.06875 0.040625
0 0.915625 0.615625 0.05 0.0296875
0 0.8078125 0.61953125 0.15625 0.065625
0 0.68828125 0.5984375 0.0890625 0.0265625
0 0.60859375 0.559375 0.0765625 0.0328125
0 0.69765625 0.5671875 0.1015625 0.0328125
0 0.78515625 0.58125 0.0875 0.0328125
0 0.846875 0.590625 0.0484375 0.0328125
0 0.89921875 0.58515625 0.075 0.03125
0 0.8203125 0.5515625 0.075 0.0234375
0 0.71328125 0.54375 0.109375 0.0359375
0 0.50078125 0.553125 0.10625 0.0328125
0 0.55859375 0.534375 0.2015625 0.05625
0 0.71171875 0.5125 0.06875 0.03125
0 0.5796875 0.5046875 0.1953125 0.0546875
0 0.57109375 0.5953125 0.1484375 0.05625
0 0.4328125 0.5828125 0.134375 0.0546875
0 0.72421875 0.4828125 0.1390625 0.0328125
0 0.63125 0.4859375 0.0515625 0.0390625
0 0.540625 0.46328125 0.1453125 0.040625
0 0.7828125 0.45859375 0.0984375 0.0296875
0 0.65625 0.44765625 0.159375 0.0484375
0 0.7390625 0.43359375 0.109375 0.053125
0 0.62734375 0.42109375 0.125 0.0515625
0 0.5515625 0.40859375 0.053125 0.025
0 0.49453125 0.40703125 0.065625 0.015625
0 0.490625 0.4421875 0.184375 0.0625
0 0.34765625 0.56875 0.040625 0.021875
0 0.29765625 0.56328125 0.04375 0.025
0 0.41015625 0.5171875 0.0921875 0.03125
0 0.20546875 0.56484375 0.1359375 0.0578125
0 0.19765625 0.5234375 0.1046875 0.028125
0 0.26640625 0.53125 0.0359375 0.01875
0 0.359375 0.54921875 0.1609375 0.0546875
0 0.32265625 0.50390625 0.071875 0.0265625
0 0.21484375 0.4984375 0.13125 0.0265625
0 0.40859375 0.484375 0.1390625 0.0359375
0 0.31875 0.47578125 0.04375 0.0234375
0 0.21875 0.4765625 0.171875 0.05
0 0.18828125 0.43984375 0.084375 0.0203125
0 0.3921875 0.4640625 0.1546875 0.0578125
0 0.2875 0.44140625 0.0609375 0.028125
0 0.2171875 0.4203125 0.1390625 0.0609375
0 0.31796875 0.42109375 0.05 0.0171875
0 0.36875 0.43671875 0.065625 0.0375
0 0.26171875 0.3796875 0.090625 0.0328125
0 0.35546875 0.3890625 0.1015625 0.03125
0 0.4359375 0.40703125 0.0734375 0.05
0 0.54453125 0.64765625 0.0875 0.021875