0 0.1609375 0.228125 0.121875 0.109375
0 0.075 0.15859375 0.034375 0.01875
0 0.346875 0.2734375 0.1234375 0.0609375
0 0.534375 0.27734375 0.1515625 0.05625
0 0.6296875 0.2953125 0.01875 0.025
0 0.7375 0.2921875 0.15 0.0421875
0 0.83515625 0.31171875 0.0171875 0.0234375
0 0.92265625 0.30078125 0.109375 0.0453125
0 0.15859375 0.32734375 0.1296875 0.0375
0 0.3125 0.3390625 0.1 0.0328125
0 0.4703125 0.35703125 0.13125 0.03125
0 0.625 0.37421875 0.1234375 0.046875
0 0.80703125 0.37734375 0.2140625 0.0390625
0 0.9671875 0.38671875 0.065625 0.0390625
0 0.1421875 0.409375 0.115625 0.0375
0 0.26484375 0.4171875 0.0390625 0.0265625
0 0.3640625 0.42734375 0.0953125 0.0328125
0 0.5296875 0.43828125 0.1703125 0.034375
0 0.6734375 0.459375 0.06875 0.0421875
0 0.83671875 0.45234375 0.21875 0.0578125
0 0.1859375 0.578125 0.1796875 0.046875
0 0.5171875 0.60234375 0.2953125 0.0546875