0 0.1859375 0.06953125 0.1828125 0.046875
0 0.17890625 0.11171875 0.11875 0.0375
0 0.34375 0.1140625 0.14375 0.0296875
0 0.215625 0.15546875 0.0140625 0.00625
0 0.29453125 0.16328125 0.1015625 0.0453125
0 0.45078125 0.171875 0.1671875 0.0453125
0 0.5875 0.16796875 0.04375 0.025
0 0.72109375 0.17734375 0.16875 0.034375
0 0.22265625 0.2015625 0.2046875 0.04375
0 0.45703125 0.20703125 0.1890625 0.0359375
0 0.61953125 0.21328125 0.075 0.028125
0 0.75625 0.225 0.125 0.0453125
0 0.16328125 0.23828125 0.071875 0.0265625
0 0.271875 0.2421875 0.065625 0.0265625
0 0.46015625 0.2546875 0.2421875 0.05
0 0.68125 0.2734375 0.13125 0.0390625
0 0.2109375 0.28046875 0.2015625 0.0421875
0 0.3953125 0.290625 0.10625 0.0328125
0 0.48515625 0.3015625 0.021875 0.0125
0 0.590625 0.3078125 0.1234375 0.05
0 0.2140625 0.371875 0.209375 0.0328125
0 0.43203125 0.38515625 0.1578125 0.03125
0 0.59609375 0.3890625 0.1109375 0.0296875
0 0.73046875 0.3921875 0.115625 0.0375
0 0.290625 0.42109375 0.075 0.0296875
0 0.41171875 0.428125 0.09375 0.03125
0 0.58671875 0.4296875 0.140625 0.03125
0 0.15859375 0.453125 0.025 0.0203125
0 0.23671875 0.46484375 0.103125 0.028125
0 0.4 0.475 0.1375 0.021875
0 0.54921875 0.4828125 0.0828125 0.04375
0 0.646875 0.475 0.046875 0.0265625
0 0.7484375 0.48046875 0.13125 0.028125
0 0.1546875 0.5015625 0.0203125 0.0140625
0 0.21953125 0.50703125 0.075 0.028125
0 0.3734375 0.515625 0.1421875 0.034375
0 0.49921875 0.51484375 0.04375 0.0265625
0 0.61171875 0.52421875 0.1125 0.0421875
0 0.14921875 0.54609375 0.01875 0.0203125
0 0.2171875 0.559375 0.09375 0.021875
0 0.35859375 0.559375 0.0859375 0.025
0 0.48125 0.565625 0.0765625 0.0265625
0 0.6375 0.57109375 0.171875 0.046875
0 0.1515625 0.59296875 0.01875 0.01875
0 0.22734375 0.6078125 0.0890625 0.046875
0 0.39453125 0.60390625 0.15 0.040625
0 0.55546875 0.61015625 0.06875 0.028125
0 0.73359375 0.61015625 0.2203125 0.0484375
0 0.175 0.64453125 0.16875 0.04375
0 0.3125 0.64453125 0.0703125 0.0421875
0 0.403125 0.646875 0.05 0.034375
0 0.5234375 0.65546875 0.1171875 0.0390625
0 0.6703125 0.66796875 0.1078125 0.0578125