0 0.6265625 0.02265625 0.075 0.0390625
0 0.10078125 0.21640625 0.1265625 0.0765625
0 0.2015625 0.20703125 0.065625 0.071875
0 0.28828125 0.17265625 0.103125 0.0671875
0 0.43125 0.14921875 0.1796875 0.115625
0 0.59140625 0.09609375 0.1546875 0.090625
0 0.70703125 0.06015625 0.0765625 0.065625
0 0.80859375 0.04140625 0.146875 0.0796875
0 0.1046875 0.30078125 0.184375 0.1109375
0 0.334375 0.23359375 0.2671875 0.109375
0 0.4984375 0.196875 0.059375 0.0578125
0 0.6296875 0.16328125 0.1734375 0.09375
0 0.740625 0.13828125 0.0546875 0.040625
0 0.83359375 0.11171875 0.14375 0.0859375
0 0.128125 0.375 0.203125 0.11875
0 0.26015625 0.328125 0.0546875 0.0578125
0 0.37734375 0.3140625 0.16875 0.109375
0 0.5875 0.278125 0.2484375 0.1359375
0 0.76484375 0.21796875 0.121875 0.0984375
0 0.171875 0.43203125 0.2359375 0.0984375
0 0.38828125 0.39765625 0.1671875 0.0953125
0 0.578125 0.35546875 0.2515625 0.13125
0 0.76484375 0.29765625 0.1328125 0.065625
0 0.8828125 0.2609375 0.0765625 0.0578125
0 0.15390625 0.52109375 0.16875 0.096875
0 0.32890625 0.4671875 0.1453125 0.084375
0 0.4671875 0.45 0.18125 0.103125
0 0.68671875 0.38515625 0.265625 0.10625
0 0.88828125 0.33984375 0.090625 0.06875
0 0.13671875 0.590625 0.059375 0.059375
0 0.203125 0.57734375 0.0421875 0.034375
0 0.31484375 0.55546875 0.146875 0.084375
0 0.465625 0.528125 0.1359375 0.0859375
0 0.58046875 0.4984375 0.090625 0.0828125
0 0.6984375 0.471875 0.184375 0.109375
0 0.8421875 0.425 0.1078125 0.06875
0 0.175 0.64453125 0.121875 0.075
0 0.36015625 0.62890625 0.2015625 0.103125
0 0.49765625 0.5671875 0.0546875 0.0453125
0 0.61015625 0.55 0.1328125 0.071875
0 0.8234375 0.49609375 0.259375 0.10625
0 0.1890625 0.71640625 0.1265625 0.0828125
0 0.2875 0.6890625 0.0609375 0.05625
0 0.4015625 0.675 0.1578125 0.065625
0 0.6625 0.63203125 0.3109375 0.159375
0 0.88359375 0.55859375 0.16875 0.0734375
0 0.225 0.775 0.1578125 0.071875
0 0.35078125 0.740625 0.0625 0.046875
0 0.5109375 0.7234375 0.2484375 0.1234375
0 0.675 0.6859375 0.0796875 0.071875
0 0.75234375 0.659375 0.096875 0.065625
0 0.9015625 0.6328125 0.196875 0.115625
0 0.24609375 0.83828125 0.1859375 0.090625
0 0.42734375 0.8015625 0.1203125 0.0671875
0 0.56953125 0.77578125 0.1375 0.0703125
0 0.7140625 0.76015625 0.1296875 0.084375
0 0.8578125 0.70703125 0.1171875 0.0734375
0 0.9515625 0.6875 0.0703125 0.053125
0 0.21015625 0.91640625 0.071875 0.053125
0 0.296875 0.8984375 0.084375 0.065625
0 0.428125 0.934375 0.40625 0.13125