0 0.13203125 0.14765625 0.096875 0.0953125
0 0.28515625 0.1390625 0.159375 0.065625
0 0.51015625 0.109375 0.228125 0.090625
0 0.67421875 0.08125 0.06875 0.065625
0 0.80234375 0.0796875 0.1875 0.078125
0 0.221875 0.246875 0.125 0.071875
0 0.32265625 0.2328125 0.053125 0.065625
0 0.41875 0.2328125 0.0796875 0.0640625
0 0.54140625 0.2265625 0.121875 0.134375
0 0.6796875 0.18828125 0.115625 0.065625
0 0.85625 0.15234375 0.21875 0.1140625
0 0.15703125 0.36015625 0.084375 0.0703125
0 0.25625 0.3515625 0.0609375 0.06875
0 0.35625 0.340625 0.115625 0.0625
0 0.509375 0.3203125 0.140625 0.071875
0 0.2125 0.4703125 0.09375 0.065625
0 0.3171875 0.44140625 0.075 0.071875
0 0.46015625 0.44609375 0.1875 0.08125
0 0.58984375 0.41875 0.05 0.05625
0 0.696875 0.42265625 0.13125 0.0796875
0 0.85859375 0.4078125 0.1671875 0.096875
0 0.09765625 0.5921875 0.0625 0.0640625
0 0.190625 0.575 0.0984375 0.0796875
0 0.365625 0.578125 0.203125 0.146875
0 0.54375 0.5328125 0.115625 0.0734375
0 0.6578125 0.525 0.0890625 0.059375
0 0.80390625 0.525 0.16875 0.121875
0 0.9296875 0.4984375 0.0578125 0.05625
0 0.1359375 0.70078125 0.1125 0.0671875
0 0.26796875 0.690625 0.0984375 0.0640625
0 0.35859375 0.6765625 0.065625 0.053125
0 0.51015625 0.6640625 0.203125 0.065625
0 0.6859375 0.6375 0.103125 0.071875
0 0.8125 0.6703125 0.0875 0.178125
0 0.90390625 0.6109375 0.05 0.059375
0 0.1578125 0.8328125 0.125 0.096875
0 0.2921875 0.7875 0.09375 0.059375
0 0.428125 0.81484375 0.121875 0.1109375
0 0.5578125 0.765625 0.115625 0.084375
0 0.690625 0.75625 0.115625 0.06875
0 0.87109375 0.7375 0.190625 0.075
0 0.21953125 0.9296875 0.228125 0.078125
0 0.446875 0.925 0.14375 0.096875
0 0.6203125 0.8984375 0.175 0.059375
0 0.8 0.8671875 0.171875 0.1
0 0.9421875 0.8609375 0.115625 0.146875