0 0.03828125 0.21015625 0.0546875 0.0390625
0 0.1125 0.21875 0.0609375 0.0609375
0 0.17734375 0.2015625 0.0484375 0.0296875
0 0.24609375 0.22109375 0.0828125 0.0953125
0 0.1265625 0.29609375 0.046875 0.0640625
0 0.17734375 0.30546875 0.0765625 0.0859375
0 0.2546875 0.3015625 0.0671875 0.0375
0 0.31796875 0.30703125 0.0453125 0.0265625
0 0.3703125 0.2953125 0.0546875 0.0375
0 0.4359375 0.28828125 0.0453125 0.0296875
0 0.4828125 0.28671875 0.0328125 0.03125
0 0.559375 0.28671875 0.0875 0.05625
0 0.6328125 0.27265625 0.0359375 0.021875
0 0.690625 0.27890625 0.0546875 0.0453125
0 0.76953125 0.2625 0.0703125 0.0359375
0 0.83046875 0.26015625 0.0421875 0.0234375
0 0.1 0.37109375 0.034375 0.021875
0 0.15390625 0.3671875 0.04375 0.0171875
0 0.2578125 0.37421875 0.1171875 0.0640625
0 0.36953125 0.36640625 0.071875 0.0578125
0 0.42109375 0.353125 0.025 0.0390625
0 0.475 0.3625 0.0453125 0.021875
0 0.54609375 0.35625 0.05625 0.04375
0 0.61875 0.3515625 0.05625 0.046875
0 0.671875 0.35078125 0.034375 0.0265625
0 0.73203125 0.3515625 0.078125 0.0515625
0 0.83046875 0.33515625 0.0796875 0.040625
0 0.09765625 0.43828125 0.0546875 0.05
0 0.17578125 0.42734375 0.059375 0.0375
0 0.2578125 0.4265625 0.065625 0.0390625
0 0.3484375 0.42265625 0.0609375 0.028125
0 0.42578125 0.421875 0.0625 0.025
0 0.496875 0.43125 0.06875 0.0546875
0 0.63125 0.4296875 0.171875 0.059375
0 0.7953125 0.41484375 0.115625 0.06875
0 0.1234375 0.4921875 0.1078125 0.05625
0 0.209375 0.49453125 0.04375 0.034375
0 0.24453125 0.5 0.0203125 0.0234375
0 0.31171875 0.49609375 0.0828125 0.0375
0 0.41875 0.50625 0.0984375 0.0640625
0 0.49921875 0.48671875 0.0484375 0.040625
0 0.6046875 0.4765625 0.146875 0.0421875
0 0.71171875 0.4765625 0.0421875 0.0265625
0 0.7890625 0.48046875 0.06875 0.0578125
0 0.1109375 0.5609375 0.0609375 0.034375
0 0.1859375 0.58046875 0.0640625 0.059375
0 0.25 0.56796875 0.0359375 0.0234375
0 0.33046875 0.5609375 0.0609375 0.034375
0 0.4125 0.571875 0.053125 0.05
0 0.49765625 0.5734375 0.08125 0.065625
0 0.60390625 0.575 0.121875 0.065625
0 0.7015625 0.56015625 0.065625 0.03125
0 0.784375 0.5546875 0.05 0.028125
0 0.84296875 0.56171875 0.053125 0.0453125
0 0.10625 0.6421875 0.0484375 0.0390625
0 0.178125 0.6484375 0.040625 0.046875
0 0.24453125 0.64375 0.059375 0.034375
0 0.2796875 0.653125 0.028125 0.0421875
0 0.33125 0.66328125 0.065625 0.0453125
0 0.40625 0.65078125 0.0640625 0.0421875
0 0.521875 0.6671875 0.1375 0.0703125
0 0.63515625 0.6453125 0.040625 0.0328125
0 0.7203125 0.65703125 0.1046875 0.0828125
0 0.81796875 0.6265625 0.065625 0.03125
0 0.13046875 0.71484375 0.0796875 0.0328125
0 0.20546875 0.71328125 0.03125 0.028125
0 0.2734375 0.715625 0.059375 0.0375
0 0.35234375 0.7078125 0.0609375 0.0296875
0 0.42578125 0.70390625 0.0578125 0.034375
0 0.4796875 0.71328125 0.0296875 0.0421875
0 0.54609375 0.70234375 0.0734375 0.03125
0 0.621875 0.70390625 0.0609375 0.0296875
0 0.6953125 0.7 0.065625 0.034375
0 0.771875 0.6984375 0.0625 0.0390625
0 0.8296875 0.69296875 0.0203125 0.0296875
0 0.86015625 0.6890625 0.0421875 0.0296875
0 0.89921875 0.68984375 0.0125 0.021875
0 0.96171875 0.68359375 0.0546875 0.0375
0 0.7765625 0.73046875 0.0390625 0.028125
0 0.834375 0.72890625 0.046875 0.0296875
0 0.9 0.721875 0.0703125 0.04375
0 0.3265625 0.82109375 0.115625 0.0671875
0 0.44765625 0.82109375 0.078125 0.040625
0 0.55859375 0.809375 0.1171875 0.053125
0 0.4734375 0.89375 0.028125 0.0296875
0 0.49765625 0.89921875 0.0140625 0.025
0 0.52734375 0.9 0.0328125 0.03125
0 0.91796875 0.6890625 0.0140625 0.0140625