0 0.33359375 0.0875 0.1171875 0.0671875
0 0.20078125 0.16328125 0.146875 0.08125
0 0.16640625 0.240625 0.08125 0.0421875
0 0.19296875 0.31015625 0.0953125 0.04375
0 0.3140625 0.28828125 0.096875 0.0734375
0 0.3953125 0.278125 0.034375 0.0328125
0 0.47109375 0.275 0.0828125 0.065625
0 0.16484375 0.3875 0.0796875 0.04375
0 0.228125 0.37265625 0.028125 0.0390625
0 0.2859375 0.36875 0.0703125 0.040625
0 0.365625 0.36171875 0.0328125 0.0390625
0 0.46015625 0.346875 0.0984375 0.0453125
0 0.275 0.44375 0.1484375 0.0859375
0 0.4171875 0.425 0.0921875 0.0453125
0 0.3171875 0.50703125 0.0578125 0.0390625
0 0.4015625 0.51171875 0.0703125 0.0546875
0 0.46875 0.48828125 0.0515625 0.0453125
0 0.5421875 0.49609375 0.0484375 0.0421875
0 0.60234375 0.48203125 0.0421875 0.053125
0 0.6484375 0.46953125 0.0234375 0.0421875
0 0.71796875 0.46171875 0.1 0.0484375
0 0.82578125 0.45703125 0.078125 0.0796875
0 0.89453125 0.44296875 0.025 0.0390625
0 0.2515625 0.59609375 0.01875 0.0234375
0 0.3359375 0.58046875 0.0875 0.0359375
0 0.471875 0.57578125 0.1453125 0.08125
0 0.5890625 0.54140625 0.0890625 0.05
0 0.7 0.5375 0.0734375 0.065625
0 0.77890625 0.52578125 0.0484375 0.046875
0 0.8453125 0.51953125 0.0484375 0.0375
0 0.9078125 0.5078125 0.0484375 0.046875
0 0.2890625 0.66015625 0.0796875 0.0515625
0 0.37109375 0.653125 0.021875 0.034375
0 0.43984375 0.6390625 0.06875 0.0515625
0 0.56796875 0.62578125 0.13125 0.05
0 0.30703125 0.73671875 0.1328125 0.065625
0 0.43984375 0.728125 0.0953125 0.0453125
0 0.3265625 0.821875 0.0234375 0.0375
0 0.42734375 0.80234375 0.128125 0.0625
0 0.540625 0.78671875 0.0640625 0.0546875
0 0.6296875 0.77734375 0.0640625 0.04375
0 0.6984375 0.76953125 0.025 0.040625
0 0.7828125 0.7515625 0.109375 0.059375
0 0.86953125 0.7484375 0.025 0.0421875
0 0.94375 0.746875 0.0796875 0.0765625
0 0.29609375 0.896875 0.034375 0.05
0 0.35625 0.89140625 0.034375 0.0484375
0 0.40703125 0.890625 0.025 0.0265625
0 0.48515625 0.8796875 0.0796875 0.0484375
0 0.58046875 0.8625 0.090625 0.053125
0 0.690625 0.85078125 0.09375 0.0421875
0 0.62265625 0.94375 0.15 0.06875