0 0.425 0.01484375 0.0625 0.0296875
0 0.1359375 0.1640625 0.1765625 0.121875
0 0.30546875 0.09453125 0.0703125 0.04375
0 0.43671875 0.078125 0.0921875 0.075
0 0.55546875 0.02890625 0.1171875 0.0578125
0 0.078125 0.25078125 0.1234375 0.084375
0 0.27265625 0.1984375 0.2046875 0.1234375
0 0.45234375 0.18046875 0.09375 0.065625
0 0.62578125 0.1046875 0.1640625 0.0921875
0 0.79609375 0.0453125 0.1421875 0.0796875
0 0.09453125 0.34453125 0.1421875 0.090625
0 0.3984375 0.27890625 0.3390625 0.171875
0 0.6984375 0.1765625 0.1515625 0.0953125
0 0.86328125 0.12265625 0.1234375 0.0875
0 0.18828125 0.43203125 0.3125 0.1453125
0 0.44453125 0.3640625 0.084375 0.0671875
0 0.61171875 0.2984375 0.2140625 0.115625
0 0.85234375 0.21796875 0.1796875 0.103125
0 0.0875 0.55390625 0.175 0.1265625
0 0.25859375 0.4890625 0.1265625 0.09375
0 0.42578125 0.44609375 0.1390625 0.0828125
0 0.6609375 0.38515625 0.1984375 0.13125
0 0.88046875 0.3015625 0.171875 0.0984375
0 0.125 0.61953125 0.1828125 0.1171875
0 0.36875 0.56953125 0.2015625 0.1171875
0 0.565625 0.509375 0.1140625 0.0921875
0 0.7046875 0.484375 0.0453125 0.040625
0 0.8734375 0.415625 0.240625 0.109375
0 0.18671875 0.721875 0.2953125 0.146875
0 0.4765625 0.640625 0.240625 0.1421875
0 0.78125 0.55390625 0.325 0.1515625
0 0.13359375 0.86015625 0.1234375 0.0796875
0 0.278125 0.79765625 0.1421875 0.1171875
0 0.4953125 0.73125 0.209375 0.128125
0 0.771875 0.6625 0.25625 0.15625
0 0.18359375 0.95546875 0.1546875 0.0890625
0 0.42734375 0.875 0.175 0.13125
0 0.63359375 0.8109375 0.1296875 0.1
0 0.7765625 0.8125 0.165625 0.1203125
0 0.91015625 0.72109375 0.10625 0.103125
0 0.534375 0.94140625 0.371875 0.1171875
0 0.790625 0.89453125 0.090625 0.078125
0 0.93828125 0.8421875 0.1234375 0.140625