0 0.4046875 0.028125 0.025 0.0234375
0 0.09140625 0.20078125 0.1 0.0484375
0 0.23984375 0.171875 0.16875 0.0796875
0 0.33203125 0.14921875 0.0125 0.0109375
0 0.16484375 0.228125 0.0640625 0.04375
0 0.2671875 0.22109375 0.115625 0.075
0 0.36015625 0.18359375 0.0546875 0.034375
0 0.43515625 0.1609375 0.0890625 0.0484375
0 0.53359375 0.14375 0.0890625 0.059375
0 0.63984375 0.121875 0.08125 0.0546875
0 0.7421875 0.08203125 0.090625 0.046875
0 0.11796875 0.2734375 0.034375 0.0390625
0 0.1578125 0.26796875 0.05 0.034375
0 0.2359375 0.25234375 0.0921875 0.0609375
0 0.346875 0.215625 0.0703125 0.040625
0 0.43359375 0.20390625 0.1125 0.0625
0 0.55859375 0.16328125 0.071875 0.0359375
0 0.659375 0.1328125 0.1203125 0.059375
0 0.765625 0.10546875 0.0875 0.0484375
0 0.17109375 0.30390625 0.1265625 0.08125
0 0.1796875 0.36953125 0.0546875 0.0359375
0 0.23359375 0.3671875 0.0859375 0.05
0 0.31171875 0.34296875 0.0796875 0.034375
0 0.41796875 0.315625 0.1109375 0.046875
0 0.525 0.2828125 0.0578125 0.0375
0 0.62421875 0.25390625 0.1046875 0.053125
0 0.70078125 0.2328125 0.0375 0.0296875
0 0.80078125 0.2140625 0.14375 0.0671875
0 0.19609375 0.39921875 0.1359375 0.05625
0 0.3 0.3703125 0.053125 0.0296875
0 0.34921875 0.35859375 0.0234375 0.01875
0 0.43671875 0.33359375 0.1171875 0.05625
0 0.5265625 0.3125 0.05 0.05
0 0.63359375 0.28515625 0.165625 0.0796875
0 0.8 0.2390625 0.1328125 0.0609375
0 0.16875 0.43046875 0.0671875 0.04375
0 0.3078125 0.40078125 0.1484375 0.0703125
0 0.415625 0.3703125 0.0625 0.0484375
0 0.528125 0.3375 0.1578125 0.0625
0 0.61328125 0.321875 0.015625 0.0109375
0 0.68828125 0.29140625 0.0765625 0.04375
0 0.721875 0.2921875 0.0203125 0.0125
0 0.7671875 0.27578125 0.0421875 0.028125
0 0.821875 0.26171875 0.0453125 0.0296875
0 0.1859375 0.453125 0.0859375 0.05625
0 0.30859375 0.42109375 0.1109375 0.0546875
0 0.40078125 0.396875 0.090625 0.05
0 0.453125 0.3875 0.0234375 0.0203125
0 0.5140625 0.36796875 0.0921875 0.04375
0 0.615625 0.34453125 0.05625 0.0296875
0 0.70859375 0.31640625 0.1078125 0.0484375
0 0.8015625 0.2984375 0.0875 0.053125
0 0.86484375 0.27578125 0.040625 0.0265625
0 0.20078125 0.4828125 0.1046875 0.0640625
0 0.29140625 0.459375 0.0625 0.034375
0 0.390625 0.42734375 0.05 0.0328125
0 0.453125 0.41328125 0.0359375 0.025
0 0.5078125 0.39921875 0.046875 0.0328125
0 0.58828125 0.3765625 0.0734375 0.0359375
0 0.690625 0.34765625 0.1171875 0.0546875
0 0.74921875 0.34375 0.0125 0.0109375
0 0.8046875 0.321875 0.0703125 0.040625
0 0.86953125 0.30234375 0.0671875 0.034375
0 0.90703125 0.2953125 0.01875 0.0171875
0 0.91953125 0.29453125 0.028125 0.0234375
0 0.203125 0.5109375 0.059375 0.0359375
0 0.2765625 0.4890625 0.08125 0.0484375
0 0.340625 0.4703125 0.040625 0.03125
0 0.46015625 0.44453125 0.1703125 0.0734375
0 0.58046875 0.41015625 0.08125 0.0359375
0 0.69296875 0.38203125 0.121875 0.0640625
0 0.78359375 0.35546875 0.05 0.0390625
0 0.83203125 0.3359375 0.0546875 0.0359375
0 0.271875 0.52890625 0.1703125 0.0875
0 0.365625 0.49453125 0.03125 0.0265625
0 0.40546875 0.4796875 0.04375 0.0328125
0 0.5140625 0.453125 0.1171875 0.0515625
0 0.6171875 0.42734375 0.0828125 0.04375
0 0.75703125 0.39921875 0.153125 0.0703125
0 0.8296875 0.37578125 0.009375 0.0078125
0 0.2328125 0.6671875 0.0390625 0.0421875
0 0.26875 0.6609375 0.0453125 0.0359375
0 0.33046875 0.6421875 0.0859375 0.059375
0 0.40703125 0.62109375 0.075 0.0421875
0 0.4453125 0.62578125 0.0234375 0.025
0 0.5046875 0.59765625 0.0953125 0.0421875
0 0.58984375 0.57890625 0.078125 0.0578125
0 0.659375 0.55625 0.0765625 0.034375
0 0.70078125 0.55078125 0.0109375 0.0140625
0 0.76015625 0.5265625 0.078125 0.046875
0 0.8265625 0.50625 0.046875 0.04375
0 0.878125 0.49609375 0.075 0.0484375
0 0.25625 0.68828125 0.0453125 0.034375
0 0.33828125 0.665625 0.0921875 0.0515625
0 0.4109375 0.64453125 0.04375 0.0359375
0 0.50625 0.62109375 0.0796875 0.0421875
0 0.60078125 0.5953125 0.1015625 0.0484375
0 0.7265625 0.56328125 0.084375 0.0453125
0 0.771875 0.5640625 0.01875 0.015625
0 0.8078125 0.546875 0.059375 0.0421875
0 0.884375 0.5234375 0.109375 0.0484375
0 0.93125 0.51875 0.0171875 0.0140625
0 0.2859375 0.7078125 0.0765625 0.04375
0 0.384375 0.68984375 0.084375 0.0453125
0 0.55234375 0.64140625 0.2125 0.0953125
0 0.71640625 0.5984375 0.096875 0.0703125