0 0.07109375 0.1640625 0.06875 0.0390625
0 0.2203125 0.16796875 0.15625 0.0453125
0 0.37421875 0.165625 0.0578125 0.040625
0 0.49140625 0.15546875 0.0828125 0.0578125
0 0.6 0.15 0.0328125 0.01875
0 0.65546875 0.14296875 0.071875 0.0296875
0 0.07265625 0.23984375 0.01875 0.0171875
0 0.19921875 0.23984375 0.121875 0.0453125
0 0.35625 0.225 0.1015625 0.0296875
0 0.4703125 0.2171875 0.0453125 0.028125
0 0.621875 0.2109375 0.159375 0.0328125
0 0.80703125 0.14296875 0.1640625 0.0421875
0 0.93984375 0.13671875 0.0453125 0.025
0 0.83203125 0.19765625 0.1 0.0328125
0 0.91171875 0.19296875 0.0375 0.028125
0 0.73671875 0.2109375 0.053125 0.0375