0 0.48046875 0.79140625 0.334375 0.190625
0 0.72421875 0.25625 0.2 0.125
0 0.84296875 0.38046875 0.1734375 0.15625
0 0.1890625 0.534375 0.1546875 0.1484375
0 0.88203125 0.8078125 0.184375 0.1234375
0 0.90859375 0.5890625 0.175 0.1125
0 0.92421875 0.47734375 0.1515625 0.1328125
0 0.2453125 0.44296875 0.1828125 0.1640625
0 0.19921875 0.02734375 0.2203125 0.0546875
0 0.540625 0.309375 0.2875 0.0828125
0 0.9125 0.71328125 0.1453125 0.1578125
0 0.20703125 0.62421875 0.146875 0.1390625
0 0.5296875 0.37265625 0.215625 0.0734375
0 0.184375 0.72421875 0.1703125 0.0953125
0 0.16640625 0.91796875 0.2046875 0.0640625
0 0.38046875 0.32109375 0.121875 0.1390625
0 0.66640625 0.8796875 0.1625 0.1
0 0.0578125 0.6140625 0.115625 0.0875
0 0.04453125 0.79609375 0.0890625 0.0921875
0 0.5765625 0.96484375 0.115625 0.0703125
0 0.37109375 0.134375 0.1140625 0.1015625
0 0.89140625 0.9265625 0.1359375 0.1265625
0 0.05 0.4890625 0.1 0.103125
0 0.33828125 0.19296875 0.1421875 0.0921875
0 0.74140625 0.16171875 0.1328125 0.1125
0 0.5765625 0.0421875 0.1328125 0.075
0 0.89921875 0.97734375 0.1078125 0.0453125
0 0.2140625 0.32578125 0.11875 0.0921875
0 0.7875 0.60703125 0.084375 0.1421875
0 0.20859375 0.1796875 0.1203125 0.1046875
0 0.69765625 0.96015625 0.1171875 0.0796875
0 0.94453125 0.2453125 0.1109375 0.1
0 0.75546875 0.671875 0.0734375 0.071875
0 0.5453125 0.128125 0.1234375 0.0765625
0 0.79375 0.92578125 0.103125 0.1046875
0 0.92109375 0.20625 0.0953125 0.0890625
0 0.7015625 0.053125 0.1359375 0.071875
0 0.96640625 0.36484375 0.0671875 0.1078125
0 0.15390625 0.8234375 0.084375 0.09375
0 0.515625 0.253125 0.1171875 0.0828125
0 0.45078125 0.95 0.103125 0.0484375
0 0.0890625 0.18046875 0.1078125 0.059375
0 0.04140625 0.38359375 0.071875 0.0859375
0 0.453125 0.86640625 0.109375 0.053125
0 0.07265625 0.290625 0.0984375 0.0578125
0 0.30546875 0.83984375 0.1046875 0.0640625
0 0.8890625 0.0875 0.1046875 0.05625
0 0.865625 0.053125 0.11875 0.046875
0 0.96875 0.1046875 0.0625 0.078125
0 0.0296875 0.903125 0.059375 0.0375
0 0.403125 0.040625 0.05 0.065625
0 0.75546875 0.0734375 0.09375 0.0515625
0 0.3609375 0.9359375 0.071875 0.0453125
0 0.0203125 0.71796875 0.040625 0.0546875
0 0.08671875 0.0875 0.075 0.046875
0 0.784375 0.46640625 0.06875 0.05
0 0.4578125 0.43671875 0.103125 0.0375
0 0.8109375 0.99140625 0.071875 0.0171875
0 0.578125 0.44609375 0.10625 0.0359375
0 0.71015625 0.8078125 0.0625 0.0609375
0 0.4125 0.57734375 0.0921875 0.0328125
0 0.4671875 0.61640625 0.0890625 0.034375
0 0.11796875 0.47890625 0.05625 0.0765625
0 0.29921875 0.92734375 0.0546875 0.04375
0 0.21015625 0.0828125 0.059375 0.0796875
0 0.0203125 0.940625 0.040625 0.025
0 0.53671875 0.56328125 0.0875 0.0328125
0 0.61328125 0.57421875 0.06875 0.0296875
0 0.65625 0.5484375 0.0765625 0.03125
0 0.45390625 0.5578125 0.08125 0.03125
0 0.38671875 0.60703125 0.065625 0.0296875
0 0.65859375 0.6078125 0.0796875 0.0296875
0 0.64375 0.634375 0.0671875 0.0296875
0 0.53125 0.53359375 0.0828125 0.028125
0 0.24609375 0.9640625 0.0671875 0.0296875
0 0.3359375 0.56875 0.0609375 0.03125
0 0.5671875 0.59609375 0.065625 0.0296875
0 0.11015625 0.7875 0.05 0.0421875
0 0.390625 0.54609375 0.0515625 0.025
0 0.0953125 0.390625 0.0328125 0.0625
0 0.52265625 0.84921875 0.0359375 0.04375
0 0.38046875 0.51640625 0.0734375 0.0265625
0 0.159375 0.95703125 0.046875 0.025
0 0.1109375 0.9515625 0.05625 0.0265625
0 0.56171875 0.625 0.03125 0.0234375
0 0.4640625 0.525 0.0515625 0.025
0 0.6140625 0.028125 0.034375 0.0390625
0 0.3359375 0.975 0.05625 0.0265625
0 0.07109375 0.36015625 0.028125 0.046875
0 0.48125 0.58671875 0.040625 0.025
0 0.66171875 0.578125 0.0328125 0.021875
0 0.34921875 0.54140625 0.0390625 0.028125
0 0.23984375 0.75546875 0.0328125 0.040625
0 0.59453125 0.540625 0.0421875 0.025
0 0.528125 0.62109375 0.028125 0.0234375
0 0.18984375 0.96015625 0.03125 0.0234375
0 0.5171875 0.59140625 0.0296875 0.0234375
0 0.33671875 0.6 0.0359375 0.025
0 0.38359375 0.98046875 0.0421875 0.025
0 0.59375 0.628125 0.03125 0.0203125
0 0.04765625 0.94375 0.021875 0.025
0 0.334375 0.5109375 0.01875 0.0203125
0 0.071875 0.94609375 0.028125 0.0265625
0 0.42890625 0.52109375 0.0203125 0.021875
0 0.8421875 0.28671875 0.028125 0.0296875
0 0.30078125 0.971875 0.025 0.021875
0 0.5171875 0.440625 0.01875 0.025
0 0.60859375 0.60078125 0.01875 0.0203125
0 0.28203125 0.9703125 0.021875 0.0203125
0 0.53671875 0.8875 0.0125 0.0109375
0 0.2046875 0.96484375 0.0125 0.0140625
0 0.984375 0.0640625 0.03125 0.034375