0 0.171875 0.17578125 0.234375 0.109375
0 0.36015625 0.1484375 0.0796875 0.0625
0 0.56953125 0.14140625 0.2671875 0.1390625
0 0.15859375 0.303125 0.21875 0.0859375
0 0.35859375 0.29375 0.128125 0.103125
0 0.51875 0.25625 0.146875 0.0984375
0 0.69453125 0.275 0.2125 0.1109375
0 0.84453125 0.26015625 0.053125 0.04375
0 0.159375 0.3890625 0.2015625 0.071875
0 0.38125 0.3703125 0.1765625 0.075
0 0.515625 0.36328125 0.053125 0.0390625
0 0.02421875 0.33671875 0.0203125 0.009375
0 0.6484375 0.35390625 0.2078125 0.0609375