0 0.340625 0.0765625 0.115625 0.0484375
0 0.71171875 0.12109375 0.0484375 0.025
0 0.84765625 0.134375 0.1609375 0.071875
0 0.7109375 0.15234375 0.0578125 0.0265625
0 0.81328125 0.16796875 0.125 0.0578125
0 0.31875 0.14609375 0.0859375 0.06875
0 0.56796875 0.18828125 0.3296875 0.125
0 0.23828125 0.175 0.0234375 0.015625
0 0.30546875 0.18125 0.0671875 0.05
0 0.428125 0.2203125 0.140625 0.0734375
0 0.590625 0.25234375 0.1515625 0.0875
0 0.76171875 0.278125 0.1390625 0.08125
0 0.3109375 0.2375 0.1078125 0.0515625
0 0.4296875 0.27109375 0.109375 0.0640625
0 0.54921875 0.2859375 0.0859375 0.04375
0 0.7125 0.31640625 0.178125 0.0953125
0 0.8765625 0.34296875 0.1609375 0.134375
0 0.27109375 0.27421875 0.0515625 0.040625
0 0.3875 0.29921875 0.1234375 0.0578125
0 0.21171875 0.31015625 0.021875 0.0125
0 0.278125 0.3265625 0.084375 0.046875
0 0.41171875 0.353125 0.1359375 0.059375
0 0.49140625 0.3703125 0.015625 0.009375
0 0.5296875 0.3703125 0.04375 0.0453125
0 0.75 0.41953125 0.340625 0.1265625
0 0.36328125 0.38984375 0.2953125 0.125
0 0.71640625 0.46484375 0.3703125 0.1390625
0 0.20234375 0.403125 0.015625 0.0109375
0 0.34296875 0.43515625 0.25 0.0921875
0 0.59140625 0.49296875 0.1890625 0.0953125
0 0.78125 0.53203125 0.1515625 0.0671875
0 0.19921875 0.453125 0.01875 0.009375
0 0.32734375 0.48671875 0.21875 0.08125
0 0.55625 0.52734375 0.171875 0.071875
0 0.7453125 0.5625 0.1609375 0.0828125
0 0.30078125 0.53359375 0.1640625 0.08125
0 0.48046875 0.56171875 0.1359375 0.065625
0 0.67109375 0.60546875 0.2171875 0.1
0 0.18046875 0.54453125 0.0125 0.009375
0 0.32421875 0.571875 0.2265625 0.0921875
0 0.465625 0.6109375 0.028125 0.028125
0 0.60390625 0.640625 0.2109375 0.096875
0 0.7765625 0.68828125 0.1234375 0.0625
0 0.27734375 0.615625 0.18125 0.0703125
0 0.15390625 0.63515625 0.0109375 0.00625
0 0.2828125 0.6703125 0.1953125 0.0890625
0 0.440625 0.715625 0.153125 0.078125
0 0.6109375 0.74296875 0.125 0.0546875
0 0.26015625 0.71171875 0.0328125 0.0265625
0 0.36015625 0.7328125 0.109375 0.0515625
0 0.25234375 0.7546875 0.03125 0.0265625
0 0.3875 0.7859375 0.196875 0.078125
0 0.2359375 0.80390625 0.0359375 0.028125
0 0.38046875 0.83828125 0.2078125 0.0859375
0 0.11875 0.82109375 0.0125 0.009375
0 0.19375 0.84765625 0.0921875 0.05625
0 0.32265625 0.88671875 0.1359375 0.075
0 0.54765625 0.9296875 0.28125 0.1
0 0.70078125 0.97890625 0.0171875 0.0171875
0 0.76640625 0.978125 0.1078125 0.04375
0 0.3890625 0.65078125 0.0078125 0.00625