0 0.09375 0.28203125 0.09375 0.053125
0 0.2546875 0.2453125 0.0984375 0.05625
0 0.44140625 0.2046875 0.1203125 0.0609375
0 0.63125 0.16484375 0.2203125 0.090625
0 0.159375 0.33125 0.21875 0.08125
0 0.19375 0.3671875 0.2078125 0.08125
0 0.36875 0.3265625 0.1140625 0.05625
0 0.5734375 0.28671875 0.2 0.0890625
0 0.74140625 0.24453125 0.1515625 0.0671875
0 0.23203125 0.41328125 0.2375 0.1
0 0.37109375 0.37890625 0.0421875 0.034375
0 0.4703125 0.35625 0.1875 0.078125
0 0.73359375 0.30078125 0.21875 0.084375
0 0.8734375 0.271875 0.078125 0.053125
0 0.3359375 0.2234375 0.034375 0.0265625