0 0.084375 0.2421875 0.090625 0.0671875
0 0.28671875 0.234375 0.2234375 0.071875
0 0.4796875 0.22578125 0.0984375 0.0546875
0 0.60625 0.22109375 0.096875 0.0515625
0 0.7609375 0.2109375 0.1484375 0.078125
0 0.08828125 0.33984375 0.0453125 0.059375
0 0.1859375 0.34453125 0.0921875 0.053125
0 0.32734375 0.34375 0.0671875 0.0546875
0 0.43125 0.35390625 0.1078125 0.0390625
0 0.56015625 0.34765625 0.0890625 0.0421875
0 0.6796875 0.32265625 0.10625 0.0703125
0 0.18671875 0.490625 0.2484375 0.071875
0 0.4484375 0.47578125 0.2078125 0.075
0 0.609375 0.484375 0.046875 0.025
0 0.7546875 0.471875 0.19375 0.0609375
0 0.92109375 0.4765625 0.05 0.034375
0 0.1515625 0.57734375 0.165625 0.0734375
0 0.29375 0.57421875 0.0546875 0.0453125
0 0.384375 0.56484375 0.1 0.0578125
0 0.503125 0.56875 0.0796875 0.0421875
0 0.60234375 0.5609375 0.1109375 0.0453125
0 0.70546875 0.5625 0.0453125 0.0484375
0 0.76875 0.56796875 0.034375 0.03125
0 0.86953125 0.5546875 0.1484375 0.05
0 0.15625 0.66484375 0.165625 0.0609375
0 0.2734375 0.32890625 0.025 0.0359375