0 0.2625 0.09765625 0.1921875 0.103125
0 0.2078125 0.23828125 0.1875 0.10625
0 0.496875 0.18984375 0.14375 0.0953125
0 0.85 0.07109375 0.1359375 0.084375
0 0.4421875 0.25078125 0.0859375 0.0734375
0 0.35859375 0.19453125 0.0921875 0.065625
0 0.26484375 0.29375 0.1078125 0.046875
0 0.35703125 0.26640625 0.0828125 0.05625
0 0.74140625 0.0953125 0.0859375 0.059375
0 0.1625 0.31328125 0.0734375 0.0453125
0 0.65859375 0.12265625 0.0609375 0.0453125
0 0.603125 0.140625 0.0484375 0.0328125
0 0.21484375 0.45 0.1359375 0.08125
0 0.31484375 0.43359375 0.025 0.0296875
0 0.41171875 0.41875 0.1296875 0.08125
0 0.56328125 0.35859375 0.1890625 0.0921875
0 0.70625 0.3328125 0.046875 0.0625
0 0.80703125 0.30390625 0.1515625 0.084375
0 0.2296875 0.534375 0.0859375 0.078125
0 0.3140625 0.50390625 0.046875 0.0359375
0 0.41953125 0.48671875 0.1125 0.09375
0 0.52734375 0.44609375 0.1015625 0.059375
0 0.59765625 0.4296875 0.04375 0.0453125
0 0.696875 0.40078125 0.125 0.065625
0 0.79921875 0.36875 0.0796875 0.0578125
0 0.878125 0.34609375 0.059375 0.0421875
0 0.28671875 0.55625 0.1734375 0.09375
0 0.428125 0.53828125 0.0515625 0.06875
0 0.48515625 0.53359375 0.0734375 0.0609375
0 0.5828125 0.51171875 0.0828125 0.0734375
0 0.68203125 0.46328125 0.0890625 0.0609375
0 0.30625 0.68046875 0.184375 0.1015625
0 0.43515625 0.65234375 0.0296875 0.0296875
0 0.55 0.61640625 0.1671875 0.084375
0 0.67421875 0.60625 0.075 0.08125
0 0.7875 0.59140625 0.125 0.1
0 0.9296875 0.56171875 0.140625 0.1109375
0 0.31875 0.76953125 0.1640625 0.0984375
0 0.45 0.715625 0.0703125 0.0578125
0 0.55 0.6984375 0.121875 0.1015625
0 0.34609375 0.93359375 0.1890625 0.1328125
0 0.50390625 0.9015625 0.09375 0.0890625
0 0.60234375 0.85 0.0921875 0.065625
0 0.6765625 0.82890625 0.046875 0.05
0 0.7546875 0.8140625 0.0796875 0.0703125
0 0.85546875 0.778125 0.10625 0.05625
0 0.95234375 0.76875 0.059375 0.0546875
0 0.99296875 0.7578125 0.0140625 0.059375
0 0.36484375 0.9703125 0.1828125 0.059375
0 0.50703125 0.95 0.109375 0.071875
0 0.60234375 0.92578125 0.06875 0.0515625
0 0.71953125 0.90625 0.1484375 0.0921875
0 0.83359375 0.8640625 0.0921875 0.0890625
0 0.92109375 0.8578125 0.0625 0.0578125