0 0.27578125 0.19453125 0.121875 0.090625
0 0.41953125 0.16484375 0.1328125 0.06875
0 0.60859375 0.1703125 0.2078125 0.1046875
0 0.3171875 0.3921875 0.1078125 0.1734375
0 0.38203125 0.35390625 0.059375 0.0609375
0 0.459375 0.3953125 0.103125 0.134375
0 0.56484375 0.340625 0.125 0.075
0 0.69609375 0.34921875 0.1 0.046875
0 0.80859375 0.3171875 0.103125 0.08125
0 0.89765625 0.3421875 0.0796875 0.028125
0 0.3796875 0.51015625 0.0890625 0.0625
0 0.5234375 0.49921875 0.2015625 0.071875
0 0.659375 0.4875 0.053125 0.0765625
0 0.75859375 0.47890625 0.1046875 0.0703125
0 0.87734375 0.46640625 0.1234375 0.0921875
0 0.48671875 0.628125 0.1234375 0.0671875
0 0.625 0.63125 0.13125 0.0765625
0 0.76640625 0.60546875 0.1 0.065625
0 0.88515625 0.6015625 0.1375 0.0625
0 0.56796875 0.78359375 0.1296875 0.246875
0 0.66875 0.803125 0.1 0.1703125
0 0.6515625 0.9125 0.1421875 0.1625
0 0.7359375 0.9734375 0.025 0.03125