0 0.196875 0.0953125 0.20625 0.084375
0 0.23125 0.16171875 0.10625 0.0515625
0 0.3484375 0.18046875 0.096875 0.05
0 0.465625 0.21953125 0.1171875 0.06875
0 0.56171875 0.2203125 0.05 0.0328125
0 0.61484375 0.23359375 0.034375 0.0203125
0 0.74296875 0.25078125 0.1828125 0.0515625
0 0.12578125 0.21171875 0.10625 0.0390625
0 0.27109375 0.2328125 0.1125 0.0484375
0 0.38125 0.2546875 0.053125 0.03125
0 0.44140625 0.2625 0.0515625 0.028125
0 0.50859375 0.28046875 0.1 0.059375
0 0.58828125 0.28046875 0.0453125 0.034375
0 0.640625 0.28828125 0.0546875 0.0359375
0 0.7359375 0.309375 0.10625 0.05
0 0.20625 0.29609375 0.2625 0.1015625
0 0.3796875 0.31484375 0.0546875 0.03125
0 0.50078125 0.3390625 0.1671875 0.065625
0 0.628125 0.35625 0.0859375 0.0515625
0 0.72421875 0.359375 0.109375 0.053125
0 0.82265625 0.37734375 0.0671875 0.0359375
0 0.0953125 0.3203125 0.0546875 0.040625
0 0.21640625 0.3515625 0.1234375 0.0453125
0 0.35234375 0.37734375 0.1125 0.078125
0 0.4875 0.38828125 0.1171875 0.04375
0 0.5796875 0.4015625 0.05 0.0296875
0 0.646875 0.41015625 0.059375 0.0375
0 0.74921875 0.425 0.115625 0.0484375
0 0.1953125 0.4140625 0.240625 0.0734375
0 0.17890625 0.46484375 0.1859375 0.0625
0 0.334375 0.48828125 0.08125 0.0484375
0 0.45078125 0.53125 0.115625 0.0796875
0 0.5640625 0.51875 0.1078125 0.05
0 0.6984375 0.546875 0.115625 0.0640625
0 0.81875 0.546875 0.096875 0.0453125
0 0.140625 0.51796875 0.1125 0.0609375
0 0.14296875 0.5890625 0.1265625 0.0515625
0 0.28125 0.61015625 0.0828125 0.04375
0 0.40234375 0.63125 0.1109375 0.0453125
0 0.5125 0.6421875 0.0828125 0.0671875
0 0.60546875 0.65390625 0.0765625 0.034375
0 0.709375 0.66328125 0.096875 0.0453125
0 0.146875 0.67421875 0.1671875 0.0671875
0 0.2953125 0.68203125 0.090625 0.06875
0 0.42578125 0.7078125 0.1140625 0.0765625
0 0.040625 0.4453125 0.053125 0.05625
0 0.02578125 0.5796875 0.0515625 0.053125