0 0.03125 0.2046875 0.0625 0.053125
0 0.09296875 0.2078125 0.171875 0.071875
0 0.32421875 0.1203125 0.1796875 0.078125
0 0.48046875 0.07578125 0.128125 0.06875
0 0.0296875 0.2828125 0.059375 0.0375
0 0.18046875 0.23359375 0.18125 0.078125
0 0.421875 0.16875 0.2890625 0.1140625
0 0.028125 0.33203125 0.05625 0.0328125
0 0.18828125 0.2859375 0.2234375 0.096875
0 0.41171875 0.22734375 0.0703125 0.0359375
0 0.540625 0.19765625 0.0640625 0.0484375
0 0.409375 0.3046875 0.04375 0.0375
0 0.36328125 0.31875 0.0421875 0.0328125
0 0.29296875 0.3421875 0.071875 0.0453125
0 0.06953125 0.37109375 0.1015625 0.0453125
0 0.175 0.34296875 0.1125 0.046875
0 0.21796875 0.36796875 0.06875 0.0453125
0 0.0640625 0.47109375 0.046875 0.0328125
0 0.1203125 0.45625 0.065625 0.0390625
0 0.17578125 0.4390625 0.0453125 0.03125
0 0.22421875 0.42734375 0.0546875 0.034375
0 0.30859375 0.4046875 0.1109375 0.0484375
0 0.1359375 0.49609375 0.1609375 0.0765625
0 0.26640625 0.4546875 0.10625 0.0625
0 0.4125 0.41328125 0.175 0.08125
0 0.6671875 0.36015625 0.29375 0.1171875
0 0.1140625 0.565625 0.121875 0.0703125
0 0.1859375 0.53984375 0.025 0.034375
0 0.22890625 0.528125 0.071875 0.0453125
0 0.33515625 0.50546875 0.1578125 0.0734375
0 0.45546875 0.46875 0.096875 0.0515625
0 0.2609375 0.57890625 0.384375 0.1828125
0 0.58515625 0.48984375 0.303125 0.1390625
0 0.184375 0.72109375 0.1765625 0.0953125
0 0.34765625 0.6546875 0.1515625 0.0890625
0 0.465625 0.62734375 0.06875 0.046875
0 0.56328125 0.59296875 0.159375 0.096875
0 0.3578125 0.70078125 0.4984375 0.1953125
0 0.678125 0.58984375 0.1546875 0.0828125
0 0.225 0.79453125 0.1328125 0.084375
0 0.39296875 0.73984375 0.171875 0.10625
0 0.5171875 0.68359375 0.08125 0.06875
0 0.66953125 0.63203125 0.225 0.10625
0 0.80546875 0.58203125 0.084375 0.0515625
0 0.2390625 0.83359375 0.2265625 0.1015625
0 0.396875 0.7875 0.0828125 0.059375
0 0.53828125 0.73125 0.1875 0.0921875
0 0.72109375 0.66015625 0.184375 0.0875
0 0.2390625 0.8859375 0.134375 0.0734375
0 0.18984375 0.95703125 0.05625 0.0515625
0 0.4734375 0.80703125 0.3375 0.1453125
0 0.278125 0.93046875 0.1125 0.059375
0 0.40390625 0.89375 0.15 0.0796875
0 0.6640625 0.80234375 0.3390625 0.1546875
0 0.68984375 0.8390625 0.25 0.1140625
0 0.87265625 0.7703125 0.125 0.065625
0 0.359375 0.996875 0.05 0.00625
0 0.11328125 0.17734375 0.0484375 0.03125