0 0.221875 0.190625 0.1484375 0.0703125
0 0.51484375 0.20546875 0.203125 0.065625
0 0.75625 0.2328125 0.0921875 0.05
0 0.18515625 0.34296875 0.1375 0.05625
0 0.36171875 0.3484375 0.165625 0.0515625
0 0.559375 0.34921875 0.14375 0.078125
0 0.759375 0.38203125 0.15625 0.053125
0 0.17734375 0.4484375 0.1296875 0.0703125
0 0.3515625 0.471875 0.140625 0.0828125
0 0.546875 0.4734375 0.171875 0.059375
0 0.73515625 0.503125 0.1453125 0.0765625
0 0.2875 0.55703125 0.38125 0.0875
0 0.84453125 0.50703125 0.109375 0.05625