0 0.1265625 0.240625 0.1953125 0.1234375
0 0.34296875 0.21953125 0.190625 0.1203125
0 0.5421875 0.16953125 0.10625 0.08125
0 0.684375 0.15703125 0.1640625 0.084375
0 0.10078125 0.38515625 0.103125 0.09375
0 0.234375 0.36328125 0.1046875 0.0890625
0 0.44921875 0.33671875 0.278125 0.1875
0 0.7 0.271875 0.178125 0.109375
0 0.1359375 0.51484375 0.040625 0.015625
0 0.21953125 0.4890625 0.11875 0.103125
0 0.3953125 0.459375 0.178125 0.1125
0 0.61484375 0.4203125 0.1984375 0.1125
0 0.25625 0.60546875 0.2453125 0.1359375
0 0.48671875 0.5953125 0.1640625 0.1265625
0 0.6828125 0.52734375 0.209375 0.14375
0 0.8265625 0.49140625 0.08125 0.08125
0 0.2265625 0.7328125 0.115625 0.075
0 0.4078125 0.7125 0.1921875 0.1546875
0 0.6078125 0.65390625 0.2125 0.1390625
0 0.81015625 0.60546875 0.1484375 0.0921875
0 0.284375 0.82734375 0.1625 0.0921875
0 0.5640625 0.75859375 0.1484375 0.078125
0 0.6734375 0.803125 0.0765625 0.059375
0 0.846875 0.76171875 0.190625 0.0921875
0 0.32890625 0.8890625 0.1453125 0.084375