0 0.575 0.046875 0.0453125 0.0203125
0 0.6296875 0.03828125 0.0421875 0.01875
0 0.665625 0.0359375 0.015625 0.0109375
0 0.7125 0.02421875 0.071875 0.028125
0 0.7921875 0.0109375 0.08125 0.021875
0 0.54375 0.0671875 0.015625 0.0109375
0 0.73203125 0.040625 0.0921875 0.0265625
0 0.74609375 0.06171875 0.075 0.0265625
0 0.8234375 0.04609375 0.075 0.021875
0 0.1078125 0.1453125 0.040625 0.034375
0 0.14140625 0.14375 0.021875 0.015625
0 0.18984375 0.1375 0.0421875 0.0203125
0 0.2765625 0.125 0.10625 0.0359375
0 0.40703125 0.1078125 0.0234375 0.021875
0 0.4296875 0.1078125 0.025 0.021875
0 0.0765625 0.175 0.0421875 0.025
0 0.10859375 0.17265625 0.0171875 0.0171875
0 0.18984375 0.16796875 0.1234375 0.04375
0 0.315625 0.1375 0.0828125 0.025
0 0.39609375 0.125 0.065625 0.025
0 0.31953125 0.159375 0.0859375 0.025
0 0.41015625 0.14453125 0.0734375 0.028125
0 0.51484375 0.1109375 0.06875 0.0265625
0 0.528125 0.13203125 0.0609375 0.028125
0 0.6171875 0.10625 0.0703125 0.028125
0 0.66875 0.1 0.0234375 0.015625
0 0.07890625 0.2265625 0.04375 0.0265625
0 0.1125 0.2265625 0.021875 0.0203125
0 0.19765625 0.22109375 0.1296875 0.0484375
0 0.33125 0.1921875 0.0796875 0.0265625
0 0.33046875 0.2140625 0.0859375 0.0328125
0 0.43046875 0.18984375 0.0640625 0.03125
0 0.49140625 0.18203125 0.025 0.015625
0 0.07734375 0.28046875 0.0421875 0.0234375
0 0.121875 0.2734375 0.0203125 0.01875
0 0.19921875 0.26953125 0.140625 0.046875
0 0.28359375 0.25859375 0.025 0.028125
0 0.3359375 0.253125 0.0625 0.025
0 0.44453125 0.23828125 0.1328125 0.0359375
0 0.56328125 0.21328125 0.0703125 0.0234375
0 0.67109375 0.196875 0.1265625 0.034375
0 0.778125 0.18671875 0.046875 0.021875
0 0.65703125 0.221875 0.0609375 0.0203125
0 0.58828125 0.259375 0.06875 0.028125
0 0.60390625 0.27890625 0.08125 0.0296875
0 0.68671875 0.2546875 0.05625 0.0265625
0 0.5125 0.278125 0.01875 0.0109375
0 0.55625 0.32890625 0.0875 0.0359375
0 0.11796875 0.43125 0.0515625 0.028125
0 0.15703125 0.43125 0.025 0.021875
0 0.24765625 0.4171875 0.1046875 0.03125
0 0.3578125 0.390625 0.0703125 0.0296875
0 0.37109375 0.4140625 0.0765625 0.028125
0 0.44296875 0.39453125 0.05625 0.0296875
0 0.525 0.38125 0.08125 0.0359375
0 0.115625 0.5125 0.053125 0.025
0 0.165625 0.50546875 0.021875 0.0203125
0 0.271875 0.496875 0.16875 0.053125
0 0.375 0.47890625 0.0328125 0.028125
0 0.46640625 0.46875 0.1265625 0.040625
0 0.61171875 0.434375 0.1125 0.0328125
0 0.5890625 0.46015625 0.053125 0.0234375
0 0.63046875 0.45390625 0.0296875 0.0265625
0 0.68828125 0.44609375 0.0578125 0.021875
0 0.76328125 0.42578125 0.0625 0.028125
0 0.77421875 0.4453125 0.0546875 0.028125
0 0.83125 0.43984375 0.046875 0.028125
0 0.5390625 0.5046875 0.01875 0.0109375
0 0.62265625 0.48828125 0.0625 0.025
0 0.7234375 0.484375 0.05625 0.03125
0 0.63359375 0.509375 0.1203125 0.040625
0 0.55 0.5609375 0.015625 0.0109375
0 0.60390625 0.55078125 0.0453125 0.025
0 0.68359375 0.54375 0.053125 0.0234375
0 0.66953125 0.56796875 0.0625 0.03125
0 0.73984375 0.55546875 0.0515625 0.028125
0 0.14140625 0.66953125 0.0453125 0.028125
0 0.1796875 0.665625 0.0265625 0.0203125
0 0.25234375 0.65234375 0.0625 0.028125
0 0.30859375 0.64296875 0.015625 0.0109375
0 0.38203125 0.62265625 0.0671875 0.03125
0 0.47734375 0.61875 0.0609375 0.03125
0 0.3828125 0.64375 0.0890625 0.0359375
0 0.3734375 0.665625 0.0984375 0.040625
0 0.51328125 0.6484375 0.109375 0.0421875
0 0.62109375 0.60546875 0.0609375 0.040625
0 0.66015625 0.628125 0.0671875 0.0328125
0 0.725 0.615625 0.0640625 0.034375
0 0.14765625 0.72265625 0.0484375 0.0265625
0 0.19140625 0.715625 0.025 0.0234375
0 0.30859375 0.7015625 0.1625 0.0484375
0 0.409375 0.684375 0.0328125 0.034375
0 0.4625 0.67578125 0.0703125 0.0296875
0 0.55703125 0.66796875 0.1171875 0.040625
0 0.65625 0.65 0.0765625 0.0296875
0 0.73984375 0.63984375 0.1 0.0359375
0 0.83671875 0.63359375 0.065625 0.034375
0 0.7359375 0.66328125 0.1015625 0.034375
0 0.84296875 0.65703125 0.0453125 0.0234375
0 0.875 0.6578125 0.0265625 0.028125
0 0.92109375 0.65078125 0.0671875 0.0328125
0 0.61875 0.71953125 0.0328125 0.0203125
0 0.7 0.6984375 0.0765625 0.0359375
0 0.7609375 0.6875 0.0546875 0.03125
0 0.8234375 0.6921875 0.0640625 0.03125
0 0.7078125 0.72421875 0.0609375 0.0265625
0 0.77421875 0.71875 0.059375 0.03125
0 0.671875 0.76015625 0.1078125 0.0375
0 0.7828125 0.7453125 0.0734375 0.034375
0 0.84609375 0.73828125 0.046875 0.028125
0 0.16484375 0.88046875 0.0484375 0.0296875
0 0.20234375 0.878125 0.03125 0.0234375
0 0.28515625 0.86484375 0.1109375 0.0421875
0 0.39921875 0.8375 0.0796875 0.0390625
0 0.40234375 0.86484375 0.0875 0.034375
0 0.46875 0.8578125 0.046875 0.0328125
0 0.50625 0.8328125 0.075 0.03125
0 0.62265625 0.8234375 0.078125 0.028125
0 0.696875 0.81328125 0.0625 0.0328125
0 0.565625 0.8265625 0.0234375 0.0171875
0 0.4453125 0.634375 0.0453125 0.025
0 0.5265625 0.61171875 0.0203125 0.0171875
0 0.60859375 0.63203125 0.0453125 0.025
0 0.45546875 0.12734375 0.015625 0.009375
0 0.56328125 0.61015625 0.053125 0.0265625
0 0.87265625 0.04296875 0.00625 0.0046875
0 0.34453125 0.115625 0.0203125 0.0234375
0 0.8015625 0.659375 0.028125 0.01875