0 0.09765625 0.27578125 0.1328125 0.1515625
0 0.21015625 0.284375 0.0515625 0.1125
0 0.325 0.346875 0.1546875 0.2109375
0 0.46953125 0.2796875 0.1265625 0.165625
0 0.62890625 0.26796875 0.171875 0.1546875
0 0.1078125 0.47734375 0.10625 0.1390625
0 0.2265625 0.4734375 0.103125 0.1375
0 0.34765625 0.48203125 0.115625 0.140625
0 0.49375 0.48046875 0.1515625 0.1640625
0 0.659375 0.4625 0.1546875 0.146875
0 0.78203125 0.471875 0.0703125 0.0984375
0 0.903125 0.446875 0.1640625 0.1546875
0 0.18125 0.7140625 0.2234375 0.240625
0 0.40703125 0.70546875 0.2265625 0.2359375
0 0.58203125 0.665625 0.1109375 0.134375
0 0.7328125 0.65546875 0.178125 0.140625
0 0.91875 0.74453125 0.1625 0.3203125
0 0.69765625 0.9078125 0.1265625 0.1625
0 0.59296875 0.8578125 0.065625 0.1390625
0 0.39453125 0.9015625 0.3421875 0.196875
0 0.14921875 0.87734375 0.1234375 0.125