0 0.35 0.053125 0.078125 0.071875
0 0.41796875 0.08671875 0.071875 0.10625
0 0.4640625 0.09140625 0.0125 0.015625
0 0.5296875 0.1 0.1109375 0.14375
0 0.20703125 0.17109375 0.121875 0.1140625
0 0.37421875 0.2 0.184375 0.15
0 0.50859375 0.22265625 0.1015625 0.121875
0 0.59765625 0.2140625 0.075 0.0625
0 0.69609375 0.221875 0.0890625 0.0671875
0 0.7546875 0.23203125 0.05625 0.1046875
0 0.82421875 0.2328125 0.0703125 0.0984375
0 0.8828125 0.23515625 0.0296875 0.0609375
0 0.15390625 0.2703125 0.2046875 0.140625
0 0.29921875 0.26484375 0.0109375 0.053125
0 0.375 0.27109375 0.078125 0.0703125
0 0.44765625 0.31640625 0.08125 0.09375
0 0.525 0.28046875 0.0765625 0.0671875
0 0.60078125 0.3171875 0.06875 0.0796875
0 0.68046875 0.30234375 0.065625 0.0625
0 0.7390625 0.3140625 0.04375 0.090625
0 0.82109375 0.309375 0.1 0.0640625
0 0.89765625 0.30859375 0.059375 0.059375
0 0.96171875 0.31796875 0.0765625 0.0609375
0 0.0703125 0.36875 0.0703125 0.090625
0 0.16171875 0.34375 0.075 0.0671875
0 0.2296875 0.3296875 0.0390625 0.0578125
0 0.3375 0.346875 0.14375 0.075
0 0.45859375 0.38984375 0.0703125 0.0921875
0 0.54296875 0.36640625 0.0609375 0.0390625
0 0.65 0.36953125 0.1390625 0.121875
0 0.81484375 0.40859375 0.190625 0.128125
0 0.0609375 0.4296875 0.0078125 0.05
0 0.1453125 0.45625 0.0921875 0.096875
0 0.2265625 0.4671875 0.0765625 0.0984375
0 0.36875 0.43515625 0.19375 0.0953125
0 0.48984375 0.44453125 0.0484375 0.053125
0 0.553125 0.47421875 0.1046875 0.0859375
0 0.69140625 0.4875 0.1703125 0.134375
0 0.8140625 0.46796875 0.0703125 0.0578125
0 0.115625 0.51953125 0.0953125 0.065625
0 0.21796875 0.53828125 0.028125 0.0296875
0 0.296875 0.553125 0.096875 0.0734375
0 0.4140625 0.546875 0.1140625 0.0890625
0 0.53671875 0.53984375 0.109375 0.0578125
0 0.659375 0.55078125 0.1390625 0.1265625
0 0.75859375 0.5546875 0.071875 0.0375
0 0.865625 0.56640625 0.13125 0.1015625
0 0.0609375 0.60078125 0.0703125 0.065625
0 0.11484375 0.603125 0.046875 0.0734375
0 0.23203125 0.615625 0.178125 0.0921875
0 0.36328125 0.61796875 0.0875 0.10625
0 0.4578125 0.60859375 0.0625 0.0609375
0 0.55390625 0.6546875 0.1078125 0.1078125
0 0.671875 0.6265625 0.121875 0.0703125
0 0.809375 0.6375 0.1421875 0.0953125
0 0.10703125 0.68671875 0.0921875 0.071875
0 0.18984375 0.67578125 0.0609375 0.05
0 0.25078125 0.70625 0.05625 0.075
0 0.31328125 0.684375 0.0390625 0.021875
0 0.36875 0.6765625 0.0515625 0.0390625
0 0.46328125 0.690625 0.1203125 0.05625
0 0.57109375 0.6921875 0.103125 0.046875
0 0.6421875 0.703125 0.0203125 0.0203125
0 0.6875 0.72109375 0.0703125 0.075
0 0.7703125 0.70234375 0.0671875 0.0453125
0 0.83359375 0.71171875 0.0515625 0.025
0 0.88515625 0.71015625 0.0453125 0.0703125
0 0.09765625 0.75234375 0.059375 0.0625
0 0.17421875 0.7375 0.0578125 0.0390625
0 0.29921875 0.75234375 0.175 0.1328125
0 0.43125 0.76953125 0.1046875 0.10625
0 0.4890625 0.78203125 0.053125 0.1109375
0 0.58671875 0.7625 0.140625 0.0828125
0 0.3890625 0.83984375 0.0546875 0.075
0 0.4328125 0.85234375 0.0484375 0.0921875
0 0.5125 0.84375 0.0984375 0.0796875
0 0.53203125 0.9015625 0.075 0.059375
0 0.62890625 0.88359375 0.10625 0.1171875
0 0.8140625 0.940625 0.0234375 0.009375
0 0.875 0.93125 0.0765625 0.0546875
0 0.89296875 0.97265625 0.1234375 0.0546875