0 0.22265625 0.17109375 0.1859375 0.0890625
0 0.45546875 0.2140625 0.2375 0.159375
0 0.6546875 0.21875 0.0828125 0.0484375
0 0.79140625 0.21875 0.096875 0.075
0 0.1796875 0.28359375 0.159375 0.0875
0 0.36875 0.30625 0.1375 0.0875
0 0.5703125 0.33828125 0.1984375 0.128125
0 0.7125 0.33203125 0.0171875 0.0140625
0 0.81640625 0.3265625 0.09375 0.0828125
0 0.17421875 0.4046875 0.1765625 0.0859375
0 0.34375 0.42734375 0.096875 0.0609375
0 0.48359375 0.4265625 0.10625 0.078125
0 0.66875 0.43359375 0.184375 0.1
0 0.83515625 0.47109375 0.103125 0.1046875
0 0.2453125 0.5578125 0.353125 0.1390625
0 0.571875 0.58828125 0.2390625 0.1140625
0 0.76796875 0.559375 0.09375 0.08125
0 0.20703125 0.62890625 0.2671875 0.1109375
0 0.090625 0.8609375 0.0640625 0.0578125
0 0.278125 0.88359375 0.2140625 0.0875
0 0.56953125 0.9046875 0.11875 0.0640625
0 0.790625 0.92734375 0.18125 0.0890625