0 0.15625 0.015625 0.1 0.03125
0 0.4921875 0.04921875 0.1875 0.05625
0 0.6609375 0.06015625 0.128125 0.0546875
0 0.2328125 0.0484375 0.184375 0.0515625
0 0.1328125 0.09453125 0.084375 0.028125
0 0.43515625 0.10859375 0.21875 0.0953125
0 0.121875 0.14609375 0.0640625 0.0234375
0 0.284375 0.16484375 0.2234375 0.0640625
0 0.53671875 0.190625 0.06875 0.0234375
0 0.7078125 0.20390625 0.1859375 0.0671875
0 0.15390625 0.2046875 0.1046875 0.03125
0 0.26875 0.21796875 0.1140625 0.025
0 0.38515625 0.2578125 0.11875 0.0796875
0 0.5078125 0.26328125 0.1078125 0.0765625
0 0.1203125 0.303125 0.0453125 0.028125
0 0.178125 0.30859375 0.059375 0.0265625
0 0.2359375 0.3125 0.040625 0.021875
0 0.28671875 0.3171875 0.0515625 0.0234375
0 0.3734375 0.3265625 0.109375 0.0265625
0 0.18671875 0.35078125 0.1953125 0.0640625
0 0.37890625 0.3640625 0.1328125 0.065625
0 0.1375 0.40859375 0.115625 0.05
0 0.2109375 0.4109375 0.01875 0.0296875
0 0.25703125 0.41640625 0.0671875 0.034375
0 0.36640625 0.43515625 0.146875 0.0453125
0 0.48984375 0.43984375 0.0890625 0.0328125
0 0.1625 0.478125 0.1375 0.0453125
0 0.33203125 0.48828125 0.0921875 0.0421875
0 0.48515625 0.5078125 0.1046875 0.04375
0 0.6359375 0.53984375 0.1109375 0.0328125
0 0.7609375 0.56875 0.096875 0.0515625
0 0.2234375 0.55234375 0.240625 0.053125
0 0.1515625 0.5984375 0.0609375 0.0390625
0 0.2046875 0.60546875 0.0296875 0.034375
0 0.24296875 0.61015625 0.0265625 0.0296875
0 0.29296875 0.61640625 0.021875 0.01875
0 0.12421875 0.64140625 0.09375 0.028125
0 0.3109375 0.659375 0.1796875 0.0484375
0 0.5203125 0.68046875 0.1109375 0.0359375
0 0.69296875 0.71015625 0.16875 0.05
0 0.16171875 0.70859375 0.1359375 0.040625
0 0.390625 0.74375 0.15 0.0515625
0 0.55859375 0.75703125 0.0828125 0.0375
0 0.7125 0.784375 0.13125 0.03125
0 0.2078125 0.79140625 0.259375 0.0796875
0 0.46640625 0.81796875 0.134375 0.0390625
0 0.6515625 0.84453125 0.128125 0.0390625
0 0.25078125 0.8671875 0.3015625 0.0609375
0 0.07578125 0.884375 0.1125 0.021875
0 0.1640625 0.8921875 0.059375 0.0171875
0 0.21953125 0.89921875 0.046875 0.0140625
0 0.265625 0.02421875 0.05 0.028125