0 0.19921875 0.18984375 0.1859375 0.1421875
0 0.4171875 0.1921875 0.159375 0.146875
0 0.63984375 0.0796875 0.2296875 0.1328125
0 0.8296875 0.03984375 0.078125 0.0796875
0 0.153125 0.37578125 0.30625 0.1828125
0 0.41796875 0.3734375 0.175 0.1703125
0 0.62890625 0.2640625 0.225 0.1953125
0 0.8359375 0.18203125 0.1671875 0.1703125
0 0.075 0.55703125 0.0921875 0.1171875
0 0.26015625 0.5140625 0.1828125 0.115625
0 0.48515625 0.43671875 0.0953125 0.1203125
0 0.6515625 0.3984375 0.1484375 0.1390625
0 0.20625 0.66796875 0.2671875 0.1625
0 0.48515625 0.59453125 0.1765625 0.1578125
0 0.66796875 0.56796875 0.1109375 0.09375
0 0.7640625 0.59609375 0.05 0.0765625
0 0.840625 0.53828125 0.103125 0.0703125
0 0.22890625 0.8359375 0.1828125 0.1
0 0.47734375 0.7390625 0.2046875 0.1546875
0 0.69453125 0.69453125 0.19375 0.15
0 0.84296875 0.67421875 0.1109375 0.20625
0 0.26875 0.95625 0.140625 0.0875
0 0.509375 0.8875 0.246875 0.1859375
0 0.7609375 0.8421875 0.24375 0.24375