0 0.17109375 0.31328125 0.1140625 0.0796875
0 0.271875 0.28671875 0.0765625 0.0953125
0 0.38046875 0.26875 0.13125 0.08125
0 0.4703125 0.24921875 0.028125 0.0546875
0 0.54609375 0.2515625 0.103125 0.059375
0 0.6265625 0.22265625 0.0328125 0.0703125
0 0.7140625 0.21484375 0.121875 0.0703125
0 0.2 0.40859375 0.1203125 0.0859375
0 0.3046875 0.3875 0.071875 0.078125
0 0.38359375 0.36171875 0.078125 0.0734375
0 0.4796875 0.35390625 0.1 0.0765625
0 0.55390625 0.33515625 0.028125 0.0546875
0 0.665625 0.3265625 0.175 0.125
0 0.171875 0.51640625 0.053125 0.0703125
0 0.28046875 0.5109375 0.153125 0.09375
0 0.375 0.4703125 0.03125 0.05625
0 0.4515625 0.4640625 0.1 0.084375
0 0.53046875 0.45 0.05 0.065625
0 0.603125 0.4375 0.071875 0.05625
0 0.68515625 0.4390625 0.071875 0.078125
0 0.78359375 0.4109375 0.109375 0.1
0 0.1640625 0.61953125 0.0515625 0.0671875
0 0.22890625 0.60390625 0.065625 0.0734375
0 0.31015625 0.61328125 0.075 0.0765625
0 0.40234375 0.57421875 0.09375 0.0890625
0 0.49140625 0.54453125 0.078125 0.0828125
0 0.60859375 0.55 0.134375 0.08125
0 0.7125 0.5109375 0.065625 0.078125
0 0.775 0.503125 0.053125 0.0625
0 0.84453125 0.48359375 0.0703125 0.0828125
0 0.94296875 0.47421875 0.109375 0.1171875
0 0.2640625 0.70703125 0.2078125 0.0796875
0 0.41328125 0.6703125 0.06875 0.08125
0 0.49453125 0.67734375 0.075 0.0734375
0 0.546875 0.64140625 0.03125 0.0640625
0 0.6125 0.63125 0.084375 0.078125
0 0.74375 0.60234375 0.1625 0.1046875
0 0.2953125 0.8015625 0.0515625 0.065625
0 0.3625 0.80546875 0.0625 0.0671875
0 0.47890625 0.765625 0.1640625 0.0875
0 0.73203125 0.7125 0.06875 0.075
0 0.85703125 0.7078125 0.1625 0.103125
0 0.63359375 0.72890625 0.1265625 0.0890625
0 0.21640625 0.8140625 0.096875 0.084375