0 0.16953125 0.15078125 0.203125 0.0859375
0 0.38515625 0.10625 0.065625 0.0671875
0 0.609375 0.1078125 0.23125 0.1296875
0 0.18359375 0.24921875 0.2 0.09375
0 0.4421875 0.2 0.15625 0.090625
0 0.709375 0.1734375 0.21875 0.0890625
0 0.16640625 0.365625 0.140625 0.0671875
0 0.41875 0.3171875 0.275 0.1125
0 0.725 0.26796875 0.26875 0.0921875
0 0.2421875 0.4671875 0.2359375 0.1046875
0 0.6203125 0.4296875 0.35625 0.1515625
0 0.23515625 0.58671875 0.228125 0.0859375
0 0.1046875 0.81015625 0.053125 0.05625
0 0.24453125 0.7984375 0.14375 0.05625
0 0.3703125 0.77890625 0.053125 0.053125
0 0.67109375 0.69296875 0.140625 0.103125