0 0.28515625 0.04140625 0.0375 0.0375
0 0.3375 0.03984375 0.053125 0.05
0 0.4125 0.0484375 0.0828125 0.0515625
0 0.5609375 0.06796875 0.2015625 0.0453125
0 0.0375 0.10859375 0.040625 0.0375
0 0.14140625 0.29609375 0.1078125 0.05625
0 0.21953125 0.29921875 0.0359375 0.0375
0 0.3015625 0.31328125 0.1140625 0.04375
0 0.11015625 0.11640625 0.084375 0.0609375
0 0.19609375 0.1171875 0.065625 0.0453125
0 0.25390625 0.121875 0.0265625 0.04375
0 0.3171875 0.13828125 0.0796875 0.04375
0 0.66171875 0.16171875 0.0234375 0.028125
0 0.7421875 0.1625 0.1234375 0.0453125
0 0.86171875 0.171875 0.0953125 0.0484375
0 0.93671875 0.17578125 0.0265625 0.0421875
0 0.39375 0.321875 0.053125 0.04375
0 0.48828125 0.31796875 0.1109375 0.046875
0 0.62421875 0.33359375 0.140625 0.0390625
0 0.72109375 0.3421875 0.0421875 0.03125
0 0.8046875 0.34296875 0.10625 0.04375
0 0.903125 0.3453125 0.071875 0.0453125
0 0.02265625 0.4640625 0.0453125 0.040625
0 0.11640625 0.47421875 0.125 0.0609375
0 0.228125 0.47265625 0.071875 0.0453125
0 0.57890625 0.49609375 0.0546875 0.0421875
0 0.68125 0.50703125 0.1421875 0.0546875
0 0.8109375 0.51015625 0.10625 0.05
0 0.8984375 0.51796875 0.053125 0.0421875
0 0.01953125 0.5515625 0.0390625 0.034375
0 0.08671875 0.55234375 0.0828125 0.0484375
0 0.00390625 0.63984375 0.0078125 0.0109375
0 0.04375 0.63359375 0.0484375 0.08125
0 0.12265625 0.65078125 0.0734375 0.096875
0 0.2484375 0.6375 0.1234375 0.0859375
0 0.3515625 0.63125 0.0375 0.040625
0 0.41640625 0.65234375 0.0609375 0.0796875
0 0.5140625 0.64375 0.075 0.0546875
0 0.6078125 0.65078125 0.08125 0.05
0 0.71171875 0.659375 0.0921875 0.053125
0 0.03359375 0.71875 0.0671875 0.046875
0 0.1171875 0.72265625 0.0515625 0.0390625
0 0.22734375 0.7265625 0.1515625 0.053125
0 0.36640625 0.734375 0.0953125 0.05
0 0.45703125 0.746875 0.0578125 0.0296875
0 0.521875 0.7421875 0.0359375 0.0515625
0 0.5921875 0.7390625 0.0703125 0.053125
0 0.66015625 0.746875 0.0375 0.0296875
0 0.771875 0.75390625 0.1359375 0.0578125
0 0.8421875 0.66640625 0.11875 0.0640625
0 0.9125 0.69140625 0.01875 0.015625
0 0.95390625 0.6796875 0.0515625 0.046875
0 0.92109375 0.7640625 0.0953125 0.05625
0 0.075 0.7984375 0.15 0.084375
0 0.2390625 0.79765625 0.1296875 0.053125
0 0.42578125 0.828125 0.1875 0.1
0 0.00859375 0.8546875 0.0171875 0.03125
0 0.0234375 0.86875 0.009375 0.00625
0 0.05078125 0.85546875 0.025 0.05
0 0.11171875 0.8578125 0.071875 0.0515625
0 0.19453125 0.86796875 0.0703125 0.0484375
0 0.27109375 0.8703125 0.053125 0.05625
0 0.37421875 0.896875 0.103125 0.084375
0 0.46015625 0.89375 0.0359375 0.040625
0 0.50859375 0.90234375 0.0734375 0.084375
0 0.58125 0.90625 0.05 0.075
0 0.64609375 0.8875 0.05 0.053125
0 0.771875 0.92109375 0.178125 0.090625
0 0.890625 0.90234375 0.0515625 0.05625
0 0.934375 0.9140625 0.0234375 0.0578125
0 0.02734375 0.93046875 0.0546875 0.0609375
0 0.10234375 0.9484375 0.0375 0.03125
0 0.14296875 0.946875 0.009375 0.0125
0 0.1953125 0.9453125 0.0765625 0.0515625
0 0.37109375 0.95703125 0.203125 0.05625
0 0.921875 0.99296875 0.05 0.0140625