0 0.21171875 0.0234375 0.0390625 0.0328125
0 0.20390625 0.05703125 0.053125 0.0296875
0 0.20390625 0.07734375 0.065625 0.034375
0 0.215625 0.11328125 0.090625 0.0453125
0 0.221875 0.1453125 0.134375 0.05625
0 0.1890625 0.16171875 0.0421875 0.0296875
0 0.2515625 0.171875 0.06875 0.03125
0 0.1984375 0.19140625 0.075 0.0359375
0 0.20703125 0.22265625 0.0875 0.0390625
0 0.18515625 0.2453125 0.08125 0.0453125
0 0.4 0.1015625 0.0984375 0.04375
0 0.3921875 0.125 0.06875 0.0421875
0 0.39453125 0.15 0.078125 0.040625
0 0.39375 0.17421875 0.0890625 0.046875
0 0.5390625 0.125 0.04375 0.0375
0 0.540625 0.14921875 0.0546875 0.04375
0 0.54296875 0.17421875 0.053125 0.05
0 0.68359375 0.109375 0.065625 0.04375
0 0.75859375 0.115625 0.0578125 0.0375
0 0.8328125 0.1234375 0.0640625 0.0296875
0 0.8921875 0.12890625 0.0296875 0.0328125
0 0.68984375 0.14609375 0.1 0.0546875
0 0.778125 0.15 0.0390625 0.034375
0 0.87265625 0.16640625 0.13125 0.05625
0 0.67578125 0.18125 0.071875 0.0390625
0 0.75625 0.19921875 0.0828125 0.05
0 0.8765625 0.20859375 0.1328125 0.0625
0 0.7703125 0.534375 0.0671875 0.0515625
0 0.8359375 0.53515625 0.0609375 0.05625
0 0.803125 0.56953125 0.1140625 0.078125
0 0.39375 0.57734375 0.025 0.0328125
0 0.46875 0.5921875 0.059375 0.040625
0 0.32421875 0.6171875 0.0109375 0.00625
0 0.384375 0.63046875 0.096875 0.0515625
0 0.31796875 0.64609375 0.0125 0.00625
0 0.3859375 0.6671875 0.096875 0.0546875
0 0.31328125 0.67734375 0.009375 0.0078125
0 0.4015625 0.70703125 0.15625 0.0765625
0 0.4171875 0.75078125 0.115625 0.04375
0 0.34375 0.77421875 0.01875 0.0234375
0 0.40078125 0.7828125 0.0734375 0.0390625
0 0.4625 0.80546875 0.0453125 0.04375
0 0.515625 0.809375 0.05625 0.0359375
0 0.01484375 0.69453125 0.0296875 0.0328125
0 0.06484375 0.69921875 0.05625 0.0328125
0 0.18984375 0.7296875 0.121875 0.0640625
0 0.01640625 0.7203125 0.0328125 0.03125
0 0.090625 0.746875 0.115625 0.06875
0 0.0140625 0.7484375 0.028125 0.028125
0 0.04453125 0.7578125 0.028125 0.025
0 0.2234375 0.79921875 0.084375 0.0609375
0 0.009375 0.84140625 0.01875 0.0296875
0 0.03203125 0.8515625 0.0296875 0.0203125
0 0.71796875 0.896875 0.1296875 0.0546875
0 0.65078125 0.9546875 0.103125 0.0609375
0 0.628125 0.97890625 0.05625 0.0421875
0 0.64765625 0.9953125 0.0859375 0.009375
0 0.1140625 0.7078125 0.03125 0.0296875
0 0.12265625 0.78125 0.1171875 0.0625
0 0.71640625 0.934375 0.1046875 0.05
0 0.57109375 0.9328125 0.0421875 0.0359375
0 0.759375 0.97265625 0.103125 0.0546875
0 0.70234375 0.984375 0.0890625 0.03125