0 0.25625 0.1296875 0.1453125 0.0609375
0 0.4484375 0.08984375 0.1734375 0.0625
0 0.13046875 0.24921875 0.1671875 0.0546875
0 0.12109375 0.28046875 0.1203125 0.0421875
0 0.24296875 0.25859375 0.1 0.0453125
0 0.1140625 0.30703125 0.1203125 0.04375
0 0.23828125 0.28359375 0.1078125 0.040625
0 0.14453125 0.32890625 0.178125 0.0640625
0 0.1359375 0.36015625 0.1515625 0.0640625
0 0.25703125 0.3359375 0.065625 0.0359375
0 0.1125 0.3890625 0.0890625 0.0359375
0 0.21171875 0.37265625 0.08125 0.04375
0 0.1359375 0.40625 0.125 0.0453125
0 0.24921875 0.39453125 0.0890625 0.04375
0 0.1359375 0.43984375 0.1203125 0.04375
0 0.259375 0.4171875 0.109375 0.0421875
0 0.15703125 0.45703125 0.1484375 0.046875
0 0.290625 0.434375 0.0890625 0.0375
0 0.13515625 0.48359375 0.096875 0.0390625
0 0.20390625 0.4703125 0.0265625 0.025
0 0.27734375 0.459375 0.1 0.0390625
0 0.15234375 0.5078125 0.1203125 0.040625
0 0.2515625 0.48828125 0.0578125 0.03125
0 0.1796875 0.52421875 0.1546875 0.0609375
0 0.321875 0.50546875 0.1265625 0.0515625
0 0.18671875 0.55390625 0.165625 0.059375
0 0.16640625 0.57890625 0.1078125 0.0390625
0 0.24921875 0.5671875 0.0421875 0.021875
0 0.3109375 0.559375 0.0546875 0.0265625
0 0.1578125 0.6078125 0.084375 0.0390625
0 0.25625 0.58828125 0.09375 0.0390625
0 0.15390625 0.63046875 0.059375 0.0296875
0 0.23984375 0.62265625 0.078125 0.0390625
0 0.19765625 0.65234375 0.1484375 0.065625
0 0.32421875 0.63125 0.071875 0.0375
0 0.18046875 0.671875 0.0953125 0.0375
0 0.2828125 0.66015625 0.0875 0.04375
0 0.21328125 0.69140625 0.128125 0.040625
0 0.35 0.6703125 0.134375 0.053125
0 0.19765625 0.71328125 0.1078125 0.0359375
0 0.3328125 0.69453125 0.1421875 0.05625
0 0.2234375 0.72734375 0.1390625 0.0484375
0 0.3328125 0.71484375 0.053125 0.03125
0 0.42578125 0.70234375 0.1265625 0.04375
0 0.2265625 0.753125 0.15 0.059375
0 0.23125 0.7765625 0.1203125 0.053125
0 0.21875 0.79296875 0.10625 0.04375
0 0.228125 0.82109375 0.115625 0.053125
0 0.3265625 0.803125 0.0703125 0.0296875
0 0.3984375 0.79453125 0.0671875 0.0359375
0 0.23203125 0.8328125 0.1171875 0.0484375
0 0.3546875 0.81953125 0.115625 0.0453125
0 0.21953125 0.8578125 0.071875 0.0265625
0 0.2921875 0.8453125 0.0578125 0.028125
0 0.23671875 0.8734375 0.1046875 0.040625
0 0.315625 0.8609375 0.034375 0.0234375
0 0.38671875 0.8578125 0.08125 0.04375
0 0.23515625 0.8953125 0.08125 0.0328125
0 0.3265625 0.88125 0.084375 0.034375
0 0.40078125 0.8765625 0.046875 0.0234375
0 0.4828125 0.86796875 0.090625 0.0453125
0 0.240625 0.9359375 0.0734375 0.0328125
0 0.246875 0.91640625 0.078125 0.0328125
0 0.31328125 0.90546875 0.0359375 0.025
0 0.42109375 0.89765625 0.1546875 0.05625
0 0.3125 0.92421875 0.0625 0.03125
0 0.39765625 0.9171875 0.078125 0.0328125
0 0.46875 0.9078125 0.028125 0.0234375
0 0.5265625 0.8984375 0.0609375 0.0265625
0 0.60625 0.8890625 0.0734375 0.040625
0 0.88203125 0.065625 0.09375 0.06875
0 0.88203125 0.12265625 0.0640625 0.03125
0 0.89140625 0.1984375 0.059375 0.0390625
0 0.921875 0.2875 0.0828125 0.046875