0 0.48515625 0.02421875 0.0484375 0.0296875
0 0.5578125 0.02734375 0.0828125 0.034375
0 0.63359375 0.03671875 0.046875 0.040625
0 0.72421875 0.04921875 0.1125 0.0375
0 0.85859375 0.07421875 0.134375 0.0546875
0 0.5234375 0.05546875 0.1453125 0.0609375
0 0.61796875 0.06484375 0.0640625 0.0296875
0 0.72734375 0.078125 0.1375 0.04375
0 0.26640625 0.0796875 0.14375 0.053125
0 0.49765625 0.08203125 0.05625 0.03125
0 0.55 0.0890625 0.0328125 0.0171875
0 0.59765625 0.08828125 0.040625 0.021875
0 0.71328125 0.0984375 0.1734375 0.0546875
0 0.490625 0.115625 0.0609375 0.046875
0 0.56328125 0.12421875 0.075 0.0484375
0 0.69140625 0.1359375 0.1578125 0.059375
0 0.84453125 0.159375 0.1390625 0.0546875
0 0.2390625 0.20078125 0.0640625 0.046875
0 0.3078125 0.2140625 0.05625 0.025
0 0.390625 0.2328125 0.0859375 0.0421875
0 0.5328125 0.25625 0.165625 0.0859375
0 0.6703125 0.25390625 0.0828125 0.0484375
0 0.7765625 0.25234375 0.0890625 0.0390625
0 0.896875 0.265625 0.1265625 0.04375
0 0.21953125 0.25859375 0.0390625 0.0453125
0 0.3078125 0.26640625 0.090625 0.0515625
0 0.425 0.27265625 0.1046875 0.0625
0 0.23046875 0.30078125 0.04375 0.04375
0 0.309375 0.3015625 0.0625 0.0390625
0 0.41796875 0.31640625 0.1046875 0.0671875
0 0.2546875 0.346875 0.0828125 0.0359375
0 0.34765625 0.34453125 0.053125 0.0359375
0 0.4703125 0.36640625 0.10625 0.0515625
0 0.23515625 0.37421875 0.05625 0.03125
0 0.30390625 0.39453125 0.0578125 0.034375
0 0.3953125 0.39296875 0.0515625 0.0265625
0 0.4484375 0.396875 0.040625 0.0328125
0 0.515625 0.4078125 0.0375 0.021875
0 0.603125 0.4125 0.0734375 0.0265625
0 0.684375 0.43046875 0.0625 0.034375
0 0.79375 0.42734375 0.1046875 0.040625
0 0.228125 0.425 0.040625 0.0484375
0 0.3046875 0.4375 0.0640625 0.0328125
0 0.409375 0.4375 0.075 0.0296875
0 0.53046875 0.44296875 0.0921875 0.040625
0 0.6359375 0.45 0.0671875 0.0375
0 0.7171875 0.4640625 0.0484375 0.0421875
0 0.80234375 0.48046875 0.090625 0.0515625
0 0.25078125 0.4796875 0.1078125 0.06875
0 0.41328125 0.4859375 0.16875 0.0734375
0 0.59921875 0.4984375 0.1203125 0.053125
0 0.69921875 0.50078125 0.0609375 0.0359375
0 0.7703125 0.51953125 0.053125 0.034375
0 0.86796875 0.51171875 0.0875 0.040625
0 0.925 0.51328125 0.021875 0.028125
0 0.96796875 0.52890625 0.0515625 0.053125
0 0.23671875 0.49921875 0.065625 0.03125
0 0.35625 0.52109375 0.1140625 0.0421875
0 0.46796875 0.5296875 0.05625 0.0265625
0 0.5609375 0.54296875 0.0625 0.0328125
0 0.65 0.5421875 0.0546875 0.0296875
0 0.70546875 0.54921875 0.03125 0.028125
0 0.775 0.56171875 0.05625 0.0515625
0 0.87578125 0.5703125 0.10625 0.05
0 0.2640625 0.5453125 0.125 0.0421875
0 0.234375 0.584375 0.059375 0.0359375
0 0.31796875 0.60234375 0.0578125 0.034375
0 0.41953125 0.60859375 0.0890625 0.0390625
0 0.56875 0.61484375 0.134375 0.046875
0 0.6734375 0.62578125 0.0390625 0.0328125
0 0.76015625 0.6484375 0.0921875 0.0609375
0 0.83828125 0.640625 0.0375 0.015625
0 0.234375 0.62890625 0.05625 0.0296875
0 0.35234375 0.63515625 0.115625 0.0375
0 0.24140625 0.66875 0.0453125 0.046875
0 0.34375 0.68046875 0.1140625 0.0453125
0 0.43515625 0.68203125 0.04375 0.03125
0 0.55 0.7078125 0.1046875 0.0671875
0 0.24375 0.71015625 0.03125 0.040625
0 0.35078125 0.71640625 0.0515625 0.0328125
0 0.47734375 0.73359375 0.0921875 0.0640625
0 0.2390625 0.73515625 0.0578125 0.0359375
0 0.32890625 0.75390625 0.0578125 0.021875
0 0.41640625 0.7578125 0.0515625 0.03125
0 0.521875 0.7828125 0.11875 0.0609375
0 0.67265625 0.80234375 0.1484375 0.05625
0 0.79375 0.79609375 0.0953125 0.05
0 0.8828125 0.803125 0.0875 0.053125
0 0.23671875 0.7734375 0.0609375 0.034375
0 0.31484375 0.790625 0.0640625 0.0296875
0 0.4015625 0.8 0.046875 0.0359375
0 0.52109375 0.81875 0.109375 0.0421875
0 0.64140625 0.8296875 0.0734375 0.03125
0 0.7359375 0.84921875 0.0671875 0.034375
0 0.84765625 0.84609375 0.109375 0.0453125
0 0.228125 0.8109375 0.078125 0.0421875
0 0.34765625 0.82734375 0.075 0.0328125
0 0.43671875 0.8359375 0.0640625 0.0328125
0 0.52265625 0.85703125 0.1015625 0.05625
0 0.63125 0.859375 0.06875 0.0375
0 0.7203125 0.87578125 0.075 0.03125
0 0.79921875 0.87734375 0.03125 0.03125
0 0.21953125 0.8515625 0.075 0.03125
0 0.31328125 0.8609375 0.05 0.0296875
0 0.4 0.875 0.0609375 0.0296875
0 0.51015625 0.884375 0.096875 0.0359375
0 0.52109375 0.92421875 0.0921875 0.0296875
0 0.5984375 0.934375 0.03125 0.021875
0 0.68125 0.95234375 0.0734375 0.0328125
0 0.7765625 0.959375 0.075 0.025
0 0.3046875 0.9375 0.0734375 0.034375
0 0.41015625 0.9484375 0.1 0.0375
0 0.51953125 0.9671875 0.0453125 0.021875
0 0.62109375 0.97890625 0.0953125 0.0421875
0 0.78125 0.98515625 0.184375 0.0296875
0 0.4203125 0.9109375 0.05625 0.0265625
0 0.334375 0.903125 0.0859375 0.028125
0 0.2328125 0.8921875 0.075 0.034375
0 0.228125 0.92890625 0.0734375 0.0421875
0 0.19375 0.20078125 0.03125 0.028125
0 0.18671875 0.2484375 0.0296875 0.0296875
0 0.184375 0.29375 0.0265625 0.025
0 0.1875 0.3359375 0.0375 0.0296875
0 0.19140625 0.37421875 0.028125 0.0234375
0 0.1875 0.4140625 0.028125 0.025
0 0.1828125 0.49453125 0.0296875 0.0265625
0 0.1875 0.57421875 0.03125 0.0265625
0 0.18828125 0.6609375 0.03125 0.0296875
0 0.19375 0.69453125 0.0265625 0.025
0 0.18046875 0.7328125 0.025 0.0265625
0 0.175 0.765625 0.025 0.021875
0 0.16875 0.80546875 0.0265625 0.0234375
0 0.1671875 0.8796875 0.021875 0.028125