0 0.27109375 0.2578125 0.11875 0.0625
0 0.37890625 0.2390625 0.06875 0.05625
0 0.3578125 0.3421875 0.196875 0.078125
0 0.63359375 0.1890625 0.0875 0.053125
0 0.703125 0.16796875 0.0421875 0.05
0 0.6390625 0.2703125 0.0421875 0.028125
0 0.34296875 0.721875 0.1359375 0.096875
0 0.47890625 0.7015625 0.0984375 0.078125
0 0.43359375 0.79375 0.2234375 0.1046875
0 0.7375 0.609375 0.1 0.0640625
0 0.8078125 0.5890625 0.0484375 0.059375
0 0.69765625 0.71796875 0.0625 0.0421875
0 0.78671875 0.68515625 0.090625 0.0703125
0 0.86953125 0.67421875 0.0734375 0.0734375
0 0.35 0.56640625 0.0609375 0.1609375
0 0.73125 0.43984375 0.0640625 0.175
0 0.5359375 0.51953125 0.16875 0.19375
0 0.534375 0.4875 0.1953125 0.25
0 0.54140625 0.2625 0.0609375 0.0390625
0 0.6046875 0.71484375 0.0640625 0.0578125
0 0.71015625 0.240625 0.078125 0.0703125