0 0.18671875 0.03203125 0.078125 0.0375
0 0.23515625 0.03671875 0.0203125 0.028125
0 0.26875 0.04140625 0.0515625 0.0359375
0 0.34140625 0.04921875 0.1 0.0390625
0 0.41015625 0.0609375 0.0359375 0.040625
0 0.28984375 0.10859375 0.228125 0.0734375
0 0.1875 0.2140625 0.0734375 0.0375
0 0.22421875 0.21796875 0.015625 0.0265625
0 0.25859375 0.2203125 0.05 0.0296875
0 0.3234375 0.2328125 0.0921875 0.0296875
0 0.3953125 0.23984375 0.0640625 0.028125
0 0.3140625 0.2765625 0.1734375 0.0609375
0 0.159375 0.334375 0.0484375 0.046875
0 0.22265625 0.34375 0.0453125 0.0359375
0 0.284375 0.3515625 0.0671875 0.0734375
0 0.446875 0.38125 0.1046875 0.0578125
0 0.5328125 0.38984375 0.0703125 0.05
0 0.59140625 0.39765625 0.0171875 0.0515625
0 0.68828125 0.4140625 0.11875 0.0609375
0 0.790625 0.4265625 0.096875 0.0578125
0 0.16953125 0.4171875 0.078125 0.04375
0 0.2515625 0.42578125 0.046875 0.040625
0 0.35 0.42421875 0.1015625 0.0609375
0 0.43046875 0.45234375 0.0375 0.03125
0 0.56640625 0.4578125 0.1875 0.0890625
0 0.72890625 0.4796875 0.0828125 0.0578125
0 0.79765625 0.49140625 0.06875 0.059375
0 0.2015625 0.47890625 0.15 0.0640625
0 0.32109375 0.49140625 0.0703125 0.0515625
0 0.421875 0.50390625 0.08125 0.04375
0 0.55546875 0.52890625 0.175 0.06875
0 0.66015625 0.534375 0.05 0.05
0 0.6953125 0.54765625 0.05625 0.0609375
0 0.75703125 0.553125 0.059375 0.0453125
0 0.15390625 0.5296875 0.1 0.0453125
0 0.25625 0.54453125 0.1046875 0.059375
0 0.37421875 0.55859375 0.10625 0.05625
0 0.48125 0.58046875 0.0671875 0.059375
0 0.5390625 0.57890625 0.05625 0.0453125
0 0.63203125 0.60234375 0.0921875 0.05625
0 0.71171875 0.60625 0.046875 0.040625
0 0.78046875 0.615625 0.0703125 0.0515625
0 0.15859375 0.5890625 0.128125 0.0578125
0 0.2859375 0.61640625 0.1015625 0.0703125
0 0.43125 0.63515625 0.1359375 0.075
0 0.5546875 0.65 0.065625 0.05625
0 0.62265625 0.6796875 0.065625 0.028125
0 0.70390625 0.67265625 0.0765625 0.0484375
0 0.76640625 0.68125 0.0421875 0.04375
0 0.1515625 0.659375 0.1125 0.0328125
0 0.23515625 0.67734375 0.0375 0.0234375
0 0.32578125 0.6875 0.103125 0.0359375
0 0.43046875 0.69453125 0.053125 0.0421875
0 0.54453125 0.7109375 0.1234375 0.0578125
0 0.71484375 0.74140625 0.1703125 0.0640625