0 0.1796875 0.35390625 0.1328125 0.0671875
0 0.6875 0.2078125 0.1796875 0.109375
0 0.209375 0.46484375 0.1421875 0.0828125
0 0.428125 0.43828125 0.2671875 0.0859375
0 0.62890625 0.39765625 0.06875 0.0546875
0 0.72578125 0.36328125 0.06875 0.04375
0 0.81484375 0.34296875 0.084375 0.053125
0 0.19921875 0.54453125 0.071875 0.0484375
0 0.31640625 0.5234375 0.115625 0.0484375
0 0.43828125 0.5 0.084375 0.0671875
0 0.58125 0.4796875 0.1015625 0.05625
0 0.66640625 0.4484375 0.0203125 0.0359375
0 0.73203125 0.43828125 0.0671875 0.0546875
0 0.809375 0.4015625 0.071875 0.065625
0 0.25859375 0.60703125 0.171875 0.0859375
0 0.44140625 0.55703125 0.146875 0.0734375
0 0.59453125 0.53828125 0.1140625 0.059375
0 0.75625 0.50703125 0.1984375 0.103125
0 0.27421875 0.66953125 0.1609375 0.1125
0 0.4203125 0.64765625 0.0859375 0.0515625
0 0.6453125 0.5890625 0.365625 0.153125
0 0.91640625 0.52421875 0.140625 0.06875
0 0.35625 0.72421875 0.271875 0.109375
0 0.71640625 0.78828125 0.1453125 0.1171875
0 0.30625 0.9796875 0.103125 0.040625
0 0.6859375 0.44375 0.015625 0.0125