0 0.2453125 0.3578125 0.103125 0.0984375
0 0.4484375 0.371875 0.2671875 0.078125
0 0.7515625 0.39453125 0.265625 0.09375
0 0.27734375 0.4453125 0.1578125 0.0546875
0 0.4125 0.4640625 0.06875 0.040625
0 0.61484375 0.48125 0.246875 0.0578125
0 0.2671875 0.54375 0.1640625 0.071875
0 0.4640625 0.56328125 0.14375 0.0703125
0 0.63203125 0.5796875 0.140625 0.0625
0 0.7875 0.5921875 0.121875 0.0578125
0 0.2 0.6375 0.0984375 0.1015625
0 0.32890625 0.63515625 0.1234375 0.0640625
0 0.48046875 0.66015625 0.1578125 0.0859375