0 0.57421875 0.24609375 0.08125 0.0453125
0 0.67109375 0.25546875 0.0875 0.05625
0 0.63046875 0.3515625 0.1328125 0.075
0 0.73125 0.3578125 0.0578125 0.040625
0 0.7828125 0.34453125 0.0125 0.0140625
0 0.8390625 0.3515625 0.0703125 0.0421875
0 0.6453125 0.41171875 0.1046875 0.0734375
0 0.77890625 0.409375 0.153125 0.071875
0 0.684375 0.4625 0.090625 0.05
0 0.7765625 0.4671875 0.0765625 0.0375
0 0.63515625 0.5484375 0.0765625 0.0875
0 0.765625 0.52890625 0.1375 0.0375
0 0.8703125 0.51953125 0.0296875 0.0375
0 0.56953125 0.61484375 0.08125 0.075
0 0.6515625 0.6265625 0.065625 0.046875
0 0.734375 0.61171875 0.0796875 0.040625
0 0.78125 0.61484375 0.0234375 0.021875
0 0.84375 0.6078125 0.084375 0.06875
0 0.93125 0.615625 0.06875 0.0734375
0 0.55625 0.690625 0.0296875 0.0296875
0 0.61484375 0.690625 0.05625 0.04375
0 0.68359375 0.69921875 0.034375 0.04375
0 0.7625 0.69140625 0.0921875 0.0453125
0 0.88203125 0.7078125 0.1015625 0.0515625