0 0.31484375 0.00703125 0.1296875 0.0140625
0 0.3 0.02734375 0.190625 0.0546875
0 0.55625 0.0765625 0.26875 0.084375
0 0.79609375 0.11796875 0.08125 0.046875
0 0.328125 0.0734375 0.246875 0.084375
0 0.35390625 0.1265625 0.2671875 0.0890625
0 0.71640625 0.19453125 0.315625 0.1046875
0 0.27265625 0.16328125 0.215625 0.0765625
0 0.45078125 0.18984375 0.0875 0.05
0 0.5140625 0.2109375 0.009375 0.0078125
0 0.334375 0.23203125 0.2984375 0.0953125
0 0.56015625 0.2765625 0.0875 0.053125
0 0.19375 0.26796875 0.11875 0.0625
0 0.278125 0.27734375 0.0125 0.01875
0 0.48125 0.31796875 0.3265625 0.09375
0 0.7140625 0.36484375 0.05 0.028125
0 0.81171875 0.38515625 0.11875 0.0578125
0 0.18828125 0.33359375 0.159375 0.0734375
0 0.32109375 0.35234375 0.0453125 0.040625
0 0.53125 0.39375 0.2578125 0.08125
0 0.6828125 0.4296875 0.009375 0.0140625
0 0.77578125 0.4421875 0.134375 0.05
0 0.90546875 0.47421875 0.0953125 0.0484375
0 0.15 0.390625 0.1078125 0.05625
0 0.228125 0.4078125 0.0140625 0.0203125
0 0.1515625 0.4515625 0.1421875 0.059375
0 0.31640625 0.4796875 0.1328125 0.053125
0 0.40390625 0.49921875 0.0140625 0.0203125
0 0.5796875 0.52578125 0.2625 0.0796875
0 0.8375 0.57890625 0.215625 0.08125
0 0.20234375 0.50390625 0.2453125 0.078125
0 0.4828125 0.5625 0.26875 0.0890625
0 0.1828125 0.55234375 0.2234375 0.0734375
0 0.4546875 0.6046875 0.2515625 0.08125
0 0.109375 0.59140625 0.1234375 0.0609375
0 0.27890625 0.62109375 0.134375 0.04375
0 0.37265625 0.63828125 0.0109375 0.0171875
0 0.21015625 0.6546875 0.234375 0.075
0 0.3953125 0.68984375 0.0484375 0.0265625
0 0.49375 0.7109375 0.1125 0.0515625
0 0.20234375 0.69296875 0.2265625 0.0671875
0 0.490625 0.75234375 0.25625 0.0890625
0 0.2 0.7296875 0.2390625 0.071875
0 0.4859375 0.790625 0.2578125 0.0875
0 0.084375 0.74765625 0.140625 0.05
0 0.18359375 0.765625 0.0109375 0.0140625
0 0.184375 0.8078125 0.234375 0.0703125
0 0.4 0.84609375 0.06875 0.0390625
0 0.1171875 0.83515625 0.221875 0.0734375
0 0.15078125 0.88203125 0.2171875 0.0609375
0 0.415625 0.92890625 0.23125 0.08125
0 0.1328125 0.91171875 0.2046875 0.0609375
0 0.396875 0.9609375 0.228125 0.078125