0 0.159375 0.66796875 0.084375 0.059375
0 0.1921875 0.075 0.215625 0.075
0 0.628125 0.040625 0.1234375 0.0625
0 0.7671875 0.03046875 0.1125 0.0546875
0 0.10859375 0.3109375 0.0140625 0.0390625
0 0.165625 0.1890625 0.0859375 0.0578125
0 0.275 0.2515625 0.0921875 0.059375
0 0.44609375 0.18515625 0.153125 0.0703125
0 0.26484375 0.19609375 0.1046875 0.0578125
0 0.42734375 0.2484375 0.0953125 0.0703125
0 0.2203125 0.13359375 0.259375 0.0828125
0 0.57734375 0.16328125 0.071875 0.0484375
0 0.44453125 0.28984375 0.1625 0.065625
0 0.5984375 0.28359375 0.1234375 0.065625
0 0.71875 0.15234375 0.103125 0.053125
0 0.83359375 0.140625 0.0828125 0.05
0 0.10859375 0.25703125 0.0265625 0.028125
0 0.17578125 0.24453125 0.0875 0.0578125
0 0.346875 0.2375 0.03125 0.0390625
0 0.1765625 0.30625 0.1015625 0.0484375
0 0.2921875 0.3703125 0.084375 0.0546875
0 0.2765625 0.31171875 0.0859375 0.053125
0 0.3484375 0.303125 0.040625 0.0421875
0 0.11640625 0.36875 0.025 0.034375
0 0.18984375 0.36796875 0.1046875 0.053125
0 0.36796875 0.3625 0.04375 0.0421875
0 0.44453125 0.35 0.09375 0.04375
0 0.5375 0.35390625 0.0921875 0.05
0 0.22890625 0.425 0.2171875 0.0828125
0 0.15 0.49140625 0.0765625 0.0421875
0 0.24609375 0.49140625 0.09375 0.0703125
0 0.32265625 0.478125 0.040625 0.0421875
0 0.36171875 0.48046875 0.021875 0.025
0 0.43046875 0.46875 0.071875 0.0375
0 0.15078125 0.5484375 0.0921875 0.05
0 0.24453125 0.53671875 0.0734375 0.0453125
0 0.32265625 0.540625 0.0859375 0.0546875
0 0.41953125 0.528125 0.0890625 0.04375
0 0.52265625 0.5375 0.10625 0.05
0 0.15546875 0.6109375 0.0671875 0.0390625
0 0.23984375 0.6109375 0.0828125 0.0546875
0 0.34921875 0.590625 0.1375 0.0609375
0 0.4921875 0.5921875 0.1234375 0.053125
0 0.2484375 0.6609375 0.071875 0.05
0 0.30546875 0.66328125 0.0484375 0.0390625
0 0.4109375 0.66171875 0.1515625 0.0828125
0 0.5875 0.63984375 0.0609375 0.034375
0 0.6609375 0.65 0.0578125 0.046875
0 0.72734375 0.634375 0.06875 0.03125
0 0.79453125 0.61953125 0.0640625 0.0375
0 0.88203125 0.62421875 0.0921875 0.053125
0 0.16953125 0.72578125 0.075 0.0546875
0 0.25625 0.72890625 0.0859375 0.053125
0 0.39140625 0.70546875 0.1578125 0.065625
0 0.1625 0.79765625 0.0640625 0.040625
0 0.23046875 0.7875 0.034375 0.0390625
0 0.26484375 0.78046875 0.040625 0.046875
0 0.34453125 0.7796875 0.1015625 0.0421875
0 0.44609375 0.7734375 0.0859375 0.053125
0 0.55546875 0.76328125 0.1 0.0453125
0 0.653125 0.7640625 0.08125 0.0546875
0 0.728125 0.7515625 0.05 0.046875
0 0.82734375 0.75859375 0.1390625 0.0734375
0 0.928125 0.75390625 0.071875 0.0546875
0 0.18203125 0.84765625 0.0859375 0.0546875
0 0.26640625 0.84375 0.059375 0.0359375
0 0.32578125 0.84375 0.028125 0.0234375
0 0.48515625 0.84296875 0.08125 0.06875
0 0.15703125 0.91796875 0.034375 0.0390625
0 0.2109375 0.9234375 0.06875 0.05
0 0.3 0.89765625 0.096875 0.04375
0 0.371875 0.89375 0.0453125 0.034375
0 0.44921875 0.89375 0.0890625 0.046875
0 0.51640625 0.88671875 0.0359375 0.0421875
0 0.58046875 0.896875 0.0671875 0.046875
0 0.7109375 0.8765625 0.15625 0.0609375
0 0.8296875 0.86484375 0.0828125 0.053125
0 0.9171875 0.8625 0.0703125 0.046875
0 0.9640625 0.86171875 0.0078125 0.028125
0 0.63828125 0.159375 0.03125 0.03125
0 0.35 0.0625 0.0953125 0.05625
0 0.48125 0.0484375 0.134375 0.0609375
0 0.10703125 0.1953125 0.028125 0.0375
0 0.35 0.1890625 0.034375 0.034375
0 0.51796875 0.65078125 0.0546875 0.0421875
0 0.3875 0.8453125 0.0859375 0.0484375