0 0.20234375 0.03203125 0.0953125 0.0640625
0 0.3859375 0.07890625 0.284375 0.15
0 0.54765625 0.1125 0.0765625 0.04375
0 0.73671875 0.146875 0.275 0.115625
0 0.940625 0.190625 0.11875 0.075
0 0.26953125 0.10625 0.2578125 0.115625
0 0.4734375 0.15546875 0.1140625 0.0546875
0 0.66953125 0.184375 0.23125 0.1140625
0 0.8640625 0.2390625 0.1375 0.09375
0 0.253125 0.16171875 0.2375 0.1125
0 0.44296875 0.1953125 0.1109375 0.071875
0 0.66640625 0.24296875 0.284375 0.15
0 0.87578125 0.2875 0.1203125 0.0640625
0 0.303125 0.2265625 0.4 0.178125
0 0.628125 0.29375 0.24375 0.14375
0 0.884375 0.33359375 0.2234375 0.1078125
0 0.14609375 0.2453125 0.05625 0.046875
0 0.3296875 0.28125 0.25 0.1359375
0 0.5203125 0.32109375 0.0765625 0.0546875
0 0.68984375 0.3671875 0.228125 0.1125
0 0.88359375 0.41171875 0.121875 0.06875
0 0.17734375 0.31484375 0.1859375 0.096875
0 0.40078125 0.359375 0.2125 0.10625
0 0.71015625 0.43203125 0.353125 0.165625