0 0.23984375 0.04765625 0.196875 0.078125
0 0.15546875 0.06015625 0.059375 0.0359375
0 0.2421875 0.07890625 0.1046875 0.059375
0 0.14453125 0.125 0.0796875 0.0390625
0 0.29140625 0.15546875 0.184375 0.08125
0 0.4703125 0.17734375 0.153125 0.0515625
0 0.64375 0.2125 0.159375 0.065625
0 0.815625 0.24140625 0.178125 0.071875
0 0.1875 0.17421875 0.159375 0.06875
0 0.36875 0.20546875 0.1859375 0.0625
0 0.4796875 0.21484375 0.05625 0.0421875
0 0.58359375 0.23515625 0.1375 0.05
0 0.7609375 0.26796875 0.1890625 0.065625
0 0.89453125 0.284375 0.078125 0.04375
0 0.96953125 0.29765625 0.0609375 0.040625
0 0.15546875 0.2015625 0.1171875 0.0515625
0 0.39375 0.24609375 0.153125 0.0671875
0 0.49765625 0.2609375 0.0484375 0.053125
0 0.56484375 0.26484375 0.075 0.0421875
0 0.7015625 0.2875 0.16875 0.059375
0 0.8640625 0.32265625 0.13125 0.0671875
0 0.1328125 0.2296875 0.0796875 0.0390625
0 0.24140625 0.24921875 0.1078125 0.0453125
0 0.3890625 0.2734375 0.1453125 0.0671875
0 0.5328125 0.2984375 0.1140625 0.04375
0 0.64453125 0.31171875 0.08125 0.0484375
0 0.7703125 0.3390625 0.1484375 0.0625
0 0.90078125 0.3625 0.140625 0.0578125
0 0.1828125 0.28359375 0.1921875 0.0734375
0 0.36015625 0.30625 0.18125 0.0796875
0 0.5125 0.334375 0.1375 0.071875
0 0.603125 0.34296875 0.0375 0.0375
0 0.6765625 0.3625 0.0796875 0.0578125
0 0.76484375 0.36796875 0.0578125 0.0421875
0 0.8390625 0.3828125 0.0671875 0.046875
0 0.9109375 0.403125 0.04375 0.0234375
0 0.15390625 0.30859375 0.1296875 0.0515625
0 0.27109375 0.33359375 0.1046875 0.0328125
0 0.37109375 0.3453125 0.1 0.0421875
0 0.44453125 0.36875 0.071875 0.040625
0 0.54453125 0.3796875 0.15 0.06875
0 0.6578125 0.3921875 0.1046875 0.04375
0 0.7828125 0.41015625 0.1359375 0.0515625
0 0.22421875 0.36484375 0.3046875 0.0875
0 0.39609375 0.39140625 0.0375 0.01875
0 0.475 0.39921875 0.109375 0.04375
0 0.59140625 0.42421875 0.090625 0.0296875
0 0.721875 0.4390625 0.1484375 0.05
0 0.17734375 0.390625 0.2328125 0.075
0 0.33515625 0.40859375 0.071875 0.0453125
0 0.490625 0.4359375 0.203125 0.0609375
0 0.69921875 0.471875 0.178125 0.059375
0 0.86953125 0.509375 0.1734375 0.0625
0 0.10546875 0.41328125 0.0859375 0.0390625
0 0.196875 0.42578125 0.0671875 0.04375
0 0.3203125 0.45546875 0.175 0.0671875
0 0.45546875 0.47421875 0.09375 0.0328125
0 0.5640625 0.5015625 0.1046875 0.04375
0 0.65703125 0.50078125 0.0703125 0.0375
0 0.7625 0.5171875 0.1203125 0.05
0 0.8859375 0.55 0.096875 0.0296875
0 0.121875 0.45 0.1375 0.05
0 0.28828125 0.48203125 0.1859375 0.065625
0 0.47265625 0.51484375 0.19375 0.078125
0 0.64140625 0.54375 0.1421875 0.0640625
0 0.7515625 0.55859375 0.071875 0.0375
0 0.8265625 0.57734375 0.0859375 0.059375
0 0.890625 0.5625 0.04375 0.0203125
0 0.92265625 0.5828125 0.065625 0.0453125
0 0.0921875 0.490625 0.103125 0.0390625
0 0.2484375 0.5140625 0.1796875 0.05625