0 0.0359375 0.12265625 0.0703125 0.046875
0 0.1015625 0.1140625 0.071875 0.0625
0 0.18125 0.09453125 0.078125 0.0671875
0 0.25546875 0.0796875 0.0875 0.071875
0 0.065625 0.253125 0.13125 0.1
0 0.01796875 0.29453125 0.0359375 0.0546875
0 0.0703125 0.2875 0.0640625 0.040625
0 0.17578125 0.26875 0.146875 0.0828125
0 0.278125 0.25078125 0.059375 0.065625
0 0.33046875 0.23671875 0.0828125 0.0703125
0 0.3796875 0.2171875 0.040625 0.034375
0 0.4203125 0.20078125 0.053125 0.05
0 0.50703125 0.18671875 0.125 0.05625
0 0.58046875 0.175 0.040625 0.059375
0 0.65078125 0.1546875 0.134375 0.0921875
0 0.73984375 0.13515625 0.0609375 0.065625
0 0.01953125 0.35078125 0.0390625 0.0296875
0 0.06953125 0.34375 0.0734375 0.0734375
0 0.11796875 0.31953125 0.034375 0.028125
0 0.19140625 0.3015625 0.1109375 0.06875
0 0.02265625 0.390625 0.0375 0.0421875
0 0.0765625 0.3875 0.059375 0.0515625
0 0.11953125 0.36328125 0.0359375 0.040625
0 0.15625 0.36640625 0.040625 0.059375
0 0.23359375 0.325 0.1140625 0.05625
0 0.23125 0.3484375 0.121875 0.06875
0 0.309375 0.32578125 0.0375 0.028125
0 0.39453125 0.31328125 0.1484375 0.08125
0 0.496875 0.2890625 0.0796875 0.0609375
0 0.084375 0.40625 0.128125 0.06875
0 0.08515625 0.43984375 0.140625 0.0953125
0 0.215625 0.39765625 0.1375 0.078125
0 0.31171875 0.378125 0.0625 0.0515625
0 0.35390625 0.3546875 0.034375 0.0375
0 0.42578125 0.334375 0.0984375 0.0578125
0 0.5265625 0.31171875 0.1078125 0.059375
0 0.603125 0.2984375 0.0375 0.0296875
0 0.64921875 0.28515625 0.0625 0.0359375
0 0.69765625 0.27265625 0.025 0.0203125
0 0.75859375 0.24765625 0.0984375 0.059375
0 0.07578125 0.44765625 0.109375 0.0578125
0 0.09609375 0.4640625 0.1359375 0.0671875
0 0.18125 0.4390625 0.0546875 0.046875
0 0.246875 0.43203125 0.103125 0.078125
0 0.1234375 0.49921875 0.196875 0.0859375
0 0.2234375 0.47734375 0.0328125 0.0359375
0 0.26484375 0.4609375 0.0546875 0.0515625
0 0.31875 0.45234375 0.0703125 0.0421875
0 0.371875 0.44296875 0.0328125 0.03125
0 0.41328125 0.42109375 0.0671875 0.0546875
0 0.46015625 0.4140625 0.028125 0.025
0 0.49609375 0.4171875 0.05625 0.0640625
0 0.55 0.39765625 0.084375 0.0734375
0 0.64609375 0.371875 0.1234375 0.0578125
0 0.72578125 0.35859375 0.034375 0.053125
0 0.78203125 0.34765625 0.0859375 0.071875
0 0.0921875 0.55625 0.0703125 0.05
0 0.16640625 0.53515625 0.096875 0.05625
0 0.246875 0.5265625 0.0625 0.0625
0 0.296875 0.496875 0.0609375 0.0484375
0 0.3359375 0.4703125 0.0375 0.03125
0 0.40234375 0.47890625 0.1625 0.09375
0 0.51328125 0.45078125 0.08125 0.04375
0 0.5703125 0.43671875 0.0328125 0.028125
0 0.6359375 0.421875 0.1140625 0.0796875
0 0.13125 0.6 0.14375 0.0890625
0 0.21171875 0.57109375 0.0328125 0.03125
0 0.2515625 0.5578125 0.05 0.0421875
0 0.3140625 0.553125 0.0890625 0.0734375
0 0.36875 0.53203125 0.0265625 0.025
0 0.403125 0.51171875 0.0484375 0.0421875
0 0.47265625 0.475 0.1359375 0.0734375
0 0.48515625 0.49765625 0.1328125 0.065625
0 0.565625 0.4828125 0.034375 0.053125
0 0.61484375 0.4625 0.0859375 0.0546875
0 0.715625 0.4453125 0.115625 0.0546875
0 0.8015625 0.41484375 0.0578125 0.04375
0 0.840625 0.40703125 0.0328125 0.03125
0 0.10234375 0.64375 0.0265625 0.025
0 0.16640625 0.634375 0.0875 0.0578125
0 0.23984375 0.60234375 0.075 0.0515625
0 0.30078125 0.58828125 0.0609375 0.0484375
0 0.38515625 0.54921875 0.1265625 0.0828125
0 0.33984375 0.578125 0.0296875 0.034375
0 0.375 0.58203125 0.0609375 0.0625
0 0.43125 0.5640625 0.0671875 0.0625
0 0.50625 0.55 0.1015625 0.075
0 0.5953125 0.51875 0.0953125 0.0703125
0 0.6546875 0.50078125 0.0296875 0.025
0 0.690625 0.4859375 0.040625 0.0359375
0 0.73203125 0.475 0.0453125 0.0421875
0 0.77265625 0.46875 0.05625 0.03125
0 0.8296875 0.446875 0.0609375 0.0484375
0 0.28671875 0.6484375 0.1421875 0.078125
0 0.4078125 0.61484375 0.1234375 0.096875
0 0.4765625 0.59296875 0.028125 0.021875
0 0.51328125 0.57578125 0.0453125 0.040625
0 0.5640625 0.56953125 0.059375 0.0375
0 0.61640625 0.5515625 0.05625 0.040625
0 0.709375 0.5375 0.1359375 0.08125
0 0.80546875 0.50078125 0.05625 0.0375
0 0.16875 0.725 0.1453125 0.078125
0 0.246875 0.6671875 0.05 0.0359375
0 0.278125 0.69375 0.1109375 0.0921875
0 0.3484375 0.6734375 0.0328125 0.0265625
0 0.38515625 0.6515625 0.046875 0.0453125
0 0.459375 0.64921875 0.1203125 0.078125
0 0.578125 0.60234375 0.1296875 0.071875
0 0.13203125 0.76796875 0.05625 0.0515625
0 0.2078125 0.7640625 0.0984375 0.0703125
0 0.26484375 0.734375 0.03125 0.0453125
0 0.33203125 0.72421875 0.1234375 0.0734375
0 0.4234375 0.6984375 0.096875 0.0796875
0 0.53515625 0.66484375 0.1484375 0.0859375
0 0.65 0.63125 0.10625 0.0640625
0 0.76328125 0.59921875 0.134375 0.078125
0 0.86953125 0.57890625 0.09375 0.075
0 0.18359375 0.80390625 0.134375 0.06875
0 0.30078125 0.7734375 0.1078125 0.0734375
0 0.3921875 0.725 0.10625 0.05625
0 0.4 0.74609375 0.1125 0.078125
0 0.47265625 0.721875 0.0546875 0.0390625
0 0.16171875 0.85 0.065625 0.0578125
0 0.21953125 0.82421875 0.053125 0.0484375
0 0.29609375 0.80625 0.103125 0.071875
0 0.3515625 0.80390625 0.0203125 0.021875
0 0.409375 0.78359375 0.09375 0.0609375
0 0.46953125 0.775 0.034375 0.0546875
0 0.52265625 0.7515625 0.0875 0.059375
0 0.62890625 0.6953125 0.125 0.0609375
0 0.6359375 0.71953125 0.1390625 0.071875
0 0.72890625 0.69375 0.0640625 0.0515625
0 0.81171875 0.67578125 0.1078125 0.078125
0 0.89609375 0.66015625 0.1046875 0.0734375
0 0.16015625 0.89921875 0.0359375 0.0375
0 0.20859375 0.88125 0.065625 0.0484375
0 0.2765625 0.871875 0.0734375 0.04375
0 0.19296875 0.9328125 0.0625 0.046875
0 0.26796875 0.9203125 0.10625 0.0734375
0 0.3640625 0.88515625 0.0984375 0.0578125
0 0.4703125 0.859375 0.1359375 0.0796875
0 0.58515625 0.8359375 0.1 0.0625
0 0.64765625 0.8125 0.03125 0.0265625
0 0.6734375 0.796875 0.0328125 0.040625
0 0.71171875 0.7859375 0.05625 0.05
0 0.7671875 0.78203125 0.059375 0.04375
0 0.82890625 0.76875 0.0578125 0.0375
0 0.865625 0.76171875 0.0359375 0.05
0 0.91953125 0.7453125 0.103125 0.0765625
0 0.19921875 0.971875 0.0796875 0.05625
0 0.253125 0.96796875 0.01875 0.0234375
0 0.29453125 0.94140625 0.0703125 0.0578125
0 0.34140625 0.94453125 0.040625 0.04375
0 0.3953125 0.93046875 0.0890625 0.06875
0 0.46328125 0.9015625 0.065625 0.05
0 0.54609375 0.85703125 0.1234375 0.071875
0 0.5515625 0.87890625 0.1359375 0.071875
0 0.62890625 0.85859375 0.0390625 0.034375
0 0.715625 0.8421875 0.1421875 0.0859375
0 0.803125 0.8125 0.0609375 0.0515625
0 0.84765625 0.79921875 0.059375 0.0546875
0 0.921875 0.78515625 0.1140625 0.0859375
0 0.22734375 0.99375 0.0921875 0.0125
0 0.31875 0.97890625 0.11875 0.0421875
0 0.4203125 0.959375 0.0734375 0.0515625
0 0.503125 0.934375 0.103125 0.0640625
0 0.58046875 0.9203125 0.05625 0.0546875
0 0.65078125 0.9 0.1078125 0.078125
0 0.71640625 0.87734375 0.034375 0.034375
0 0.75 0.86640625 0.0625 0.053125
0 0.81015625 0.853125 0.0765625 0.053125
0 0.16171875 0.68203125 0.1484375 0.0875