0 0.0703125 0.28984375 0.1265625 0.046875
0 0.1953125 0.2578125 0.096875 0.0390625
0 0.25 0.246875 0.01875 0.0125
0 0.30859375 0.23359375 0.0828125 0.0359375
0 0.39921875 0.21328125 0.0796875 0.034375
0 0.4578125 0.2 0.0390625 0.0265625
0 0.5125 0.19140625 0.075 0.0375
0 0.6109375 0.16640625 0.103125 0.0390625
0 0.7 0.146875 0.04375 0.028125
0 0.80234375 0.1234375 0.1046875 0.04375
0 0.33828125 0.27265625 0.0859375 0.034375
0 0.1015625 0.38125 0.128125 0.0453125
0 0.2375 0.34921875 0.0859375 0.03125
0 0.29453125 0.33125 0.025 0.015625
0 0.36484375 0.3171875 0.08125 0.0359375
0 0.47578125 0.29453125 0.09375 0.0390625
0 0.5375 0.28046875 0.0296875 0.025
0 0.60078125 0.265625 0.0734375 0.0359375
0 0.69921875 0.2421875 0.103125 0.0421875
0 0.790625 0.22421875 0.0359375 0.028125
0 0.8734375 0.2 0.1 0.0421875
0 0.38671875 0.35859375 0.0953125 0.0359375
0 0.1015625 0.47578125 0.0796875 0.03125
0 0.21875 0.44921875 0.11875 0.0390625
0 0.2875 0.43125 0.0203125 0.0109375
0 0.3671875 0.41328125 0.125 0.0453125
0 0.46640625 0.39375 0.04375 0.025
0 0.578125 0.3625 0.1328125 0.04375
0 0.71484375 0.33203125 0.1046875 0.04375
0 0.78359375 0.315625 0.025 0.021875
0 0.88203125 0.28984375 0.128125 0.0421875
0 0.35625 0.46484375 0.046875 0.03125
0 0.434375 0.440625 0.0875 0.0359375
0 0.23125 0.534375 0.2921875 0.1
0 0.42109375 0.48828125 0.0734375 0.0328125
0 0.471875 0.47578125 0.028125 0.021875
0 0.5390625 0.46328125 0.0734375 0.0328125
0 0.6328125 0.4390625 0.0921875 0.0375
0 0.7390625 0.41953125 0.096875 0.0328125
0 0.8390625 0.390625 0.0796875 0.034375
0 0.909375 0.37421875 0.0390625 0.028125
0 0.13515625 0.60390625 0.0703125 0.0328125
0 0.1875 0.59375 0.0328125 0.028125
0 0.25625 0.57734375 0.084375 0.0359375
0 0.30078125 0.56640625 0.028125 0.0140625
0 0.35234375 0.55234375 0.065625 0.03125
0 0.43046875 0.5375 0.0546875 0.0265625
0 0.5078125 0.52109375 0.071875 0.0328125
0 0.57890625 0.5046875 0.0421875 0.0265625
0 0.65234375 0.484375 0.06875 0.03125
0 0.16015625 0.64453125 0.0859375 0.0359375
0 0.234375 0.628125 0.028125 0.0234375
0 0.30390625 0.61015625 0.08125 0.03125
0 0.3640625 0.59765625 0.028125 0.0171875
0 0.4125 0.58671875 0.046875 0.021875
0 0.4609375 0.57109375 0.021875 0.0109375
0 0.525 0.55703125 0.078125 0.034375
0 0.59453125 0.53828125 0.040625 0.0296875
0 0.17421875 0.68828125 0.0875 0.0390625
0 0.27265625 0.66171875 0.0671875 0.03125
0 0.32578125 0.6453125 0.0234375 0.0203125
0 0.3953125 0.634375 0.0734375 0.0359375
0 0.4890625 0.609375 0.0796875 0.0328125
0 0.54375 0.596875 0.0234375 0.0171875
0 0.5875 0.58984375 0.0484375 0.0234375
0 0.63359375 0.5734375 0.021875 0.0109375
0 0.703125 0.56640625 0.0875 0.04375
0 0.79296875 0.5390625 0.0734375 0.034375
0 0.87421875 0.52265625 0.0390625 0.025
0 0.17578125 0.73828125 0.0640625 0.0296875
0 0.26484375 0.71328125 0.0671875 0.0328125
0 0.31875 0.69609375 0.0296875 0.021875
0 0.37734375 0.6875 0.0578125 0.025
0 0.44453125 0.665625 0.071875 0.0328125
0 0.503125 0.65234375 0.0296875 0.01875
0 0.55859375 0.640625 0.0578125 0.0265625
0 0.596875 0.6265625 0.0234375 0.01875
0 0.6984375 0.6125 0.159375 0.0546875
0 0.83046875 0.57578125 0.0734375 0.0328125
0 0.89609375 0.559375 0.0359375 0.025
0 0.1984375 0.77734375 0.10625 0.0421875
0 0.31484375 0.7453125 0.0671875 0.03125
0 0.37421875 0.73125 0.0359375 0.025
0 0.45234375 0.71171875 0.0984375 0.040625
0 0.5390625 0.68828125 0.0828125 0.0359375
0 0.6140625 0.6734375 0.0296875 0.015625
0 0.64921875 0.66328125 0.04375 0.0234375
0 0.68359375 0.65390625 0.01875 0.0125
0 0.75078125 0.63984375 0.096875 0.034375
0 0.84609375 0.61953125 0.065625 0.0328125
0 0.9 0.60390625 0.0375 0.028125
0 0.215625 0.81875 0.075 0.0359375
0 0.28046875 0.79921875 0.0328125 0.025
0 0.34140625 0.78359375 0.0703125 0.0359375
0 0.40078125 0.7703125 0.0421875 0.028125
0 0.43671875 0.75859375 0.0203125 0.015625
0 0.4984375 0.74609375 0.0890625 0.0390625
0 0.5921875 0.72265625 0.1046875 0.0484375
0 0.7296875 0.69296875 0.11875 0.0515625
0 0.23046875 0.8640625 0.1015625 0.0421875
0 0.30546875 0.84140625 0.03125 0.021875
0 0.3671875 0.82265625 0.06875 0.03125
0 0.43671875 0.80546875 0.040625 0.025
0 0.478125 0.796875 0.021875 0.0140625
0 0.56484375 0.7796875 0.0921875 0.0421875