0 0.20625 0.04296875 0.0671875 0.03125
0 0.24765625 0.04765625 0.0078125 0.021875
0 0.28046875 0.05234375 0.04375 0.028125
0 0.3484375 0.0625 0.0859375 0.0328125
0 0.41171875 0.0703125 0.0296875 0.0265625
0 0.2125 0.1171875 0.096875 0.0359375
0 0.2390625 0.2171875 0.0046875 0.0171875
0 0.26640625 0.22109375 0.0359375 0.021875
0 0.3265625 0.234375 0.0796875 0.0328125
0 0.2015625 0.2140625 0.0640625 0.03125
0 0.39609375 0.2390625 0.053125 0.025
0 0.2125 0.25390625 0.1203125 0.04375
0 0.20234375 0.29609375 0.11875 0.04375
0 0.35859375 0.32421875 0.190625 0.071875
0 0.521875 0.3453125 0.1109375 0.04375
0 0.62890625 0.365625 0.0875 0.034375
0 0.78203125 0.39453125 0.20625 0.0625
0 0.15625 0.34296875 0.0703125 0.059375
0 0.209375 0.346875 0.028125 0.0140625
0 0.27734375 0.3578125 0.0875 0.03125
0 0.3546875 0.36484375 0.009375 0.0234375
0 0.47265625 0.38359375 0.2046875 0.0609375
0 0.6203125 0.403125 0.0578125 0.0328125
0 0.74140625 0.42109375 0.14375 0.0484375
0 0.15546875 0.38984375 0.06875 0.0328125
0 0.2453125 0.40546875 0.0609375 0.0390625
0 0.3390625 0.41953125 0.0890625 0.0421875
0 0.49140625 0.4421875 0.1796875 0.0640625
0 0.62890625 0.4609375 0.0703125 0.046875
0 0.75234375 0.47265625 0.1671875 0.05
0 0.13984375 0.42109375 0.05625 0.028125
0 0.23671875 0.4453125 0.090625 0.0453125
0 0.3203125 0.4578125 0.0640625 0.0265625
0 0.3984375 0.46953125 0.053125 0.0234375
0 0.47890625 0.48125 0.0671875 0.03125
0 0.5921875 0.496875 0.1140625 0.034375
0 0.1875 0.565625 0.196875 0.0671875
0 0.14921875 0.6 0.1296875 0.0453125
0 0.26796875 0.62109375 0.0859375 0.0296875
0 0.4359375 0.64765625 0.215625 0.0671875
0 0.61875 0.67109375 0.13125 0.046875
0 0.11796875 0.62890625 0.0859375 0.040625
0 0.21875 0.64296875 0.090625 0.0390625
0 0.29609375 0.65859375 0.0640625 0.0328125
0 0.4328125 0.6765625 0.18125 0.05
0 0.6484375 0.7125 0.215625 0.0625
0 0.10703125 0.65546875 0.0625 0.03125
0 0.228125 0.675 0.1484375 0.0453125
0 0.35546875 0.69609375 0.06875 0.034375
0 0.44921875 0.7109375 0.090625 0.040625
0 0.52421875 0.72421875 0.0625 0.0296875
0 0.6875 0.75 0.2390625 0.0703125
0 0.1296875 0.6875 0.1265625 0.0453125
0 0.26015625 0.71171875 0.0984375 0.0390625
0 0.3953125 0.73515625 0.1640625 0.0546875
0 0.5453125 0.75703125 0.1109375 0.0484375
0 0.7203125 0.78984375 0.215625 0.0578125
0 0.1046875 0.71796875 0.071875 0.0375
0 0.20546875 0.74921875 0.1140625 0.05
0 0.30859375 0.759375 0.0671875 0.0296875
0 0.47421875 0.78203125 0.225 0.065625
0 0.6265625 0.80546875 0.046875 0.0390625
0 0.72890625 0.82734375 0.1234375 0.053125