0 0.4203125 0.22734375 0.1328125 0.078125
0 0.196875 0.25 0.1046875 0.08125
0 0.328125 0.2890625 0.0875 0.0546875
0 0.4203125 0.303125 0.0359375 0.034375
0 0.48671875 0.3203125 0.0578125 0.0375
0 0.59140625 0.34921875 0.1046875 0.0546875
0 0.68125 0.36796875 0.0375 0.04375
0 0.77421875 0.39453125 0.1234375 0.0921875
0 0.87265625 0.4125 0.0390625 0.03125
0 0.1875 0.3171875 0.1296875 0.09375
0 0.29453125 0.34453125 0.021875 0.0359375
0 0.39765625 0.3734375 0.1296875 0.0765625
0 0.525 0.396875 0.065625 0.0421875
0 0.61328125 0.42109375 0.059375 0.0375
0 0.7328125 0.45703125 0.1203125 0.0703125
0 0.84921875 0.47109375 0.0703125 0.0453125
0 0.9296875 0.496875 0.065625 0.059375
0 0.37109375 0.4875 0.084375 0.0578125
0 0.14765625 0.50703125 0.1109375 0.053125
0 0.28984375 0.54140625 0.0609375 0.053125
0 0.48203125 0.59453125 0.0328125 0.0421875
0 0.6125 0.625 0.171875 0.0734375
0 0.7203125 0.65234375 0.0265625 0.0234375
0 0.8171875 0.67421875 0.1328125 0.06875
0 0.08359375 0.56328125 0.025 0.0328125
0 0.17734375 0.58671875 0.115625 0.0578125
0 0.2953125 0.615625 0.065625 0.0421875
0 0.39296875 0.64609375 0.08125 0.0625
0 0.46796875 0.66015625 0.0296875 0.0265625
0 0.625 0.7015625 0.2421875 0.09375
0 0.08046875 0.6984375 0.0765625 0.053125
0 0.21015625 0.73046875 0.0515625 0.05
0 0.30859375 0.75703125 0.09375 0.0578125
0 0.415625 0.80078125 0.10625 0.1015625
0 0.4953125 0.82109375 0.0328125 0.034375
0 0.5546875 0.8421875 0.0375 0.046875
0 0.61640625 0.8546875 0.0203125 0.03125
0 0.721875 0.88359375 0.140625 0.06875
0 0.83828125 0.90546875 0.0703125 0.053125
0 0.15078125 0.790625 0.028125 0.040625
0 0.20625 0.80703125 0.0484375 0.0375
0 0.27578125 0.825 0.0265625 0.034375
0 0.340625 0.84296875 0.0734375 0.0484375
0 0.23671875 0.53671875 0.0140625 0.0109375
0 0.15703125 0.71484375 0.0265625 0.021875
0 0.3953125 0.56875 0.103125 0.0578125