0 0.31171875 0.096875 0.1203125 0.0734375
0 0.18359375 0.17890625 0.15 0.0890625
0 0.153125 0.25859375 0.0828125 0.0453125
0 0.18359375 0.3265625 0.096875 0.0484375
0 0.30390625 0.2984375 0.1 0.078125
0 0.38359375 0.284375 0.0359375 0.034375
0 0.459375 0.27734375 0.0859375 0.0703125
0 0.159375 0.40546875 0.08125 0.0484375
0 0.221875 0.3875 0.0296875 0.040625
0 0.27890625 0.3796875 0.071875 0.04375
0 0.35859375 0.36875 0.034375 0.040625
0 0.45234375 0.34921875 0.1 0.05
0 0.271875 0.45546875 0.1515625 0.09375
0 0.41328125 0.42890625 0.0921875 0.05
0 0.3171875 0.51640625 0.059375 0.0421875
0 0.40234375 0.5171875 0.071875 0.0578125
0 0.46796875 0.48984375 0.053125 0.046875
0 0.54140625 0.49453125 0.05 0.0453125
0 0.6015625 0.4765625 0.04375 0.0546875
0 0.646875 0.46171875 0.025 0.0421875
0 0.715625 0.45 0.1015625 0.053125
0 0.82265625 0.43984375 0.08125 0.0828125
0 0.89140625 0.421875 0.028125 0.040625
0 0.25703125 0.60859375 0.0203125 0.0234375
0 0.33984375 0.58828125 0.0875 0.0390625
0 0.47578125 0.57734375 0.1484375 0.0875
0 0.59140625 0.53671875 0.090625 0.0546875
0 0.70234375 0.52734375 0.0765625 0.06875
0 0.78046875 0.5109375 0.05 0.05
0 0.84609375 0.5015625 0.05 0.040625
0 0.9078125 0.48671875 0.05 0.0484375
0 0.29765625 0.67109375 0.08125 0.0546875
0 0.37890625 0.66015625 0.0234375 0.034375
0 0.44765625 0.6421875 0.0703125 0.0546875
0 0.575 0.621875 0.1328125 0.0578125
0 0.3203125 0.746875 0.134375 0.071875
0 0.4515625 0.73046875 0.096875 0.0484375
0 0.34375 0.83125 0.025 0.0390625
0 0.44296875 0.80546875 0.1296875 0.0671875
0 0.55546875 0.78359375 0.065625 0.0578125
0 0.64375 0.76953125 0.065625 0.046875
0 0.7125 0.75859375 0.028125 0.040625
0 0.7953125 0.73671875 0.1125 0.0640625
0 0.88203125 0.72890625 0.0265625 0.0421875
0 0.95625 0.7234375 0.0828125 0.0796875
0 0.3171875 0.90703125 0.0359375 0.0515625
0 0.37734375 0.8984375 0.0375 0.05
0 0.42734375 0.8953125 0.025 0.028125
0 0.5046875 0.8796875 0.08125 0.053125
0 0.59921875 0.8578125 0.0921875 0.0578125
0 0.70859375 0.840625 0.0953125 0.046875
0 0.64609375 0.93671875 0.1515625 0.0765625