0 0.43515625 0.87265625 0.3421875 0.08125
0 0.23203125 0.8359375 0.2625 0.0765625
0 0.30234375 0.6640625 0.2390625 0.0734375
0 0.190625 0.74296875 0.19375 0.071875
0 0.65 0.7703125 0.2546875 0.0671875
0 0.50234375 0.49140625 0.209375 0.053125
0 0.43359375 0.76796875 0.1703125 0.0609375
0 0.47109375 0.70859375 0.1484375 0.0515625
0 0.5703125 0.65390625 0.1140625 0.05625
0 0.63359375 0.58984375 0.140625 0.0421875
0 0.1734375 0.60546875 0.1265625 0.05625
0 0.15546875 0.7875 0.115625 0.053125
0 0.69765625 0.82109375 0.125 0.046875
0 0.44140625 0.59140625 0.1125 0.046875
0 0.6578125 0.70078125 0.10625 0.0640625
0 0.296875 0.1515625 0.0859375 0.0296875
0 0.34453125 0.7171875 0.0921875 0.05
0 0.6234375 0.46484375 0.0921875 0.0546875
0 0.20078125 0.51015625 0.1125 0.0421875
0 0.278125 0.7765625 0.10625 0.0484375
0 0.321875 0.6015625 0.1171875 0.0421875
0 0.46328125 0.65390625 0.0796875 0.0484375
0 0.44453125 0.45078125 0.096875 0.0484375
0 0.5078125 0.14609375 0.1671875 0.025
0 0.415625 0.81640625 0.0953125 0.040625
0 0.29765625 0.18359375 0.121875 0.034375
0 0.13671875 0.66875 0.0640625 0.0515625
0 0.665625 0.6453125 0.0828125 0.05
0 0.57734375 0.8140625 0.065625 0.05
0 0.33046875 0.2703125 0.075 0.0375
0 0.4109375 0.275 0.065625 0.034375
0 0.50078125 0.81875 0.0578125 0.034375
0 0.4640625 0.53984375 0.096875 0.0234375
0 0.66875 0.190625 0.05625 0.0328125
0 0.26640625 0.4609375 0.078125 0.0234375
0 0.53125 0.58984375 0.040625 0.05
0 0.37421875 0.53984375 0.075 0.021875
0 0.1875 0.46171875 0.0703125 0.0234375
0 0.6171875 0.19609375 0.0484375 0.034375
0 0.196875 0.24921875 0.0625 0.025
0 0.190625 0.1828125 0.0546875 0.021875
0 0.5234375 0.20703125 0.05 0.021875
0 0.38828125 0.18046875 0.028125 0.040625
0 0.57890625 0.70703125 0.0359375 0.0296875
0 0.1828125 0.21640625 0.046875 0.0203125
0 0.2640625 0.24921875 0.0671875 0.0140625
0 0.33515625 0.50390625 0.03125 0.025
0 0.13515625 0.4640625 0.0296875 0.021875
0 0.3359375 0.4578125 0.05 0.021875
0 0.52890625 0.45234375 0.065625 0.0328125
0 0.2890625 0.51015625 0.0484375 0.04375
0 0.39609375 0.14921875 0.0390625 0.0171875