0 0.06796875 0.2015625 0.040625 0.025
0 0.17578125 0.21328125 0.1234375 0.0359375
0 0.28515625 0.221875 0.0671875 0.025
0 0.40625 0.23203125 0.165625 0.034375
0 0.18046875 0.23984375 0.1375 0.0328125
0 0.26796875 0.24921875 0.028125 0.021875
0 0.340625 0.253125 0.08125 0.028125
0 0.47890625 0.2640625 0.1796875 0.040625
0 0.63203125 0.27578125 0.096875 0.0296875
0 0.17265625 0.26796875 0.1078125 0.03125
0 0.27109375 0.28359375 0.0765625 0.0296875
0 0.3796875 0.28671875 0.125 0.034375
0 0.63046875 0.303125 0.10625 0.028125
0 0.0875 0.2921875 0.0875 0.0296875
0 0.2171875 0.3046875 0.1484375 0.0328125
0 0.3125 0.31484375 0.0359375 0.025
0 0.41953125 0.32109375 0.146875 0.0453125
0 0.53828125 0.32734375 0.075 0.028125
0 0.6578125 0.33515625 0.1640625 0.0359375
0 0.865625 0.34921875 0.1109375 0.034375
0 0.19609375 0.33046875 0.1421875 0.0421875
0 0.3125 0.3375 0.078125 0.028125
0 0.471875 0.35 0.2375 0.0421875
0 0.1828125 0.36015625 0.1328125 0.0328125
0 0.28359375 0.36328125 0.0375 0.0234375
0 0.35859375 0.37265625 0.0953125 0.0296875
0 0.59609375 0.38671875 0.025 0.0171875
0 0.171875 0.38984375 0.1078125 0.0296875
0 0.271875 0.403125 0.0734375 0.0328125
0 0.39921875 0.4015625 0.1453125 0.0375
0 0.64296875 0.41171875 0.10625 0.0359375
0 0.81796875 0.4328125 0.2390625 0.0515625
0 0.0796875 0.41484375 0.0921875 0.03125
0 0.20703125 0.42265625 0.1359375 0.0359375
0 0.30078125 0.43359375 0.0390625 0.0328125
0 0.3953125 0.4390625 0.1359375 0.0390625
0 0.51875 0.44296875 0.08125 0.0265625
0 0.68203125 0.45703125 0.2515625 0.05
0 0.89765625 0.47109375 0.1 0.0421875
0 0.17265625 0.45078125 0.125 0.0328125
0 0.34296875 0.46015625 0.1875 0.0421875
0 0.51640625 0.475 0.1515625 0.0375
0 0.11171875 0.47890625 0.1515625 0.0390625
0 0.290625 0.48828125 0.1546875 0.0375
0 0.53125 0.50625 0.303125 0.0578125
0 0.9078125 0.5265625 0.1125 0.0359375
0 0.07890625 0.50625 0.084375 0.0328125
0 0.2265625 0.51796875 0.171875 0.040625
0 0.39609375 0.52734375 0.1484375 0.0390625
0 0.9140625 0.559375 0.128125 0.0359375
0 0.628125 0.42109375 0.09375 0.028125