0 0.184375 0.18203125 0.1234375 0.071875
0 0.2640625 0.15546875 0.046875 0.0265625
0 0.30703125 0.1421875 0.05 0.0328125
0 0.38359375 0.1296875 0.1109375 0.0390625
0 0.4765625 0.103125 0.08125 0.0359375
0 0.58984375 0.07421875 0.1484375 0.0578125
0 0.70078125 0.04609375 0.0375 0.025
0 0.77890625 0.028125 0.1046875 0.0453125
0 0.11484375 0.221875 0.1 0.046875
0 0.20703125 0.215625 0.103125 0.05625
0 0.3 0.18984375 0.1171875 0.0640625
0 0.396875 0.1546875 0.0859375 0.0390625
0 0.459375 0.13828125 0.05 0.0328125
0 0.5328125 0.12109375 0.11875 0.0515625
0 0.62578125 0.09453125 0.075 0.040625
0 0.70390625 0.0796875 0.0859375 0.0328125
0 0.79375 0.0515625 0.1046875 0.0515625
0 0.12265625 0.2515625 0.1046875 0.046875
0 0.22265625 0.225 0.1015625 0.04375
0 0.334375 0.209375 0.1203125 0.0640625
0 0.45703125 0.1734375 0.10625 0.0625
0 0.5453125 0.1453125 0.0828125 0.040625
0 0.6234375 0.12265625 0.0890625 0.04375
0 0.6984375 0.1109375 0.06875 0.028125
0 0.80234375 0.090625 0.165625 0.0859375
0 0.815625 0.115625 0.203125 0.08125
0 0.69296875 0.140625 0.053125 0.03125
0 0.63203125 0.15859375 0.0828125 0.03125
0 0.56015625 0.175 0.06875 0.0359375
0 0.665625 0.17734375 0.0671875 0.0328125
0 0.7609375 0.153125 0.125 0.05
0 0.84296875 0.17265625 0.1171875 0.0609375
0 0.73515625 0.18828125 0.140625 0.0546875
0 0.6359375 0.2203125 0.059375 0.025
0 0.8390625 0.19453125 0.1109375 0.04375
0 0.7609375 0.215625 0.05 0.0296875
0 0.83125 0.2421875 0.1078125 0.0546875
0 0.77734375 0.24140625 0.0546875 0.034375
0 0.6546875 0.25234375 0.165625 0.0765625
0 0.5515625 0.2046875 0.1421875 0.05625
0 0.50390625 0.259375 0.221875 0.0984375
0 0.36328125 0.2796875 0.0734375 0.0421875
0 0.29921875 0.30859375 0.0734375 0.0546875
0 0.409375 0.24296875 0.140625 0.05
0 0.48828125 0.2796875 0.0515625 0.034375
0 0.425 0.30078125 0.078125 0.028125
0 0.346875 0.31484375 0.0765625 0.0390625
0 0.86796875 0.25078125 0.0578125 0.0328125
0 0.784375 0.27890625 0.1015625 0.0625
0 0.7078125 0.259375 0.0890625 0.0421875
0 0.70078125 0.30390625 0.0921875 0.0625
0 0.603125 0.33046875 0.1296875 0.0671875
0 0.6203125 0.28046875 0.1015625 0.0421875
0 0.55078125 0.27578125 0.1078125 0.0671875
0 0.534375 0.3015625 0.0796875 0.0390625
0 0.52265625 0.3390625 0.04375 0.0203125
0 0.43828125 0.2171875 0.1578125 0.0703125
0 0.328125 0.23203125 0.0921875 0.0375
0 0.40625 0.3328125 0.146875 0.0578125
0 0.26328125 0.28515625 0.165625 0.084375
0 0.22109375 0.25546875 0.1375 0.05625
0 0.1203125 0.2953125 0.08125 0.05
0 0.13671875 0.3078125 0.1015625 0.0421875
0 0.1828125 0.33515625 0.1796875 0.0765625
0 0.23515625 0.34375 0.0984375 0.0453125
0 0.140625 0.36484375 0.0859375 0.04375
0 0.47421875 0.3484375 0.0640625 0.034375
0 0.2984375 0.359375 0.071875 0.0390625
0 0.1875 0.39609375 0.1703125 0.08125
0 0.21875 0.41796875 0.11875 0.059375
0 0.14296875 0.43046875 0.0578125 0.0359375
0 0.39140625 0.3828125 0.125 0.0625
0 0.31875 0.38515625 0.0734375 0.0375
0 0.9015625 0.66171875 0.171875 0.071875
0 0.7203125 0.709375 0.1765625 0.06875
0 0.89765625 0.63671875 0.1 0.0421875
0 0.94765625 0.59453125 0.0484375 0.0296875
0 0.86171875 0.62734375 0.1359375 0.071875
0 0.9109375 0.571875 0.140625 0.053125
0 0.896875 0.5546875 0.1609375 0.0796875
0 0.90390625 0.5125 0.0984375 0.0421875
0 0.83125 0.53203125 0.0453125 0.0296875
0 0.7765625 0.61015625 0.0921875 0.0421875
0 0.7859375 0.58203125 0.1078125 0.0640625
0 0.815625 0.67109375 0.090625 0.0515625
0 0.75546875 0.6765625 0.05 0.0234375
0 0.77890625 0.634375 0.04375 0.03125
0 0.725 0.65390625 0.071875 0.028125
0 0.6859375 0.69140625 0.0921875 0.0421875
0 0.665625 0.6734375 0.0671875 0.053125
0 0.7765625 0.55 0.0640625 0.025
0 0.66796875 0.64296875 0.15 0.065625
0 0.6828125 0.596875 0.1171875 0.05
0 0.603125 0.740625 0.0734375 0.0375
0 0.6109375 0.71171875 0.0765625 0.03125
0 0.521875 0.73125 0.0953125 0.040625
0 0.4890625 0.7734375 0.1640625 0.0734375
0 0.36640625 0.7984375 0.1 0.046875
0 0.26796875 0.82421875 0.1109375 0.046875
0 0.396875 0.7734375 0.1703125 0.084375
0 0.303125 0.7875 0.04375 0.021875
0 0.24609375 0.8015625 0.071875 0.0390625
0 0.3265625 0.7484375 0.1390625 0.05625
0 0.2296875 0.76875 0.059375 0.0375
0 0.4375 0.7203125 0.078125 0.0421875
0 0.51796875 0.7 0.0890625 0.0375
0 0.59765625 0.68203125 0.09375 0.0453125
0 0.56953125 0.65703125 0.065625 0.0375
0 0.68671875 0.56953125 0.1171875 0.046875
0 0.47578125 0.69296875 0.15625 0.084375
0 0.33203125 0.72421875 0.1515625 0.071875
0 0.23125 0.740625 0.06875 0.0359375
0 0.478125 0.6546875 0.128125 0.053125
0 0.40078125 0.66875 0.034375 0.025
0 0.3078125 0.69921875 0.146875 0.08125
0 0.215625 0.7171875 0.0421875 0.021875
0 0.2125 0.68515625 0.0671875 0.0375
0 0.29375 0.66328125 0.0859375 0.040625
0 0.38671875 0.65 0.1171875 0.0640625
0 0.4890625 0.615625 0.075 0.0421875
0 0.578125 0.59296875 0.1140625 0.0484375
0 0.821875 0.32890625 0.1640625 0.078125
0 0.8546875 0.34296875 0.0796875 0.04375
0 0.84765625 0.37421875 0.165625 0.065625
0 0.81015625 0.41640625 0.153125 0.0578125
0 0.8890625 0.4359375 0.0734375 0.05
0 0.93046875 0.47421875 0.0515625 0.0359375
0 0.8296875 0.5125 0.1609375 0.0875
0 0.71015625 0.53203125 0.0890625 0.040625
0 0.621875 0.52109375 0.078125 0.04375
0 0.709375 0.49921875 0.1015625 0.046875
0 0.79609375 0.484375 0.0890625 0.0453125
0 0.85703125 0.47265625 0.0515625 0.040625
0 0.90546875 0.45078125 0.0765625 0.040625
0 0.81953125 0.44453125 0.0765625 0.034375
0 0.71640625 0.471875 0.1109375 0.0515625
0 0.51796875 0.55 0.1078125 0.0484375
0 0.5671875 0.51328125 0.203125 0.0859375
0 0.70390625 0.44296875 0.0703125 0.040625
0 0.5765625 0.478125 0.1953125 0.0828125
0 0.5984375 0.5671875 0.1515625 0.078125
0 0.4640625 0.6 0.1375 0.0734375
0 0.70625 0.4109375 0.1390625 0.053125
0 0.61953125 0.44375 0.05625 0.0453125
0 0.5265625 0.45234375 0.1453125 0.0625
0 0.75390625 0.36875 0.1 0.04375
0 0.63046875 0.4 0.159375 0.071875
0 0.70390625 0.359375 0.1125 0.06875
0 0.5953125 0.38359375 0.128125 0.06875
0 0.51953125 0.396875 0.0546875 0.0328125
0 0.46484375 0.4140625 0.065625 0.025
0 0.47265625 0.4484375 0.1859375 0.0890625
0 0.378125 0.61484375 0.04375 0.028125
0 0.32890625 0.62578125 0.0453125 0.03125
0 0.4203125 0.5453125 0.09375 0.0453125
0 0.24296875 0.6578125 0.140625 0.078125
0 0.221875 0.62109375 0.1046875 0.04375
0 0.28984375 0.60546875 0.0375 0.025
0 0.3828125 0.5921875 0.1625 0.078125
0 0.33359375 0.56171875 0.0734375 0.0375
0 0.2296875 0.59140625 0.1296875 0.046875
0 0.40859375 0.51484375 0.1390625 0.05625
0 0.3203125 0.5359375 0.0453125 0.0296875
0 0.2265625 0.56875 0.171875 0.075
0 0.1859375 0.54453125 0.084375 0.0328125
0 0.38671875 0.50078125 0.1578125 0.0796875
0 0.2796875 0.5140625 0.0625 0.0359375
0 0.20625 0.5171875 0.14375 0.08125
0 0.30234375 0.48515625 0.05 0.0234375
0 0.35546875 0.4828125 0.06875 0.046875
0 0.2359375 0.46328125 0.0921875 0.046875
0 0.32734375 0.4421875 0.1015625 0.0453125
0 0.409375 0.43359375 0.078125 0.059375
0 0.58984375 0.625 0.0875 0.034375