0 0.1140625 0.14375 0.0890625 0.0546875
0 0.23046875 0.15859375 0.10625 0.0984375
0 0.31015625 0.14453125 0.0171875 0.0265625
0 0.3921875 0.16328125 0.134375 0.10625
0 0.10078125 0.24296875 0.071875 0.065625
0 0.18671875 0.2390625 0.084375 0.0515625
0 0.284375 0.23984375 0.084375 0.0359375
0 0.3578125 0.25078125 0.028125 0.0171875
0 0.44453125 0.2578125 0.1015625 0.0859375
0 0.59453125 0.265625 0.184375 0.109375
0 0.7609375 0.2703125 0.1890625 0.1
0 0.88984375 0.26328125 0.0421875 0.040625
0 0.090625 0.32265625 0.0765625 0.040625
0 0.159375 0.3390625 0.05 0.075
0 0.2828125 0.34609375 0.1640625 0.1
0 0.4078125 0.3375 0.0625 0.0328125
0 0.45703125 0.3328125 0.0390625 0.0484375
0 0.5203125 0.340625 0.053125 0.06875
0 0.60859375 0.3515625 0.0890625 0.0625
0 0.671875 0.35625 0.028125 0.075
0 0.73203125 0.340625 0.0578125 0.0734375
0 0.77578125 0.3484375 0.009375 0.0078125
0 0.06875 0.42265625 0.0515625 0.084375
0 0.1609375 0.43046875 0.1015625 0.0703125
0 0.3140625 0.44765625 0.1640625 0.1453125
0 0.46328125 0.43046875 0.084375 0.046875
0 0.56796875 0.43515625 0.09375 0.04375
0 0.64921875 0.43984375 0.0203125 0.025
0 0.74140625 0.44609375 0.10625 0.08125
0 0.88203125 0.44609375 0.1484375 0.078125
0 0.09140625 0.559375 0.0984375 0.0828125
0 0.24765625 0.54375 0.153125 0.0515625
0 0.39765625 0.55625 0.11875 0.0578125
0 0.55 0.55703125 0.15625 0.053125
0 0.7453125 0.5671875 0.20625 0.0859375
0 0.8546875 0.55625 0.0609375 0.096875
0 0.921875 0.5671875 0.1046875 0.0640625
0 0.05 0.64921875 0.0546875 0.0828125
0 0.13125 0.65078125 0.0796875 0.1234375
0 0.3171875 0.7078125 0.1421875 0.0890625
0 0.43515625 0.69453125 0.071875 0.0515625
0 0.50078125 0.68984375 0.0328125 0.0453125
0 0.5671875 0.7171875 0.0765625 0.075
0 0.66015625 0.6765625 0.090625 0.0578125
0 0.696875 0.76640625 0.2359375 0.0859375
0 0.878125 0.73671875 0.109375 0.0578125
0 0.7046875 0.8015625 0.053125 0.0609375
0 0.728125 0.81171875 0.046875 0.0453125
0 0.7546875 0.81640625 0.028125 0.05
0 0.95078125 0.75859375 0.034375 0.0546875
0 0.9171875 0.81484375 0.125 0.065625