0 0.1375 0.36953125 0.178125 0.1078125
0 0.3234375 0.3328125 0.115625 0.08125
0 0.453125 0.2765625 0.13125 0.0828125
0 0.18828125 0.50546875 0.2 0.1421875
0 0.3203125 0.43046875 0.0328125 0.0375
0 0.50859375 0.365625 0.31875 0.14375
0 0.746875 0.284375 0.1953125 0.1625
0 0.11171875 0.609375 0.025 0.0578125
0 0.215625 0.575 0.125 0.0796875
0 0.3875 0.52265625 0.128125 0.0703125
0 0.58671875 0.46484375 0.05 0.034375
0 0.7015625 0.41328125 0.096875 0.071875
0 0.82890625 0.3828125 0.1515625 0.14375
0 0.20859375 0.75234375 0.178125 0.196875
0 0.36953125 0.6625 0.1640625 0.11875
0 0.54765625 0.6953125 0.21875 0.2
0 0.6875 0.65234375 0.0859375 0.1234375
0 0.48984375 0.490625 0.0703125 0.05