0 0.23359375 0.159375 0.315625 0.0890625
0 0.82578125 0.0140625 0.1546875 0.028125
0 0.828125 0.02578125 0.1515625 0.0421875
0 0.609375 0.078125 0.0765625 0.0234375
0 0.6921875 0.0703125 0.0828125 0.025
0 0.784375 0.0640625 0.0953125 0.03125
0 0.86953125 0.05703125 0.0734375 0.0265625
0 0.47109375 0.1359375 0.1078125 0.0484375
0 0.70234375 0.12265625 0.3078125 0.0921875
0 0.309375 0.21328125 0.2671875 0.0703125
0 0.2 0.284375 0.175 0.0546875
0 0.346875 0.2703125 0.0796875 0.046875
0 0.43359375 0.25859375 0.04375 0.0265625
0 0.61015625 0.25 0.2859375 0.084375
0 0.82265625 0.2171875 0.084375 0.046875
0 0.13203125 0.353125 0.115625 0.0484375
0 0.28828125 0.340625 0.1390625 0.046875
0 0.4609375 0.31015625 0.1703125 0.05625
0 0.6578125 0.29609375 0.1796875 0.0578125
0 0.77421875 0.284375 0.0484375 0.04375
0 0.21796875 0.4015625 0.2515625 0.0671875
0 0.4671875 0.3765625 0.2140625 0.0625
0 0.6234375 0.35625 0.0796875 0.0453125
0 0.78515625 0.34609375 0.20625 0.059375
0 0.13359375 0.4671875 0.1125 0.0546875
0 0.32890625 0.45390625 0.25625 0.0984375
0 0.60234375 0.4171875 0.21875 0.08125
0 0.7828125 0.39375 0.153125 0.046875
0 0.1484375 0.5203125 0.121875 0.059375
0 0.33046875 0.503125 0.2484375 0.0578125
0 0.54765625 0.48515625 0.1140625 0.0390625
0 0.75234375 0.45859375 0.2953125 0.071875
0 0.12109375 0.58125 0.05 0.04375
0 0.2703125 0.57421875 0.2 0.0609375
0 0.4359375 0.5578125 0.1125 0.0390625
0 0.66015625 0.528125 0.2546875 0.071875
0 0.8515625 0.51640625 0.0921875 0.034375
0 0.13125 0.640625 0.128125 0.065625
0 0.31328125 0.61796875 0.2046875 0.0609375
0 0.50390625 0.5984375 0.140625 0.059375
0 0.69921875 0.5875 0.21875 0.0765625
0 0.8734375 0.56953125 0.125 0.065625
0 0.30546875 0.7125 0.40625 0.15625
0 0.53125 0.659375 0.0109375 0.00625
0 0.2921875 0.94140625 0.0375 0.0203125
0 0.3390625 0.9359375 0.0609375 0.0203125
0 0.39296875 0.93125 0.0453125 0.01875
0 0.43671875 0.9265625 0.040625 0.01875
0 0.4828125 0.921875 0.0515625 0.01875
0 0.525 0.91796875 0.0328125 0.0171875
0 0.5578125 0.915625 0.03125 0.015625
0 0.6 0.9125 0.0484375 0.01875
0 0.66171875 0.90546875 0.071875 0.0203125
0 0.7234375 0.90078125 0.0515625 0.01875
0 0.78203125 0.89453125 0.0640625 0.021875
0 0.3171875 0.95546875 0.1484375 0.028125
0 0.45234375 0.94140625 0.1234375 0.025
0 0.53984375 0.9328125 0.05 0.01875
0 0.41484375 0.9609375 0.0703125 0.0203125
0 0.58203125 0.94609375 0.2609375 0.040625
0 0.70625 0.91875 0.2828125 0.0453125