0 0.16171875 0.0953125 0.084375 0.03125
0 0.47734375 0.10703125 0.171875 0.0390625
0 0.63515625 0.109375 0.11875 0.046875
0 0.2359375 0.12578125 0.171875 0.0375
0 0.1453125 0.1734375 0.075 0.0171875
0 0.31640625 0.175 0.20625 0.053125
0 0.59609375 0.1890625 0.2640625 0.059375
0 0.134375 0.221875 0.0640625 0.0171875
0 0.52421875 0.234375 0.0671875 0.01875
0 0.66015625 0.24375 0.0734375 0.046875
0 0.165625 0.27109375 0.096875 0.0265625
0 0.275 0.27578125 0.10625 0.0171875
0 0.18046875 0.3125 0.0734375 0.0421875
0 0.3 0.31796875 0.0734375 0.0421875
0 0.4015625 0.315625 0.0484375 0.04375
0 0.48203125 0.31953125 0.040625 0.0453125
0 0.13671875 0.36640625 0.0390625 0.021875
0 0.1921875 0.36640625 0.05625 0.021875
0 0.24453125 0.36640625 0.0390625 0.01875
0 0.29453125 0.36796875 0.05 0.01875
0 0.37734375 0.371875 0.103125 0.01875
0 0.5734375 0.3921875 0.2515625 0.0515625
0 0.746875 0.40078125 0.0578125 0.0375
0 0.26640625 0.4125 0.2890625 0.04375
0 0.15390625 0.4640625 0.1046875 0.0390625
0 0.22734375 0.46171875 0.015625 0.0265625
0 0.271875 0.46484375 0.0625 0.0296875
0 0.3765625 0.4734375 0.1484375 0.0296875
0 0.49296875 0.471875 0.0796875 0.025
0 0.225 0.5390625 0.259375 0.1203125
0 0.48046875 0.51171875 0.19375 0.0734375
0 0.684375 0.5015625 0.1265625 0.090625
0 0.14296875 0.584375 0.0453125 0.0453125
0 0.3140625 0.578125 0.221875 0.1
0 0.61171875 0.5796875 0.3015625 0.0984375
0 0.18984375 0.62421875 0.153125 0.05625
0 0.3484375 0.61796875 0.0453125 0.05
0 0.56953125 0.6328125 0.3375 0.121875
0 0.134375 0.68125 0.06875 0.034375
0 0.34609375 0.67421875 0.2359375 0.071875
0 0.61796875 0.68671875 0.2375 0.1046875
0 0.14296875 0.72265625 0.096875 0.0640625
0 0.2796875 0.74375 0.153125 0.1140625
0 0.48203125 0.740625 0.2078125 0.0453125
0 0.6921875 0.740625 0.1859375 0.05625
0 0.16484375 0.79921875 0.153125 0.1046875
0 0.28671875 0.79609375 0.053125 0.0328125
0 0.42890625 0.7921875 0.1375 0.0625
0 0.58046875 0.79375 0.0953125 0.0640625
0 0.71953125 0.79609375 0.140625 0.071875
0 0.12734375 0.8640625 0.1078125 0.0671875
0 0.26796875 0.8421875 0.1078125 0.0671875
0 0.3828125 0.84453125 0.0609375 0.0734375
0 0.50625 0.85703125 0.2046875 0.1046875
0 0.70078125 0.853125 0.1 0.0609375
0 0.19609375 0.90078125 0.1171875 0.0640625
0 0.31796875 0.8921875 0.1015625 0.0640625
0 0.42734375 0.9046875 0.0703125 0.040625
0 0.5015625 0.89765625 0.075 0.05
0 0.6046875 0.903125 0.0890625 0.0375
0 0.73046875 0.90546875 0.128125 0.0765625
0 0.77421875 0.9140625 0.109375 0.05
0 0.115625 0.9296875 0.1078125 0.0140625
0 0.20078125 0.93203125 0.0578125 0.0125
0 0.25625 0.9359375 0.0453125 0.0125
0 0.2625 0.10078125 0.0390625 0.0171875