0 0.2703125 0.25546875 0.3046875 0.134375
0 0.5703125 0.278125 0.1875 0.084375
0 0.77734375 0.284375 0.18125 0.078125
0 0.1640625 0.30703125 0.084375 0.04375
0 0.3078125 0.31796875 0.1234375 0.046875
0 0.47890625 0.33046875 0.1703125 0.0609375
0 0.684375 0.33046875 0.2046875 0.0484375
0 0.225 0.4375 0.13125 0.06875
0 0.34140625 0.4515625 0.04375 0.053125
0 0.459375 0.44375 0.1546875 0.0609375
0 0.13984375 0.5234375 0.053125 0.0765625
0 0.27734375 0.5125 0.1484375 0.0671875
0 0.4046875 0.5234375 0.046875 0.05625
0 0.51328125 0.521875 0.1140625 0.053125
0 0.14296875 0.66171875 0.0640625 0.096875
0 0.2890625 0.6546875 0.159375 0.0640625
0 0.434375 0.66015625 0.0484375 0.05625
0 0.53671875 0.665625 0.1046875 0.065625
0 0.15390625 0.81171875 0.053125 0.08125
0 0.3171875 0.796875 0.1625 0.075
0 0.43125 0.79296875 0.0421875 0.06875
0 0.5765625 0.79375 0.1609375 0.0421875
0 0.1015625 0.4328125 0.0890625 0.05