0 0.06015625 0.359375 0.1203125 0.2125
0 0.221875 0.32265625 0.26875 0.2625
0 0.2046875 0.58984375 0.2203125 0.253125
0 0.35 0.5796875 0.1421875 0.2109375
0 0.45546875 0.50234375 0.16875 0.2265625
0 0.5859375 0.42578125 0.1875 0.2078125
0 0.70390625 0.43828125 0.121875 0.2
0 0.7828125 0.3984375 0.1203125 0.1796875
0 0.87890625 0.3734375 0.1875 0.296875
0 0.2453125 0.815625 0.1609375 0.2484375
0 0.38671875 0.83828125 0.165625 0.20625
0 0.553125 0.7453125 0.240625 0.2671875
0 0.6890625 0.73359375 0.0734375 0.1828125