0 0.371875 0.11640625 0.1625 0.121875
0 0.6640625 0.17109375 0.2375 0.128125
0 0.38359375 0.225 0.1375 0.1109375
0 0.6953125 0.284375 0.146875 0.109375
0 0.359375 0.3515625 0.125 0.0921875
0 0.55859375 0.371875 0.2609375 0.10625
0 0.2921875 0.47578125 0.09375 0.096875
0 0.55703125 0.4859375 0.1484375 0.1296875
0 0.70625 0.47578125 0.0890625 0.0765625
0 0.32734375 0.63046875 0.06875 0.1203125
0 0.3796875 0.6578125 0.0296875 0.01875
0 0.46015625 0.628125 0.1109375 0.0984375
0 0.5328125 0.65078125 0.0296875 0.0140625
0 0.60390625 0.640625 0.0890625 0.1015625
0 0.6734375 0.66015625 0.0359375 0.01875
0 0.6046875 0.7734375 0.246875 0.134375
0 0.4078125 0.8421875 0.275 0.1265625
0 0.55625 0.88359375 0.0234375 0.015625
0 0.6515625 0.8859375 0.1515625 0.0984375