0 0.23046875 0.65078125 0.2484375 0.1296875
0 0.29453125 0.71640625 0.265625 0.1265625
0 0.2921875 0.37578125 0.2125 0.1234375
0 0.58984375 0.4703125 0.15625 0.1125
0 0.203125 0.55 0.2015625 0.1234375
0 0.86953125 0.30234375 0.203125 0.1015625
0 0.809375 0.15 0.184375 0.1
0 0.50234375 0.38671875 0.1734375 0.109375
0 0.421875 0.528125 0.1640625 0.1078125
0 0.6828125 0.4328125 0.1421875 0.096875
0 0.1765625 0.74140625 0.175 0.1171875
0 0.84375 0.6015625 0.140625 0.1015625
0 0.51796875 0.59921875 0.134375 0.103125
0 0.37421875 0.13046875 0.1515625 0.090625
0 0.73203125 0.34453125 0.1546875 0.0984375
0 0.71875 0.78828125 0.134375 0.09375
0 0.34921875 0.0640625 0.1296875 0.096875
0 0.68828125 0.1734375 0.1390625 0.0890625
0 0.85 0.20546875 0.1578125 0.0875
0 0.9359375 0.4625 0.1140625 0.1234375
0 0.6765625 0.61640625 0.146875 0.090625
0 0.2234375 0.0546875 0.1203125 0.096875
0 0.65234375 0.11328125 0.121875 0.0859375
0 0.85234375 0.803125 0.1109375 0.0921875
0 0.4890625 0.1015625 0.1453125 0.08125
0 0.1421875 0.33046875 0.1359375 0.1125
0 0.19765625 0.10078125 0.159375 0.0796875
0 0.090625 0.68671875 0.1265625 0.1
0 0.3203125 0.42421875 0.140625 0.1046875
0 0.3828125 0.590625 0.109375 0.0796875
0 0.74296875 0.571875 0.1171875 0.0859375
0 0.95625 0.165625 0.0875 0.084375
0 0.47421875 0.43671875 0.109375 0.0875
0 0.828125 0.646875 0.125 0.090625
0 0.5296875 0.15546875 0.1265625 0.0828125
0 0.4421875 0.67890625 0.1203125 0.090625
0 0.4984375 0.74375 0.096875 0.08125
0 0.971875 0.23671875 0.05625 0.0859375
0 0.58515625 0.7734375 0.1 0.103125
0 0.76484375 0.721875 0.1046875 0.103125
0 0.17578125 0.484375 0.10625 0.0734375
0 0.17890625 0.3921875 0.1109375 0.065625
0 0.39296875 0.28359375 0.1046875 0.0765625
0 0.1796875 0.1859375 0.0921875 0.0734375
0 0.32578125 0.76875 0.1046875 0.08125
0 0.040625 0.71171875 0.08125 0.0703125
0 0.81328125 0.428125 0.09375 0.078125
0 0.6140625 0.55234375 0.0859375 0.071875
0 0.27578125 0.278125 0.0890625 0.078125
0 0.6453125 0.71484375 0.090625 0.0671875
0 0.04765625 0.51484375 0.0890625 0.0765625
0 0.44765625 0.25 0.0859375 0.078125
0 0.040625 0.4546875 0.03125 0.04375
0 0.55546875 0.2546875 0.09375 0.0703125
0 0.5953125 0.3109375 0.08125 0.065625
0 0.29921875 0.49375 0.0859375 0.08125
0 0.3703125 0.2234375 0.0640625 0.0859375
0 0.72109375 0.26875 0.0875 0.0828125
0 0.109375 0.17578125 0.040625 0.0453125
0 0.0171875 0.59765625 0.034375 0.0421875
0 0.0609375 0.61328125 0.06875 0.0703125
0 0.4109375 0.78125 0.0734375 0.06875
0 0.85859375 0.75390625 0.08125 0.06875
0 0.64140625 0.26640625 0.0640625 0.0625
0 0.07421875 0.32421875 0.0328125 0.0375
0 0.28203125 0.20859375 0.0671875 0.059375
0 0.1 0.23359375 0.071875 0.0515625
0 0.1875 0.25234375 0.0546875 0.0734375
0 0.9359375 0.6046875 0.0640625 0.0875
0 0.1375 0.03203125 0.0296875 0.0421875
0 0.4890625 0.28359375 0.0734375 0.0671875
0 0.92421875 0.76171875 0.05 0.0828125
0 0.9828125 0.3203125 0.034375 0.06875
0 0.0640625 0.3671875 0.0421875 0.0515625
0 0.01015625 0.65625 0.0203125 0.034375
0 0.0765625 0.46328125 0.01875 0.0515625
0 0.540625 0.5421875 0.01875 0.046875
0 0.92109375 0.82265625 0.0484375 0.06875
0 0.55 0.70234375 0.0515625 0.053125