0 0.03046875 0.10078125 0.0328125 0.0546875
0 0.096875 0.09140625 0.0578125 0.0765625
0 0.2109375 0.103125 0.134375 0.05625
0 0.33515625 0.0890625 0.0703125 0.0796875
0 0.4296875 0.10625 0.0921875 0.05625
0 0.54375 0.11484375 0.0875 0.0875
0 0.6953125 0.0984375 0.2234375 0.1078125
0 0.84765625 0.08359375 0.0609375 0.071875
0 0.14140625 0.265625 0.1984375 0.0953125
0 0.29921875 0.23671875 0.071875 0.06875
0 0.42890625 0.24765625 0.1828125 0.1125
0 0.5640625 0.234375 0.0453125 0.05625
0 0.6578125 0.221875 0.0734375 0.06875
0 0.73515625 0.225 0.071875 0.0625
0 0.80625 0.225 0.05 0.0578125
0 0.0515625 0.39140625 0.0328125 0.0609375
0 0.121875 0.3984375 0.06875 0.1078125
0 0.23671875 0.39453125 0.165625 0.1046875
0 0.39296875 0.38671875 0.090625 0.05
0 0.496875 0.375 0.0390625 0.0546875
0 0.58359375 0.3609375 0.059375 0.0796875
0 0.6765625 0.38359375 0.13125 0.09375
0 0.825 0.35234375 0.096875 0.071875
0 0.928125 0.35390625 0.084375 0.065625
0 0.12265625 0.5265625 0.14375 0.1015625
0 0.24296875 0.525 0.078125 0.071875
0 0.334375 0.51796875 0.0796875 0.0765625
0 0.4375 0.5109375 0.0625 0.071875
0 0.51015625 0.50390625 0.090625 0.0796875
0 0.62890625 0.4984375 0.10625 0.0859375
0 0.7703125 0.509375 0.159375 0.1203125
0 0.875 0.49609375 0.0484375 0.0640625
0 0.940625 0.48515625 0.075 0.0703125
0 0.109375 0.690625 0.1015625 0.1109375
0 0.22890625 0.65703125 0.0921875 0.0796875
0 0.0765625 0.8171875 0.0484375 0.078125
0 0.1984375 0.80390625 0.18125 0.084375
0 0.3515625 0.79296875 0.0859375 0.084375
0 0.45546875 0.80390625 0.0859375 0.0484375
0 0.5375 0.79375 0.0484375 0.05
0 0.6046875 0.78515625 0.0609375 0.0765625
0 0.73125 0.778125 0.1640625 0.0828125
0 0.8671875 0.76640625 0.084375 0.0796875
0 0.9328125 0.76171875 0.065625 0.0734375