0 0.04375 0.1625 0.0875 0.05625
0 0.375 0.09921875 0.2 0.0703125
0 0.54296875 0.06328125 0.140625 0.06875
0 0.11484375 0.17578125 0.1875 0.06875
0 0.040625 0.24921875 0.08125 0.0296875
0 0.19609375 0.21171875 0.1734375 0.075
0 0.03828125 0.3015625 0.0640625 0.0265625
0 0.2015625 0.2703125 0.184375 0.06875
0 0.4515625 0.225 0.0734375 0.0296875
0 0.6375 0.1953125 0.1390625 0.0671875
0 0.08671875 0.35 0.1125 0.0484375
0 0.19765625 0.3265625 0.1125 0.0328125
0 0.2546875 0.35390625 0.1046875 0.0484375
0 0.37578125 0.32421875 0.075 0.04375
0 0.0765625 0.45234375 0.0453125 0.0296875
0 0.13125 0.44140625 0.0625 0.03125
0 0.18984375 0.42890625 0.04375 0.025
0 0.2421875 0.41953125 0.053125 0.0265625
0 0.328125 0.40390625 0.1109375 0.0359375
0 0.1375 0.48828125 0.159375 0.0609375
0 0.31796875 0.46171875 0.1859375 0.0609375
0 0.4765625 0.43203125 0.08125 0.0390625
0 0.59375 0.41015625 0.15625 0.0515625
0 0.11796875 0.55078125 0.1171875 0.0578125
0 0.19375 0.534375 0.01875 0.0296875
0 0.23984375 0.5265625 0.0703125 0.040625
0 0.353125 0.51328125 0.15625 0.059375
0 0.47578125 0.484375 0.090625 0.040625
0 0.25 0.61171875 0.0921875 0.0765625
0 0.4375 0.57109375 0.1953125 0.0796875
0 0.615625 0.5421875 0.078125 0.059375
0 0.29921875 0.6984375 0.1578125 0.1046875
0 0.6 0.63828125 0.0859375 0.0515625
0 0.75625 0.61328125 0.159375 0.06875
0 0.4234375 0.7625 0.321875 0.121875
0 0.31640625 0.87578125 0.128125 0.090625
0 0.56171875 0.846875 0.353125 0.1703125
0 0.14453125 0.1421875 0.046875 0.0296875
0 0.4734375 0.66640625 0.1296875 0.0609375