0 0.4984375 0.05 0.178125 0.06875
0 0.5765625 0.04453125 0.1953125 0.084375
0 0.07109375 0.2046875 0.015625 0.0203125
0 0.1875 0.18828125 0.128125 0.0453125
0 0.37109375 0.165625 0.184375 0.0578125
0 0.74765625 0.1171875 0.0390625 0.025
0 0.0765625 0.24296875 0.0515625 0.03125
0 0.23515625 0.22109375 0.1953125 0.053125
0 0.40859375 0.20234375 0.109375 0.05
0 0.759375 0.159375 0.040625 0.034375
0 0.82890625 0.14609375 0.0859375 0.0375
0 0.0734375 0.28203125 0.0359375 0.0296875
0 0.26953125 0.2625 0.278125 0.071875
0 0.76875 0.19140625 0.040625 0.0328125
0 0.83515625 0.18671875 0.09375 0.0359375
0 0.08359375 0.3296875 0.04375 0.028125
0 0.234375 0.3125 0.1765625 0.0546875
0 0.40625 0.2890625 0.1359375 0.04375
0 0.82265625 0.22734375 0.11875 0.0453125
0 0.0953125 0.3734375 0.0375 0.0296875
0 0.2484375 0.3515625 0.21875 0.059375
0 0.4828125 0.32265625 0.2296875 0.059375
0 0.8265625 0.27734375 0.11875 0.05
0 0.1046875 0.41328125 0.0375 0.0359375
0 0.2171875 0.40234375 0.140625 0.04375
0 0.3546875 0.38203125 0.1 0.0421875
0 0.50859375 0.36484375 0.0421875 0.0203125
0 0.83671875 0.31796875 0.13125 0.05
0 0.10390625 0.465625 0.0296875 0.0375
0 0.30390625 0.4390625 0.16875 0.05625
0 0.48359375 0.415625 0.1453125 0.053125
0 0.83828125 0.359375 0.115625 0.0484375
0 0.11015625 0.5078125 0.0359375 0.03125
0 0.21484375 0.5 0.10625 0.053125
0 0.34609375 0.47578125 0.11875 0.040625
0 0.85 0.403125 0.1390625 0.05
0 0.8609375 0.446875 0.178125 0.059375
0 0.12109375 0.6046875 0.059375 0.04375
0 0.26875 0.5828125 0.15 0.046875
0 0.54296875 0.54453125 0.1109375 0.046875
0 0.13359375 0.6421875 0.0296875 0.0375
0 0.2234375 0.63203125 0.0578125 0.0453125
0 0.321875 0.6234375 0.08125 0.04375
0 0.51484375 0.5890625 0.05 0.034375
0 0.5828125 0.5796875 0.05625 0.0359375
0 0.13828125 0.69609375 0.034375 0.0328125
0 0.2671875 0.67890625 0.1625 0.05625
0 0.54921875 0.63671875 0.1296875 0.046875
0 0.51484375 0.6875 0.05 0.0390625
0 0.58671875 0.6703125 0.0890625 0.05
0 0.421875 0.93046875 0.21875 0.1015625
0 0.4265625 0.9546875 0.034375 0.0328125
0 0.4265625 0.9671875 0.190625 0.065625
0 0.6625 0.91328125 0.0515625 0.0296875
0 0.73046875 0.90390625 0.071875 0.0375
0 0.8125 0.88828125 0.078125 0.0328125
0 0.6421875 0.95859375 0.11875 0.059375
0 0.7671875 0.934375 0.1359375 0.05
0 0.871875 0.91953125 0.0734375 0.05
0 0.8203125 0.11015625 0.0984375 0.0390625
0 0.18515625 0.45234375 0.0671875 0.0375
0 0.93359375 0.14375 0.0234375 0.01875