0 0.090625 0.06875 0.05 0.078125
0 0.1390625 0.1578125 0.0375 0.040625
0 0.14765625 0.075 0.05625 0.0359375
0 0.55859375 0.0609375 0.121875 0.03125
0 0.0984375 0.175 0.046875 0.109375
0 0.265625 0.06796875 0.109375 0.028125
0 0.18515625 0.14296875 0.0375 0.025
0 0.3203125 0.140625 0.0171875 0.015625
0 0.25703125 0.1484375 0.09375 0.0390625
0 0.5296875 0.12734375 0.09375 0.0328125
0 0.6578125 0.11796875 0.1125 0.0328125
0 0.33046875 0.209375 0.0171875 0.0171875
0 0.25546875 0.1765625 0.0375 0.025
0 0.2578125 0.20546875 0.103125 0.028125
0 0.64921875 0.2078125 0.04375 0.09375
0 0.7890625 0.18828125 0.246875 0.05
0 0.62265625 0.28515625 0.0625 0.028125
0 0.7078125 0.26875 0.065625 0.028125
0 0.75390625 0.2234375 0.0953125 0.04375
0 0.76640625 0.26328125 0.0375 0.021875
0 0.62421875 0.3203125 0.05625 0.025
0 0.72421875 0.3125 0.1 0.028125
0 0.91328125 0.33671875 0.0921875 0.03125
0 0.90703125 0.309375 0.0984375 0.040625
0 0.23203125 0.31796875 0.06875 0.028125
0 0.29296875 0.3125 0.0375 0.01875
0 0.35703125 0.31640625 0.078125 0.03125
0 0.16015625 0.3234375 0.0625 0.0296875
0 0.23828125 0.38671875 0.0578125 0.0234375
0 0.40546875 0.315625 0.0125 0.0125
0 0.303125 0.38515625 0.065625 0.021875
0 0.74296875 0.36875 0.146875 0.0453125
0 0.49453125 0.3765625 0.078125 0.034375
0 0.9078125 0.39140625 0.09375 0.0609375
0 0.17578125 0.42734375 0.05625 0.0203125
0 0.2734375 0.41875 0.0609375 0.0203125
0 0.1828125 0.453125 0.0671875 0.025
0 0.14921875 0.44921875 0.03125 0.0765625
0 0.31484375 0.440625 0.01875 0.0609375
0 0.49375 0.415625 0.06875 0.021875
0 0.5671875 0.41484375 0.01875 0.025
0 0.29140625 0.490625 0.1515625 0.028125
0 0.41484375 0.4890625 0.059375 0.03125
0 0.49921875 0.4859375 0.0765625 0.021875
0 0.75234375 0.48203125 0.1546875 0.0484375
0 0.17421875 0.540625 0.09375 0.034375
0 0.28046875 0.53671875 0.103125 0.04375
0 0.3625 0.53359375 0.0703125 0.03125
0 0.49921875 0.52578125 0.065625 0.021875
0 0.57265625 0.52578125 0.015625 0.03125
0 0.175 0.57265625 0.0875 0.04375
0 0.31171875 0.56953125 0.0421875 0.03125
0 0.28359375 0.59921875 0.115625 0.0359375
0 0.4046875 0.5921875 0.13125 0.025
0 0.55546875 0.58203125 0.134375 0.040625
0 0.75546875 0.58515625 0.146875 0.0328125
0 0.06328125 0.62109375 0.075 0.0375
0 0.06875 0.64765625 0.075 0.021875
0 0.05390625 0.6734375 0.0515625 0.025
0 0.109375 0.67109375 0.0375 0.015625
0 0.06875 0.70390625 0.053125 0.015625
0 0.03359375 0.65390625 0.0234375 0.11875
0 0.13046875 0.653125 0.034375 0.09375
0 0.1578125 0.634375 0.053125 0.0453125
0 0.190625 0.6296875 0.01875 0.01875
0 0.21640625 0.6265625 0.03125 0.021875
0 0.265625 0.6328125 0.053125 0.021875
0 0.303125 0.63125 0.025 0.025
0 0.34609375 0.62734375 0.06875 0.01875
0 0.42109375 0.62109375 0.078125 0.0234375
0 0.14765625 0.665625 0.01875 0.03125
0 0.19765625 0.66171875 0.1 0.028125
0 0.29375 0.65234375 0.0875 0.025
0 0.44609375 0.6484375 0.021875 0.0328125
0 0.5984375 0.62890625 0.0625 0.028125
0 0.65546875 0.62734375 0.0125 0.0328125
0 0.27265625 0.70546875 0.078125 0.0296875
0 0.3296875 0.69609375 0.021875 0.0234375
0 0.37578125 0.67578125 0.065625 0.040625
0 0.434375 0.6703125 0.053125 0.0171875
0 0.38125 0.69609375 0.065625 0.025
0 0.421875 0.6984375 0.015625 0.009375
0 0.44921875 0.690625 0.034375 0.05
0 0.4734375 0.68984375 0.0375 0.01875
0 0.525 0.69140625 0.05625 0.021875
0 0.58671875 0.69296875 0.0640625 0.0234375
0 0.59140625 0.7328125 0.071875 0.034375
0 0.65546875 0.73984375 0.015625 0.028125
0 0.6359375 0.74296875 0.0109375 0.009375
0 0.759375 0.68671875 0.1421875 0.0296875
0 0.146875 0.7671875 0.03125 0.0640625
0 0.178125 0.75703125 0.05 0.03125
0 0.25546875 0.75 0.09375 0.021875
0 0.35625 0.74921875 0.096875 0.03125
0 0.409375 0.753125 0.0296875 0.0515625
0 0.19609375 0.78515625 0.0875 0.04375
0 0.28828125 0.803125 0.0921875 0.0375
0 0.3421875 0.79765625 0.0203125 0.025
0 0.40234375 0.8078125 0.0859375 0.0375
0 0.5125 0.79375 0.090625 0.025
0 0.596875 0.7953125 0.05 0.021875
0 0.76640625 0.78515625 0.140625 0.0296875
0 0.16484375 0.86953125 0.034375 0.0671875
0 0.190625 0.8484375 0.053125 0.0296875
0 0.24375 0.8453125 0.05 0.025
0 0.31171875 0.84921875 0.0671875 0.046875
0 0.3625 0.8453125 0.05 0.028125
0 0.396875 0.84453125 0.015625 0.028125
0 0.403125 0.853125 0.040625 0.059375
0 0.44453125 0.84140625 0.053125 0.0296875
0 0.44140625 0.86015625 0.0734375 0.0203125
0 0.4875 0.85390625 0.0125 0.0234375
0 0.59296875 0.84375 0.05 0.0328125
0 0.4890625 0.8578125 0.028125 0.0703125
0 0.66328125 0.83984375 0.015625 0.0375
0 0.19296875 0.8859375 0.05625 0.034375
0 0.32734375 0.86953125 0.05625 0.021875
0 0.25859375 0.8765625 0.065625 0.021875
0 0.33515625 0.884375 0.075 0.021875
0 0.31015625 0.91640625 0.1 0.0375
0 0.38203125 0.9234375 0.015625 0.0140625
0 0.51171875 0.9265625 0.0828125 0.046875
0 0.57421875 0.91953125 0.0125 0.0296875
0 0.20390625 0.96796875 0.03125 0.0625
0 0.34140625 0.95859375 0.09375 0.028125
0 0.26875 0.95625 0.009375 0.015625
0 0.23046875 0.95703125 0.0546875 0.0203125
0 0.39296875 0.97109375 0.0296875 0.0578125
0 0.4078125 0.134375 0.0875 0.0296875
0 0.4078125 0.3796875 0.075 0.028125
0 0.909375 0.15390625 0.040625 0.028125
0 0.75859375 0.2390625 0.0421875 0.0296875
0 0.815625 0.28203125 0.0375 0.0265625
0 0.81796875 0.3109375 0.0515625 0.028125
0 0.92890625 0.259375 0.0375 0.028125