0 0.0546875 0.625 0.0484375 0.0421875
0 0.13046875 0.6421875 0.0765625 0.05625
0 0.215625 0.64609375 0.0515625 0.028125
0 0.29921875 0.66796875 0.084375 0.071875
0 0.0421875 0.7046875 0.0421875 0.03125
0 0.0859375 0.7140625 0.015625 0.015625
0 0.15 0.728125 0.0671875 0.05625
0 0.259375 0.75234375 0.1078125 0.0796875
0 0.3828125 0.7609375 0.103125 0.06875
0 0.4859375 0.771875 0.0625 0.046875
0 0.55390625 0.771875 0.0359375 0.028125
0 0.6125 0.77734375 0.0125 0.0265625
0 0.665625 0.796875 0.0625 0.059375
0 0.7359375 0.79296875 0.0421875 0.0296875
0 0.83125 0.82109375 0.109375 0.071875
0 0.92265625 0.82421875 0.0421875 0.0265625
0 0.0140625 0.7953125 0.028125 0.05625
0 0.0609375 0.790625 0.0359375 0.03125
0 0.1234375 0.80078125 0.053125 0.03125
0 0.19765625 0.81953125 0.0734375 0.0625
0 0.27890625 0.82578125 0.059375 0.0265625
0 0.3578125 0.83046875 0.040625 0.0296875
0 0.41875 0.85078125 0.0484375 0.0578125
0 0.48203125 0.859375 0.0453125 0.0421875
0 0.5421875 0.8546875 0.0375 0.015625
0 0.63359375 0.87265625 0.1125 0.0546875
0 0.72109375 0.87890625 0.040625 0.0265625
0 0.79609375 0.88984375 0.0546875 0.0296875
0 0.85546875 0.9109375 0.0484375 0.0578125
0 0.0359375 0.890625 0.071875 0.034375