0 0.159375 0.03125 0.1109375 0.0359375
0 0.27734375 0.05 0.1171875 0.0609375
0 0.28359375 0.06875 0.025 0.03125
0 0.31484375 0.06875 0.0203125 0.0125
0 0.49140625 0.07265625 0.325 0.0625
0 0.48828125 0.10234375 0.315625 0.05
0 0.46796875 0.13515625 0.284375 0.053125
0 0.11953125 0.153125 0.0953125 0.0515625
0 0.22421875 0.16953125 0.0859375 0.046875
0 0.13828125 0.1875 0.0203125 0.0265625
0 0.215625 0.190625 0.0953125 0.0453125
0 0.33203125 0.203125 0.1171875 0.0546875
0 0.421875 0.19296875 0.0515625 0.0453125
0 0.4546875 0.1890625 0.021875 0.015625
0 0.49140625 0.18828125 0.0546875 0.0359375
0 0.5359375 0.2 0.0109375 0.0109375
0 0.578125 0.18671875 0.05 0.0390625
0 0.60859375 0.18515625 0.0234375 0.0125
0 0.6421875 0.18828125 0.0515625 0.0359375
0 0.2328125 0.2359375 0.0421875 0.046875
0 0.24765625 0.2421875 0.021875 0.0140625
0 0.2734375 0.240625 0.0296875 0.04375
0 0.40625 0.2484375 0.090625 0.0359375
0 0.4859375 0.2453125 0.021875 0.0265625
0 0.5234375 0.25 0.0234375 0.021875
0 0.62578125 0.2609375 0.159375 0.046875
0 0.1203125 0.27421875 0.0296875 0.0234375
0 0.2328125 0.275 0.134375 0.028125
0 0.3078125 0.30390625 0.078125 0.040625
0 0.3765625 0.30703125 0.05625 0.0421875
0 0.54921875 0.32265625 0.265625 0.0703125
0 0.1046875 0.33359375 0.015625 0.0296875
0 0.16171875 0.3359375 0.0546875 0.03125
0 0.246875 0.34140625 0.0828125 0.0484375
0 0.3375 0.33828125 0.0640625 0.025
0 0.42890625 0.3453125 0.0859375 0.025
0 0.19296875 0.36953125 0.090625 0.0359375
0 0.29140625 0.36796875 0.03125 0.034375
0 0.321875 0.36484375 0.0203125 0.0140625
0 0.359375 0.3671875 0.0484375 0.0328125
0 0.40625 0.3875 0.0140625 0.0125
0 0.496875 0.37578125 0.071875 0.025
0 0.5765625 0.375 0.0390625 0.03125
0 0.2109375 0.421875 0.065625 0.0421875
0 0.265625 0.42578125 0.0265625 0.021875
0 0.303125 0.4296875 0.0296875 0.0390625
0 0.35859375 0.43125 0.0765625 0.04375
0 0.43515625 0.446875 0.015625 0.0125
0 0.49765625 0.4328125 0.06875 0.0484375
0 0.5796875 0.43515625 0.1078125 0.040625
0 0.65 0.43671875 0.0359375 0.05
0 0.14921875 0.484375 0.040625 0.0296875
0 0.18359375 0.4859375 0.0203125 0.015625
0 0.23515625 0.47890625 0.0671875 0.0484375
0 0.3890625 0.4828125 0.1 0.0375
0 0.48984375 0.49140625 0.090625 0.05
0 0.559375 0.4953125 0.05 0.021875
0 0.14375 0.521875 0.0390625 0.0296875
0 0.17734375 0.5234375 0.021875 0.015625
0 0.22734375 0.521875 0.0578125 0.034375
0 0.340625 0.5359375 0.0578125 0.0453125
0 0.4390625 0.528125 0.1109375 0.034375
0 0.51796875 0.52734375 0.025 0.028125
0 0.553125 0.53046875 0.0265625 0.021875
0 0.64453125 0.5390625 0.159375 0.04375
0 0.14921875 0.590625 0.140625 0.0625
0 0.3046875 0.58984375 0.1015625 0.0375
0 0.4171875 0.6015625 0.1 0.05625
0 0.5359375 0.59140625 0.059375 0.0359375
0 0.57734375 0.59296875 0.0203125 0.0140625
0 0.6078125 0.59140625 0.025 0.0390625
0 0.690625 0.59453125 0.13125 0.0359375
0 0.57421875 0.6234375 0.0171875 0.009375
0 0.59609375 0.62421875 0.0265625 0.0296875
0 0.6734375 0.62734375 0.1140625 0.034375
0 0.8390625 0.60390625 0.0875 0.025
0 0.9265625 0.60703125 0.0703125 0.025
0 0.821875 0.63828125 0.0890625 0.0421875
0 0.91875 0.6390625 0.084375 0.0296875
0 0.15546875 0.6765625 0.090625 0.0421875
0 0.24140625 0.6828125 0.03125 0.0171875
0 0.32578125 0.68515625 0.1203125 0.0484375
0 0.48125 0.68828125 0.13125 0.0390625
0 0.63359375 0.69375 0.1265625 0.04375
0 0.06015625 0.734375 0.0203125 0.03125
0 0.08671875 0.73671875 0.021875 0.034375
0 0.19609375 0.74140625 0.14375 0.04375
0 0.3921875 0.74921875 0.2203125 0.046875
0 0.1671875 0.775 0.0265625 0.040625
0 0.09609375 0.79296875 0.03125 0.0453125
0 0.284375 0.79609375 0.0296875 0.0375
0 0.23515625 0.84140625 0.015625 0.01875
0 0.28828125 0.865625 0.025 0.046875
0 0.46015625 0.80234375 0.040625 0.0484375
0 0.49765625 0.809375 0.021875 0.015625
0 0.6140625 0.8140625 0.20625 0.0625
0 0.4484375 0.8734375 0.0375 0.0359375
0 0.4875 0.88359375 0.021875 0.0171875
0 0.60546875 0.88046875 0.2015625 0.059375
0 0.16796875 0.93203125 0.1109375 0.034375
0 0.28828125 0.93671875 0.09375 0.0265625
0 0.15078125 0.96328125 0.0859375 0.0265625
0 0.25703125 0.9734375 0.0953125 0.04375