0 0.10546875 0.1546875 0.0421875 0.028125
0 0.15234375 0.159375 0.04375 0.0296875
0 0.19453125 0.16328125 0.0359375 0.03125
0 0.2671875 0.17890625 0.1046875 0.046875
0 0.375 0.190625 0.10625 0.0328125
0 0.48828125 0.190625 0.1375 0.0796875
0 0.65078125 0.22890625 0.175 0.1109375
0 0.7359375 0.2328125 0.0140625 0.0078125
0 0.81875 0.234375 0.1328125 0.06875
0 0.9078125 0.2640625 0.0609375 0.0796875
0 0.1609375 0.24765625 0.1703125 0.103125
0 0.30546875 0.27109375 0.0921875 0.0796875
0 0.3953125 0.2765625 0.1015625 0.0640625
0 0.45703125 0.31171875 0.178125 0.1265625
0 0.60078125 0.3203125 0.1546875 0.1203125
0 0.70703125 0.309375 0.071875 0.06875
0 0.7921875 0.32421875 0.109375 0.065625
0 0.85625 0.34375 0.01875 0.0078125
0 0.93359375 0.340625 0.1328125 0.1125
0 0.06640625 0.46875 0.0296875 0.025
0 0.09296875 0.475 0.0125 0.0171875
0 0.1359375 0.475 0.0609375 0.03125
0 0.190625 0.4890625 0.0421875 0.028125
0 0.2421875 0.48671875 0.0515625 0.0296875
0 0.284375 0.49296875 0.0234375 0.0203125
0 0.33125 0.49609375 0.065625 0.0296875
0 0.4 0.4921875 0.0796875 0.0734375
0 0.47890625 0.528125 0.090625 0.071875
0 0.58984375 0.509375 0.1203125 0.0625
0 0.67109375 0.51484375 0.075 0.059375
0 0.74296875 0.525 0.0484375 0.0390625
0 0.8703125 0.55078125 0.1859375 0.0890625
0 0.11484375 0.5671875 0.09375 0.109375
0 0.21640625 0.59921875 0.09375 0.065625
0 0.57578125 0.60546875 0.0828125 0.075
0 0.66796875 0.615625 0.1046875 0.0671875
0 0.8046875 0.628125 0.1625 0.065625
0 0.90859375 0.646875 0.034375 0.0359375
0 0.0671875 0.6625 0.0609375 0.0890625
0 0.17421875 0.6703125 0.128125 0.090625
0 0.28359375 0.6890625 0.121875 0.0734375
0 0.415625 0.69140625 0.103125 0.071875
0 0.54921875 0.70546875 0.15 0.0671875
0 0.6453125 0.715625 0.0578125 0.0671875
0 0.7328125 0.7125 0.103125 0.06875
0 0.79296875 0.75234375 0.084375 0.10625
0 0.8734375 0.75859375 0.0625 0.0578125
0 0.0796875 0.71875 0.1015625 0.0671875
0 0.18671875 0.74140625 0.1296875 0.0828125
0 0.29921875 0.7375 0.15 0.0859375
0 0.403125 0.7546875 0.015625 0.0078125
0 0.465625 0.76171875 0.1 0.05625
0 0.534375 0.76953125 0.0140625 0.0078125
0 0.60390625 0.7734375 0.125 0.046875
0 0.040625 0.78125 0.0421875 0.0296875
0 0.090625 0.79453125 0.0515625 0.0296875
0 0.1703125 0.79765625 0.1015625 0.04375
0 0.25 0.80078125 0.046875 0.0265625
0 0.2984375 0.80234375 0.0421875 0.0296875
0 0.33828125 0.80703125 0.03125 0.0265625
0 0.0265625 0.8859375 0.0359375 0.028125
0 0.07890625 0.88984375 0.065625 0.0296875
0 0.13671875 0.89375 0.040625 0.028125
0 0.19375 0.9 0.0671875 0.0328125
0 0.2515625 0.90546875 0.0390625 0.0265625
0 0.3828125 0.59453125 0.271875 0.1375