0 0.10703125 0.0796875 0.090625 0.0359375
0 0.4390625 0.06328125 0.18125 0.040625
0 0.6015625 0.0546875 0.1265625 0.0453125
0 0.18203125 0.10078125 0.18125 0.0375
0 0.09296875 0.15859375 0.08125 0.01875
0 0.25390625 0.1515625 0.2140625 0.0515625
0 0.5359375 0.13125 0.2859375 0.0578125
0 0.0875 0.209375 0.065625 0.01875
0 0.26796875 0.20078125 0.25625 0.05625
0 0.49921875 0.19296875 0.065625 0.01875
0 0.66484375 0.18828125 0.209375 0.0515625
0 0.1265625 0.259375 0.103125 0.0265625
0 0.240625 0.2546875 0.1125 0.015625
0 0.1375 0.29296875 0.0796875 0.0421875
0 0.2640625 0.28984375 0.071875 0.034375
0 0.3859375 0.28671875 0.05625 0.0453125
0 0.48359375 0.28046875 0.0859375 0.0453125
0 0.1015625 0.36015625 0.04375 0.0234375
0 0.159375 0.35625 0.059375 0.0234375
0 0.2171875 0.35234375 0.0390625 0.01875
0 0.26953125 0.34921875 0.0515625 0.0203125
0 0.35859375 0.346875 0.109375 0.0203125
0 0.48515625 0.3515625 0.1296875 0.0515625
0 0.60078125 0.346875 0.1046875 0.0578125
0 0.746875 0.34765625 0.1609375 0.0640625
0 0.23984375 0.40546875 0.3484375 0.06875
0 0.1296875 0.46328125 0.1203125 0.0421875
0 0.20546875 0.45390625 0.01875 0.028125
0 0.2546875 0.453125 0.0671875 0.03125
0 0.3671875 0.45703125 0.1515625 0.040625
0 0.48984375 0.44296875 0.0890625 0.0296875
0 0.13046875 0.50390625 0.125 0.0484375
0 0.31484375 0.484375 0.2203125 0.053125
0 0.55859375 0.484375 0.09375 0.040625
0 0.68828125 0.475 0.134375 0.0515625
0 0.79375 0.48359375 0.05625 0.0390625
0 0.50859375 0.52734375 0.103125 0.040625
0 0.6734375 0.5203125 0.1546875 0.040625
0 0.21328125 0.58203125 0.284375 0.059375
0 0.390625 0.57421875 0.0546875 0.0453125
0 0.4453125 0.5796875 0.0359375 0.028125
0 0.58515625 0.57578125 0.2453125 0.0609375
0 0.7671875 0.5609375 0.0875 0.0453125
0 0.13359375 0.6375 0.128125 0.0453125
0 0.2578125 0.63125 0.10625 0.046875
0 0.33046875 0.62265625 0.04375 0.0390625
0 0.45859375 0.61796875 0.1921875 0.0421875
0 0.62265625 0.6109375 0.125 0.04375
0 0.71953125 0.60703125 0.0328125 0.021875
0 0.796875 0.6046875 0.0953125 0.0265625
0 0.13359375 0.6796875 0.109375 0.0359375
0 0.25234375 0.6703125 0.090625 0.0328125
0 0.41796875 0.6640625 0.2046875 0.0546875
0 0.559375 0.6546875 0.0828125 0.0390625
0 0.63125 0.64921875 0.059375 0.028125
0 0.68203125 0.6421875 0.040625 0.034375
0 0.79140625 0.64453125 0.165625 0.04375
0 0.12421875 0.75078125 0.0890625 0.040625
0 0.19765625 0.75 0.0265625 0.00625
0 0.2390625 0.74609375 0.0265625 0.0390625
0 0.2828125 0.7453125 0.0265625 0.0234375
0 0.3515625 0.73828125 0.0921875 0.0390625
0 0.54375 0.725 0.1546875 0.040625
0 0.74921875 0.7203125 0.221875 0.0515625
0 0.12734375 0.80078125 0.0921875 0.04375
0 0.1921875 0.8015625 0.025 0.009375
0 0.2484375 0.796875 0.090625 0.04375
0 0.31171875 0.7921875 0.025 0.0203125
0 0.359375 0.7859375 0.0375 0.0390625
0 0.146875 0.8578125 0.071875 0.03125
0 0.0859375 0.8875 0.0203125 0.00625
0 0.14375 0.884375 0.0796875 0.025
0 0.334375 0.85 0.090625 0.0484375
0 0.4453125 0.8328125 0.1359375 0.046875
0 0.57734375 0.8234375 0.1234375 0.0515625
0 0.67890625 0.81953125 0.0765625 0.046875
0 0.8015625 0.81640625 0.1375 0.0484375
0 0.146875 0.9203125 0.0921875 0.0296875
0 0.2734375 0.9078125 0.0546875 0.0421875
0 0.34765625 0.90625 0.0875 0.0375
0 0.45078125 0.89140625 0.1234375 0.0515625
0 0.5671875 0.890625 0.1171875 0.053125
0 0.69765625 0.87421875 0.1359375 0.046875
0 0.7828125 0.86875 0.03125 0.0359375
0 0.84609375 0.87265625 0.084375 0.034375
0 0.69765625 0.90859375 0.1375 0.0375
0 0.128125 0.9640625 0.1203125 0.0171875
0 0.22109375 0.96015625 0.0640625 0.0140625
0 0.28046875 0.95859375 0.05 0.0140625
0 0.4921875 0.490625 0.0203125 0.0109375
0 0.2140625 0.0734375 0.04375 0.021875