0 0.18359375 0.00234375 0.0421875 0.0046875
0 0.234375 0.00546875 0.053125 0.0109375
0 0.2953125 0.0078125 0.0625 0.015625
0 0.38203125 0.0140625 0.10625 0.028125
0 0.465625 0.01953125 0.05625 0.025
0 0.5515625 0.025 0.1140625 0.0328125
0 0.6234375 0.0296875 0.021875 0.0203125
0 0.66015625 0.0328125 0.040625 0.021875
0 0.72265625 0.0421875 0.078125 0.025
0 0.82265625 0.046875 0.1109375 0.034375
0 0.09140625 0.0421875 0.046875 0.025
0 0.14140625 0.046875 0.053125 0.025
0 0.18203125 0.05078125 0.025 0.021875
0 0.23984375 0.05703125 0.0875 0.03125
0 0.35390625 0.06640625 0.1390625 0.0359375
0 0.43828125 0.071875 0.021875 0.021875
0 0.50546875 0.07890625 0.0671875 0.03125
0 0.57890625 0.08359375 0.078125 0.028125
0 0.45859375 0.075 0.0171875 0.0171875
0 0.0828125 0.08984375 0.0359375 0.028125
0 0.17421875 0.0984375 0.084375 0.0328125
0 0.240625 0.1015625 0.0453125 0.0234375
0 0.32734375 0.11015625 0.1265625 0.028125
0 0.0984375 0.128125 0.0625 0.0359375
0 0.17890625 0.134375 0.0609375 0.0421875
0 0.2640625 0.15 0.065625 0.0265625
0 0.3328125 0.15234375 0.0328125 0.025
0 0.375 0.15078125 0.03125 0.03125
0 0.41953125 0.15546875 0.0328125 0.028125
0 0.47890625 0.15625 0.046875 0.04375
0 0.52421875 0.16640625 0.0328125 0.0171875
0 0.57265625 0.159375 0.034375 0.0390625
0 0.63984375 0.16015625 0.0703125 0.04375
0 0.71484375 0.171875 0.0375 0.0390625
0 0.79375 0.18203125 0.09375 0.046875
0 0.90390625 0.19140625 0.0546875 0.0515625
0 0.1 0.18984375 0.071875 0.034375
0 0.1875 0.19921875 0.065625 0.0453125
0 0.275 0.19921875 0.0609375 0.04375
0 0.365625 0.2125 0.059375 0.0359375
0 0.471875 0.2234375 0.1 0.0515625
0 0.57109375 0.22734375 0.0640625 0.0421875
0 0.634375 0.23828125 0.0296875 0.021875
0 0.6921875 0.234375 0.075 0.0484375
0 0.78125 0.24609375 0.1015625 0.053125
0 0.8875 0.25625 0.06875 0.0515625
0 0.93203125 0.25546875 0.04375 0.0375
0 0.1109375 0.23828125 0.090625 0.046875
0 0.18515625 0.24375 0.03125 0.0421875
0 0.24296875 0.2578125 0.05 0.028125
0 0.31875 0.25859375 0.05 0.0421875
0 0.41796875 0.2671875 0.1015625 0.0546875
0 0.5125 0.2734375 0.05 0.0421875
0 0.59140625 0.28125 0.096875 0.053125
0 0.67734375 0.3 0.0578125 0.03125
0 0.0734375 0.29921875 0.0359375 0.0265625
0 0.1546875 0.30546875 0.0671875 0.0234375
0 0.2171875 0.31171875 0.053125 0.021875
0 0.27734375 0.31796875 0.0578125 0.0265625
0 0.34765625 0.3234375 0.078125 0.028125
0 0.43046875 0.32890625 0.0796875 0.025
0 0.496875 0.3375 0.046875 0.0203125
0 0.603125 0.3453125 0.1578125 0.0328125
0 0.7 0.353125 0.0265625 0.0203125
0 0.72265625 0.35703125 0.0125 0.015625
0 0.7859375 0.36171875 0.1015625 0.0296875
0 0.90625 0.371875 0.134375 0.0328125
0 0.9875 0.37890625 0.025 0.0171875
0 0.065625 0.35234375 0.025 0.025
0 0.1296875 0.3546875 0.0515625 0.03125
0 0.2828125 0.3609375 0.1796875 0.0515625
0 0.43828125 0.3796875 0.0671875 0.034375
0 0.56640625 0.390625 0.0640625 0.03125
0 0.65 0.39765625 0.0296875 0.021875
0 0.74765625 0.4046875 0.0984375 0.0453125
0 0.859375 0.4046875 0.0265625 0.0296875
0 0.109375 0.40703125 0.0796875 0.034375
0 0.215625 0.409375 0.0625 0.0484375
0 0.303125 0.4203125 0.065625 0.0390625
0 0.0625 0.45859375 0.03125 0.0265625
0 0.1109375 0.4515625 0.05625 0.040625
0 0.203125 0.46171875 0.0609375 0.0390625
0 0.33203125 0.47890625 0.1046875 0.03125
0 0.46171875 0.490625 0.0390625 0.034375
0 0.55625 0.4875 0.03125 0.025
0 0.63828125 0.48984375 0.084375 0.0515625
0 0.73828125 0.5 0.0359375 0.046875
0 0.82109375 0.51484375 0.034375 0.021875
0 0.93359375 0.51640625 0.1234375 0.065625
0 0.10078125 0.49765625 0.096875 0.046875
0 0.1875 0.50859375 0.0390625 0.03125
0 0.290625 0.51484375 0.1140625 0.0484375
0 0.4046875 0.5265625 0.05625 0.040625
0 0.4984375 0.53125 0.0640625 0.0453125
0 0.60390625 0.5375 0.0953125 0.0453125
0 0.69921875 0.55625 0.1140625 0.0625
0 0.928125 0.61015625 0.040625 0.025
0 0.97109375 0.61484375 0.0421875 0.0171875
0 0.08046875 0.59296875 0.0828125 0.028125
0 0.1671875 0.5984375 0.0875 0.0234375
0 0.2421875 0.6046875 0.059375 0.0203125
0 0.3109375 0.609375 0.075 0.028125
0 0.3703125 0.6125 0.0375 0.021875
0 0.41484375 0.615625 0.04375 0.021875
0 0.4515625 0.62109375 0.0296875 0.0234375
0 0.484375 0.62265625 0.0359375 0.0203125
0 0.5453125 0.6265625 0.0796875 0.025
0 0.61796875 0.6328125 0.0609375 0.021875
0 0.696875 0.6390625 0.0953125 0.025
0 0.7671875 0.6453125 0.0375 0.01875
0 0.8140625 0.6515625 0.05 0.0265625
0 0.88359375 0.65703125 0.0890625 0.0296875
0 0.94921875 0.66328125 0.05625 0.025
0 0.090625 0.61875 0.1078125 0.0265625
0 0.19375 0.6296875 0.096875 0.025
0 0.25703125 0.63203125 0.0234375 0.01875
0 0.290625 0.63359375 0.040625 0.0203125
0 0.36796875 0.640625 0.1078125 0.0265625
0 0.44453125 0.64453125 0.0390625 0.021875
0 0.4984375 0.65 0.0609375 0.0234375
0 0.55234375 0.653125 0.040625 0.0203125
0 0.61953125 0.6578125 0.0875 0.025
0 0.07578125 0.66015625 0.084375 0.025
0 0.14375 0.6671875 0.05 0.021875
0 0.215625 0.6734375 0.090625 0.028125
0 0.31953125 0.6796875 0.109375 0.028125
0 0.4140625 0.6859375 0.075 0.0234375
0 0.46875 0.690625 0.0234375 0.01875
0 0.496875 0.69453125 0.028125 0.015625
0 0.56015625 0.69765625 0.0890625 0.0234375
0 0.6203125 0.7015625 0.0203125 0.0171875
0 0.67734375 0.70703125 0.0828125 0.021875
0 0.75 0.71328125 0.0546875 0.01875
0 0.7953125 0.7171875 0.028125 0.0140625
0 0.83203125 0.71796875 0.0359375 0.01875
0 0.87890625 0.72109375 0.0453125 0.0203125
0 0.94453125 0.72890625 0.0765625 0.0203125
0 0.04453125 0.71015625 0.0234375 0.0234375
0 0.1015625 0.709375 0.0796875 0.034375
0 0.23515625 0.72421875 0.06875 0.0234375
0 0.346875 0.72265625 0.08125 0.053125
0 0.4390625 0.7359375 0.04375 0.0203125
0 0.5296875 0.740625 0.065625 0.028125
0 0.646875 0.7484375 0.109375 0.05625
0 0.7453125 0.7546875 0.03125 0.0296875
0 0.82421875 0.76328125 0.0546875 0.046875
0 0.91484375 0.775 0.075 0.028125
0 0.07109375 0.753125 0.0296875 0.0421875
0 0.14765625 0.75625 0.08125 0.0421875
0 0.2796875 0.775 0.090625 0.0484375
0 0.41796875 0.7828125 0.14375 0.059375
0 0.56328125 0.7890625 0.09375 0.0390625
0 0.665625 0.79453125 0.053125 0.034375
0 0.7609375 0.79921875 0.0953125 0.0453125
0 0.87421875 0.8046875 0.084375 0.040625
0 0.9546875 0.80859375 0.0421875 0.0390625
0 0.040625 0.809375 0.034375 0.025
0 0.11328125 0.80546875 0.1046875 0.0421875
0 0.23046875 0.8109375 0.0640625 0.0390625
0 0.31796875 0.821875 0.0578125 0.0515625
0 0.44765625 0.83046875 0.1625 0.0546875
0 0.60703125 0.84453125 0.109375 0.059375
0 0.7046875 0.84140625 0.0625 0.0484375
0 0.8515625 0.8671875 0.190625 0.075
0 0.11171875 0.86484375 0.1390625 0.0515625
0 0.89609375 0.9515625 0.0375 0.0265625
0 0.9390625 0.9546875 0.0453125 0.021875
0 0.034375 0.9390625 0.0421875 0.0203125
0 0.0765625 0.94296875 0.028125 0.01875
0 0.10546875 0.9453125 0.0171875 0.0171875
0 0.1328125 0.94765625 0.0265625 0.015625
0 0.1984375 0.9515625 0.09375 0.0296875
0 0.2625 0.9546875 0.025 0.01875
0 0.284375 0.9578125 0.0140625 0.0125
0 0.34296875 0.9609375 0.0953125 0.025
0 0.42890625 0.96484375 0.0703125 0.025
0 0.50625 0.9734375 0.075 0.0265625
0 0.56875 0.978125 0.0375 0.0203125
0 0.61796875 0.98203125 0.0546875 0.0203125
0 0.69375 0.9875 0.090625 0.025
0 0.77734375 0.99140625 0.0671875 0.0171875