0 0.05390625 0.25546875 0.1078125 0.0796875
0 0.196875 0.21328125 0.1890625 0.096875
0 0.0703125 0.32578125 0.1109375 0.0640625
0 0.1859375 0.28984375 0.1140625 0.0703125
0 0.28515625 0.28046875 0.096875 0.0671875
0 0.4015625 0.228125 0.1453125 0.0828125
0 0.05234375 0.39921875 0.04375 0.0421875
0 0.1546875 0.36796875 0.16875 0.0984375
0 0.2921875 0.3265625 0.1078125 0.0671875
0 0.378125 0.31484375 0.0484375 0.0375
0 0.5609375 0.25703125 0.125 0.0671875
0 0.69140625 0.2375 0.1140625 0.090625
0 0.75703125 0.19765625 0.0515625 0.0546875
0 0.090625 0.45625 0.1109375 0.08125
0 0.175 0.44375 0.05 0.03125
0 0.225 0.4203125 0.0625 0.0546875
0 0.30859375 0.40078125 0.10625 0.0625
0 0.40234375 0.37109375 0.078125 0.0578125
0 0.4765625 0.35703125 0.065625 0.0421875
0 0.56875 0.3484375 0.1046875 0.0796875
0 0.66875 0.3125 0.1125 0.0828125
0 0.76953125 0.2671875 0.09375 0.0671875
0 0.078125 0.5234375 0.0546875 0.0546875
0 0.14609375 0.503125 0.06875 0.0578125
0 0.23125 0.484375 0.115625 0.065625
0 0.396875 0.4390625 0.2125 0.103125
0 0.6078125 0.3859375 0.20625 0.0875
0 0.73671875 0.3484375 0.0328125 0.040625
0 0.80390625 0.3296875 0.103125 0.065625
0 0.45625 0.2828125 0.0796875 0.0625
0 0.15625 0.5671875 0.1875 0.0890625
0 0.2953125 0.553125 0.1046875 0.0703125
0 0.37734375 0.51328125 0.065625 0.0484375
0 0.45703125 0.4921875 0.0890625 0.0609375
0 0.5234375 0.47890625 0.040625 0.05
0 0.59921875 0.47578125 0.1546875 0.10625
0 0.715625 0.42890625 0.078125 0.0515625
0 0.834375 0.4 0.1671875 0.0953125
0 0.12734375 0.66484375 0.1125 0.1046875
0 0.196875 0.640625 0.0640625 0.0734375
0 0.2640625 0.61484375 0.0734375 0.05625
0 0.33125 0.5953125 0.0671875 0.05
0 0.41171875 0.57890625 0.0875 0.0765625
0 0.48515625 0.57109375 0.1140625 0.0640625
0 0.60546875 0.5359375 0.1625 0.1
0 0.77734375 0.478125 0.18125 0.1015625
0 0.13515625 0.71171875 0.0609375 0.0453125
0 0.19140625 0.6890625 0.046875 0.05625
0 0.26875 0.67265625 0.1046875 0.0828125
0 0.34921875 0.65625 0.0625 0.0546875
0 0.4828125 0.62578125 0.1921875 0.084375
0 0.66796875 0.58203125 0.1546875 0.084375
0 0.8203125 0.5421875 0.14375 0.075
0 0.1734375 0.76953125 0.10625 0.0640625
0 0.27578125 0.7546875 0.121875 0.090625
0 0.4015625 0.709375 0.146875 0.078125
0 0.509375 0.69140625 0.0765625 0.046875
0 0.571875 0.66953125 0.0453125 0.046875
0 0.66171875 0.6546875 0.1375 0.09375
0 0.775 0.62109375 0.0671875 0.0515625
0 0.84453125 0.61015625 0.053125 0.059375
0 0.22734375 0.8171875 0.1921875 0.0875
0 0.390625 0.78046875 0.1359375 0.06875
0 0.490625 0.7578125 0.05 0.040625
0 0.565625 0.75390625 0.109375 0.08125
0 0.665625 0.7203125 0.1046875 0.065625
0 0.7390625 0.6984375 0.065625 0.0546875
0 0.83515625 0.678125 0.1203125 0.0671875
0 0.20703125 0.88984375 0.1390625 0.084375
0 0.325 0.865625 0.0734375 0.0546875
0 0.40546875 0.84375 0.0828125 0.0546875
0 0.515625 0.840625 0.128125 0.115625
0 0.609375 0.79375 0.0609375 0.0484375
0 0.70078125 0.775 0.1015625 0.06875
0 0.80703125 0.75 0.090625 0.0640625
0 0.90625 0.72265625 0.1125 0.0765625
0 0.3 0.98359375 0.06875 0.0328125
0 0.421875 0.96015625 0.153125 0.0796875