0 0.13359375 0.103125 0.0859375 0.0328125
0 0.2875 0.115625 0.20625 0.05625
0 0.125 0.15546875 0.0703125 0.0328125
0 0.234375 0.1703125 0.1359375 0.05625
0 0.46875 0.16484375 0.0703125 0.0328125
0 0.54921875 0.175 0.040625 0.046875
0 0.61484375 0.1796875 0.0671875 0.05625
0 0.678125 0.18671875 0.0828125 0.0375
0 0.8015625 0.1203125 0.040625 0.0265625
0 0.803125 0.16875 0.040625 0.028125
0 0.81484375 0.2171875 0.059375 0.028125
0 0.815625 0.26640625 0.0578125 0.028125
0 0.80625 0.31484375 0.0375 0.0265625
0 0.80546875 0.3640625 0.034375 0.0265625
0 0.18203125 0.2609375 0.18125 0.0671875
0 0.3578125 0.2734375 0.1203125 0.0484375
0 0.5359375 0.2734375 0.20625 0.0890625
0 0.66875 0.2578125 0.015625 0.0546875
0 0.1609375 0.3453125 0.1578125 0.06875
0 0.33125 0.3484375 0.1328125 0.078125
0 0.4453125 0.36015625 0.0515625 0.040625
0 0.57265625 0.34375 0.1765625 0.0640625
0 0.7109375 0.3453125 0.059375 0.0890625
0 0.18203125 0.415625 0.196875 0.0671875
0 0.309375 0.41875 0.03125 0.05
0 0.38203125 0.4171875 0.05625 0.05625
0 0.5109375 0.41328125 0.14375 0.071875
0 0.6609375 0.4125 0.1125 0.0609375
0 0.19296875 0.48984375 0.225 0.0796875
0 0.38515625 0.490625 0.1265625 0.05
0 0.51015625 0.4953125 0.0984375 0.0734375
0 0.6125 0.478125 0.071875 0.065625
0 0.68515625 0.4875 0.03125 0.0421875
0 0.18203125 0.58203125 0.2328125 0.08125
0 0.41171875 0.58046875 0.1921875 0.053125
0 0.5921875 0.578125 0.1546875 0.0984375
0 0.15625 0.6625 0.15 0.06875
0 0.29765625 0.65703125 0.075 0.065625
0 0.425 0.659375 0.1203125 0.0640625
0 0.55859375 0.65078125 0.103125 0.0578125
0 0.7109375 0.6640625 0.15625 0.084375
0 0.815625 0.4625 0.0546875 0.040625
0 0.8125 0.56328125 0.040625 0.0359375
0 0.8265625 0.71171875 0.065625 0.03125
0 0.1609375 0.79375 0.140625 0.0359375
0 0.28203125 0.7890625 0.0828125 0.028125
0 0.4640625 0.77421875 0.25 0.0828125
0 0.12578125 0.84765625 0.0625 0.03125
0 0.20390625 0.84921875 0.08125 0.0390625
0 0.82578125 0.8125 0.059375 0.034375