0 0.19453125 0.24609375 0.196875 0.0796875
0 0.41484375 0.2375 0.1859375 0.071875
0 0.5515625 0.2359375 0.06875 0.040625
0 0.7453125 0.23125 0.3015625 0.159375
0 0.24921875 0.31953125 0.3265625 0.1109375
0 0.465625 0.3046875 0.0890625 0.071875
0 0.6890625 0.32265625 0.3453125 0.165625
0 0.16953125 0.40234375 0.1296875 0.071875
0 0.3515625 0.38515625 0.1984375 0.0890625
0 0.590625 0.36640625 0.265625 0.1125
0 0.79609375 0.35859375 0.1171875 0.0890625
0 0.22890625 0.47734375 0.228125 0.0921875
0 0.4453125 0.4625 0.1390625 0.065625
0 0.63515625 0.4421875 0.1703125 0.0796875
0 0.2125 0.5703125 0.1734375 0.090625
0 0.54140625 0.55546875 0.4671875 0.1625