0 0.0625 0.33515625 0.125 0.2078125
0 0.23203125 0.30859375 0.2609375 0.253125
0 0.2 0.57421875 0.2109375 0.246875
0 0.34609375 0.571875 0.134375 0.2078125
0 0.45546875 0.5 0.159375 0.221875
0 0.58984375 0.43046875 0.18125 0.203125
0 0.70703125 0.4484375 0.1140625 0.1984375
0 0.7875 0.41328125 0.1140625 0.178125
0 0.884375 0.39375 0.175 0.2953125
0 0.2296875 0.8015625 0.1515625 0.2453125
0 0.36953125 0.83203125 0.1578125 0.203125
0 0.53984375 0.74765625 0.2328125 0.2609375
0 0.6765625 0.74296875 0.065625 0.1828125