0 0.6984375 0.040625 0.13125 0.08125
0 0.1140625 0.31875 0.228125 0.190625
0 0.33359375 0.18203125 0.2375 0.203125
0 0.2046875 0.46875 0.1359375 0.1328125
0 0.2421875 0.57578125 0.1140625 0.128125
0 0.3953125 0.47578125 0.1453125 0.15
0 0.515625 0.3625 0.1703125 0.171875
0 0.50234375 0.50625 0.1390625 0.1546875
0 0.59765625 0.3984375 0.09375 0.09375
0 0.690625 0.3171875 0.125 0.1140625
0 0.81484375 0.20390625 0.08125 0.08125
0 0.83671875 0.32109375 0.1484375 0.1015625
0 0.8640625 0.403125 0.159375 0.0984375
0 0.315625 0.9078125 0.165625 0.1625
0 0.44140625 0.80078125 0.1421875 0.1375