0 0.63515625 0.346875 0.2328125 0.121875
0 0.28828125 0.4078125 0.140625 0.084375
0 0.534375 0.13515625 0.15625 0.0859375
0 0.53203125 0.18828125 0.1234375 0.075
0 0.1484375 0.19140625 0.1140625 0.0765625
0 0.27421875 0.28359375 0.1125 0.0796875
0 0.38046875 0.165625 0.134375 0.0671875
0 0.4078125 0.20859375 0.1078125 0.071875
0 0.65703125 0.51171875 0.165625 0.0625
0 0.51171875 0.246875 0.1359375 0.071875
0 0.88984375 0.4984375 0.19375 0.0625
0 0.3625 0.69140625 0.14375 0.0546875
0 0.2625 0.18046875 0.10625 0.071875
0 0.76484375 0.21875 0.0953125 0.0703125
0 0.47578125 0.375 0.084375 0.0640625
0 0.74296875 0.46015625 0.1015625 0.0546875
0 0.1609375 0.25078125 0.0953125 0.0546875
0 0.16328125 0.3 0.0875 0.0703125
0 0.50546875 0.53828125 0.1140625 0.05625
0 0.3828125 0.09375 0.0828125 0.053125
0 0.62265625 0.55625 0.0984375 0.0546875
0 0.2625 0.23671875 0.0859375 0.0546875
0 0.3921875 0.609375 0.071875 0.05625
0 0.840625 0.43515625 0.1 0.05
0 0.484375 0.07421875 0.109375 0.0453125
0 0.3828125 0.26015625 0.0875 0.05625
0 0.778125 0.11015625 0.078125 0.065625
0 0.67578125 0.215625 0.08125 0.05
0 0.7890625 0.4828125 0.0921875 0.0453125
0 0.39296875 0.56171875 0.0859375 0.046875
0 0.7484375 0.5328125 0.0734375 0.0484375
0 0.10703125 0.6109375 0.103125 0.040625
0 0.8625 0.07890625 0.0734375 0.0578125
0 0.1078125 0.7 0.0734375 0.04375
0 0.18203125 0.41640625 0.06875 0.046875
0 0.51953125 0.50546875 0.0703125 0.05
0 0.15078125 0.5640625 0.209375 0.0640625
0 0.703125 0.1015625 0.071875 0.04375
0 0.46640625 0.5875 0.0734375 0.034375
0 0.88125 0.46328125 0.0671875 0.0390625
0 0.37265625 0.521875 0.065625 0.0390625
0 0.3890625 0.38203125 0.05 0.0421875
0 0.63203125 0.12109375 0.05 0.0421875
0 0.603125 0.225 0.040625 0.0484375
0 0.74375 0.5765625 0.0578125 0.0328125
0 0.33046875 0.21875 0.0375 0.0484375
0 0.53125 0.56796875 0.053125 0.0390625
0 0.69296875 0.54296875 0.0453125 0.0421875
0 0.12265625 0.425 0.0265625 0.0375
0 0.090625 0.26328125 0.028125 0.034375
0 0.46328125 0.50703125 0.0265625 0.025
0 0.915625 0.57109375 0.0984375 0.0578125
0 0.07421875 0.20234375 0.021875 0.03125
0 0.1046875 0.32421875 0.0296875 0.046875
0 0.42578125 0.5109375 0.0328125 0.03125
0 0.6234375 0.471875 0.1453125 0.071875
0 0.9234375 0.41640625 0.059375 0.0453125