0 0.4375 0.14921875 0.23125 0.0828125
0 0.65625 0.15078125 0.103125 0.0546875
0 0.0359375 0.265625 0.0703125 0.065625
0 0.17734375 0.26015625 0.115625 0.0546875
0 0.3015625 0.25625 0.0421875 0.0359375
0 0.4546875 0.253125 0.1640625 0.0734375
0 0.62265625 0.23671875 0.1328125 0.059375
0 0.78671875 0.234375 0.15 0.1109375
0 0.93203125 0.23671875 0.084375 0.0640625
0 0.11953125 0.3625 0.15625 0.1109375
0 0.26875 0.33359375 0.0203125 0.065625
0 0.43359375 0.3328125 0.1921875 0.05
0 0.40078125 0.4921875 0.1515625 0.05625
0 0.52734375 0.496875 0.0359375 0.034375
0 0.6390625 0.4890625 0.140625 0.046875
0 0.7578125 0.47578125 0.03125 0.0359375
0 0.82890625 0.4734375 0.078125 0.0359375
0 0.1515625 0.590625 0.084375 0.0796875
0 0.25390625 0.59921875 0.0421875 0.053125
0 0.36484375 0.5890625 0.071875 0.0484375
0 0.1578125 0.66171875 0.0734375 0.0625
0 0.2640625 0.67578125 0.040625 0.046875
0 0.3953125 0.65625 0.13125 0.075
0 0.53046875 0.653125 0.065625 0.0515625
0 0.66953125 0.646875 0.1421875 0.05625
0 0.8671875 0.63125 0.18125 0.0578125
0 0.2234375 0.75 0.165625 0.0609375
0 0.403125 0.75703125 0.0953125 0.059375
0 0.5046875 0.7390625 0.03125 0.04375
0 0.65625 0.71875 0.1984375 0.08125