0 0.27890625 0.00625 0.0296875 0.0125
0 0.33046875 0.0125 0.0609375 0.025
0 0.4328125 0.03203125 0.084375 0.040625
0 0.5109375 0.05546875 0.01875 0.0171875
0 0.55390625 0.0671875 0.0421875 0.0375
0 0.5859375 0.06875 0.0171875 0.0203125
0 0.68203125 0.0953125 0.0421875 0.0234375
0 0.75859375 0.11171875 0.021875 0.0140625
0 0.82109375 0.1296875 0.0390625 0.03125
0 0.86640625 0.13828125 0.025 0.01875
0 0.2375 0.04765625 0.034375 0.021875
0 0.315625 0.06640625 0.0734375 0.040625
0 0.39296875 0.07578125 0.025 0.021875
0 0.4265625 0.08359375 0.0203125 0.01875
0 0.48125 0.10078125 0.0390625 0.034375
0 0.53046875 0.11015625 0.028125 0.021875
0 0.5875 0.12265625 0.0375 0.0203125
0 0.64921875 0.13515625 0.04375 0.0296875
0 0.71015625 0.1453125 0.05625 0.028125
0 0.78203125 0.16328125 0.0625 0.0390625
0 0.85390625 0.17109375 0.03125 0.025
0 0.91640625 0.1890625 0.0625 0.0296875
0 0.97890625 0.20703125 0.0265625 0.0171875
0 0.69453125 0.17265625 0.059375 0.034375
0 0.753125 0.1828125 0.03125 0.0234375
0 0.246875 0.115625 0.0640625 0.04375
0 0.3265625 0.13203125 0.0234375 0.0203125
0 0.3734375 0.1453125 0.034375 0.0234375
0 0.46171875 0.16796875 0.0609375 0.034375
0 0.53984375 0.18203125 0.034375 0.0203125
0 0.609375 0.19296875 0.0703125 0.034375
0 0.68828125 0.21171875 0.0265625 0.0234375
0 0.740625 0.225 0.040625 0.0171875
0 0.79296875 0.24140625 0.046875 0.0359375
0 0.840625 0.24765625 0.025 0.021875
0 0.8421875 0.265625 0.0390625 0.0296875
0 0.48125 0.21171875 0.0671875 0.034375
0 0.5640625 0.23359375 0.053125 0.0328125
0 0.653125 0.24921875 0.0859375 0.0390625
0 0.746875 0.265625 0.0734375 0.0390625
0 0.26171875 0.22890625 0.1171875 0.04375
0 0.39921875 0.25859375 0.103125 0.0390625
0 0.50546875 0.278125 0.0234375 0.01875
0 0.57109375 0.2890625 0.053125 0.03125
0 0.20546875 0.26796875 0.0515625 0.028125
0 0.26953125 0.28046875 0.04375 0.03125
0 0.321875 0.2921875 0.025 0.0265625
0 0.3703125 0.2953125 0.040625 0.0203125
0 0.4421875 0.31015625 0.05 0.025
0 0.23203125 0.31484375 0.0640625 0.0265625
0 0.278125 0.33125 0.03125 0.0234375
0 0.31640625 0.334375 0.034375 0.0234375
0 0.359375 0.34140625 0.025 0.0296875
0 0.44921875 0.36171875 0.0359375 0.021875
0 0.5203125 0.3765625 0.0234375 0.0171875
0 0.62109375 0.39375 0.1203125 0.05
0 0.2125 0.34140625 0.03125 0.021875
0 0.29140625 0.3609375 0.0796875 0.0328125
0 0.37890625 0.38515625 0.040625 0.03125
0 0.4625 0.40078125 0.078125 0.0375
0 0.22890625 0.378125 0.0296875 0.0203125
0 0.3328125 0.403125 0.0953125 0.05
0 0.41484375 0.4203125 0.0265625 0.015625
0 0.4859375 0.43046875 0.059375 0.034375
0 0.53828125 0.43984375 0.0234375 0.0140625
0 0.58125 0.44765625 0.05 0.0234375
0 0.7515625 0.41640625 0.0796875 0.0390625
0 0.82578125 0.43203125 0.053125 0.0375
0 0.88359375 0.440625 0.0234375 0.0140625
0 0.92890625 0.45234375 0.0515625 0.025
0 0.3984375 0.4421875 0.0390625 0.0234375
0 0.44765625 0.45546875 0.01875 0.009375
0 0.51328125 0.4703125 0.053125 0.0265625
0 0.58984375 0.4890625 0.0703125 0.0421875
0 0.68046875 0.509375 0.0734375 0.0359375
0 0.30859375 0.46796875 0.0421875 0.01875
0 0.37734375 0.4828125 0.0515625 0.0234375
0 0.415625 0.49375 0.0265625 0.0265625
0 0.43828125 0.496875 0.0125 0.009375
0 0.49921875 0.509375 0.0703125 0.03125
0 0.57421875 0.52890625 0.0453125 0.0265625
0 0.64921875 0.54453125 0.04375 0.0265625
0 0.709375 0.55234375 0.03125 0.028125
0 0.3015625 0.49296875 0.0609375 0.0375
0 0.36171875 0.51171875 0.0296875 0.028125
0 0.44453125 0.5328125 0.0875 0.0453125
0 0.553125 0.553125 0.084375 0.040625
0 0.6640625 0.5828125 0.1078125 0.0484375
0 0.203125 0.51875 0.034375 0.0296875
0 0.29609375 0.5421875 0.05625 0.028125
0 0.371875 0.55859375 0.053125 0.0359375
0 0.215625 0.5640625 0.01875 0.0375
0 0.26484375 0.57578125 0.0578125 0.0328125
0 0.3671875 0.5953125 0.1140625 0.04375
0 0.48984375 0.61796875 0.08125 0.0359375
0 0.56953125 0.63359375 0.025 0.0203125
0 0.63984375 0.64765625 0.0875 0.0421875
0 0.15 0.6078125 0.059375 0.0390625
0 0.3578125 0.6515625 0.0484375 0.034375
0 0.55703125 0.69296875 0.053125 0.03125
0 0.37578125 0.6828125 0.04375 0.0265625
0 0.41484375 0.69296875 0.04375 0.03125
0 0.4484375 0.7 0.0125 0.0140625
0 0.4796875 0.70390625 0.0375 0.0296875
0 0.42421875 0.71640625 0.034375 0.01875
0 0.46328125 0.725 0.025 0.01875
0 0.4828125 0.72734375 0.0203125 0.0171875
0 0.521875 0.7375 0.0609375 0.0328125
0 0.35859375 0.7203125 0.0421875 0.021875
0 0.346875 0.746875 0.040625 0.0359375
0 0.390625 0.75625 0.0375 0.0265625
0 0.42578125 0.7609375 0.0203125 0.0140625
0 0.34453125 0.77890625 0.0359375 0.021875
0 0.38984375 0.7859375 0.0265625 0.0203125
0 0.4140625 0.78984375 0.0203125 0.0171875
0 0.44453125 0.79453125 0.046875 0.03125
0 0.48515625 0.79609375 0.0453125 0.028125
0 0.084375 0.77421875 0.0296875 0.028125
0 0.13671875 0.78046875 0.01875 0.01875
0 0.20859375 0.79609375 0.0703125 0.0359375
0 0.3 0.80625 0.0546875 0.03125
0 0.3484375 0.8171875 0.0546875 0.0359375
0 0.38984375 0.8265625 0.015625 0.0171875
0 0.43125 0.834375 0.015625 0.0171875
0 0.4921875 0.84765625 0.0640625 0.0328125
0 0.55234375 0.86328125 0.0296875 0.0265625
0 0.6125 0.87890625 0.0609375 0.040625
0 0.65625 0.88671875 0.028125 0.021875
0 0.7296875 0.89921875 0.065625 0.0375
0 0.28515625 0.83359375 0.0703125 0.04375
0 0.35234375 0.865625 0.0625 0.034375
0 0.3859375 0.878125 0.021875 0.0265625
0 0.46171875 0.8890625 0.134375 0.053125
0 0.56953125 0.9171875 0.0703125 0.0328125
0 0.62890625 0.9265625 0.05 0.0328125
0 0.42734375 0.575 0.05 0.034375
0 0.19375 0.61640625 0.015625 0.0171875
0 0.4015625 0.65859375 0.034375 0.0203125
0 0.6046875 0.69921875 0.0203125 0.015625