0 0.0125 0.178125 0.025 0.05625
0 0.1 0.175 0.09375 0.0671875
0 0.23125 0.1453125 0.121875 0.103125
0 0.415625 0.0984375 0.1921875 0.078125
0 0.54140625 0.06171875 0.0484375 0.053125
0 0.61328125 0.0546875 0.0765625 0.059375
0 0.70859375 0.03359375 0.0921875 0.05
0 0.77890625 0.0296875 0.0296875 0.0234375
0 0.0703125 0.23359375 0.140625 0.0890625
0 0.18125 0.19140625 0.05 0.0484375
0 0.2640625 0.190625 0.075 0.0453125
0 0.36328125 0.1625 0.096875 0.059375
0 0.54921875 0.1484375 0.2015625 0.109375
0 0.74296875 0.1171875 0.175 0.078125
0 0.03671875 0.28828125 0.0734375 0.0671875
0 0.14453125 0.2609375 0.0671875 0.0484375
0 0.27890625 0.2453125 0.16875 0.0703125
0 0.496875 0.21875 0.215625 0.1109375
0 0.665625 0.190625 0.134375 0.0875
0 0.7875 0.16484375 0.096875 0.0546875
0 0.059375 0.3625 0.11875 0.115625
0 0.18125 0.33359375 0.0921875 0.0546875
0 0.29765625 0.315625 0.05 0.025
0 0.5140625 0.2671875 0.10625 0.0734375
0 0.6125 0.27578125 0.0671875 0.08125
0 0.69609375 0.2453125 0.134375 0.0734375
0 0.840625 0.23359375 0.14375 0.06875
0 0.06875 0.43359375 0.1125 0.090625
0 0.23671875 0.38828125 0.2203125 0.1046875
0 0.39921875 0.35078125 0.075 0.05
0 0.503125 0.328125 0.0953125 0.0546875
0 0.6078125 0.31796875 0.046875 0.0453125
0 0.859375 0.30078125 0.19375 0.125
0 0.096875 0.49140625 0.1625 0.0671875
0 0.21015625 0.46484375 0.046875 0.046875
0 0.3 0.45234375 0.065625 0.05625
0 0.4078125 0.4234375 0.128125 0.0796875
0 0.54765625 0.41484375 0.1390625 0.071875
0 0.690625 0.3859375 0.125 0.075
0 0.81796875 0.36171875 0.040625 0.0515625
0 0.90390625 0.37890625 0.1015625 0.084375
0 0.0921875 0.56484375 0.1359375 0.1046875
0 0.22578125 0.53984375 0.0828125 0.0453125
0 0.36875 0.51796875 0.075 0.034375
0 0.49609375 0.50078125 0.0703125 0.0453125
0 0.58203125 0.4796875 0.075 0.0546875
0 0.74453125 0.47578125 0.253125 0.11875
0 0.91328125 0.42578125 0.071875 0.0796875
0 0.11953125 0.63203125 0.153125 0.103125
0 0.24765625 0.59921875 0.053125 0.059375
0 0.28046875 0.6140625 0.0203125 0.025
0 0.29453125 0.55078125 0.05 0.0390625
0 0.35859375 0.54609375 0.0890625 0.05625
0 0.32421875 0.57890625 0.0265625 0.025
0 0.428125 0.56875 0.0875 0.0796875
0 0.58125 0.54609375 0.1765625 0.09375
0 0.70078125 0.51796875 0.059375 0.05625
0 0.7703125 0.50859375 0.0640625 0.0578125
0 0.859375 0.50234375 0.090625 0.06875
0 0.94375 0.4921875 0.0875 0.0875
0 0.0671875 0.7125 0.0625 0.059375
0 0.1953125 0.68984375 0.1921875 0.10625
0 0.5078125 0.63203125 0.1203125 0.1140625
0 0.6671875 0.6015625 0.1671875 0.0984375
0 0.3515625 0.71328125 0.078125 0.0609375
0 0.48515625 0.70234375 0.15 0.1203125
0 0.6671875 0.65703125 0.1890625 0.1015625
0 0.23515625 0.84140625 0.1 0.071875
0 0.5765625 0.7609375 0.0609375 0.059375
0 0.73046875 0.73203125 0.221875 0.1109375
0 0.8921875 0.69375 0.090625 0.0734375
0 0.96953125 0.6796875 0.0609375 0.08125
0 0.409375 0.7984375 0.2375 0.109375
0 0.36953125 0.29921875 0.0765625 0.04375