0 0.32109375 0.115625 0.1640625 0.0640625
0 0.509375 0.084375 0.1953125 0.0796875
0 0.25 0.19921875 0.146875 0.05
0 0.3578125 0.17421875 0.040625 0.028125
0 0.4796875 0.14296875 0.1390625 0.059375
0 0.59375 0.1421875 0.071875 0.040625
0 0.23828125 0.265625 0.196875 0.071875
0 0.36484375 0.23203125 0.040625 0.03125
0 0.4765625 0.2015625 0.1171875 0.059375
0 0.58203125 0.21171875 0.0765625 0.0515625
0 0.68125 0.16875 0.1234375 0.0734375
0 0.765625 0.15625 0.0375 0.0296875
0 0.2078125 0.3171875 0.1859375 0.0640625
0 0.3328125 0.2890625 0.0453125 0.0359375
0 0.4375 0.26015625 0.1140625 0.059375
0 0.24140625 0.375 0.2234375 0.0796875
0 0.37109375 0.33515625 0.0515625 0.0359375
0 0.49375 0.309375 0.1546875 0.071875
0 0.60078125 0.253125 0.059375 0.046875
0 0.20546875 0.4640625 0.1890625 0.06875
0 0.3953125 0.4328125 0.10625 0.0453125
0 0.534375 0.40234375 0.0921875 0.04375
0 0.68046875 0.38125 0.1203125 0.05625
0 0.13515625 0.528125 0.06875 0.0453125
0 0.2859375 0.50703125 0.1 0.04375
0 0.39609375 0.48828125 0.0515625 0.046875
0 0.50234375 0.4640625 0.1 0.0515625
0 0.69296875 0.43515625 0.2203125 0.08125
0 0.23515625 0.56796875 0.2671875 0.084375
0 0.43203125 0.5265625 0.0671875 0.040625
0 0.58125 0.49765625 0.11875 0.0515625
0 0.7375 0.46953125 0.096875 0.0453125
0 0.17265625 0.63203125 0.134375 0.0578125
0 0.31484375 0.5953125 0.0640625 0.040625
0 0.4640625 0.57265625 0.1265625 0.053125
0 0.67421875 0.53125 0.20625 0.071875
0 0.2203125 0.66796875 0.2140625 0.071875
0 0.47578125 0.61484375 0.1828125 0.0671875
0 0.6765625 0.57421875 0.096875 0.0484375
0 0.19296875 0.7234375 0.14375 0.0609375
0 0.4125 0.6734375 0.1640625 0.0609375
0 0.16875 0.78125 0.0953125 0.0390625
0 0.54921875 0.70859375 0.1953125 0.059375
0 0.8078125 0.6609375 0.08125 0.034375
0 0.23984375 0.765625 0.0453125 0.028125
0 0.29609375 0.75859375 0.0640625 0.0375
0 0.18515625 0.85 0.1171875 0.0640625
0 0.2578125 0.8296875 0.021875 0.0328125
0 0.30390625 0.82578125 0.0640625 0.0359375
0 0.41015625 0.80234375 0.14375 0.0546875
0 0.50546875 0.78984375 0.0515625 0.0484375
0 0.734375 0.7578125 0.290625 0.0953125
0 0.1453125 0.91171875 0.021875 0.0328125
0 0.21953125 0.90078125 0.125 0.0515625
0 0.34921875 0.87734375 0.13125 0.059375
0 0.4671875 0.85625 0.1078125 0.0515625
0 0.55390625 0.84453125 0.075 0.0484375
0 0.21015625 0.96015625 0.0375 0.0328125
0 0.32265625 0.940625 0.034375 0.0390625
0 0.4453125 0.9125 0.0515625 0.034375
0 0.54609375 0.89140625 0.040625 0.0375
0 0.6671875 0.86796875 0.025 0.021875
0 0.7296875 0.8609375 0.0375 0.0453125