0 0.0671875 0.03515625 0.0625 0.0421875
0 0.2125 0.02734375 0.134375 0.040625
0 0.35859375 0.025 0.1359375 0.0453125
0 0.5546875 0.02109375 0.221875 0.0421875
0 0.7640625 0.0171875 0.090625 0.034375
0 0.90234375 0.0140625 0.1609375 0.028125
0 0.0984375 0.090625 0.1203125 0.0453125
0 0.25078125 0.09140625 0.1546875 0.05625
0 0.40234375 0.08515625 0.1171875 0.0484375
0 0.58046875 0.07265625 0.2078125 0.0546875
0 0.765625 0.06640625 0.0984375 0.0390625
0 0.91015625 0.06640625 0.134375 0.0359375
0 0.10078125 0.15859375 0.1484375 0.0734375
0 0.23515625 0.14765625 0.0640625 0.0359375
0 0.3515625 0.1484375 0.1234375 0.046875
0 0.4796875 0.1484375 0.04375 0.0390625
0 0.61796875 0.14375 0.1984375 0.0421875
0 0.77109375 0.1421875 0.109375 0.0453125
0 0.91015625 0.14140625 0.14375 0.0453125
0 0.11171875 0.21171875 0.2109375 0.0609375
0 0.3109375 0.2078125 0.1546875 0.046875
0 0.409375 0.2046875 0.040625 0.0328125
0 0.5171875 0.20703125 0.1015625 0.0390625
0 0.625 0.2015625 0.0671875 0.0328125
0 0.71796875 0.20078125 0.0921875 0.0484375
0 0.865625 0.1984375 0.1515625 0.04375
0 0.9734375 0.19765625 0.025 0.0328125
0 0.07734375 0.28671875 0.1234375 0.0578125
0 0.2125 0.26953125 0.1109375 0.059375
0 0.34453125 0.28046875 0.08125 0.05
0 0.47890625 0.26796875 0.1234375 0.0453125
0 0.6078125 0.26953125 0.06875 0.0515625
0 0.7109375 0.259375 0.0875 0.0453125
0 0.86015625 0.2609375 0.1484375 0.05625
0 0.98125 0.271875 0.0234375 0.059375
0 0.09296875 0.34765625 0.1859375 0.0703125
0 0.26875 0.3546875 0.1203125 0.0609375
0 0.4171875 0.340625 0.1203125 0.05
0 0.5875 0.3375 0.1328125 0.0453125
0 0.7703125 0.340625 0.190625 0.071875
0 0.91015625 0.3328125 0.0546875 0.0484375
0 0.96796875 0.321875 0.05 0.0390625
0 0.04765625 0.4171875 0.0796875 0.046875
0 0.18828125 0.4140625 0.1703125 0.05
0 0.37890625 0.41328125 0.153125 0.046875
0 0.57421875 0.40390625 0.190625 0.0515625
0 0.74921875 0.403125 0.0859375 0.04375
0 0.8515625 0.3953125 0.1203125 0.046875
0 0.97109375 0.40390625 0.0515625 0.0265625
0 0.084375 0.4921875 0.16875 0.075
0 0.32109375 0.49140625 0.23125 0.071875
0 0.565625 0.4734375 0.190625 0.0703125
0 0.77734375 0.459375 0.1453125 0.0609375
0 0.94609375 0.46171875 0.1078125 0.0578125
0 0.090625 0.57734375 0.178125 0.08125
0 0.346875 0.56484375 0.2546875 0.0765625
0 0.7234375 0.55390625 0.3828125 0.06875
0 0.96796875 0.55703125 0.0640625 0.0421875
0 0.05078125 0.63515625 0.09375 0.0546875
0 0.15859375 0.63046875 0.0828125 0.0546875
0 0.32265625 0.6296875 0.146875 0.0578125
0 0.50859375 0.62890625 0.1546875 0.0625
0 0.69375 0.61796875 0.1453125 0.05625
0 0.85 0.62734375 0.0984375 0.0625
0 0.9703125 0.6203125 0.059375 0.046875
0 0.034375 0.72265625 0.053125 0.0515625
0 0.1078125 0.7140625 0.0625 0.0421875
0 0.253125 0.7078125 0.209375 0.0625
0 0.503125 0.6984375 0.2328125 0.059375
0 0.784375 0.69375 0.2234375 0.0625
0 0.96796875 0.6859375 0.0640625 0.0375
0 0.1203125 0.78203125 0.2234375 0.065625
0 0.253125 0.77578125 0.0328125 0.05
0 0.39609375 0.78046875 0.1828125 0.0671875
0 0.5734375 0.76796875 0.1265625 0.0609375
0 0.68125 0.7625 0.0828125 0.0484375
0 0.884375 0.75625 0.23125 0.065625
0 0.08671875 0.86640625 0.15 0.06875
0 0.31953125 0.8625 0.2078125 0.0546875
0 0.48984375 0.85 0.1078125 0.0578125
0 0.69375 0.859375 0.171875 0.05
0 0.915625 0.8421875 0.16875 0.084375
0 0.6515625 0.9625 0.0515625 0.028125
0 0.7984375 0.95 0.184375 0.0859375
0 0.9734375 0.9453125 0.053125 0.078125