0 0.0984375 0.2734375 0.06875 0.046875
0 0.21640625 0.26875 0.1140625 0.053125
0 0.3921875 0.5515625 0.1109375 0.0359375
0 0.47421875 0.54453125 0.053125 0.028125
0 0.5140625 0.5359375 0.0203125 0.015625
0 0.5921875 0.52421875 0.1375 0.0390625
0 0.690625 0.5140625 0.05 0.0359375
0 0.30078125 0.61796875 0.1671875 0.059375
0 0.50859375 0.5953125 0.240625 0.084375
0 0.4171875 0.6875 0.096875 0.046875
0 0.509375 0.67734375 0.06875 0.0546875
0 0.61640625 0.659375 0.1140625 0.0453125
0 0.58828125 0.7640625 0.2375 0.06875
0 0.80625 0.72109375 0.15 0.0609375
0 0.41484375 0.83984375 0.0609375 0.04375
0 0.5640625 0.821875 0.2390625 0.0640625
0 0.72421875 0.81171875 0.04375 0.021875
0 0.3703125 0.8765625 0.0421875 0.0203125
0 0.31640625 0.7953125 0.259375 0.078125