0 0.253125 0.0125 0.1125 0.025
0 0.35625 0.00703125 0.04375 0.0140625
0 0.471875 0.02578125 0.13125 0.0515625
0 0.58125 0.05390625 0.0484375 0.05625
0 0.62578125 0.0546875 0.0234375 0.025
0 0.75390625 0.084375 0.1859375 0.103125
0 0.9078125 0.12109375 0.109375 0.0984375
0 0.34296875 0.19609375 0.078125 0.05625
0 0.36796875 0.24140625 0.1515625 0.0875
0 0.66015625 0.2625 0.0546875 0.0390625
0 0.690625 0.309375 0.153125 0.078125
0 0.13671875 0.3765625 0.0890625 0.065625
0 0.228125 0.3859375 0.0953125 0.05625
0 0.15859375 0.42734375 0.1671875 0.0921875
0 0.46015625 0.44609375 0.1640625 0.0875
0 0.75703125 0.48984375 0.0859375 0.0640625
0 0.77421875 0.52109375 0.1421875 0.0828125
0 0.215625 0.60703125 0.065625 0.05625
0 0.2546875 0.665625 0.1765625 0.096875
0 0.61875 0.66796875 0.1515625 0.075
0 0.61015625 0.71484375 0.1671875 0.084375