0 0.27734375 0.07734375 0.20625 0.08125
0 0.425 0.11328125 0.040625 0.0296875
0 0.4875 0.12890625 0.0671875 0.0390625
0 0.65078125 0.17578125 0.2296875 0.0953125
0 0.80859375 0.21015625 0.0671875 0.0484375
0 0.9046875 0.21796875 0.121875 0.0578125
0 0.9828125 0.2484375 0.034375 0.0375
0 0.19140625 0.10625 0.096875 0.0546875
0 0.3328125 0.140625 0.1515625 0.0734375
0 0.47265625 0.175 0.0734375 0.04375
0 0.57421875 0.20546875 0.1625 0.0734375
0 0.7421875 0.23671875 0.165625 0.071875
0 0.85703125 0.26484375 0.06875 0.0421875
0 0.94921875 0.28984375 0.1015625 0.0765625
0 0.17890625 0.196875 0.1171875 0.0640625
0 0.28828125 0.22421875 0.0421875 0.034375
0 0.35546875 0.240625 0.071875 0.046875
0 0.4640625 0.26640625 0.096875 0.0515625
0 0.5921875 0.2890625 0.1078125 0.0609375
0 0.73984375 0.3296875 0.1484375 0.06875
0 0.88359375 0.36328125 0.109375 0.0640625
0 0.97109375 0.38359375 0.0421875 0.03125
0 0.17265625 0.24296875 0.103125 0.05625
0 0.2703125 0.2703125 0.0453125 0.028125
0 0.37734375 0.29375 0.1359375 0.059375
0 0.4984375 0.3265625 0.084375 0.05
0 0.6375 0.3546875 0.159375 0.0640625
0 0.82421875 0.396875 0.18125 0.0765625
0 0.95859375 0.43203125 0.0828125 0.0484375
0 0.13046875 0.2765625 0.065625 0.040625
0 0.19921875 0.30234375 0.0828125 0.05
0 0.271875 0.31328125 0.0453125 0.0375
0 0.328125 0.3296875 0.0765625 0.0421875
0 0.4015625 0.3421875 0.04375 0.0359375
0 0.53046875 0.3765625 0.1828125 0.0734375
0 0.7046875 0.4203125 0.140625 0.0703125
0 0.80390625 0.44140625 0.0359375 0.0265625
0 0.91171875 0.47265625 0.1765625 0.0796875
0 0.159375 0.384375 0.16875 0.08125
0 0.2734375 0.4109375 0.046875 0.0453125
0 0.371875 0.4296875 0.1140625 0.05625
0 0.46953125 0.45859375 0.0671875 0.0515625
0 0.55859375 0.47578125 0.0890625 0.05
0 0.63359375 0.49609375 0.0390625 0.03125
0 0.740625 0.53515625 0.1859375 0.10625
0 0.87421875 0.55234375 0.0453125 0.0390625
0 0.9453125 0.5734375 0.0875 0.046875
0 0.09296875 0.41328125 0.071875 0.0421875
0 0.20859375 0.4375 0.1078125 0.053125
0 0.30625 0.46484375 0.0640625 0.04375
0 0.41953125 0.49296875 0.153125 0.065625
0 0.534375 0.528125 0.0515625 0.04375
0 0.696875 0.5640625 0.2625 0.10625
0 0.85625 0.596875 0.065625 0.0484375
0 0.94609375 0.625 0.0703125 0.0453125
0 0.10859375 0.4671875 0.1203125 0.059375
0 0.1890625 0.490625 0.0359375 0.0265625
0 0.290625 0.51796875 0.1625 0.0828125
0 0.4515625 0.55859375 0.1546875 0.0734375
0 0.56015625 0.58046875 0.046875 0.0359375
0 0.640625 0.6015625 0.09375 0.0546875
0 0.77734375 0.63359375 0.1859375 0.075
0 0.8953125 0.67109375 0.0734375 0.053125
0 0.9515625 0.6734375 0.034375 0.0296875
0 0.10625 0.5109375 0.1546875 0.0703125
0 0.24140625 0.54296875 0.0765625 0.05
0 0.3453125 0.578125 0.1328125 0.0625
0 0.4609375 0.60625 0.0921875 0.05
0 0.55234375 0.6296875 0.0765625 0.0484375
0 0.6296875 0.64609375 0.053125 0.0390625
0 0.74453125 0.6765625 0.1421875 0.0578125
0 0.8875 0.71171875 0.153125 0.078125
0 0.08046875 0.61015625 0.1484375 0.0859375
0 0.18671875 0.6328125 0.0765625 0.0484375
0 0.340625 0.678125 0.240625 0.10625
0 0.490625 0.70625 0.05 0.040625
0 0.57421875 0.73046875 0.0921875 0.0640625
0 0.67421875 0.76484375 0.125 0.0796875
0 0.8109375 0.79609375 0.11875 0.053125
0 0.9046875 0.8265625 0.0703125 0.05
0 0.05625 0.6515625 0.1125 0.0625
0 0.2265625 0.7125 0.2 0.109375
0 0.37109375 0.7296875 0.04375 0.0390625
0 0.43984375 0.75625 0.08125 0.0390625
0 0.58125 0.78984375 0.1875 0.090625
0 0.7171875 0.821875 0.0578125 0.0390625
0 0.790625 0.8421875 0.0859375 0.0453125
0 0.87890625 0.86328125 0.0921875 0.046875