0 0.60390625 0.07109375 0.14375 0.065625
0 0.7625 0.08671875 0.13125 0.0546875
0 0.8546875 0.12578125 0.1734375 0.0640625
0 0.26171875 0.09375 0.0953125 0.0484375
0 0.37890625 0.1078125 0.0609375 0.0390625
0 0.48046875 0.121875 0.078125 0.025
0 0.23515625 0.115625 0.0921875 0.028125
0 0.3453125 0.13125 0.0765625 0.0265625
0 0.45625 0.153125 0.0875 0.040625
0 0.5828125 0.1640625 0.1171875 0.0296875
0 0.69453125 0.18515625 0.078125 0.034375
0 0.809375 0.19140625 0.090625 0.028125
0 0.91015625 0.21484375 0.0515625 0.028125
0 0.2546875 0.14140625 0.1015625 0.0328125
0 0.3890625 0.16328125 0.1109375 0.03125
0 0.5234375 0.18515625 0.08125 0.0265625
0 0.66484375 0.21015625 0.1859375 0.0546875
0 0.23671875 0.16484375 0.0984375 0.03125
0 0.365625 0.1859375 0.1203125 0.0328125
0 0.475 0.20234375 0.0453125 0.021875
0 0.58046875 0.21953125 0.1 0.0296875
0 0.22578125 0.20078125 0.0921875 0.0453125
0 0.33828125 0.21328125 0.06875 0.0375
0 0.44375 0.22734375 0.09375 0.0265625
0 0.22109375 0.22578125 0.0765625 0.028125
0 0.32265625 0.23828125 0.0875 0.0265625
0 0.4421875 0.25859375 0.0953125 0.040625
0 0.575 0.27265625 0.128125 0.0328125
0 0.69140625 0.29375 0.0703125 0.03125
0 0.79453125 0.30234375 0.0921875 0.028125
0 0.89140625 0.31953125 0.046875 0.0234375
0 0.21953125 0.253125 0.075 0.0328125
0 0.3421875 0.2703125 0.1171875 0.034375
0 0.528125 0.29296875 0.190625 0.0515625
0 0.2765625 0.28828125 0.1640625 0.05625
0 0.38984375 0.3015625 0.046875 0.0171875
0 0.47578125 0.3140625 0.0671875 0.025
0 0.60078125 0.3296875 0.1078125 0.0328125
0 0.7015625 0.34453125 0.040625 0.0328125
0 0.7640625 0.35078125 0.0234375 0.015625
0 0.8359375 0.359375 0.06875 0.0234375
0 0.95 0.37578125 0.096875 0.0328125
0 0.22578125 0.30390625 0.08125 0.025
0 0.3484375 0.3296875 0.084375 0.034375
0 0.5109375 0.346875 0.1390625 0.034375
0 0.66796875 0.36796875 0.096875 0.0390625
0 0.79921875 0.38515625 0.1046875 0.0328125
0 0.9 0.40234375 0.0625 0.0328125
0 0.2265625 0.33125 0.1109375 0.0296875
0 0.34609375 0.3453125 0.0546875 0.0234375
0 0.45 0.36875 0.0828125 0.0359375
0 0.56015625 0.38046875 0.065625 0.034375
0 0.20859375 0.35625 0.103125 0.0328125
0 0.346875 0.37578125 0.103125 0.0421875
0 0.48515625 0.3953125 0.0828125 0.025
0 0.63125 0.4125 0.1859375 0.0546875
0 0.22265625 0.3921875 0.0984375 0.040625
0 0.3375 0.4015625 0.084375 0.0421875
0 0.453125 0.415625 0.096875 0.03125
0 0.178125 0.403125 0.084375 0.028125
0 0.29765625 0.425 0.0953125 0.0296875
0 0.425 0.446875 0.0984375 0.04375
0 0.5671875 0.459375 0.1421875 0.034375
0 0.69296875 0.48359375 0.071875 0.0328125
0 0.79921875 0.4921875 0.1046875 0.0328125
0 0.90625 0.51328125 0.059375 0.028125
0 0.5375 0.52578125 0.26875 0.0875
0 0.76875 0.5421875 0.1765625 0.0734375
0 0.753125 0.6078125 0.1703125 0.0734375
0 0.8015625 0.66015625 0.1859375 0.090625