0 0.33984375 0.04921875 0.2046875 0.0984375
0 0.55546875 0.09375 0.071875 0.071875
0 0.759375 0.1859375 0.2359375 0.15
0 0.3125 0.1421875 0.203125 0.1125
0 0.56953125 0.20234375 0.1609375 0.1046875
0 0.82421875 0.28671875 0.2203125 0.109375
0 0.25 0.24140625 0.1421875 0.0796875
0 0.5 0.3 0.2765625 0.1375
0 0.8 0.3796875 0.2671875 0.11875
0 0.278125 0.365625 0.2375 0.1265625
0 0.63828125 0.484375 0.3578125 0.184375
0 0.22265625 0.471875 0.228125 0.1078125
0 0.0203125 0.621875 0.040625 0.059375
0 0.1453125 0.66875 0.1453125 0.0703125
0 0.26796875 0.70234375 0.05625 0.05625
0 0.578125 0.74609375 0.146875 0.115625