0 0.1 0.01328125 0.0625 0.0265625
0 0.2453125 0.0140625 0.134375 0.028125
0 0.39140625 0.01953125 0.1359375 0.0390625
0 0.5875 0.0265625 0.221875 0.04375
0 0.79765625 0.03359375 0.090625 0.040625
0 0.928125 0.03671875 0.14375 0.0390625
0 0.128125 0.06328125 0.1203125 0.0453125
0 0.2796875 0.075 0.1546875 0.05625
0 0.43203125 0.0796875 0.1171875 0.0484375
0 0.61015625 0.0796875 0.2078125 0.0546875
0 0.7953125 0.0859375 0.0984375 0.0390625
0 0.9359375 0.09609375 0.128125 0.0359375
0 0.12578125 0.13125 0.1484375 0.0734375
0 0.26015625 0.1296875 0.0640625 0.0359375
0 0.3765625 0.1390625 0.1234375 0.046875
0 0.5046875 0.14765625 0.04375 0.0390625
0 0.64296875 0.153125 0.1984375 0.0421875
0 0.7953125 0.16171875 0.109375 0.0453125
0 0.93125 0.17109375 0.1375 0.0453125
0 0.1328125 0.18515625 0.2109375 0.0609375
0 0.33125 0.1953125 0.1546875 0.046875
0 0.4296875 0.19921875 0.040625 0.0328125
0 0.5375 0.20859375 0.1015625 0.0390625
0 0.6453125 0.2109375 0.0671875 0.0328125
0 0.73828125 0.21640625 0.0921875 0.0484375
0 0.8859375 0.225 0.1515625 0.04375
0 0.98984375 0.23046875 0.0203125 0.0328125
0 0.09375 0.2578125 0.1234375 0.0578125
0 0.2296875 0.25 0.1109375 0.059375
0 0.36015625 0.2703125 0.08125 0.05
0 0.49453125 0.2671875 0.1234375 0.0453125
0 0.6234375 0.27734375 0.06875 0.0515625
0 0.72734375 0.275 0.0875 0.0453125
0 0.87578125 0.28671875 0.1484375 0.05625
0 0.9921875 0.30625 0.015625 0.059375
0 0.1015625 0.3203125 0.1921875 0.0703125
0 0.2796875 0.3390625 0.1203125 0.0609375
0 0.428125 0.33515625 0.1203125 0.05
0 0.5984375 0.34375 0.1328125 0.0453125
0 0.78046875 0.359375 0.190625 0.071875
0 0.92109375 0.36171875 0.0546875 0.0484375
0 0.97734375 0.35390625 0.0453125 0.0390625
0 0.0546875 0.3859375 0.0796875 0.046875
0 0.1953125 0.3921875 0.1703125 0.05
0 0.38515625 0.40546875 0.153125 0.046875
0 0.58046875 0.409375 0.190625 0.0515625
0 0.75546875 0.4203125 0.0859375 0.04375
0 0.8578125 0.4203125 0.1203125 0.046875
0 0.975 0.43671875 0.05 0.0265625
0 0.08515625 0.46328125 0.1703125 0.075
0 0.32265625 0.47890625 0.23125 0.071875
0 0.5671875 0.478125 0.190625 0.0703125
0 0.7796875 0.478125 0.1453125 0.0609375
0 0.946875 0.49296875 0.10625 0.0578125
0 0.0875 0.5484375 0.175 0.08125
0 0.3421875 0.55390625 0.2546875 0.0765625
0 0.71875 0.56953125 0.3828125 0.06875
0 0.9640625 0.590625 0.0671875 0.0421875
0 0.04453125 0.60390625 0.0890625 0.0546875
0 0.15 0.60625 0.0828125 0.0546875
0 0.3140625 0.6171875 0.146875 0.0578125
0 0.49921875 0.62890625 0.1546875 0.0625
0 0.68515625 0.63125 0.1453125 0.05625
0 0.83984375 0.6515625 0.0984375 0.0625
0 0.96328125 0.65390625 0.0640625 0.046875
0 0.02265625 0.68984375 0.0453125 0.0515625
0 0.09375 0.6859375 0.0625 0.0421875
0 0.2390625 0.690625 0.209375 0.0625
0 0.4890625 0.6984375 0.2328125 0.059375
0 0.7703125 0.71328125 0.2234375 0.0625
0 0.9578125 0.71953125 0.0703125 0.0375
0 0.10625 0.7546875 0.2125 0.065625
0 0.234375 0.7578125 0.0328125 0.05
0 0.37734375 0.77265625 0.1828125 0.0671875
0 0.5546875 0.77265625 0.1265625 0.0609375
0 0.6625 0.77421875 0.0828125 0.0484375
0 0.87109375 0.78359375 0.240625 0.065625
0 0.06875 0.8359375 0.1375 0.06875
0 0.29453125 0.84921875 0.2078125 0.0546875
0 0.46484375 0.8484375 0.1078125 0.0578125
0 0.66875 0.871875 0.171875 0.05
0 0.896875 0.871875 0.1796875 0.084375
0 0.61875 0.971875 0.0515625 0.028125
0 0.765625 0.96328125 0.184375 0.0734375
0 0.9484375 0.96875 0.06875 0.0625