0 0.159375 0.06171875 0.1484375 0.1109375
0 0.33984375 0.0640625 0.165625 0.0984375
0 0.4671875 0.115625 0.1015625 0.0734375
0 0.59296875 0.13046875 0.134375 0.1078125
0 0.71484375 0.15078125 0.0703125 0.0296875
0 0.86953125 0.1578125 0.1859375 0.1421875
0 0.96640625 0.18984375 0.0671875 0.0703125
0 0.13203125 0.1515625 0.1125 0.0921875
0 0.32109375 0.175 0.2125 0.1234375
0 0.45234375 0.1953125 0.0703125 0.0703125
0 0.54765625 0.2140625 0.1234375 0.08125
0 0.68828125 0.2546875 0.115625 0.0671875
0 0.82265625 0.25234375 0.084375 0.0625
0 0.93359375 0.265625 0.115625 0.0625
0 0.08671875 0.22109375 0.034375 0.025
0 0.271875 0.25 0.2734375 0.125
0 0.48359375 0.2796875 0.15 0.090625
0 0.665625 0.30625 0.184375 0.0984375
0 0.83359375 0.3265625 0.1046875 0.0515625
0 0.934375 0.34609375 0.0546875 0.0453125
0 0.1015625 0.30078125 0.1078125 0.05625
0 0.24609375 0.315625 0.084375 0.0390625
0 0.371875 0.3359375 0.1328125 0.0859375
0 0.540625 0.35234375 0.18125 0.096875
0 0.1921875 0.3859375 0.1078125 0.0625
0 0.33828125 0.40078125 0.10625 0.0609375
0 0.47109375 0.42890625 0.13125 0.0921875
0 0.4875 0.55625 0.25 0.159375
0 0.47265625 0.59609375 0.11875 0.0546875