0 0.1203125 0.0609375 0.1140625 0.0296875
0 0.2125 0.0515625 0.0421875 0.025
0 0.290625 0.0578125 0.128125 0.03125
0 0.390625 0.05390625 0.046875 0.0203125
0 0.15703125 0.0921875 0.1875 0.0421875
0 0.3234375 0.09140625 0.125 0.021875
0 0.4125 0.090625 0.0359375 0.0203125
0 0.45234375 0.09375 0.021875 0.015625
0 0.11484375 0.13203125 0.1171875 0.0359375
0 0.25078125 0.13125 0.1234375 0.034375
0 0.353125 0.128125 0.05625 0.028125
0 0.45625 0.13125 0.128125 0.0390625
0 0.05390625 0.16328125 0.021875 0.0265625
0 0.1546875 0.16953125 0.1671875 0.0390625
0 0.3328125 0.16875 0.1640625 0.03125
0 0.09375 0.20859375 0.11875 0.0359375
0 0.178125 0.20390625 0.025 0.0265625
0 0.30625 0.21015625 0.2125 0.03125
0 0.44609375 0.2078125 0.040625 0.0234375
0 0.0828125 0.2421875 0.065625 0.0234375
0 0.07421875 0.278125 0.075 0.025
0 0.1921875 0.28515625 0.1546875 0.0375
0 0.325 0.29140625 0.10625 0.0265625
0 0.415625 0.28671875 0.05625 0.0234375
0 0.6859375 0.290625 0.1109375 0.03125
0 0.77734375 0.290625 0.0484375 0.0265625
0 0.87265625 0.2921875 0.121875 0.0296875
0 0.0984375 0.32421875 0.15 0.0359375
0 0.2734375 0.32890625 0.1671875 0.0375
0 0.0875 0.35703125 0.1140625 0.025
0 0.171875 0.3609375 0.0328125 0.0203125
0 0.22890625 0.3625 0.065625 0.025
0 0.30234375 0.36171875 0.05625 0.025
0 0.4171875 0.3671875 0.1578125 0.0296875
0 0.059375 0.3953125 0.0890625 0.0265625
0 0.15625 0.39765625 0.0859375 0.025
0 0.21875 0.40390625 0.0203125 0.015625
0 0.29140625 0.403125 0.1078125 0.0265625
0 0.44375 0.41171875 0.18125 0.03125
0 0.07265625 0.4390625 0.0875 0.0203125
0 0.140625 0.43671875 0.0203125 0.0234375
0 0.19375 0.440625 0.05 0.021875
0 0.30390625 0.44453125 0.1546875 0.028125
0 0.44609375 0.45078125 0.103125 0.0296875
0 0.071875 0.471875 0.0859375 0.025
0 0.14375 0.47578125 0.028125 0.021875
0 0.19765625 0.478125 0.065625 0.0234375
0 0.26953125 0.4828125 0.0609375 0.0234375
0 0.340625 0.48828125 0.084375 0.0203125
0 0.41875 0.48671875 0.0390625 0.0234375
0 0.059375 0.509375 0.0796875 0.0265625
0 0.1546875 0.521875 0.1 0.0359375
0 0.2625 0.52890625 0.115625 0.03125
0 0.38671875 0.5265625 0.1203125 0.0296875
0 0.13203125 0.55546875 0.2109375 0.0359375
0 0.03203125 0.6234375 0.0375 0.0234375
0 0.075 0.6265625 0.015625 0.015625
0 0.1515625 0.63203125 0.1265625 0.028125
0 0.62421875 0.65859375 0.1078125 0.0453125
0 0.7140625 0.67265625 0.0625 0.028125
0 0.8078125 0.6796875 0.10625 0.0265625
0 0.9140625 0.68359375 0.084375 0.0296875
0 0.625 0.70859375 0.04375 0.0203125
0 0.73359375 0.7140625 0.1390625 0.03125
0 0.04609375 0.7421875 0.0828125 0.028125
0 0.1671875 0.7375 0.1 0.028125
0 0.34765625 0.7765625 0.146875 0.0421875
0 0.53359375 0.765625 0.125 0.0234375
0 0.621875 0.76953125 0.0375 0.021875
0 0.553125 0.7828125 0.078125 0.028125
0 0.759375 0.81328125 0.2234375 0.0375
0 0.63359375 0.875 0.165625 0.0390625
0 0.784375 0.89375 0.13125 0.028125
0 0.91015625 0.90703125 0.109375 0.0296875
0 0.60703125 0.91875 0.03125 0.01875
0 0.6609375 0.9203125 0.059375 0.0265625
0 0.72109375 0.92421875 0.05 0.0265625
0 0.83515625 0.94453125 0.1921875 0.0390625
0 0.57890625 0.95390625 0.1 0.034375
0 0.66171875 0.9640625 0.046875 0.025
0 0.75859375 0.97421875 0.121875 0.0359375
0 0.60390625 0.28828125 0.01875 0.0078125
0 0.5578125 0.6578125 0.0265625 0.0109375