0 0.1015625 0.03125 0.084375 0.0625
0 0.15859375 0.01796875 0.0328125 0.0359375
0 0.19921875 0.01875 0.0578125 0.0375
0 0.24609375 0.01640625 0.0359375 0.0328125
0 0.2765625 0.01484375 0.021875 0.0296875
0 0.33125 0.01875 0.084375 0.0375
0 0.39609375 0.0203125 0.0453125 0.040625
0 0.4875 0.0390625 0.14375 0.078125
0 0.0546875 0.11875 0.03125 0.0734375
0 0.10859375 0.12578125 0.053125 0.059375
0 0.18046875 0.13515625 0.090625 0.0671875
0 0.296875 0.16796875 0.1046875 0.0984375
0 0.41640625 0.16875 0.08125 0.0703125
0 0.53984375 0.20234375 0.1078125 0.1109375
0 0.653125 0.1953125 0.084375 0.059375
0 0.734375 0.21015625 0.040625 0.0546875
0 0.80546875 0.215625 0.0703125 0.0609375
0 0.89375 0.234375 0.0828125 0.0546875
0 0.965625 0.2375 0.046875 0.04375
0 0.08671875 0.21484375 0.109375 0.0859375
0 0.1796875 0.2390625 0.0609375 0.05625
0 0.2859375 0.24765625 0.125 0.0796875
0 0.3890625 0.259375 0.059375 0.0671875
0 0.5078125 0.27421875 0.1515625 0.0890625
0 0.0453125 0.2828125 0.05 0.059375
0 0.10859375 0.30625 0.1078125 0.1078125
0 0.20390625 0.34453125 0.0765625 0.071875
0 0.28046875 0.33515625 0.0578125 0.0671875
0 0.35390625 0.35078125 0.0609375 0.0625
0 0.4578125 0.3765625 0.13125 0.0765625
0 0.56171875 0.39140625 0.059375 0.075
0 0.6359375 0.41171875 0.0859375 0.0703125
0 0.71796875 0.42578125 0.053125 0.0453125
0 0.784375 0.43125 0.0578125 0.0609375
0 0.88046875 0.465625 0.1234375 0.08125
0 0.9734375 0.4671875 0.053125 0.09375
0 0.0578125 0.39453125 0.10625 0.090625
0 0.16484375 0.4 0.1109375 0.090625
0 0.24296875 0.42890625 0.034375 0.04375
0 0.33515625 0.4390625 0.1125 0.1109375
0 0.44765625 0.459375 0.096875 0.078125
0 0.5625 0.47578125 0.1109375 0.0796875
0 0.01640625 0.45703125 0.0328125 0.0578125
0 0.109375 0.4765625 0.1625 0.1015625
0 0.21953125 0.5 0.0484375 0.065625
0 0.30234375 0.51953125 0.09375 0.06875
0 0.41953125 0.56640625 0.109375 0.090625
0 0.49765625 0.56953125 0.0421875 0.05
0 0.59921875 0.59375 0.14375 0.109375
0 0.73515625 0.6265625 0.1015625 0.1046875
0 0.8234375 0.6359375 0.0859375 0.06875
0 0.9046875 0.64921875 0.0734375 0.0671875
0 0.08671875 0.54609375 0.1734375 0.0953125
0 0.2171875 0.575 0.078125 0.0640625
0 0.015625 0.60703125 0.03125 0.0609375
0 0.1484375 0.6265625 0.1390625 0.075
0 0.26328125 0.6484375 0.0640625 0.0609375
0 0.38203125 0.675 0.1421875 0.078125
0 0.48671875 0.6953125 0.053125 0.0421875
0 0.55078125 0.68984375 0.05625 0.05625
0 0.665625 0.7109375 0.1515625 0.0765625
0 0.78125 0.725 0.059375 0.065625
0 0.8703125 0.7421875 0.0984375 0.0734375
0 0.946875 0.75703125 0.0546875 0.0578125
0 0.01171875 0.67890625 0.0234375 0.0671875
0 0.0671875 0.71015625 0.06875 0.0875
0 0.17734375 0.71953125 0.1484375 0.08125
0 0.28359375 0.74375 0.0421875 0.05
0 0.38671875 0.7640625 0.1328125 0.109375
0 0.53984375 0.79296875 0.1453125 0.109375
0 0.00625 0.76171875 0.0125 0.0921875
0 0.05078125 0.78203125 0.0828125 0.1
0 0.196875 0.81171875 0.2078125 0.1125
0 0.346875 0.8515625 0.084375 0.0546875
0 0.45234375 0.8734375 0.11875 0.1015625
0 0.57890625 0.8859375 0.1390625 0.0734375
0 0.68203125 0.8875 0.071875 0.071875
0 0.76015625 0.9 0.0703125 0.0609375
0 0.8484375 0.9234375 0.1125 0.075
0 0.03359375 0.8609375 0.0671875 0.08125
0 0.084375 0.878125 0.0453125 0.0640625
0 0.14296875 0.89765625 0.09375 0.0984375
0 0.2078125 0.90390625 0.0328125 0.0421875
0 0.25703125 0.92265625 0.0671875 0.09375
0 0.3171875 0.92578125 0.040625 0.04375
0 0.35078125 0.92890625 0.0375 0.04375
0 0.39609375 0.953125 0.053125 0.0765625
0 0.45234375 0.94375 0.046875 0.0515625
0 0.5625 0.959375 0.16875 0.08125
0 0.7046875 0.9640625 0.103125 0.071875
0 0.0203125 0.92109375 0.040625 0.0421875
0 0.0546875 0.60859375 0.05 0.0671875