0 0.26796875 0.01015625 0.1171875 0.0203125
0 0.33125 0.0125 0.01875 0.025
0 0.378125 0.01875 0.084375 0.0375
0 0.46484375 0.0328125 0.08125 0.040625
0 0.55234375 0.05625 0.0921875 0.0546875
0 0.7578125 0.0875 0.065625 0.0359375
0 0.8484375 0.10546875 0.1109375 0.0453125
0 0.20078125 0.0359375 0.14375 0.0703125
0 0.396875 0.06171875 0.23125 0.109375
0 0.16796875 0.08984375 0.0234375 0.0140625
0 0.25703125 0.10390625 0.1484375 0.078125
0 0.4375 0.12421875 0.209375 0.08125
0 0.56796875 0.1515625 0.0484375 0.0390625
0 0.61953125 0.1546875 0.0765625 0.0765625
0 0.19296875 0.14375 0.096875 0.05625
0 0.31015625 0.1671875 0.1265625 0.06875
0 0.40390625 0.16796875 0.0625 0.0515625
0 0.515625 0.19375 0.165625 0.0625
0 0.61015625 0.2125 0.046875 0.059375
0 0.2921875 0.2796875 0.30625 0.1171875
0 0.08984375 0.38359375 0.1015625 0.04375
0 0.2 0.403125 0.1109375 0.053125
0 0.29609375 0.4140625 0.0703125 0.040625
0 0.16484375 0.47578125 0.209375 0.1109375
0 0.340625 0.52421875 0.1265625 0.0953125
0 0.52734375 0.528125 0.228125 0.140625
0 0.6859375 0.55546875 0.0640625 0.0578125
0 0.784375 0.559375 0.10625 0.06875
0 0.2203125 0.5578125 0.0671875 0.0609375
0 0.32109375 0.57578125 0.1296875 0.0703125
0 0.428125 0.578125 0.0796875 0.0640625
0 0.515625 0.590625 0.08125 0.0515625
0 0.64921875 0.6078125 0.1984375 0.08125
0 0.834375 0.625 0.1609375 0.096875
0 0.16328125 0.6046875 0.05 0.0421875
0 0.31171875 0.6234375 0.2375 0.09375
0 0.46640625 0.64375 0.053125 0.053125
0 0.63828125 0.66171875 0.2921875 0.1078125
0 0.01796875 0.67890625 0.0359375 0.0421875
0 0.0859375 0.69296875 0.0890625 0.0453125
0 0.19296875 0.71015625 0.121875 0.0609375
0 0.65859375 0.7703125 0.0609375 0.0375
0 0.7328125 0.78125 0.0828125 0.0421875
0 0.8484375 0.79453125 0.1390625 0.0578125
0 0.93671875 0.80703125 0.03125 0.0328125
0 0.21796875 0.87734375 0.196875 0.0765625
0 0.378125 0.878125 0.071875 0.0375
0 0.4328125 0.884375 0.0328125 0.0296875
0 0.46484375 0.890625 0.0265625 0.0234375
0 0.5125 0.896875 0.0625 0.0359375
0 0.56015625 0.89765625 0.0265625 0.03125
0 0.59375 0.909375 0.0421875 0.0328125
0 0.6609375 0.91640625 0.0890625 0.04375
0 0.7203125 0.9203125 0.028125 0.028125
0 0.759375 0.9296875 0.053125 0.0359375
0 0.83125 0.934375 0.090625 0.053125
0 0.890625 0.9390625 0.025 0.021875
0 0.396875 0.92734375 0.1265625 0.053125
0 0.50390625 0.93359375 0.084375 0.0453125
0 0.6109375 0.9453125 0.128125 0.053125
0 0.6984375 0.9546875 0.0421875 0.034375
0 0.74140625 0.96640625 0.0421875 0.03125
0 0.8078125 0.96875 0.090625 0.059375
0 0.8625 0.9734375 0.0265625 0.0265625
0 0.90078125 0.97578125 0.046875 0.034375