0 0.23125 0.06484375 0.171875 0.078125
0 0.3890625 0.09296875 0.134375 0.0703125
0 0.478125 0.11015625 0.028125 0.0328125
0 0.590625 0.12109375 0.190625 0.08125
0 0.81328125 0.15859375 0.2578125 0.103125
0 0.27265625 0.18125 0.1328125 0.0921875
0 0.3515625 0.21015625 0.040625 0.0375
0 0.421875 0.22578125 0.10625 0.08125
0 0.56875 0.2390625 0.1890625 0.0828125
0 0.69453125 0.25546875 0.0421875 0.0421875
0 0.7421875 0.2703125 0.0421875 0.034375
0 0.26328125 0.25390625 0.1515625 0.0765625
0 0.36015625 0.27421875 0.046875 0.0578125
0 0.4421875 0.29140625 0.1046875 0.0609375
0 0.5828125 0.30625 0.1703125 0.08125
0 0.725 0.32421875 0.11875 0.0609375
0 0.2203125 0.29375 0.090625 0.05625
0 0.340625 0.3203125 0.1453125 0.0671875
0 0.54609375 0.3625 0.2484375 0.0859375
0 0.19609375 0.36953125 0.103125 0.0640625
0 0.31953125 0.38984375 0.121875 0.059375
0 0.50390625 0.43515625 0.2359375 0.1078125
0 0.70859375 0.46875 0.175 0.0953125
0 0.20859375 0.44375 0.1328125 0.0625
0 0.31015625 0.46328125 0.0515625 0.05
0 0.40078125 0.47734375 0.1140625 0.053125
0 0.53515625 0.50546875 0.1328125 0.0609375
0 0.6953125 0.53984375 0.1765625 0.08125
0 0.6359375 0.6171875 0.096875 0.059375
0 0.7515625 0.63125 0.140625 0.06875
0 0.134375 0.04453125 0.028125 0.0359375