0 0.06484375 0.103125 0.1296875 0.1375
0 0.4796875 0.06640625 0.675 0.1328125
0 0.8890625 0.01484375 0.1375 0.0296875
0 0.19140625 0.1640625 0.1484375 0.1046875
0 0.35859375 0.1328125 0.1984375 0.10625
0 0.5515625 0.12265625 0.1984375 0.1203125
0 0.71796875 0.08828125 0.121875 0.096875
0 0.84609375 0.0765625 0.109375 0.0953125
0 0.940625 0.065625 0.05 0.084375
0 0.09375 0.26484375 0.0984375 0.078125
0 0.2609375 0.253125 0.1515625 0.0796875
0 0.43828125 0.27578125 0.1890625 0.16875
0 0.5921875 0.21875 0.153125 0.0875
0 0.76328125 0.2125 0.2046875 0.1359375
0 0.890625 0.1734375 0.1578125 0.1046875
0 0.075 0.35703125 0.0640625 0.0640625
0 0.178125 0.36015625 0.109375 0.0671875
0 0.29296875 0.3625 0.09375 0.0828125
0 0.4109375 0.32578125 0.103125 0.05625
0 0.54375 0.315625 0.159375 0.0875
0 0.70078125 0.31953125 0.1546875 0.1265625
0 0.84296875 0.28125 0.109375 0.0671875
0 0.9359375 0.27421875 0.0890625 0.0984375
0 0.13828125 0.43046875 0.146875 0.103125
0 0.3140625 0.41796875 0.153125 0.0921875
0 0.47578125 0.40625 0.1296875 0.08125
0 0.59609375 0.41953125 0.059375 0.040625
0 0.70390625 0.42734375 0.1859375 0.1171875
0 0.875 0.3859375 0.1734375 0.1109375
0 0.159375 0.5375 0.128125 0.090625
0 0.32734375 0.534375 0.15 0.078125
0 0.478125 0.55078125 0.1984375 0.1625
0 0.62265625 0.50234375 0.096875 0.0921875
0 0.746875 0.48359375 0.1375 0.0953125
0 0.9078125 0.48125 0.184375 0.075
0 0.23046875 0.63515625 0.196875 0.146875
0 0.425 0.61953125 0.1546875 0.05625
0 0.5375 0.615625 0.078125 0.1125
0 0.6359375 0.64296875 0.0953125 0.1171875
0 0.7765625 0.5796875 0.1921875 0.0859375
0 0.928125 0.5734375 0.14375 0.08125
0 0.203125 0.7046875 0.15625 0.1015625
0 0.37578125 0.69375 0.178125 0.075
0 0.55703125 0.7 0.190625 0.0890625
0 0.76640625 0.68203125 0.1921875 0.10625
0 0.9328125 0.65078125 0.109375 0.090625
0 0.99296875 0.65390625 0.0140625 0.0859375
0 0.1859375 0.7953125 0.115625 0.0859375
0 0.396875 0.79453125 0.278125 0.1125
0 0.64765625 0.7859375 0.246875 0.125
0 0.88828125 0.74609375 0.2234375 0.0859375
0 0.21640625 0.8859375 0.1203125 0.128125
0 0.35 0.89296875 0.1484375 0.10625
0 0.4609375 0.88125 0.0921875 0.11875
0 0.6734375 0.8640625 0.3171875 0.14375
0 0.9140625 0.8625 0.171875 0.109375
0 0.28203125 0.95859375 0.1890625 0.0828125
0 0.41875 0.95390625 0.0875 0.0921875
0 0.5265625 0.9703125 0.096875 0.0546875
0 0.65390625 0.95625 0.1578125 0.071875
0 0.87890625 0.9328125 0.2421875 0.084375