0 0.3625 0.0984375 0.1625 0.046875
0 0.55234375 0.0875 0.19375 0.0609375
0 0.2828125 0.175 0.146875 0.0359375
0 0.39296875 0.1609375 0.0390625 0.025
0 0.5171875 0.14296875 0.1375 0.046875
0 0.63046875 0.15390625 0.0703125 0.034375
0 0.2640625 0.23984375 0.1953125 0.0515625
0 0.39375 0.21875 0.0390625 0.0265625
0 0.5078125 0.20078125 0.1140625 0.0484375
0 0.61171875 0.221875 0.075 0.0453125
0 0.71484375 0.1890625 0.1203125 0.0625
0 0.8 0.1859375 0.0359375 0.0265625
0 0.228125 0.2875 0.1859375 0.0453125
0 0.35546875 0.27265625 0.0421875 0.03125
0 0.4625 0.2546875 0.1109375 0.0484375
0 0.25625 0.3484375 0.221875 0.0578125
0 0.3890625 0.32265625 0.05 0.03125
0 0.5140625 0.31015625 0.1515625 0.05625
0 0.62578125 0.26484375 0.05625 0.040625
0 0.2109375 0.43359375 0.1875 0.05
0 0.403125 0.421875 0.1046875 0.0359375
0 0.54453125 0.40703125 0.090625 0.0359375
0 0.6921875 0.40078125 0.11875 0.04375
0 0.134375 0.48984375 0.065625 0.0390625
0 0.2859375 0.48515625 0.1 0.0328125
0 0.39765625 0.47734375 0.0484375 0.0421875
0 0.50625 0.4640625 0.0984375 0.0421875
0 0.6984375 0.45625 0.2203125 0.059375
0 0.2296875 0.53984375 0.2671875 0.05625
0 0.4296875 0.51953125 0.065625 0.034375
0 0.58125 0.50625 0.1171875 0.0390625
0 0.73984375 0.49453125 0.0953125 0.0359375
0 0.16015625 0.596875 0.1328125 0.04375
0 0.30625 0.57578125 0.0609375 0.0359375
0 0.45625 0.56796875 0.125 0.040625
0 0.66953125 0.54921875 0.2046875 0.0515625
0 0.2046875 0.63828125 0.2140625 0.05
0 0.4640625 0.61171875 0.18125 0.0484375
0 0.66796875 0.5921875 0.0953125 0.040625
0 0.171875 0.690625 0.1421875 0.046875
0 0.3953125 0.66328125 0.1640625 0.04375
0 0.14140625 0.74453125 0.09375 0.0296875
0 0.52734375 0.7125 0.196875 0.0390625
0 0.78984375 0.6921875 0.0796875 0.0265625
0 0.21328125 0.73671875 0.04375 0.0234375
0 0.2703125 0.7359375 0.0625 0.03125
0 0.15 0.815625 0.115625 0.053125
0 0.22421875 0.80234375 0.0203125 0.03125
0 0.27109375 0.803125 0.0625 0.0296875
0 0.37890625 0.79140625 0.1421875 0.040625
0 0.475 0.78828125 0.0484375 0.04375
0 0.70625 0.78046875 0.290625 0.065625
0 0.1046875 0.87265625 0.01875 0.03125
0 0.1796875 0.86953125 0.1234375 0.0390625
0 0.31015625 0.859375 0.1296875 0.046875
0 0.43046875 0.85078125 0.10625 0.0421875
0 0.51796875 0.8484375 0.0734375 0.040625
0 0.16328125 0.92734375 0.0359375 0.0296875
0 0.278125 0.91953125 0.03125 0.0359375
0 0.403125 0.9046875 0.05 0.0296875
0 0.5046875 0.89375 0.0390625 0.034375
0 0.62734375 0.88359375 0.0234375 0.0203125
0 0.690625 0.88359375 0.034375 0.0421875