0 0.74609375 0.33984375 0.125 0.0859375
0 0.41328125 0.225 0.115625 0.08125
0 0.53671875 0.296875 0.115625 0.090625
0 0.11953125 0.41875 0.121875 0.0703125
0 0.534375 0.328125 0.128125 0.0703125
0 0.36796875 0.39140625 0.1015625 0.0828125
0 0.59375 0.38359375 0.1125 0.0671875
0 0.66015625 0.3515625 0.103125 0.0640625
0 0.13125 0.31953125 0.1203125 0.06875
0 0.1234375 0.37109375 0.11875 0.065625
0 0.43046875 0.30703125 0.096875 0.0625
0 0.15625 0.22890625 0.109375 0.059375
0 0.44765625 0.41953125 0.084375 0.084375
0 0.5171875 0.2375 0.0859375 0.0578125
0 0.6671875 0.21953125 0.10625 0.0578125
0 0.6359375 0.30546875 0.084375 0.05625
0 0.409375 0.2546875 0.0765625 0.059375
0 0.74609375 0.28125 0.09375 0.059375
0 0.82421875 0.29609375 0.06875 0.0546875
0 0.39140625 0.1640625 0.06875 0.053125
0 0.5640625 0.07421875 0.0890625 0.0390625
0 0.83125 0.340625 0.0546875 0.0515625
0 0.59609375 0.26015625 0.06875 0.0359375
0 0.50546875 0.14921875 0.084375 0.040625
0 0.753125 0.3765625 0.075 0.0515625
0 0.475 0.190625 0.0765625 0.040625
0 0.45078125 0.35859375 0.04375 0.0484375
0 0.1625 0.28125 0.0546875 0.0453125
0 0.6625 0.27265625 0.053125 0.040625
0 0.3515625 0.25078125 0.03125 0.0328125
0 0.353125 0.3 0.04375 0.0421875
0 0.73671875 0.10703125 0.0484375 0.025
0 0.384375 0.12265625 0.04375 0.025
0 0.603125 0.20703125 0.03125 0.0359375
0 0.46875 0.2796875 0.0296875 0.0265625
0 0.6984375 0.1 0.028125 0.0203125
0 0.6234375 0.0828125 0.0328125 0.028125
0 0.42109375 0.13203125 0.03125 0.01875
0 0.571875 0.1640625 0.009375 0.0125
0 0.60703125 0.3359375 0.028125 0.0328125
0 0.38125 0.33984375 0.103125 0.0671875
0 0.85703125 0.22109375 0.00625 0.0125
0 0.6609375 0.09375 0.0453125 0.028125
0 0.45 0.140625 0.025 0.0203125
0 0.55703125 0.1609375 0.015625 0.015625
0 0.653125 0.16796875 0.1046875 0.059375
0 0.55390625 0.2140625 0.0703125 0.06875
0 0.74375 0.24609375 0.034375 0.0296875
0 0.8078125 0.25546875 0.084375 0.0453125
0 0.50703125 0.3765625 0.059375 0.0359375
0 0.678125 0.403125 0.04375 0.05
0 0.7390625 0.4234375 0.078125 0.040625