0 0.20390625 0.16484375 0.08125 0.0171875
0 0.309375 0.15390625 0.11875 0.0203125
0 0.21484375 0.18671875 0.059375 0.015625
0 0.2859375 0.18046875 0.04375 0.0140625
0 0.175 0.21015625 0.0125 0.0046875
0 0.21640625 0.209375 0.0515625 0.0171875
0 0.2546875 0.20625 0.0296875 0.0140625
0 0.30078125 0.20390625 0.065625 0.01875
0 0.36953125 0.1953125 0.046875 0.01875
0 0.228125 0.2359375 0.065625 0.0171875
0 0.30390625 0.22734375 0.0625 0.015625
0 0.17265625 0.2578125 0.0078125 0.0046875
0 0.26171875 0.26171875 0.1375 0.0328125
0 0.3703125 0.25 0.096875 0.0234375
0 0.24140625 0.28359375 0.0765625 0.0171875
0 0.32890625 0.27734375 0.065625 0.01875
0 0.41015625 0.26953125 0.075 0.0171875
0 0.46484375 0.2640625 0.0453125 0.015625
0 0.17734375 0.30859375 0.0140625 0.0046875
0 0.23671875 0.3109375 0.0859375 0.021875
0 0.3046875 0.303125 0.046875 0.0140625
0 0.38046875 0.29921875 0.090625 0.0234375
0 0.22421875 0.33984375 0.065625 0.0203125
0 0.29375 0.3328125 0.0875 0.0234375
0 0.19609375 0.38828125 0.0578125 0.021875
0 0.26484375 0.384375 0.0703125 0.021875
0 0.33203125 0.37890625 0.0203125 0.0078125
0 0.40390625 0.37421875 0.0734375 0.021875
0 0.45703125 0.36796875 0.0328125 0.0171875
0 0.5140625 0.3640625 0.0796875 0.021875
0 0.6 0.35625 0.075 0.0203125
0 0.64921875 0.35 0.0140625 0.009375
0 0.73671875 0.3421875 0.1015625 0.025
0 0.85234375 0.33515625 0.096875 0.0234375
0 0.19375 0.4203125 0.05 0.0296875
0 0.26328125 0.41171875 0.0359375 0.0203125
0 0.30234375 0.4046875 0.0140625 0.0109375
0 0.3640625 0.403125 0.0609375 0.0203125
0 0.47734375 0.3953125 0.15 0.0296875
0 0.5765625 0.384375 0.0171875 0.0046875
0 0.62421875 0.38046875 0.0640625 0.021875
0 0.6875 0.37421875 0.05 0.01875
0 0.734375 0.37109375 0.0203125 0.0078125
0 0.79453125 0.36640625 0.0671875 0.021875
0 0.84375 0.36328125 0.0265625 0.01875
0 0.89921875 0.3609375 0.0703125 0.0265625
0 0.915625 0.37421875 0.040625 0.0140625
0 0.20078125 0.490625 0.0609375 0.0203125
0 0.271875 0.48515625 0.071875 0.01875
0 0.346875 0.47890625 0.046875 0.0171875
0 0.19453125 0.5203125 0.0625 0.0203125
0 0.23671875 0.51484375 0.03125 0.0171875
0 0.3046875 0.50859375 0.0796875 0.021875
0 0.39609375 0.50234375 0.0765625 0.0234375
0 0.2390625 0.54921875 0.0546875 0.0265625
0 0.2765625 0.54609375 0.009375 0.003125
0 0.3640625 0.54453125 0.1390625 0.04375
0 0.24609375 0.57109375 0.059375 0.0171875
0 0.3484375 0.565625 0.1453125 0.0265625
0 0.26484375 0.5953125 0.075 0.021875
0 0.32265625 0.58984375 0.0546875 0.025
0 0.38359375 0.59453125 0.0921875 0.03125
0 0.50703125 0.5796875 0.121875 0.0234375
0 0.26953125 0.653125 0.0828125 0.021875
0 0.328125 0.64609375 0.040625 0.0171875
0 0.390625 0.64765625 0.090625 0.0296875
0 0.47109375 0.63359375 0.053125 0.01875
0 0.2375 0.68203125 0.0796875 0.0203125
0 0.3328125 0.67578125 0.0859375 0.025
0 0.27421875 0.7140625 0.1484375 0.0421875
0 0.42265625 0.7 0.13125 0.0296875
0 0.21796875 0.7421875 0.05625 0.0203125
0 0.3453125 0.73046875 0.1703125 0.028125
0 0.26328125 0.8421875 0.071875 0.046875
0 0.53515625 0.7203125 0.0203125 0.0171875
0 0.2859375 0.871875 0.084375 0.053125
0 0.4234375 0.79921875 0.175 0.1015625
0 0.30078125 0.9 0.0671875 0.0390625
0 0.35234375 0.8765625 0.053125 0.034375
0 0.4046875 0.8390625 0.0640625 0.04375
0 0.5515625 0.734375 0.025 0.01875
0 0.42890625 0.8734375 0.196875 0.1265625
0 0.56953125 0.7546875 0.0296875 0.01875
0 0.634375 0.75625 0.0265625 0.0171875
0 0.26171875 0.62421875 0.0703125 0.0265625
0 0.36796875 0.621875 0.1484375 0.0421875