0 0.10234375 0.05078125 0.0265625 0.0421875
0 0.17890625 0.0484375 0.1125 0.040625
0 0.46875 0.01953125 0.075 0.0390625
0 0.16015625 0.21328125 0.1125 0.0484375
0 0.2796875 0.2 0.0890625 0.0625
0 0.4921875 0.18046875 0.1234375 0.0390625
0 0.63125 0.15 0.0890625 0.0765625
0 0.68828125 0.159375 0.084375 0.0375
0 0.18203125 0.284375 0.1421875 0.0484375
0 0.309375 0.26171875 0.0921875 0.040625
0 0.37578125 0.25390625 0.025 0.028125
0 0.178125 0.35078125 0.1375 0.0640625
0 0.30078125 0.31484375 0.1 0.065625
0 0.43046875 0.2546875 0.009375 0.0328125
0 0.4921875 0.25234375 0.084375 0.04375
0 0.63671875 0.234375 0.0375 0.04375
0 0.67421875 0.23046875 0.025 0.021875
0 0.715625 0.22890625 0.0484375 0.0578125
0 0.7671875 0.2203125 0.046875 0.040625
0 0.61875 0.296875 0.0375 0.0328125
0 0.68671875 0.303125 0.0890625 0.053125
0 0.7609375 0.2875 0.0375 0.0703125
0 0.640625 0.34921875 0.05 0.05
0 0.73984375 0.33984375 0.1078125 0.04375
0 0.62734375 0.4109375 0.025 0.046875
0 0.68203125 0.41015625 0.04375 0.0359375
0 0.7578125 0.378125 0.1 0.0671875
0 0.12734375 0.58828125 0.034375 0.0625
0 0.228125 0.5625 0.11875 0.078125
0 0.10859375 0.69609375 0.0640625 0.05625
0 0.1703125 0.69140625 0.01875 0.0390625
0 0.22109375 0.68984375 0.0453125 0.0625
0 0.32421875 0.671875 0.0671875 0.053125
0 0.1625 0.778125 0.0265625 0.0453125
0 0.20078125 0.8203125 0.0453125 0.053125
0 0.203125 0.9171875 0.04375 0.053125
0 0.44609375 0.61796875 0.04375 0.075
0 0.5109375 0.61796875 0.090625 0.0703125
0 0.4515625 0.778125 0.05625 0.0953125
0 0.5359375 0.78125 0.0875 0.0796875
0 0.46796875 0.91484375 0.0640625 0.0890625
0 0.55078125 0.884375 0.084375 0.0640625
0 0.64765625 0.59609375 0.065625 0.0484375
0 0.64609375 0.7453125 0.0546875 0.053125
0 0.7375 0.7046875 0.103125 0.1125
0 0.74375 0.72734375 0.0828125 0.11875
0 0.653125 0.86171875 0.0609375 0.0546875
0 0.74921875 0.79921875 0.1171875 0.1875
0 0.321875 0.04375 0.0515625 0.025
0 0.265625 0.690625 0.034375 0.0328125