0 0.253125 0.0984375 0.0796875 0.0734375
0 0.3265625 0.115625 0.0734375 0.1078125
0 0.3734375 0.11015625 0.0125 0.015625
0 0.4390625 0.10390625 0.1140625 0.1453125
0 0.140625 0.24609375 0.1234375 0.115625
0 0.31015625 0.2359375 0.1859375 0.153125
0 0.44609375 0.228125 0.103125 0.121875
0 0.53046875 0.19921875 0.0765625 0.0625
0 0.628125 0.18515625 0.090625 0.06875
0 0.6875 0.18203125 0.0578125 0.1046875
0 0.75546875 0.16640625 0.0703125 0.1
0 0.81328125 0.15625 0.03125 0.0609375
0 0.11171875 0.35390625 0.20625 0.14375
0 0.2515625 0.31640625 0.0125 0.053125
0 0.3265625 0.3046875 0.0796875 0.071875
0 0.4078125 0.3328125 0.08125 0.0953125
0 0.47421875 0.28046875 0.0765625 0.06875
0 0.55703125 0.29921875 0.0703125 0.08125
0 0.63125 0.26640625 0.065625 0.0640625
0 0.690625 0.26484375 0.0453125 0.090625
0 0.76953125 0.24140625 0.1015625 0.065625
0 0.84453125 0.22421875 0.0609375 0.0609375
0 0.91015625 0.21796875 0.078125 0.0609375
0 0.0515625 0.46875 0.071875 0.090625
0 0.13515625 0.4234375 0.075 0.06875
0 0.1984375 0.39453125 0.040625 0.0578125
0 0.3078125 0.3875 0.14375 0.078125
0 0.43515625 0.4015625 0.0703125 0.0921875
0 0.51171875 0.36015625 0.0609375 0.040625
0 0.6171875 0.3390625 0.140625 0.1234375
0 0.78671875 0.33984375 0.1921875 0.13125
0 0.05625 0.5296875 0.009375 0.05
0 0.14453125 0.5375 0.0921875 0.0984375
0 0.2265625 0.5296875 0.078125 0.1
0 0.35703125 0.46640625 0.1953125 0.0984375
0 0.478125 0.4484375 0.0484375 0.053125
0 0.54609375 0.4625 0.10625 0.0875
0 0.68359375 0.44453125 0.171875 0.1375
0 0.7984375 0.39765625 0.071875 0.059375
0 0.1296875 0.60546875 0.096875 0.0671875
0 0.23359375 0.60078125 0.0296875 0.0296875
0 0.3140625 0.59765625 0.0984375 0.075
0 0.4265625 0.56484375 0.115625 0.090625
0 0.54453125 0.53046875 0.1109375 0.059375
0 0.6671875 0.51328125 0.140625 0.128125
0 0.7640625 0.4953125 0.071875 0.0390625
0 0.87109375 0.4828125 0.1328125 0.1046875
0 0.0953125 0.696875 0.0703125 0.0671875
0 0.1484375 0.6875 0.0484375 0.075
0 0.26484375 0.67265625 0.1796875 0.0953125
0 0.39375 0.6453125 0.0890625 0.1078125
0 0.48359375 0.615625 0.0640625 0.0625
0 0.58671875 0.6390625 0.109375 0.109375
0 0.69609375 0.584375 0.1234375 0.071875
0 0.83203125 0.56484375 0.14375 0.096875
0 0.159375 0.7703125 0.09375 0.0734375
0 0.2375 0.740625 0.0609375 0.0515625
0 0.303125 0.75703125 0.05625 0.075
0 0.359375 0.721875 0.0390625 0.0234375
0 0.4125 0.7015625 0.0515625 0.0390625
0 0.50703125 0.69453125 0.1203125 0.0578125
0 0.6125 0.67109375 0.103125 0.0484375
0 0.684375 0.66640625 0.0203125 0.0203125
0 0.73203125 0.67265625 0.071875 0.0765625
0 0.80859375 0.6359375 0.0671875 0.0453125
0 0.87265625 0.63125 0.0515625 0.0265625
0 0.921875 0.61796875 0.046875 0.0703125
0 0.16484375 0.8359375 0.0609375 0.0625
0 0.2359375 0.8046875 0.0578125 0.040625
0 0.3609375 0.790625 0.1765625 0.1359375
0 0.49375 0.778125 0.10625 0.1078125
0 0.553125 0.7765625 0.0546875 0.1125
0 0.64375 0.73671875 0.140625 0.084375
0 0.46796875 0.85546875 0.0546875 0.0765625
0 0.5140625 0.8578125 0.05 0.0921875
0 0.58984375 0.83203125 0.1 0.08125
0 0.621875 0.884375 0.075 0.0609375
0 0.71171875 0.84453125 0.1078125 0.11875
0 0.90546875 0.85859375 0.0234375 0.0109375
0 0.96171875 0.8359375 0.0765625 0.05625
0 0.9640625 0.87421875 0.071875 0.0609375