0 0.53984375 0.03671875 0.34375 0.0703125
0 0.3328125 0.0578125 0.10625 0.0515625
0 0.5796875 0.07890625 0.2046875 0.0453125
0 0.20546875 0.08515625 0.0625 0.028125
0 0.1953125 0.12890625 0.059375 0.0296875
0 0.3359375 0.09609375 0.1796875 0.0453125
0 0.33984375 0.140625 0.2125 0.0484375
0 0.21171875 0.175 0.071875 0.028125
0 0.2890625 0.1828125 0.078125 0.0203125
0 0.58203125 0.11640625 0.28125 0.0578125
0 0.590625 0.16484375 0.05625 0.03125
0 0.66171875 0.16484375 0.0453125 0.040625
0 0.32109375 0.23046875 0.06875 0.03125
0 0.403125 0.23828125 0.071875 0.03125
0 0.51953125 0.2453125 0.046875 0.0328125
0 0.5796875 0.24765625 0.0546875 0.0296875
0 0.1359375 0.42265625 0.0375 0.0265625
0 0.19375 0.425 0.0796875 0.025
0 0.2796875 0.43671875 0.0875 0.0296875
0 0.3546875 0.440625 0.05625 0.0234375
0 0.5390625 0.45859375 0.2609375 0.0765625
0 0.1875 0.478125 0.165625 0.0453125
0 0.375 0.49296875 0.2109375 0.05
0 0.51953125 0.50625 0.0765625 0.034375
0 0.6375 0.5234375 0.128125 0.0546875
0 0.73984375 0.52421875 0.0765625 0.034375
0 0.19140625 0.521875 0.2578125 0.05
0 0.38515625 0.5375 0.0875 0.0265625
0 0.484375 0.5453125 0.10625 0.028125
0 0.1859375 0.5765625 0.203125 0.06875
0 0.43984375 0.59765625 0.2609375 0.06875
0 0.65390625 0.61484375 0.175 0.0578125
0 0.15625 0.62265625 0.15625 0.053125
0 0.33125 0.63828125 0.1609375 0.0421875
0 0.484375 0.6453125 0.09375 0.0421875
0 0.64609375 0.6609375 0.2 0.05
0 0.115625 0.6703125 0.05625 0.05625
0 0.203125 0.67421875 0.090625 0.05
0 0.3296875 0.678125 0.1640625 0.059375
0 0.48359375 0.6890625 0.1265625 0.053125
0 0.66796875 0.70546875 0.215625 0.0515625
0 0.20078125 0.73046875 0.29375 0.065625
0 0.465625 0.74765625 0.2046875 0.05625
0 0.246875 0.78671875 0.3640625 0.08125
0 0.13671875 0.82890625 0.1640625 0.0609375
0 0.35546875 0.83984375 0.278125 0.0875
0 0.56875 0.85234375 0.1015625 0.04375
0 0.21328125 0.8859375 0.315625 0.090625
0 0.46796875 0.88828125 0.19375 0.059375
0 0.7125 0.89765625 0.2703125 0.0875
0 0.44765625 0.065625 0.0515625 0.028125
0 0.378125 0.39609375 0.178125 0.0578125