0 0.13828125 0.02578125 0.021875 0.0265625
0 0.34375 0.01640625 0.053125 0.0234375
0 0.515625 0.01015625 0.021875 0.0203125
0 0.06875 0.11640625 0.0890625 0.0734375
0 0.20859375 0.11875 0.1140625 0.0578125
0 0.38828125 0.11953125 0.15625 0.059375
0 0.55078125 0.109375 0.090625 0.0671875
0 0.66015625 0.10546875 0.059375 0.0515625
0 0.78359375 0.096875 0.175 0.040625
0 0.89296875 0.09140625 0.046875 0.034375
0 0.92734375 0.12109375 0.1203125 0.040625
0 0.16640625 0.20078125 0.2171875 0.090625
0 0.346875 0.18984375 0.1 0.0734375
0 0.4921875 0.190625 0.1578125 0.0953125
0 0.609375 0.17734375 0.0453125 0.05625
0 0.7 0.17421875 0.0984375 0.0625
0 0.240625 0.26875 0.39375 0.0984375
0 0.5296875 0.2546875 0.0890625 0.0671875
0 0.7796875 0.253125 0.4046875 0.0984375
0 0.0484375 0.396875 0.0453125 0.0609375
0 0.0875 0.39609375 0.0328125 0.0578125
0 0.18984375 0.4078125 0.096875 0.084375
0 0.41171875 0.3875 0.0625 0.05625
0 0.52578125 0.3828125 0.1390625 0.05
0 0.66171875 0.38359375 0.0625 0.0609375
0 0.7875 0.37890625 0.1640625 0.05
0 0.075 0.4703125 0.0234375 0.0359375
0 0.1453125 0.46171875 0.1109375 0.0578125
0 0.25546875 0.4515625 0.0625 0.0578125
0 0.328125 0.45625 0.09375 0.0828125
0 0.4640625 0.4546875 0.1625 0.08125
0 0.5921875 0.44453125 0.0734375 0.0640625
0 0.67265625 0.459375 0.071875 0.0734375
0 0.77265625 0.44609375 0.0984375 0.06875
0 0.86796875 0.440625 0.046875 0.0625
0 0.14453125 0.52890625 0.103125 0.071875
0 0.440625 0.52734375 0.415625 0.1078125
0 0.096875 0.66953125 0.146875 0.0984375
0 0.24296875 0.65859375 0.1015625 0.0984375
0 0.378125 0.6578125 0.146875 0.0796875
0 0.47109375 0.6421875 0.04375 0.0671875
0 0.55703125 0.6515625 0.11875 0.065625
0 0.64921875 0.66015625 0.0453125 0.05625
0 0.76640625 0.64375 0.1875 0.05625
0 0.11484375 0.72734375 0.046875 0.0390625
0 0.22734375 0.71875 0.1484375 0.0640625
0 0.34453125 0.72109375 0.05625 0.0703125
0 0.45390625 0.71171875 0.14375 0.075
0 0.6421875 0.7171875 0.053125 0.0609375
0 0.76328125 0.7109375 0.18125 0.053125
0 0.103125 0.79453125 0.08125 0.0453125
0 0.375 0.79375 0.471875 0.10625
0 0.12109375 0.8515625 0.1171875 0.075
0 0.35078125 0.85 0.2546875 0.096875
0 0.96328125 0.93515625 0.065625 0.0203125