0 0.209375 0.0546875 0.1140625 0.059375
0 0.42109375 0.05625 0.1765625 0.059375
0 0.85859375 0.09609375 0.0765625 0.0421875
0 0.17578125 0.15546875 0.0703125 0.0265625
0 0.30234375 0.15859375 0.125 0.034375
0 0.46640625 0.1734375 0.1421875 0.0328125
0 0.59453125 0.17890625 0.0765625 0.0328125
0 0.7328125 0.190625 0.18125 0.0421875
0 0.8640625 0.19921875 0.0515625 0.028125
0 0.1875 0.21640625 0.0859375 0.0375
0 0.3265625 0.2203125 0.1578125 0.05
0 0.46953125 0.23359375 0.0734375 0.040625
0 0.56953125 0.25234375 0.1046875 0.05625
0 0.7125 0.25078125 0.13125 0.034375
0 0.85 0.27578125 0.1328125 0.071875
0 0.22734375 0.28203125 0.1796875 0.04375
0 0.41484375 0.29296875 0.1296875 0.05
0 0.5453125 0.3015625 0.1140625 0.0328125
0 0.71015625 0.31328125 0.175 0.0625
0 0.24609375 0.35390625 0.2375 0.0578125
0 0.45703125 0.35078125 0.15 0.0328125
0 0.61015625 0.3609375 0.1 0.0390625
0 0.709375 0.36171875 0.059375 0.0328125
0 0.83515625 0.36796875 0.1859375 0.05
0 0.1859375 0.428125 0.128125 0.0625
0 0.384375 0.4296875 0.221875 0.05
0 0.60078125 0.43671875 0.153125 0.0421875
0 0.7421875 0.43828125 0.1046875 0.0328125
0 0.14375 0.5109375 0.0453125 0.046875
0 0.20078125 0.5203125 0.046875 0.0609375
0 0.26875 0.52734375 0.0640625 0.04375
0 0.33828125 0.528125 0.059375 0.0421875
0 0.41796875 0.53125 0.0703125 0.05
0 0.49609375 0.5265625 0.0625 0.05625
0 0.58125 0.5375 0.0640625 0.0390625
0 0.65625 0.54296875 0.059375 0.0453125
0 0.7125 0.5453125 0.0078125 0.034375
0 0.1765625 0.609375 0.1265625 0.053125
0 0.34375 0.61796875 0.1265625 0.0453125
0 0.5125 0.6296875 0.1578125 0.053125
0 0.6890625 0.62265625 0.165625 0.0765625
0 0.25625 0.68046875 0.29375 0.065625
0 0.465625 0.69296875 0.0734375 0.0296875
0 0.55546875 0.7 0.0921875 0.05625
0 0.7078125 0.69609375 0.171875 0.0578125
0 0.86796875 0.7125 0.1375 0.0703125
0 0.1609375 0.7546875 0.115625 0.04375
0 0.31796875 0.75078125 0.1453125 0.046875
0 0.4375 0.75703125 0.0546875 0.034375
0 0.53203125 0.76015625 0.09375 0.034375
0 0.67890625 0.76484375 0.1421875 0.05
0 0.8359375 0.7578125 0.1390625 0.0703125
0 0.92109375 0.790625 0.040625 0.0875