0 0.43359375 0.21875 0.221875 0.1578125
0 0.609375 0.24765625 0.1078125 0.0921875
0 0.71171875 0.29453125 0.1265625 0.1125
0 0.24921875 0.3171875 0.1953125 0.1109375
0 0.41875 0.35078125 0.1296875 0.103125
0 0.54765625 0.390625 0.1484375 0.115625
0 0.646875 0.396875 0.034375 0.0640625
0 0.7640625 0.43359375 0.190625 0.0984375
0 0.909375 0.4515625 0.1 0.0671875
0 0.43203125 0.4328125 0.103125 0.065625
0 0.57421875 0.4609375 0.159375 0.071875
0 0.45234375 0.4984375 0.1609375 0.075
0 0.60625 0.52109375 0.1375 0.065625
0 0.6953125 0.53203125 0.025 0.040625
0 0.74921875 0.5390625 0.065625 0.0578125
0 0.84453125 0.55625 0.128125 0.075
0 0.28046875 0.5796875 0.0375 0.053125
0 0.3828125 0.584375 0.125 0.0640625
0 0.5046875 0.59765625 0.0953125 0.0578125
0 0.58046875 0.60703125 0.03125 0.0453125
0 0.66484375 0.61484375 0.11875 0.0609375
0 0.375 0.64453125 0.1171875 0.065625
0 0.52421875 0.65390625 0.1625 0.071875
0 0.63125 0.6671875 0.028125 0.0484375
0 0.72109375 0.68125 0.134375 0.0578125
0 0.24921875 0.71640625 0.35 0.1125
0 0.4796875 0.73359375 0.09375 0.0640625
0 0.31640625 0.7984375 0.0828125 0.06875
0 0.42265625 0.80390625 0.1 0.06875
0 0.55390625 0.80703125 0.1328125 0.0765625
0 0.63515625 0.80859375 0.0203125 0.021875
0 0.68984375 0.76875 0.065625 0.05625
0 0.69375 0.8171875 0.0703125 0.046875
0 0.696875 0.8546875 0.103125 0.0578125
0 0.59453125 0.91484375 0.0953125 0.08125
0 0.66953125 0.9078125 0.025 0.05
0 0.73671875 0.9125 0.103125 0.065625
0 0.60859375 0.96875 0.0953125 0.0625
0 0.70390625 0.96953125 0.0734375 0.046875