0 0.134375 0.11796875 0.0578125 0.075
0 0.215625 0.13671875 0.053125 0.034375
0 0.321875 0.128125 0.109375 0.05
0 0.06875 0.24453125 0.025 0.0375
0 0.12421875 0.2375 0.059375 0.0515625
0 0.22734375 0.234375 0.0734375 0.053125
0 0.35078125 0.23046875 0.0953125 0.0546875
0 0.4421875 0.228125 0.034375 0.0515625
0 0.48515625 0.221875 0.025 0.025
0 0.590625 0.21875 0.1640625 0.0640625
0 0.71953125 0.21796875 0.0515625 0.06875
0 0.784375 0.20234375 0.0265625 0.0484375
0 0.84609375 0.20625 0.05 0.040625
0 0.9265625 0.20078125 0.0890625 0.06875
0 0.0890625 0.29296875 0.0765625 0.05625
0 0.18984375 0.28515625 0.1046875 0.065625
0 0.27734375 0.28671875 0.0328125 0.0453125
0 0.37578125 0.2875 0.0828125 0.0453125
0 0.50703125 0.29140625 0.1171875 0.0640625
0 0.60703125 0.26796875 0.0421875 0.0453125
0 0.6703125 0.26875 0.05 0.0578125
0 0.753125 0.26171875 0.0578125 0.0375
0 0.82578125 0.2484375 0.0796875 0.065625
0 0.8921875 0.2484375 0.03125 0.0484375
0 0.9421875 0.24765625 0.046875 0.0421875
0 0.06640625 0.41015625 0.034375 0.0375
0 0.15078125 0.3921875 0.1015625 0.0765625
0 0.26796875 0.39375 0.10625 0.0484375
0 0.35546875 0.38671875 0.040625 0.05
0 0.42265625 0.3859375 0.0515625 0.0328125
0 0.49453125 0.37578125 0.03125 0.03125
0 0.56953125 0.3765625 0.09375 0.0671875
0 0.690625 0.3546875 0.0984375 0.075
0 0.77734375 0.365625 0.053125 0.03125
0 0.871875 0.36328125 0.0921875 0.0703125
0 0.96328125 0.34765625 0.0609375 0.046875
0 0.11875 0.478125 0.1140625 0.0796875
0 0.21640625 0.446875 0.0265625 0.0421875
0 0.34609375 0.45625 0.1859375 0.0796875
0 0.07265625 0.56328125 0.0375 0.0375
0 0.1328125 0.56484375 0.0703125 0.0875
0 0.2421875 0.56328125 0.084375 0.0375
0 0.33203125 0.55390625 0.0453125 0.040625
0 0.43828125 0.553125 0.121875 0.0765625
0 0.54375 0.5484375 0.046875 0.0640625
0 0.5984375 0.528125 0.05625 0.0609375
0 0.6875 0.52265625 0.0984375 0.0671875
0 0.7984375 0.53828125 0.0734375 0.0734375
0 0.9 0.51484375 0.0984375 0.059375
0 0.98203125 0.5078125 0.0359375 0.046875
0 0.09609375 0.62265625 0.046875 0.0359375
0 0.0734375 0.721875 0.0375 0.04375
0 0.13515625 0.7140625 0.065625 0.075
0 0.253125 0.721875 0.1296875 0.06875
0 0.41171875 0.709375 0.13125 0.071875
0 0.57421875 0.7078125 0.14375 0.0703125
0 0.7 0.6828125 0.0640625 0.0546875
0 0.80625 0.6875 0.1359375 0.0734375
0 0.90703125 0.665625 0.0265625 0.046875
0 0.96796875 0.66796875 0.0640625 0.0421875
0 0.1234375 0.78984375 0.1015625 0.05625
0 0.253125 0.79375 0.0796875 0.0890625
0 0.3453125 0.79765625 0.0421875 0.0859375
0 0.47734375 0.771875 0.1703125 0.059375
0 0.07578125 0.88046875 0.0390625 0.0453125
0 0.12734375 0.88515625 0.05625 0.0796875
0 0.2125 0.91640625 0.075 0.0703125
0 0.2828125 0.9015625 0.0078125 0.0328125
0 0.34140625 0.89453125 0.065625 0.04375
0 0.41953125 0.878125 0.05 0.0609375
0 0.49609375 0.88671875 0.0328125 0.0625
0 0.55625 0.878125 0.0671875 0.0625
0 0.65703125 0.84921875 0.103125 0.059375
0 0.7453125 0.8453125 0.0484375 0.0515625
0 0.8671875 0.83515625 0.134375 0.0578125
0 0.97734375 0.84296875 0.0453125 0.0609375
0 0.14296875 0.96796875 0.0796875 0.0640625
0 0.2609375 0.9625 0.078125 0.075
0 0.35078125 0.959375 0.05 0.0625
0 0.43828125 0.93359375 0.0734375 0.0671875
0 0.540625 0.92578125 0.065625 0.0640625
0 0.64921875 0.9109375 0.0890625 0.0578125