0 0.10390625 0.21875 0.1203125 0.0421875
0 0.23515625 0.20078125 0.0984375 0.0390625
0 0.38125 0.17734375 0.14375 0.0453125
0 0.54921875 0.1546875 0.1609375 0.040625
0 0.725 0.128125 0.1109375 0.034375
0 0.103125 0.28125 0.09375 0.0296875
0 0.225 0.26953125 0.0703125 0.0296875
0 0.34609375 0.24296875 0.1390625 0.053125
0 0.53203125 0.22109375 0.1609375 0.0546875
0 0.7078125 0.19375 0.1578125 0.040625
0 0.1109375 0.35546875 0.115625 0.0375
0 0.2484375 0.33125 0.1078125 0.034375
0 0.43515625 0.3 0.228125 0.059375
0 0.61015625 0.27421875 0.040625 0.0265625
0 0.67734375 0.26171875 0.0609375 0.025
0 0.78671875 0.2375 0.1015625 0.040625
0 0.0984375 0.42890625 0.0875 0.0375
0 0.25078125 0.4078125 0.0984375 0.0359375
0 0.3640625 0.3953125 0.084375 0.0328125
0 0.47109375 0.38046875 0.0484375 0.028125
0 0.56171875 0.3671875 0.0859375 0.0328125
0 0.6734375 0.34921875 0.0828125 0.0265625