0 0.09453125 0.10546875 0.065625 0.0421875
0 0.1828125 0.08984375 0.1234375 0.0640625
0 0.284375 0.0625 0.059375 0.05
0 0.35703125 0.05078125 0.078125 0.05
0 0.42734375 0.05078125 0.0375 0.05
0 0.5265625 0.02109375 0.140625 0.0421875
0 0.68046875 0.01015625 0.1296875 0.0203125
0 0.0875 0.18828125 0.0453125 0.06875
0 0.18046875 0.16015625 0.1203125 0.0671875
0 0.28203125 0.1390625 0.0578125 0.0375
0 0.178125 0.2125 0.0765625 0.0546875
0 0.2640625 0.19921875 0.0984375 0.053125
0 0.375 0.17109375 0.1046875 0.0640625
0 0.14609375 0.359375 0.1421875 0.071875
0 0.421875 0.2875 0.2125 0.0953125
0 0.67578125 0.22265625 0.1375 0.0984375
0 0.1875 0.44296875 0.1765625 0.0859375
0 0.17890625 0.67265625 0.0265625 0.0546875
0 0.26171875 0.6796875 0.1015625 0.096875
0 0.29765625 0.81796875 0.0984375 0.103125
0 0.3078125 0.95546875 0.2125 0.0890625
0 0.4453125 0.95078125 0.0875 0.0984375
0 0.36953125 0.35859375 0.1140625 0.078125
0 0.44375 0.3390625 0.0453125 0.0484375
0 0.53125 0.31875 0.1171875 0.059375
0 0.38125 0.43203125 0.0859375 0.0609375
0 0.47265625 0.3984375 0.0984375 0.0609375
0 0.53515625 0.384375 0.0296875 0.040625
0 0.4578125 0.55 0.1140625 0.0625
0 0.4328125 0.60625 0.0875 0.0828125
0 0.55390625 0.559375 0.14375 0.0859375
0 0.48125 0.715625 0.0890625 0.0828125
0 0.59375 0.62578125 0.1515625 0.13125
0 0.5765625 0.8921875 0.1828125 0.115625
0 0.7296875 0.83984375 0.109375 0.1109375
0 0.65546875 0.28203125 0.078125 0.0546875
0 0.746875 0.2609375 0.0703125 0.0578125
0 0.834375 0.23984375 0.1078125 0.0875
0 0.66640625 0.340625 0.05 0.0421875
0 0.728125 0.32421875 0.0765625 0.059375
0 0.803125 0.3203125 0.0453125 0.059375
0 0.859375 0.2734375 0.1046875 0.0796875
0 0.7109375 0.38203125 0.0953125 0.084375
0 0.83515625 0.35234375 0.1453125 0.08125
0 0.765625 0.528125 0.1546875 0.125
0 0.8421875 0.575 0.1890625 0.1125
0 0.82734375 0.89453125 0.0390625 0.071875
0 0.9375 0.87890625 0.075 0.0578125
0 0.990625 0.846875 0.01875 0.05625
0 0.22734375 0.825 0.04375 0.0640625