0 0.03203125 0.12578125 0.046875 0.0484375
0 0.0890625 0.11796875 0.0609375 0.0625
0 0.1453125 0.10703125 0.0640625 0.0625
0 0.2140625 0.0953125 0.0953125 0.078125
0 0.30078125 0.08515625 0.065625 0.0578125
0 0.3625 0.08359375 0.0703125 0.0609375
0 0.42578125 0.06953125 0.065625 0.071875
0 0.52890625 0.05859375 0.103125 0.059375
0 0.61640625 0.0390625 0.0765625 0.0546875
0 0.71328125 0.04453125 0.0796875 0.078125
0 0.7890625 0.0234375 0.0625 0.046875
0 0.11171875 0.225 0.109375 0.0859375
0 0.24296875 0.2171875 0.1234375 0.0953125
0 0.3609375 0.18515625 0.1171875 0.0734375
0 0.4625 0.17421875 0.059375 0.04375
0 0.559375 0.15546875 0.0828125 0.0578125
0 0.67578125 0.1375 0.1390625 0.0765625
0 0.8 0.14140625 0.0875 0.0828125
0 0.865625 0.13671875 0.05 0.0890625
0 0.10234375 0.334375 0.075 0.0875
0 0.171875 0.3109375 0.0453125 0.071875
0 0.22890625 0.31171875 0.05 0.053125
0 0.35 0.3046875 0.15 0.0796875
0 0.47734375 0.30234375 0.05625 0.0734375
0 0.5515625 0.2765625 0.0625 0.0578125
0 0.66328125 0.26171875 0.128125 0.0796875
0 0.76484375 0.24375 0.053125 0.0625
0 0.8375 0.2328125 0.05 0.053125
0 0.16015625 0.440625 0.1609375 0.0765625
0 0.3015625 0.425 0.1 0.0734375
0 0.38828125 0.4109375 0.08125 0.084375
0 0.48359375 0.3890625 0.0609375 0.0484375
0 0.57578125 0.38984375 0.1140625 0.103125
0 0.68203125 0.3671875 0.0640625 0.0546875
0 0.78046875 0.3484375 0.09375 0.0609375
0 0.17421875 0.54765625 0.1515625 0.1234375
0 0.33203125 0.54765625 0.1078125 0.103125