0 0.3546875 0.034375 0.0265625 0.0375
0 0.375 0.04375 0.0171875 0.0203125
0 0.4015625 0.04375 0.0453125 0.0578125
0 0.45703125 0.0921875 0.1359375 0.121875
0 0.3125 0.1734375 0.071875 0.0625
0 0.37265625 0.19296875 0.015625 0.025
0 0.4328125 0.221875 0.1296875 0.16875
0 0.55234375 0.22578125 0.1125 0.1453125
0 0.25 0.22265625 0.021875 0.0234375
0 0.29609375 0.246875 0.05625 0.0765625
0 0.35234375 0.23984375 0.0546875 0.071875
0 0.44140625 0.2546875 0.09375 0.0671875
0 0.55 0.26875 0.1234375 0.14375
0 0.64375 0.26484375 0.1078125 0.075
0 0.66875 0.29921875 0.1203125 0.0734375
0 0.221875 0.3390625 0.1109375 0.109375
0 0.3015625 0.375 0.053125 0.0875
0 0.3734375 0.34921875 0.059375 0.0875
0 0.44765625 0.359375 0.071875 0.1125
0 0.51171875 0.371875 0.0765625 0.1140625
0 0.57578125 0.38203125 0.071875 0.1015625
0 0.6796875 0.35 0.1265625 0.0953125
0 0.18359375 0.41171875 0.05625 0.075
0 0.21953125 0.421875 0.0375 0.090625
0 0.2875 0.41875 0.075 0.0859375
0 0.3671875 0.4109375 0.0609375 0.0828125
0 0.46484375 0.44921875 0.15 0.1703125
0 0.54453125 0.459375 0.0734375 0.1078125
0 0.63359375 0.42109375 0.096875 0.084375
0 0.69921875 0.4140625 0.028125 0.0546875
0 0.734375 0.38046875 0.0359375 0.078125
0 0.18046875 0.478125 0.075 0.1125
0 0.24765625 0.51875 0.0828125 0.1171875
0 0.33359375 0.48671875 0.084375 0.1078125
0 0.31953125 0.575 0.10625 0.1171875
0 0.43046875 0.53984375 0.1015625 0.1109375
0 0.52890625 0.5453125 0.059375 0.1046875
0 0.59140625 0.54921875 0.071875 0.1328125
0 0.6640625 0.5078125 0.1015625 0.153125
0 0.365625 0.6265625 0.0296875 0.0515625
0 0.40625 0.615625 0.05 0.0671875
0 0.490625 0.60703125 0.0875 0.1171875
0 0.6015625 0.58671875 0.1328125 0.1265625
0 0.44921875 0.709375 0.0859375 0.128125
0 0.51796875 0.703125 0.05625 0.1453125
0 0.59296875 0.659375 0.1 0.1328125
0 0.4796875 0.83515625 0.090625 0.146875
0 0.534375 0.8140625 0.0234375 0.028125
0 0.6 0.77421875 0.0953125 0.103125
0 0.55859375 0.88984375 0.065625 0.053125