0 0.20390625 0.05546875 0.0125 0.028125
0 0.23671875 0.0609375 0.0484375 0.0328125
0 0.3140625 0.0671875 0.103125 0.0375
0 0.3859375 0.075 0.034375 0.034375
0 0.29765625 0.14453125 0.334375 0.0859375
0 0.16171875 0.246875 0.075 0.0375
0 0.20390625 0.24921875 0.015625 0.0265625
0 0.23515625 0.2515625 0.04375 0.0296875
0 0.3046875 0.26171875 0.0890625 0.034375
0 0.38046875 0.265625 0.0625 0.0296875
0 0.2421875 0.3265625 0.2 0.0703125
0 0.4953125 0.35078125 0.2265625 0.0578125
0 0.69296875 0.36875 0.08125 0.0359375
0 0.26171875 0.38203125 0.278125 0.0609375
0 0.49140625 0.4 0.0796875 0.0515625
0 0.61640625 0.41171875 0.0703125 0.0390625
0 0.31484375 0.44375 0.3453125 0.0796875
0 0.55859375 0.46484375 0.0734375 0.04375
0 0.725 0.47734375 0.175 0.059375
0 0.1578125 0.48828125 0.084375 0.0390625
0 0.29921875 0.50859375 0.121875 0.040625
0 0.5265625 0.525 0.2 0.0578125
0 0.69453125 0.53359375 0.0703125 0.034375
0 0.78828125 0.53984375 0.0921875 0.0375
0 0.21171875 0.55546875 0.2140625 0.053125
0 0.4109375 0.5796875 0.059375 0.053125
0 0.5265625 0.6 0.1578125 0.065625
0 0.72578125 0.58984375 0.1703125 0.0515625
0 0.88359375 0.60625 0.0890625 0.0625
0 0.21171875 0.6515625 0.190625 0.046875
0 0.4625 0.671875 0.1890625 0.0515625
0 0.6765625 0.7125 0.14375 0.059375
0 0.3421875 0.71484375 0.471875 0.08125
0 0.67734375 0.74453125 0.1203125 0.05
0 0.81953125 0.75703125 0.1203125 0.0390625
0 0.2234375 0.759375 0.2046875 0.0625
0 0.43671875 0.76953125 0.1 0.0390625
0 0.5921875 0.78671875 0.14375 0.0453125
0 0.22734375 0.803125 0.228125 0.05
0 0.60703125 0.83515625 0.340625 0.0859375
0 0.11875 0.31015625 0.0359375 0.03125
0 0.08359375 0.63671875 0.0359375 0.028125
0 0.15390625 0.05546875 0.075 0.034375