0 0.13515625 0.1046875 0.03125 0.0390625
0 0.18359375 0.08984375 0.071875 0.04375
0 0.25703125 0.07734375 0.078125 0.0484375
0 0.3203125 0.0609375 0.053125 0.0390625
0 0.4140625 0.0609375 0.0640625 0.0625
0 0.55859375 0.04921875 0.2015625 0.0984375
0 0.68359375 0.0328125 0.0953125 0.065625
0 0.184375 0.1953125 0.09375 0.1
0 0.27109375 0.16796875 0.0890625 0.0796875
0 0.38203125 0.12734375 0.0890625 0.065625
0 0.46328125 0.13359375 0.05 0.071875
0 0.5296875 0.10703125 0.084375 0.0609375
0 0.66953125 0.08984375 0.1625 0.115625
0 0.3859375 0.19375 0.0765625 0.046875
0 0.4640625 0.18125 0.0921875 0.04375
0 0.1875 0.28828125 0.11875 0.0734375
0 0.3109375 0.27109375 0.1125 0.0609375
0 0.53203125 0.2140625 0.059375 0.05625
0 0.640625 0.19140625 0.1203125 0.0921875
0 0.20234375 0.3609375 0.1109375 0.0578125
0 0.321875 0.34375 0.1125 0.0953125
0 0.42890625 0.31640625 0.11875 0.0859375
0 0.5234375 0.25703125 0.0578125 0.0625
0 0.6109375 0.2609375 0.1078125 0.0875
0 0.721875 0.240625 0.0859375 0.0703125
0 0.446875 0.3515625 0.096875 0.0609375
0 0.6125 0.32421875 0.2171875 0.1125
0 0.225 0.4859375 0.0828125 0.065625
0 0.3359375 0.4625 0.128125 0.0625
0 0.5703125 0.39921875 0.0640625 0.0625
0 0.6765625 0.36875 0.1390625 0.0828125
0 0.24140625 0.55546875 0.0875 0.05625
0 0.321875 0.52421875 0.0859375 0.065625
0 0.50703125 0.48515625 0.2375 0.115625
0 0.73984375 0.41953125 0.2359375 0.1421875
0 0.2484375 0.61796875 0.0890625 0.0671875
0 0.4046875 0.5828125 0.228125 0.1109375
0 0.26328125 0.68671875 0.0765625 0.0671875
0 0.36328125 0.65546875 0.1140625 0.0921875
0 0.459375 0.61875 0.065625 0.06875
0 0.56875 0.5859375 0.1375 0.0953125
0 0.65859375 0.56875 0.040625 0.05
0 0.71328125 0.53046875 0.0859375 0.1
0 0.29921875 0.7453125 0.1109375 0.0703125
0 0.40703125 0.68828125 0.0671875 0.075
0 0.5265625 0.665625 0.159375 0.0890625
0 0.6375 0.63671875 0.0578125 0.059375
0 0.775 0.59140625 0.2171875 0.134375
0 0.44375 0.23125 0.1078125 0.071875
0 0.46484375 0.43125 0.125 0.0859375
0 0.26640625 0.4078125 0.20625 0.08125