0 0.05859375 0.4078125 0.0953125 0.0671875
0 0.240625 0.41015625 0.159375 0.0359375
0 0.15703125 0.4296875 0.0640625 0.01875
0 0.20625 0.434375 0.0296875 0.015625
0 0.259375 0.43671875 0.0421875 0.01875
0 0.28671875 0.43984375 0.009375 0.00625
0 0.3140625 0.43984375 0.0453125 0.01875
0 0.86015625 0.4546875 0.1140625 0.0703125
0 0.97265625 0.475 0.0546875 0.021875
0 0.1921875 0.51328125 0.1640625 0.065625
0 0.3046875 0.5390625 0.0484375 0.0984375
0 0.39765625 0.53671875 0.1734375 0.0625
0 0.50703125 0.55234375 0.0640625 0.103125
0 0.61328125 0.553125 0.1453125 0.0515625
0 0.69296875 0.55078125 0.071875 0.1015625
0 0.8359375 0.5546875 0.278125 0.0859375
0 0.16484375 0.5875 0.1578125 0.0515625
0 0.2703125 0.61015625 0.0625 0.0796875
0 0.44921875 0.62421875 0.2796875 0.1125
0 0.60546875 0.63203125 0.040625 0.1125
0 0.68359375 0.63046875 0.11875 0.0578125
0 0.21171875 0.70234375 0.2140625 0.090625
0 0.32109375 0.74140625 0.0328125 0.1171875
0 0.48203125 0.746875 0.290625 0.10625
0 0.64609375 0.759375 0.0578125 0.103125
0 0.72578125 0.76015625 0.13125 0.0734375