0 0.296875 0.11015625 0.1703125 0.0671875
0 0.79609375 0.18984375 0.0203125 0.0171875
0 0.81953125 0.18984375 0.0125 0.0109375
0 0.84296875 0.19921875 0.015625 0.0140625
0 0.8578125 0.2140625 0.015625 0.0140625
0 0.859375 0.23125 0.0125 0.0125
0 0.84921875 0.24609375 0.015625 0.0140625
0 0.82890625 0.2546875 0.015625 0.0125
0 0.803125 0.25390625 0.0125 0.0125
0 0.78125 0.2453125 0.015625 0.0125
0 0.76484375 0.23046875 0.0140625 0.0125
0 0.7671875 0.21328125 0.0203125 0.015625
0 0.775 0.1984375 0.0171875 0.015625
0 0.2015625 0.15546875 0.08125 0.0328125
0 0.3046875 0.17109375 0.115625 0.034375
0 0.41328125 0.19296875 0.1203125 0.06875
0 0.5828125 0.25390625 0.0359375 0.0390625
0 0.63984375 0.25859375 0.075 0.040625
0 0.3578125 0.240625 0.0796875 0.0328125
0 0.43125 0.25234375 0.0328125 0.0265625
0 0.48671875 0.2671875 0.059375 0.0421875
0 0.55546875 0.27265625 0.0484375 0.025
0 0.61953125 0.2875 0.046875 0.034375
0 0.671875 0.28984375 0.0375 0.021875
0 0.73984375 0.30703125 0.0828125 0.0453125
0 0.83359375 0.31640625 0.09375 0.0453125
0 0.14765625 0.25546875 0.0859375 0.053125
0 0.24921875 0.26640625 0.05625 0.025
0 0.32421875 0.28515625 0.0796875 0.04375
0 0.409375 0.2953125 0.09375 0.0546875
0 0.50390625 0.29921875 0.0578125 0.0296875
0 0.5875 0.31171875 0.0734375 0.03125
0 0.6671875 0.32421875 0.0640625 0.0328125
0 0.73203125 0.3421875 0.075 0.0484375
0 0.8171875 0.33984375 0.0671875 0.0359375
0 0.875 0.34609375 0.0328125 0.021875
0 0.1546875 0.28125 0.0765625 0.028125
0 0.28828125 0.3125 0.1421875 0.05625
0 0.43125 0.3234375 0.1234375 0.0453125
0 0.51875 0.3375 0.0421875 0.021875
0 0.571875 0.34140625 0.0328125 0.0265625
0 0.62578125 0.34921875 0.05 0.03125
0 0.6921875 0.3578125 0.059375 0.0296875
0 0.75625 0.3765625 0.0640625 0.04375
0 0.85234375 0.38203125 0.11875 0.0578125
0 0.1421875 0.31875 0.075 0.046875
0 0.2140625 0.32578125 0.046875 0.0296875
0 0.3171875 0.34765625 0.1265625 0.059375
0 0.46796875 0.36171875 0.1265625 0.0421875
0 0.55703125 0.3734375 0.0328125 0.021875
0 0.6234375 0.38125 0.075 0.0296875
0 0.73359375 0.40859375 0.1234375 0.05625
0 0.8390625 0.41171875 0.0671875 0.0375
0 0.11796875 0.34453125 0.0296875 0.0203125
0 0.19609375 0.3578125 0.1234375 0.040625
0 0.30625 0.375 0.053125 0.0265625
0 0.396875 0.39375 0.096875 0.0390625
0 0.47578125 0.4 0.0640625 0.0328125
0 0.52109375 0.40703125 0.0234375 0.01875
0 0.59140625 0.41484375 0.109375 0.0390625
0 0.66875 0.42734375 0.028125 0.025
0 0.7359375 0.43828125 0.0890625 0.0359375
0 0.80703125 0.44296875 0.0453125 0.03125
0 0.86328125 0.44609375 0.0453125 0.028125
0 0.11171875 0.37734375 0.05625 0.0265625
0 0.1859375 0.3921875 0.071875 0.0328125
0 0.2953125 0.41640625 0.13125 0.053125
0 0.409375 0.42890625 0.0640625 0.0359375
0 0.4875 0.4421875 0.0734375 0.0453125
0 0.57734375 0.45078125 0.0890625 0.0359375
0 0.64453125 0.45703125 0.04375 0.025
0 0.69609375 0.46640625 0.046875 0.028125
0 0.784375 0.47578125 0.128125 0.0515625
0 0.12421875 0.41875 0.0734375 0.034375
0 0.18671875 0.4359375 0.034375 0.0421875
0 0.25234375 0.44453125 0.0734375 0.04375
0 0.321875 0.45234375 0.0328125 0.0203125
0 0.38359375 0.45703125 0.0671875 0.03125
0 0.44375 0.46796875 0.0359375 0.0265625
0 0.5046875 0.48125 0.0671875 0.0421875
0 0.57265625 0.4859375 0.06875 0.0390625
0 0.665625 0.49765625 0.09375 0.0390625
0 0.8046875 0.51953125 0.171875 0.0671875
0 0.09921875 0.45 0.0484375 0.0328125
0 0.16796875 0.4734375 0.06875 0.04375
0 0.21953125 0.47734375 0.0296875 0.0375
0 0.29765625 0.4859375 0.1125 0.0546875
0 0.39296875 0.49140625 0.0546875 0.028125
0 0.4453125 0.50234375 0.028125 0.0203125
0 0.48671875 0.5109375 0.028125 0.0203125
0 0.57421875 0.528125 0.1453125 0.0671875
0 0.67734375 0.534375 0.034375 0.0265625
0 0.73828125 0.55078125 0.0640625 0.04375
0 0.81796875 0.55390625 0.05 0.03125
0 0.11484375 0.49296875 0.0859375 0.03125
0 0.23125 0.51171875 0.1125 0.0484375
0 0.33828125 0.53125 0.0609375 0.040625
0 0.42421875 0.5390625 0.0828125 0.0421875
0 0.50703125 0.55546875 0.0734375 0.0453125
0 0.5859375 0.5625 0.0671875 0.0390625
0 0.6640625 0.5671875 0.078125 0.0390625
0 0.74296875 0.58671875 0.0796875 0.0515625
0 0.828125 0.58828125 0.0609375 0.0390625
0 0.09765625 0.525 0.0421875 0.025
0 0.1625 0.534375 0.0671875 0.034375
0 0.25625 0.546875 0.0875 0.0359375
0 0.31875 0.56015625 0.0140625 0.0359375
0 0.378125 0.57578125 0.10625 0.046875
0 0.50234375 0.59296875 0.1046875 0.053125
0 0.596875 0.6046875 0.04375 0.040625
0 0.65078125 0.6015625 0.04375 0.034375
0 0.69765625 0.621875 0.0453125 0.0421875
0 0.78203125 0.61953125 0.096875 0.04375
0 0.2015625 0.6125 0.0640625 0.0375
0 0.296875 0.62421875 0.0734375 0.0328125
0 0.41328125 0.64140625 0.1078125 0.040625
0 0.515625 0.66640625 0.0640625 0.0421875
0 0.56171875 0.66875 0.0265625 0.01875
0 0.62109375 0.684375 0.0796875 0.0453125
0 0.69609375 0.68828125 0.059375 0.0328125
0 0.75859375 0.7 0.0515625 0.025
0 0.82734375 0.709375 0.071875 0.028125
0 0.06875 0.6453125 0.0984375 0.0375
0 0.1578125 0.6625 0.0296875 0.046875
0 0.23203125 0.6609375 0.0734375 0.0375
0 0.34375 0.6828125 0.1296875 0.059375
0 0.45390625 0.68984375 0.0671875 0.03125
0 0.50390625 0.7 0.0375 0.021875
0 0.54921875 0.7078125 0.0234375 0.0234375
0 0.60625 0.71484375 0.071875 0.0390625
0 0.66484375 0.72421875 0.03125 0.0265625
0 0.7140625 0.73671875 0.05 0.034375
0 0.79140625 0.7421875 0.071875 0.0328125
0 0.05078125 0.67890625 0.075 0.0359375
0 0.146875 0.69453125 0.06875 0.03125
0 0.26796875 0.7109375 0.084375 0.0328125
0 0.359375 0.7234375 0.0453125 0.025
0 0.446875 0.73125 0.0828125 0.034375
0 0.56953125 0.75703125 0.1203125 0.0578125
0 0.653125 0.76796875 0.046875 0.040625
0 0.70234375 0.76640625 0.0484375 0.0328125
0 0.77578125 0.77890625 0.065625 0.0359375
0 0.8296875 0.7984375 0.0453125 0.0359375
0 0.05859375 0.7203125 0.08125 0.040625
0 0.15546875 0.73359375 0.065625 0.034375
0 0.275 0.75625 0.115625 0.0578125
0 0.4015625 0.77734375 0.1203125 0.0671875
0 0.50234375 0.78046875 0.0828125 0.034375
0 0.56875 0.790625 0.0375 0.03125
0 0.60859375 0.79375 0.021875 0.0296875
0 0.7015625 0.81953125 0.1234375 0.059375
0 0.8234375 0.83125 0.090625 0.05
0 0.0484375 0.7640625 0.06875 0.03125
0 0.16171875 0.778125 0.1109375 0.0453125
0 0.28046875 0.79375 0.0625 0.0296875
0 0.3625 0.80390625 0.0578125 0.03125
0 0.4140625 0.8125 0.0390625 0.0265625
0 0.4859375 0.81953125 0.08125 0.0359375
0 0.6203125 0.84453125 0.1546875 0.0640625
0 0.7546875 0.8671875 0.1078125 0.0671875
0 0.83984375 0.8703125 0.0546875 0.0359375
0 0.03515625 0.8109375 0.0703125 0.059375
0 0.1421875 0.825 0.0796875 0.05
0 0.23671875 0.828125 0.0625 0.03125
0 0.35546875 0.8515625 0.125 0.053125
0 0.4453125 0.8578125 0.040625 0.028125
0 0.4953125 0.86171875 0.03125 0.0296875
0 0.5640625 0.8734375 0.0625 0.0375
0 0.646875 0.8859375 0.0734375 0.0375
0 0.73046875 0.90859375 0.075 0.0578125
0 0.79375 0.91015625 0.021875 0.028125
0 0.84296875 0.91796875 0.0703125 0.03125
0 0.0453125 0.8546875 0.090625 0.040625
0 0.165625 0.8640625 0.103125 0.0421875
0 0.27265625 0.88359375 0.0875 0.0546875
0 0.36328125 0.8875 0.0546875 0.0375
0 0.4421875 0.90859375 0.0671875 0.0515625
0 0.51171875 0.91875 0.0453125 0.046875
0 0.56484375 0.9203125 0.034375 0.0234375
0 0.64765625 0.9296875 0.115625 0.053125
0 0.8015625 0.95390625 0.1828125 0.0515625