0 0.43359375 0.03828125 0.175 0.0484375
0 0.634375 0.059375 0.20625 0.0609375
0 0.15625 0.1125 0.1078125 0.040625
0 0.3078125 0.11875 0.0859375 0.0359375
0 0.4546875 0.1375 0.090625 0.040625
0 0.62109375 0.1671875 0.1703125 0.0453125
0 0.74375 0.175 0.053125 0.021875
0 0.12578125 0.159375 0.075 0.04375
0 0.1984375 0.16484375 0.053125 0.0390625
0 0.37421875 0.17890625 0.1859375 0.0484375
0 0.51875 0.1984375 0.0484375 0.03125
0 0.64296875 0.20625 0.1265625 0.0390625
0 0.78359375 0.234375 0.128125 0.0546875
0 0.215625 0.23046875 0.2609375 0.05
0 0.43046875 0.24453125 0.071875 0.0484375
0 0.5703125 0.25859375 0.1296875 0.04375
0 0.69609375 0.2734375 0.0875 0.0390625
0 0.09921875 0.27734375 0.040625 0.0234375
0 0.18515625 0.27578125 0.0578125 0.0375
0 0.29140625 0.3015625 0.0671875 0.0625
0 0.39921875 0.30859375 0.040625 0.0265625
0 0.47734375 0.30234375 0.078125 0.0421875
0 0.57578125 0.3078125 0.059375 0.0265625
0 0.67578125 0.32578125 0.0796875 0.0375
0 0.0875 0.33515625 0.046875 0.0390625
0 0.23046875 0.353125 0.1140625 0.065625
0 0.38828125 0.3578125 0.08125 0.040625
0 0.4953125 0.3703125 0.0828125 0.0546875
0 0.6234375 0.371875 0.103125 0.034375
0 0.728125 0.384375 0.0609375 0.028125
0 0.1078125 0.3953125 0.096875 0.040625
0 0.2515625 0.41640625 0.1015625 0.0703125
0 0.38203125 0.4171875 0.078125 0.0328125
0 0.53984375 0.425 0.1578125 0.0359375
0 0.70703125 0.43515625 0.0671875 0.0328125
0 0.77578125 0.434375 0.0640625 0.0375
0 0.834375 0.45390625 0.053125 0.0359375
0 0.09609375 0.4703125 0.065625 0.040625
0 0.22265625 0.49765625 0.078125 0.046875
0 0.371875 0.50078125 0.1140625 0.0421875
0 0.515625 0.50546875 0.1140625 0.034375
0 0.6078125 0.51171875 0.0453125 0.0203125
0 0.7296875 0.5140625 0.0890625 0.040625
0 0.08359375 0.5390625 0.0453125 0.0421875
0 0.17578125 0.55234375 0.0734375 0.03125
0 0.3484375 0.56171875 0.1234375 0.04375
0 0.4875 0.56640625 0.071875 0.046875
0 0.61015625 0.57734375 0.121875 0.0609375
0 0.078125 0.6859375 0.1078125 0.0359375
0 0.1609375 0.6890625 0.0484375 0.025
0 0.22421875 0.69609375 0.0703125 0.0296875
0 0.51015625 0.71484375 0.221875 0.0390625
0 0.796875 0.73515625 0.0890625 0.0265625
0 0.07734375 0.76171875 0.13125 0.0515625
0 0.16171875 0.7640625 0.0234375 0.0359375
0 0.21328125 0.77109375 0.071875 0.0375
0 0.33359375 0.77890625 0.1609375 0.0484375
0 0.4390625 0.79140625 0.053125 0.0515625
0 0.5625 0.79453125 0.1515625 0.05625
0 0.01953125 0.8203125 0.025 0.0375
0 0.096875 0.83046875 0.140625 0.04375
0 0.24921875 0.8421875 0.1484375 0.0453125
0 0.38203125 0.8515625 0.1171875 0.0421875
0 0.48125 0.86484375 0.084375 0.046875
0 0.0546875 0.87421875 0.059375 0.059375
0 0.13046875 0.8875 0.0453125 0.0515625
0 0.19140625 0.89609375 0.0546875 0.0453125
0 0.24609375 0.90078125 0.040625 0.0234375
0 0.30234375 0.90859375 0.04375 0.046875
0 0.309375 0.70390625 0.04375 0.040625
0 0.65546875 0.7328125 0.059375 0.046875
0 0.87734375 0.7359375 0.0484375 0.0328125