0 0.15625 0.334375 0.1875 0.1796875
0 0.21015625 0.4328125 0.25 0.1203125
0 0.190625 0.52890625 0.38125 0.1890625
0 0.50078125 0.5265625 0.221875 0.1453125
0 0.08671875 0.61640625 0.1609375 0.1140625
0 0.26953125 0.63125 0.165625 0.1328125
0 0.42265625 0.63828125 0.0828125 0.078125
0 0.53828125 0.66484375 0.15 0.1625
0 0.13828125 0.73359375 0.1671875 0.1140625
0 0.38125 0.75 0.2765625 0.128125
0 0.29765625 0.90859375 0.10625 0.0921875
0 0.43984375 0.23125 0.1953125 0.1953125
0 0.5890625 0.15234375 0.065625 0.0703125
0 0.709375 0.2046875 0.3796875 0.3765625
0 0.63828125 0.38671875 0.1875 0.1765625