0 0.1671875 0.03828125 0.1765625 0.0359375
0 0.19140625 0.08046875 0.015625 0.015625
0 0.2953125 0.08359375 0.15625 0.0421875
0 0.4890625 0.0859375 0.2046875 0.0546875
0 0.6703125 0.090625 0.134375 0.034375
0 0.77734375 0.09765625 0.0640625 0.0359375
0 0.8484375 0.10703125 0.0390625 0.025
0 0.2546875 0.1265625 0.0578125 0.0265625
0 0.3984375 0.12734375 0.215625 0.0484375
0 0.5890625 0.128125 0.1421875 0.040625
0 0.1953125 0.16875 0.025 0.021875
0 0.3375 0.16875 0.1890625 0.04375
0 0.48125 0.17265625 0.05 0.03125
0 0.57890625 0.18125 0.1375 0.040625
0 0.73046875 0.18515625 0.1359375 0.04375
0 0.84453125 0.19921875 0.040625 0.028125
0 0.321875 0.21171875 0.159375 0.0515625
0 0.50234375 0.2265625 0.1703125 0.0421875
0 0.63828125 0.22421875 0.0578125 0.03125
0 0.70234375 0.22890625 0.0578125 0.028125
0 0.81171875 0.23671875 0.1390625 0.04375
0 0.27265625 0.26484375 0.05625 0.0265625
0 0.4046875 0.26171875 0.1859375 0.046875
0 0.5390625 0.27109375 0.0359375 0.025
0 0.5921875 0.2765625 0.0359375 0.0203125
0 0.69453125 0.27890625 0.1453125 0.0390625
0 0.80625 0.2890625 0.0453125 0.0234375
0 0.34609375 0.30390625 0.178125 0.046875
0 0.2125 0.35234375 0.01875 0.021875
0 0.3234375 0.353125 0.1359375 0.0390625
0 0.45625 0.3578125 0.096875 0.040625
0 0.56640625 0.36953125 0.0828125 0.0375
0 0.64296875 0.36484375 0.0578125 0.03125
0 0.7109375 0.37265625 0.06875 0.0328125
0 0.82265625 0.3828125 0.1234375 0.04375
0 0.91953125 0.3921875 0.05625 0.034375
0 0.31953125 0.4 0.140625 0.04375
0 0.4265625 0.4 0.040625 0.03125
0 0.53984375 0.4046875 0.1703125 0.0359375
0 0.696875 0.4203125 0.090625 0.03125
0 0.775 0.41953125 0.053125 0.0296875
0 0.871875 0.43046875 0.1296875 0.034375
0 0.21328125 0.4375 0.021875 0.01875
0 0.2859375 0.4359375 0.0921875 0.0359375
0 0.43125 0.4375 0.1625 0.040625
0 0.6125 0.45625 0.1328125 0.0453125
0 0.71796875 0.459375 0.040625 0.028125
0 0.809375 0.471875 0.1296875 0.05
0 0.26640625 0.48125 0.0453125 0.028125
0 0.325 0.48359375 0.071875 0.03125
0 0.41015625 0.48671875 0.0828125 0.028125
0 0.1375 0.51875 0.071875 0.034375
0 0.27734375 0.5296875 0.1890625 0.03125
0 0.465625 0.5390625 0.1796875 0.046875
0 0.628125 0.5421875 0.1375 0.0390625
0 0.73203125 0.55234375 0.0625 0.034375
0 0.8640625 0.56875 0.18125 0.05625
0 0.22421875 0.56328125 0.071875 0.03125
0 0.29609375 0.56875 0.0546875 0.03125
0 0.34765625 0.56953125 0.0359375 0.0265625
0 0.40390625 0.57578125 0.059375 0.0328125
0 0.5734375 0.58515625 0.2328125 0.04375
0 0.253125 0.61953125 0.0796875 0.040625
0 0.3671875 0.628125 0.1375 0.040625
0 0.5890625 0.6375 0.18125 0.040625
0 0.70703125 0.64296875 0.0390625 0.0234375
0 0.7625 0.64921875 0.0609375 0.0296875
0 0.83828125 0.6453125 0.0734375 0.0390625
0 0.25 0.67109375 0.071875 0.0421875
0 0.375 0.66953125 0.1765625 0.05
0 0.50390625 0.6859375 0.0953125 0.0296875
0 0.6390625 0.69453125 0.1765625 0.0359375
0 0.7703125 0.703125 0.0421875 0.03125
0 0.83203125 0.70546875 0.0671875 0.0375
0 0.51015625 0.73125 0.146875 0.0390625
0 0.62265625 0.73671875 0.0578125 0.0265625
0 0.6953125 0.74609375 0.046875 0.0328125
0 0.7421875 0.74296875 0.0390625 0.0359375
0 0.1140625 0.7890625 0.1203125 0.040625
0 0.21015625 0.79453125 0.0421875 0.025
0 0.32578125 0.8046875 0.1765625 0.03125
0 0.5171875 0.8171875 0.178125 0.034375
0 0.63359375 0.825 0.0515625 0.0265625
0 0.76875 0.83359375 0.215625 0.040625
0 0.19453125 0.840625 0.1734375 0.0296875
0 0.38515625 0.89609375 0.0921875 0.0328125
0 0.5 0.90234375 0.13125 0.0375
0 0.6265625 0.9140625 0.1078125 0.0328125
0 0.70703125 0.9203125 0.03125 0.034375
0 0.8078125 0.93046875 0.165625 0.0515625
0 0.14609375 0.92265625 0.0421875 0.0296875
0 0.1984375 0.93125 0.053125 0.0296875
0 0.32421875 0.93984375 0.1640625 0.0421875
0 0.49296875 0.9515625 0.15 0.0359375
0 0.43125 0.98515625 0.0515625 0.0265625
0 0.5359375 0.45078125 0.015625 0.00625
0 0.46484375 0.63828125 0.0140625 0.009375
0 0.32421875 0.88984375 0.01875 0.0078125