0 0.23671875 0.3453125 0.2484375 0.065625
0 0.45546875 0.3203125 0.1765625 0.0859375
0 0.65 0.31484375 0.146875 0.05
0 0.81640625 0.29296875 0.1453125 0.0703125
0 0.2 0.45234375 0.134375 0.071875
0 0.4125 0.42109375 0.21875 0.0859375
0 0.64921875 0.40625 0.18125 0.05625
0 0.27421875 0.5578125 0.3046875 0.1109375
0 0.575 0.53828125 0.209375 0.084375
0 0.76171875 0.51484375 0.0921875 0.0375
0 0.23125 0.6640625 0.1796875 0.084375
0 0.4265625 0.6359375 0.1921875 0.078125
0 0.621875 0.6125 0.1703125 0.05625