0 0.090625 0.01640625 0.05 0.0328125
0 0.1578125 0.0125 0.065625 0.025
0 0.2234375 0.021875 0.0625 0.04375
0 0.3046875 0.02421875 0.06875 0.0484375
0 0.38125 0.028125 0.0765625 0.0546875
0 0.053125 0.1265625 0.03125 0.0484375
0 0.140625 0.14140625 0.1421875 0.06875
0 0.08359375 0.1671875 0.0484375 0.04375
0 0.1453125 0.17734375 0.059375 0.028125
0 0.25234375 0.18828125 0.1390625 0.0515625
0 0.35546875 0.19921875 0.0484375 0.05625
0 0.41015625 0.2 0.0734375 0.0546875
0 0.4625 0.1953125 0.0359375 0.0265625
0 0.50546875 0.190625 0.0453125 0.0390625
0 0.59296875 0.20078125 0.1234375 0.028125
0 0.6671875 0.21015625 0.0296875 0.0546875
0 0.740625 0.209375 0.1234375 0.065625
0 0.83046875 0.21484375 0.05 0.05625
0 0.0765625 0.22265625 0.0421875 0.0203125
0 0.1296875 0.23125 0.0609375 0.0609375
0 0.1828125 0.22109375 0.0296875 0.021875
0 0.2578125 0.22421875 0.103125 0.0453125
0 0.07109375 0.26328125 0.0296875 0.0375
0 0.12421875 0.27578125 0.0515625 0.040625
0 0.171875 0.2640625 0.028125 0.0359375
0 0.20625 0.2765625 0.028125 0.0546875
0 0.2921875 0.2578125 0.109375 0.03125
0 0.28359375 0.28046875 0.115625 0.0421875
0 0.36484375 0.2796875 0.034375 0.0203125
0 0.45078125 0.29140625 0.1421875 0.05
0 0.55546875 0.29609375 0.0703125 0.0453125
0 0.1265625 0.2953125 0.1234375 0.040625
0 0.11796875 0.32734375 0.1296875 0.0671875
0 0.2546875 0.32265625 0.13125 0.046875
0 0.353125 0.33125 0.0546875 0.0390625
0 0.4 0.3203125 0.0265625 0.0328125
0 0.47421875 0.3203125 0.09375 0.0375
0 0.57734375 0.3265625 0.103125 0.0359375
0 0.6546875 0.334375 0.0328125 0.021875
0 0.703125 0.33515625 0.059375 0.021875
0 0.753125 0.3359375 0.021875 0.015625
0 0.81796875 0.32890625 0.0921875 0.0390625
0 0.10703125 0.3328125 0.1046875 0.0328125
0 0.12109375 0.3546875 0.13125 0.0359375
0 0.21015625 0.35390625 0.046875 0.0375
0 0.27578125 0.36484375 0.0921875 0.0578125
0 0.13828125 0.3953125 0.1953125 0.040625
0 0.240625 0.4015625 0.0265625 0.0296875
0 0.284375 0.39765625 0.0453125 0.0421875
0 0.3390625 0.40390625 0.065625 0.0265625
0 0.3921875 0.41015625 0.028125 0.025
0 0.43828125 0.40078125 0.059375 0.0421875
0 0.48515625 0.40703125 0.025 0.0203125
0 0.51953125 0.41875 0.0453125 0.0546875
0 0.5765625 0.415625 0.0734375 0.0578125
0 0.67578125 0.4171875 0.1203125 0.0296875
0 0.75625 0.4265625 0.0234375 0.0484375
0 0.81328125 0.43125 0.075 0.0546875
0 0.0921875 0.44140625 0.0640625 0.0359375
0 0.16953125 0.4421875 0.0921875 0.0359375
0 0.24921875 0.45546875 0.0515625 0.053125
0 0.30546875 0.44140625 0.053125 0.0375
0 0.35078125 0.4265625 0.0328125 0.0234375
0 0.41171875 0.453125 0.1546875 0.0578125
0 0.5265625 0.45703125 0.078125 0.025
0 0.58515625 0.45859375 0.0296875 0.021875
0 0.65234375 0.46171875 0.1046875 0.05625
0 0.11796875 0.49453125 0.1359375 0.0578125
0 0.203125 0.48828125 0.028125 0.025
0 0.2453125 0.48671875 0.04375 0.0328125
0 0.30703125 0.5 0.0796875 0.05625
0 0.36484375 0.49453125 0.0234375 0.0203125
0 0.403125 0.484375 0.040625 0.034375
0 0.48125 0.46875 0.1296875 0.04375
0 0.4859375 0.49375 0.1296875 0.0359375
0 0.56796875 0.50234375 0.0234375 0.05
0 0.6203125 0.49609375 0.0796875 0.0359375
0 0.72265625 0.50703125 0.1125 0.028125
0 0.81328125 0.5015625 0.0515625 0.0328125
0 0.853125 0.5046875 0.0265625 0.0265625
0 0.078125 0.52890625 0.021875 0.0203125
0 0.1421875 0.5375 0.0796875 0.0390625
0 0.221875 0.5265625 0.06875 0.0359375
0 0.28359375 0.5296875 0.053125 0.0375
0 0.3765625 0.515625 0.1171875 0.05625
0 0.32421875 0.53125 0.021875 0.03125
0 0.35703125 0.54453125 0.05 0.053125
0 0.41640625 0.54296875 0.0578125 0.0515625
0 0.4921875 0.55 0.0921875 0.05625
0 0.58671875 0.54453125 0.0859375 0.05
0 0.6484375 0.54296875 0.0265625 0.01875
0 0.68671875 0.5390625 0.034375 0.028125
0 0.7296875 0.53984375 0.0390625 0.034375
0 0.7703125 0.5453125 0.053125 0.0203125
0 0.83125 0.5390625 0.053125 0.0375
0 0.25390625 0.584375 0.1359375 0.0484375
0 0.3796875 0.584375 0.1109375 0.071875
0 0.4515625 0.5828125 0.025 0.0171875
0 0.49140625 0.5765625 0.0390625 0.03125
0 0.5421875 0.584375 0.0546875 0.025
0 0.59765625 0.58125 0.0515625 0.0296875
0 0.690625 0.59375 0.1296875 0.0515625
0 0.79296875 0.58515625 0.0515625 0.0265625
0 0.11953125 0.625 0.1390625 0.046875
0 0.2109375 0.59140625 0.0453125 0.0265625
0 0.23359375 0.625 0.096875 0.071875
0 0.30625 0.625 0.028125 0.0203125
0 0.34765625 0.6140625 0.0390625 0.0375
0 0.41953125 0.63203125 0.1125 0.053125
0 0.546875 0.6203125 0.1234375 0.04375
0 0.071875 0.65546875 0.0484375 0.0421875
0 0.14609375 0.6734375 0.0890625 0.05
0 0.209375 0.6609375 0.021875 0.040625
0 0.2765625 0.66953125 0.115625 0.046875
0 0.371875 0.66953125 0.084375 0.0609375
0 0.48828125 0.66796875 0.1421875 0.053125
0 0.6078125 0.6671875 0.1 0.0421875
0 0.72578125 0.66796875 0.1265625 0.0484375
0 0.83359375 0.67734375 0.0828125 0.05625
0 0.11171875 0.7046875 0.1296875 0.0390625
0 0.2328125 0.7078125 0.1 0.0515625
0 0.334375 0.6859375 0.103125 0.0328125
0 0.3359375 0.70859375 0.103125 0.0546875
0 0.4125 0.70546875 0.0484375 0.0296875
0 0.078125 0.74375 0.0578125 0.046875
0 0.14140625 0.734375 0.04375 0.0390625
0 0.21953125 0.73828125 0.09375 0.0515625
0 0.2734375 0.7515625 0.0171875 0.01875
0 0.334375 0.74765625 0.0859375 0.0421875
0 0.39453125 0.75625 0.0234375 0.0515625
0 0.45234375 0.7484375 0.0796875 0.0421875
0 0.5703125 0.7234375 0.1203125 0.0328125
0 0.56953125 0.7484375 0.1328125 0.040625
0 0.66640625 0.74921875 0.05625 0.040625
0 0.75078125 0.75546875 0.0984375 0.05625
0 0.83671875 0.76328125 0.0953125 0.053125
0 0.06328125 0.78984375 0.0296875 0.03125
0 0.11484375 0.7859375 0.059375 0.0359375
0 0.18203125 0.79609375 0.06875 0.028125
0 0.0859375 0.83125 0.05625 0.0359375
0 0.1609375 0.83984375 0.0984375 0.053125
0 0.26328125 0.8328125 0.09375 0.0375
0 0.371875 0.83671875 0.1296875 0.05
0 0.4890625 0.846875 0.0921875 0.0421875
0 0.55546875 0.840625 0.0265625 0.0203125
0 0.58515625 0.8328125 0.025 0.0359375
0 0.625 0.83359375 0.046875 0.040625
0 0.67890625 0.84453125 0.053125 0.03125
0 0.7421875 0.8484375 0.0546875 0.025
0 0.77890625 0.85234375 0.0265625 0.0453125
0 0.8359375 0.8515625 0.09375 0.05625
0 0.08125 0.871875 0.0734375 0.0390625
0 0.13359375 0.88203125 0.015625 0.0203125
0 0.18125 0.86796875 0.0625 0.0453125
0 0.225 0.88359375 0.0328125 0.0359375
0 0.28046875 0.88515625 0.0796875 0.0515625
0 0.3546875 0.87578125 0.059375 0.0375
0 0.44609375 0.85625 0.115625 0.0453125
0 0.4453125 0.878125 0.1296875 0.0421875
0 0.52578125 0.88046875 0.034375 0.0265625
0 0.6125 0.88828125 0.134375 0.0546875
0 0.7046875 0.884375 0.053125 0.040625
0 0.7515625 0.88359375 0.05 0.04375
0 0.8265625 0.88984375 0.103125 0.0625
0 0.096875 0.91796875 0.0875 0.03125
0 0.1921875 0.9203125 0.1140625 0.0359375
0 0.296875 0.9203125 0.065625 0.0375
0 0.38359375 0.91796875 0.096875 0.0421875
0 0.4609375 0.92578125 0.046875 0.0453125
0 0.534375 0.9265625 0.0984375 0.05625
0 0.6046875 0.921875 0.028125 0.028125
0 0.63984375 0.92109375 0.0546875 0.0421875
0 0.7015625 0.925 0.0703125 0.0375
0 0.12421875 0.58203125 0.140625 0.05625