0 0.8671875 0.25859375 0.1359375 0.071875
0 0.95625 0.2828125 0.046875 0.0359375
0 0.60390625 0.27265625 0.1578125 0.1015625
0 0.96484375 0.3203125 0.0515625 0.034375
0 0.17578125 0.31015625 0.1359375 0.0625
0 0.30546875 0.31640625 0.1171875 0.0609375
0 0.45234375 0.32890625 0.0984375 0.0515625
0 0.6015625 0.3390625 0.1703125 0.0953125
0 0.821875 0.3375 0.2515625 0.096875
0 0.0796875 0.384375 0.0390625 0.03125
0 0.215625 0.38515625 0.178125 0.084375
0 0.365625 0.40625 0.1109375 0.05
0 0.56171875 0.4203125 0.2328125 0.1203125
0 0.0921875 0.47109375 0.0421875 0.034375
0 0.1765625 0.47734375 0.0671875 0.04375
0 0.52265625 0.48671875 0.115625 0.05
0 0.6234375 0.4875 0.0734375 0.0671875
0 0.76484375 0.5109375 0.175 0.096875
0 0.9171875 0.509375 0.10625 0.0703125
0 0.1046875 0.546875 0.04375 0.0359375
0 0.2359375 0.5625 0.1796875 0.0546875
0 0.37265625 0.57734375 0.0921875 0.0578125
0 0.5828125 0.5921875 0.203125 0.109375
0 0.778125 0.5953125 0.15625 0.05
0 0.925 0.56328125 0.0921875 0.053125
0 0.921875 0.6046875 0.090625 0.0609375
0 0.1015625 0.6359375 0.040625 0.03125
0 0.21796875 0.634375 0.1234375 0.071875
0 0.48671875 0.65703125 0.046875 0.0609375
0 0.56953125 0.6484375 0.1 0.059375
0 0.11796875 0.70859375 0.0375 0.028125
0 0.196875 0.71328125 0.0671875 0.0609375
0 0.52109375 0.73046875 0.046875 0.046875
0 0.60546875 0.74609375 0.0703125 0.0359375
0 0.67421875 0.73359375 0.065625 0.05625
0 0.78125 0.73984375 0.05 0.05
0 0.84609375 0.734375 0.0734375 0.0640625
0 0.121875 0.79296875 0.0328125 0.025
0 0.2671875 0.78671875 0.1890625 0.0953125
0 0.51484375 0.81171875 0.071875 0.0609375
0 0.659375 0.83515625 0.1484375 0.0734375
0 0.790625 0.8046875 0.078125 0.0796875
0 0.0625 0.86640625 0.1015625 0.0796875
0 0.165625 0.8609375 0.059375 0.053125
0 0.271875 0.87578125 0.1015625 0.0640625
0 0.43828125 0.8859375 0.1078125 0.078125
0 0.53203125 0.865625 0.0625 0.0765625
0 0.753125 0.73828125 0.021875 0.0296875
0 0.07421875 0.30625 0.040625 0.025