0 0.1828125 0.1734375 0.1640625 0.0859375
0 0.07109375 0.2171875 0.0453125 0.06875
0 0.15625 0.2421875 0.11875 0.0921875
0 0.265625 0.2390625 0.103125 0.05625
0 0.12578125 0.29375 0.175 0.0984375
0 0.27109375 0.29609375 0.11875 0.0796875
0 0.53984375 0.4109375 0.1125 0.0703125
0 0.659375 0.42109375 0.125 0.075
0 0.52109375 0.4703125 0.071875 0.071875
0 0.6875 0.48359375 0.225 0.0921875
0 0.83671875 0.48515625 0.1140625 0.06875
0 0.521875 0.52109375 0.0859375 0.0578125
0 0.61015625 0.53515625 0.1 0.0859375
0 0.70078125 0.53203125 0.09375 0.065625
0 0.79453125 0.55078125 0.075 0.0921875
0 0.87109375 0.54453125 0.0953125 0.0640625
0 0.5234375 0.5796875 0.103125 0.06875
0 0.078125 0.15234375 0.0390625 0.0578125