0 0.53671875 0.78984375 0.3328125 0.1859375
0 0.6734375 0.21796875 0.1984375 0.121875
0 0.8140625 0.3171875 0.1703125 0.1546875
0 0.2015625 0.59296875 0.153125 0.1453125
0 0.92109375 0.7296875 0.1578125 0.121875
0 0.915625 0.50859375 0.16875 0.1109375
0 0.9171875 0.39609375 0.159375 0.13125
0 0.2390625 0.4921875 0.18125 0.1609375
0 0.1125 0.07890625 0.2203125 0.0828125
0 0.503125 0.30546875 0.2859375 0.078125
0 0.9375 0.63046875 0.125 0.1546875
0 0.23671875 0.67734375 0.1453125 0.1375
0 0.5046875 0.36953125 0.2140625 0.0703125
0 0.2328125 0.78046875 0.16875 0.0921875
0 0.2515625 0.971875 0.203125 0.05625
0 0.3484375 0.346875 0.11875 0.1375
0 0.7359375 0.840625 0.1609375 0.0984375
0 0.07890625 0.6984375 0.1328125 0.0859375
0 0.09296875 0.88125 0.1234375 0.0890625
0 0.665625 0.94921875 0.1140625 0.084375
0 0.30390625 0.165625 0.1125 0.1
0 0.94921875 0.84375 0.1015625 0.125
0 0.053125 0.5765625 0.1046875 0.1015625
0 0.2828125 0.2296875 0.140625 0.0890625
0 0.67265625 0.121875 0.13125 0.1109375
0 0.4875 0.0359375 0.13125 0.071875
0 0.9671875 0.91640625 0.065625 0.0921875
0 0.1859375 0.3828125 0.11875 0.090625
0 0.80234375 0.55078125 0.08125 0.140625
0 0.15234375 0.240625 0.11875 0.103125
0 0.784375 0.928125 0.115625 0.10625
0 0.8984375 0.16328125 0.1328125 0.096875
0 0.78359375 0.6203125 0.071875 0.0703125
0 0.4734375 0.1265625 0.1234375 0.075
0 0.86953125 0.8625 0.1015625 0.103125
0 0.8578125 0.13125 0.09375 0.0875
0 0.6125 0.02890625 0.134375 0.0578125
0 0.94296875 0.27578125 0.0859375 0.10625
0 0.221875 0.88359375 0.084375 0.0921875
0 0.46875 0.2546875 0.1171875 0.08125
0 0.5375 0.95078125 0.103125 0.046875
0 0.04453125 0.26484375 0.0890625 0.0578125
0 0.03125 0.47265625 0.0625 0.0859375
0 0.5234375 0.86875 0.109375 0.0515625
0 0.04453125 0.3765625 0.0890625 0.05625
0 0.37421875 0.87109375 0.1046875 0.0625
0 0.803125 0.0234375 0.103125 0.046875
0 0.7734375 0.00625 0.11875 0.0125
0 0.89609375 0.02890625 0.0859375 0.0578125
0 0.109375 0.984375 0.06875 0.03125
0 0.3171875 0.0671875 0.0484375 0.065625
0 0.66953125 0.0328125 0.0921875 0.05
0 0.44609375 0.9546875 0.0703125 0.04375
0 0.05703125 0.809375 0.06875 0.053125
0 0.0265625 0.17265625 0.053125 0.0453125
0 0.77265625 0.4125 0.0671875 0.0484375
0 0.446875 0.44609375 0.103125 0.0359375
0 0.903125 0.9375 0.071875 0.046875
0 0.56640625 0.43203125 0.10625 0.034375
0 0.765625 0.7625 0.0625 0.059375
0 0.42890625 0.5921875 0.0921875 0.03125
0 0.48984375 0.62109375 0.0890625 0.0328125
0 0.12109375 0.55234375 0.0546875 0.0765625
0 0.38515625 0.9578125 0.0546875 0.0421875
0 0.1359375 0.14609375 0.0578125 0.078125
0 0.54765625 0.55546875 0.0875 0.03125
0 0.625 0.55078125 0.06875 0.0296875
0 0.6625 0.51796875 0.0765625 0.03125
0 0.465625 0.565625 0.08125 0.0296875
0 0.409375 0.6265625 0.065625 0.028125
0 0.67578125 0.57578125 0.078125 0.028125
0 0.66640625 0.6046875 0.0671875 0.0296875
0 0.53671875 0.52734375 0.08125 0.0265625
0 0.33828125 0.99453125 0.0671875 0.0109375
0 0.3515625 0.59921875 0.0609375 0.03125
0 0.58359375 0.58125 0.065625 0.0296875
0 0.171875 0.85625 0.05 0.0421875
0 0.4015625 0.565625 0.0515625 0.025
0 0.08203125 0.4703125 0.0328125 0.0625
0 0.5890625 0.83828125 0.034375 0.04375
0 0.3859375 0.5390625 0.0734375 0.025
0 0.584375 0.6109375 0.03125 0.0234375
0 0.46953125 0.53203125 0.0515625 0.0234375
0 0.52109375 0.0171875 0.0328125 0.034375
0 0.4296875 0.9921875 0.05625 0.015625
0 0.05234375 0.44453125 0.0265625 0.046875
0 0.4984375 0.5890625 0.040625 0.0234375
0 0.6734375 0.54609375 0.0328125 0.021875
0 0.36015625 0.56953125 0.0390625 0.028125
0 0.29375 0.80078125 0.0328125 0.040625
0 0.60078125 0.521875 0.0421875 0.025
0 0.55078125 0.61328125 0.028125 0.0234375
0 0.534375 0.58671875 0.0296875 0.021875
0 0.359375 0.62890625 0.0359375 0.0234375
0 0.47734375 0.990625 0.0421875 0.01875
0 0.6171875 0.6078125 0.0296875 0.0203125
0 0.33984375 0.5421875 0.0171875 0.01875
0 0.43359375 0.534375 0.0203125 0.021875
0 0.7953125 0.22578125 0.0265625 0.028125
0 0.39375 0.99453125 0.025 0.0109375
0 0.50546875 0.43828125 0.01875 0.025
0 0.62578125 0.578125 0.01875 0.01875
0 0.375 0.99609375 0.021875 0.0078125
0 0.61015625 0.8734375 0.0109375 0.0109375