0 0.33984375 0.1640625 0.1671875 0.1921875
0 0.48828125 0.1546875 0.084375 0.140625
0 0.63828125 0.20859375 0.1359375 0.2109375
0 0.74140625 0.13671875 0.090625 0.1703125
0 0.86875 0.18828125 0.1796875 0.303125
0 0.08203125 0.51953125 0.1046875 0.2515625
0 0.2046875 0.44609375 0.1078125 0.1765625
0 0.45625 0.4609375 0.3078125 0.3671875
0 0.70390625 0.45234375 0.1703125 0.20625
0 0.84765625 0.3484375 0.1203125 0.1859375
0 0.2375 0.76015625 0.29375 0.334375
0 0.36796875 0.78828125 0.046875 0.121875
0 0.4609375 0.646875 0.121875 0.171875
0 0.5578125 0.640625 0.053125 0.175
0 0.66484375 0.60078125 0.15625 0.2078125
0 0.81171875 0.68125 0.1140625 0.209375
0 0.90625 0.603125 0.0796875 0.1859375
0 0.16484375 0.94140625 0.1046875 0.1171875
0 0.2734375 0.9234375 0.1 0.153125
0 0.3671875 0.94296875 0.1078125 0.109375
0 0.4796875 0.92734375 0.0671875 0.1140625
0 0.6578125 0.90390625 0.18125 0.171875
0 0.80234375 0.86015625 0.0859375 0.184375
0 0.93203125 0.83515625 0.1359375 0.1921875
0 0.79921875 0.04296875 0.1796875 0.0859375
0 0.12265625 0.2453125 0.2453125 0.303125