0 0.72734375 0.08984375 0.0453125 0.0234375
0 0.728125 0.121875 0.0625 0.028125
0 0.19375 0.03828125 0.0296875 0.0171875
0 0.21875 0.0390625 0.0109375 0.0125
0 0.2328125 0.04453125 0.0140625 0.0125
0 0.253125 0.0515625 0.025 0.0171875
0 0.3484375 0.06640625 0.1421875 0.0453125
0 0.46015625 0.090625 0.04375 0.01875
0 0.528125 0.10546875 0.071875 0.0265625
0 0.6140625 0.12578125 0.053125 0.021875
0 0.7109375 0.15 0.1203125 0.04375
0 0.81015625 0.17578125 0.0296875 0.01875
0 0.859375 0.1875 0.040625 0.021875
0 0.928125 0.2015625 0.071875 0.0265625
0 0.2109375 0.06171875 0.0375 0.021875
0 0.2734375 0.0734375 0.065625 0.0296875
0 0.453125 0.1109375 0.2328125 0.0671875
0 0.16171875 0.0875 0.0125 0.0109375
0 0.2453125 0.09765625 0.134375 0.05
0 0.3515625 0.1234375 0.0421875 0.021875
0 0.4234375 0.13359375 0.0796875 0.0328125
0 0.5296875 0.15859375 0.115625 0.0359375
0 0.62734375 0.18125 0.0421875 0.0203125
0 0.70625 0.20078125 0.10625 0.0375
0 0.790625 0.225 0.028125 0.0171875
0 0.82734375 0.23203125 0.0171875 0.0125
0 0.8921875 0.2453125 0.1046875 0.0328125
0 0.43203125 0.16875 0.09375 0.0359375
0 0.5828125 0.203125 0.1703125 0.053125
0 0.43671875 0.19453125 0.08125 0.03125
0 0.17890625 0.196875 0.05625 0.028125
0 0.24375 0.20546875 0.0703125 0.025
0 0.1640625 0.25859375 0.1171875 0.04375
0 0.43515625 0.2453125 0.0578125 0.025
0 0.69296875 0.2953125 0.06875 0.0265625
0 0.49453125 0.25625 0.0609375 0.028125
0 0.765625 0.3109375 0.0765625 0.0296875
0 0.10234375 0.334375 0.009375 0.00625
0 0.14375 0.34296875 0.0671875 0.025
0 0.228125 0.3578125 0.0828125 0.028125
0 0.09765625 0.3609375 0.009375 0.00625
0 0.17109375 0.3765625 0.10625 0.0359375
0 0.28203125 0.40078125 0.0890625 0.0328125
0 0.68515625 0.4296875 0.1125 0.0390625
0 0.78671875 0.45078125 0.059375 0.025
0 0.09765625 0.3859375 0.0125 0.00625
0 0.1609375 0.39609375 0.0921875 0.0359375
0 0.27734375 0.4203125 0.1265625 0.0390625
0 0.1828125 0.41875 0.0828125 0.034375
0 0.1765625 0.43828125 0.05625 0.0203125
0 0.15078125 0.66640625 0.1125 0.0359375
0 0.24453125 0.6859375 0.053125 0.0234375
0 0.08671875 0.67734375 0.0125 0.00625
0 0.1578125 0.69453125 0.1046875 0.0375
0 0.29296875 0.72265625 0.128125 0.04375
0 0.0578125 0.7 0.0125 0.0078125
0 0.128125 0.71328125 0.115625 0.0390625
0 0.28125 0.74609375 0.178125 0.0546875
0 0.0640625 0.7296875 0.0109375 0.009375
0 0.16015625 0.75078125 0.1734375 0.05
0 0.25078125 0.78046875 0.1234375 0.0421875
0 0.42265625 0.81640625 0.0765625 0.0328125
0 0.49453125 0.8328125 0.0640625 0.0234375
0 0.35 0.8265625 0.015625 0.009375
0 0.446875 0.84296875 0.15625 0.0453125
0 0.4546875 0.8703125 0.1625 0.0484375
0 0.5484375 0.428125 0.009375 0.0078125
0 0.5953125 0.44140625 0.071875 0.0265625
0 0.70390625 0.46484375 0.1328125 0.0421875
0 0.55078125 0.45625 0.009375 0.00625
0 0.59765625 0.46875 0.0640625 0.0265625
0 0.70546875 0.4921875 0.1328125 0.0421875
0 0.81015625 0.51484375 0.0453125 0.021875
0 0.884375 0.53203125 0.0859375 0.028125
0 0.8234375 0.54453125 0.1984375 0.05625
0 0.80703125 0.6890625 0.1171875 0.0421875
0 0.89765625 0.70859375 0.05625 0.025
0 0.7546875 0.70234375 0.015625 0.0078125
0 0.80703125 0.71484375 0.08125 0.0296875
0 0.75546875 0.7296875 0.0125 0.0078125
0 0.81015625 0.74296875 0.08125 0.03125
0 0.9015625 0.76171875 0.0828125 0.0328125
0 0.73828125 0.753125 0.0453125 0.0203125
0 0.8046875 0.76640625 0.0875 0.0328125
0 0.8109375 0.78828125 0.171875 0.053125
0 0.66640625 0.80390625 0.1421875 0.05
0 0.571875 0.81015625 0.015625 0.009375
0 0.63125 0.82421875 0.0890625 0.034375
0 0.7140625 0.8390625 0.046875 0.021875
0 0.82109375 0.86171875 0.1375 0.0421875
0 0.7390625 0.99453125 0.103125 0.0109375