0 0.371875 0.01015625 0.078125 0.0203125
0 0.453125 0.02578125 0.065625 0.0515625
0 0.50703125 0.0234375 0.028125 0.034375
0 0.55234375 0.025 0.0453125 0.0453125
0 0.6125 0.04765625 0.075 0.06875
0 0.71484375 0.06484375 0.1140625 0.06875
0 0.7921875 0.0796875 0.0578125 0.0640625
0 0.86015625 0.08984375 0.0515625 0.0484375
0 0.9296875 0.0984375 0.0625 0.046875
0 0.16640625 0.040625 0.103125 0.078125
0 0.25546875 0.04609375 0.0640625 0.05
0 0.31484375 0.0515625 0.040625 0.040625
0 0.35703125 0.0625 0.0484375 0.046875
0 0.40546875 0.07734375 0.0375 0.034375
0 0.47109375 0.0859375 0.075 0.05
0 0.52421875 0.103125 0.040625 0.065625
0 0.57421875 0.0984375 0.046875 0.0484375
0 0.61640625 0.121875 0.0546875 0.0640625
0 0.665625 0.121875 0.0390625 0.0453125
0 0.72265625 0.1296875 0.0609375 0.05
0 0.7796875 0.1453125 0.0296875 0.0421875
0 0.84609375 0.1578125 0.0703125 0.040625
0 0.90859375 0.16796875 0.034375 0.0359375
0 0.94921875 0.17578125 0.021875 0.0265625
0 0.13984375 0.09375 0.084375 0.075
0 0.20546875 0.10078125 0.0265625 0.028125
0 0.23515625 0.10390625 0.01875 0.028125
0 0.2859375 0.1078125 0.0546875 0.0515625
0 0.33984375 0.1203125 0.04375 0.046875
0 0.41484375 0.13359375 0.084375 0.0515625
0 0.50390625 0.1625 0.0921875 0.071875
0 0.56953125 0.16796875 0.0265625 0.0265625
0 0.621875 0.18671875 0.09375 0.075
0 0.70078125 0.20625 0.053125 0.0546875
0 0.77265625 0.20078125 0.0671875 0.0515625
0 0.8515625 0.21875 0.08125 0.0484375
0 0.9453125 0.23203125 0.078125 0.053125
0 0.11328125 0.1546875 0.0453125 0.0375
0 0.178125 0.15859375 0.0515625 0.0515625
0 0.246875 0.184375 0.0703125 0.0703125
0 0.30390625 0.18828125 0.04375 0.0515625
0 0.3640625 0.20390625 0.040625 0.03125
0 0.4125 0.21484375 0.0203125 0.0265625
0 0.48828125 0.23515625 0.115625 0.0875
0 0.5859375 0.25859375 0.075 0.078125
0 0.6578125 0.25546875 0.053125 0.0484375
0 0.70546875 0.26953125 0.0203125 0.0296875
0 0.75859375 0.2921875 0.0734375 0.0578125
0 0.83046875 0.3078125 0.0546875 0.0640625
0 0.903125 0.303125 0.0578125 0.0453125
0 0.9515625 0.31640625 0.0234375 0.0234375
0 0.1203125 0.22734375 0.0984375 0.0640625
0 0.19296875 0.23984375 0.0453125 0.0484375
0 0.2625 0.26328125 0.0953125 0.08125
0 0.35703125 0.28515625 0.084375 0.084375
0 0.440625 0.28828125 0.0703125 0.05
0 0.5 0.3046875 0.03125 0.040625
0 0.54609375 0.3125 0.034375 0.0375
0 0.2 0.3109375 0.0390625 0.0515625
0 0.28046875 0.33671875 0.0765625 0.0515625
0 0.371875 0.37109375 0.075 0.071875
0 0.409375 0.371875 0.034375 0.04375
0 0.4453125 0.3671875 0.0453125 0.053125
0 0.52109375 0.3890625 0.1 0.078125
0 0.625 0.40859375 0.0890625 0.04375
0 0.71484375 0.43671875 0.1046875 0.065625
0 0.80625 0.4375 0.0609375 0.0546875
0 0.86640625 0.4515625 0.040625 0.0421875
0 0.9296875 0.4640625 0.0609375 0.0390625
0 0.9734375 0.478125 0.040625 0.0609375
0 0.06640625 0.36328125 0.0421875 0.046875
0 0.1359375 0.38046875 0.084375 0.0515625
0 0.21484375 0.40390625 0.0765625 0.071875
0 0.3125 0.42734375 0.1078125 0.0828125
0 0.41484375 0.43203125 0.0734375 0.0609375
0 0.5046875 0.453125 0.0625 0.0546875
0 0.5734375 0.46640625 0.0625 0.0515625
0 0.65859375 0.50234375 0.084375 0.0734375
0 0.7421875 0.5015625 0.05 0.0484375
0 0.825 0.5265625 0.109375 0.0859375
0 0.91953125 0.5421875 0.0515625 0.0375
0 0.0625 0.44375 0.05625 0.0453125
0 0.11015625 0.46171875 0.034375 0.0703125
0 0.196875 0.46171875 0.115625 0.0671875
0 0.296875 0.48671875 0.046875 0.04375
0 0.4 0.5234375 0.13125 0.084375
0 0.5390625 0.5484375 0.115625 0.0828125
0 0.65234375 0.56484375 0.125 0.0890625
0 0.76875 0.58203125 0.10625 0.0640625
0 0.85625 0.61953125 0.06875 0.084375
0 0.04453125 0.50625 0.05625 0.0546875
0 0.09453125 0.528125 0.028125 0.0296875
0 0.14140625 0.53046875 0.046875 0.04375
0 0.21640625 0.55546875 0.1078125 0.08125
0 0.28828125 0.56875 0.0296875 0.0296875
0 0.33828125 0.575 0.053125 0.0390625
0 0.39296875 0.59765625 0.0578125 0.0765625
0 0.44140625 0.590625 0.0359375 0.0421875
0 0.5078125 0.60625 0.0703125 0.0515625
0 0.57109375 0.61953125 0.053125 0.046875
0 0.64140625 0.63515625 0.0703125 0.0578125
0 0.7078125 0.6625 0.021875 0.025
0 0.79765625 0.67109375 0.1234375 0.0671875
0 0.8953125 0.684375 0.0546875 0.0578125
0 0.02734375 0.5859375 0.0375 0.0421875
0 0.071875 0.5921875 0.0421875 0.0421875
0 0.16640625 0.61171875 0.140625 0.0734375
0 0.2546875 0.63046875 0.040625 0.0421875
0 0.32578125 0.64765625 0.090625 0.0546875
0 0.378125 0.665625 0.0203125 0.0265625
0 0.43828125 0.675 0.08125 0.0484375
0 0.5 0.69140625 0.0453125 0.06875
0 0.5703125 0.72109375 0.096875 0.0703125
0 0.64921875 0.72578125 0.0703125 0.084375
0 0.709375 0.72734375 0.0484375 0.0515625
0 0.77734375 0.7453125 0.065625 0.0578125
0 0.840625 0.7671875 0.025 0.0328125
0 0.0453125 0.66875 0.090625 0.0875
0 0.14765625 0.690625 0.1078125 0.0828125
0 0.23125 0.7046875 0.034375 0.040625
0 0.30078125 0.7375 0.09375 0.0953125
0 0.38203125 0.7390625 0.0703125 0.05625
0 0.45390625 0.7546875 0.05625 0.05
0 0.54140625 0.78359375 0.0984375 0.0796875
0 0.6453125 0.80703125 0.1203125 0.0890625
0 0.72578125 0.8109375 0.025 0.04375
0 0.8 0.82734375 0.090625 0.0734375
0 0.01015625 0.71796875 0.0203125 0.0515625
0 0.04375 0.740625 0.03125 0.0296875
0 0.13203125 0.77265625 0.1484375 0.0875
0 0.2484375 0.7828125 0.05625 0.053125
0 0.325 0.815625 0.0828125 0.0671875
0 0.39453125 0.815625 0.0375 0.0453125
0 0.4265625 0.8328125 0.0234375 0.0296875
0 0.48203125 0.840625 0.05625 0.0484375
0 0.58359375 0.86328125 0.1296875 0.0828125
0 0.10390625 0.8203125 0.034375 0.0484375
0 0.18515625 0.859375 0.096875 0.075
0 0.27265625 0.88671875 0.0796875 0.0796875
0 0.353125 0.88515625 0.053125 0.05
0 0.4359375 0.92265625 0.1046875 0.0859375
0 0.5125 0.928125 0.0234375 0.0375
0 0.5515625 0.946875 0.0234375 0.0265625
0 0.62734375 0.95390625 0.090625 0.059375
0 0.6890625 0.9734375 0.0359375 0.04375
0 0.76328125 0.98203125 0.1171875 0.0359375