0 0.38359375 0.0390625 0.140625 0.04375
0 0.49140625 0.034375 0.06875 0.0265625
0 0.5953125 0.0328125 0.0875 0.05
0 0.1984375 0.096875 0.1375 0.04375
0 0.4015625 0.07734375 0.10625 0.04375
0 0.515625 0.07109375 0.071875 0.034375
0 0.625 0.06953125 0.1171875 0.028125
0 0.1828125 0.1796875 0.13125 0.0375
0 0.2890625 0.17265625 0.0296875 0.0078125
0 0.365625 0.16640625 0.053125 0.03125
0 0.16953125 0.2375 0.09375 0.034375
0 0.26171875 0.2296875 0.0875 0.034375
0 0.32109375 0.23046875 0.025 0.0078125
0 0.4875 0.2171875 0.240625 0.0453125
0 0.190625 0.29921875 0.165625 0.0421875
0 0.334375 0.2890625 0.1015625 0.03125
0 0.47890625 0.284375 0.15 0.034375
0 0.60390625 0.26953125 0.0453125 0.04375
0 0.19375 0.36015625 0.159375 0.0375
0 0.40859375 0.35859375 0.203125 0.0359375
0 0.53984375 0.3546875 0.025 0.00625
0 0.6203125 0.3515625 0.090625 0.0328125
0 0.72109375 0.34375 0.1171875 0.0421875
0 0.1890625 0.42109375 0.1625 0.0359375
0 0.36953125 0.415625 0.121875 0.034375
0 0.48515625 0.4125 0.0265625 0.00625
0 0.53046875 0.4109375 0.0375 0.03125
0 0.2609375 0.48125 0.29375 0.0375
0 0.4421875 0.4765625 0.0375 0.0078125
0 0.49765625 0.47578125 0.0375 0.0296875
0 0.203125 0.5453125 0.16875 0.028125
0 0.36640625 0.53828125 0.109375 0.034375
0 0.50703125 0.53125 0.134375 0.0390625
0 0.60703125 0.52578125 0.025 0.009375
0 0.64609375 0.51875 0.0375 0.0375
0 0.19765625 0.5984375 0.178125 0.0328125
0 0.325 0.60234375 0.0296875 0.00625
0 0.39765625 0.5890625 0.0375 0.040625
0 0.1953125 0.659375 0.1453125 0.034375
0 0.315625 0.66171875 0.025 0.009375
0 0.41171875 0.646875 0.10625 0.04375
0 0.5078125 0.64375 0.0984375 0.0375
0 0.2140625 0.7203125 0.175 0.0484375
0 0.4078125 0.70703125 0.125 0.034375
0 0.55703125 0.69921875 0.1078125 0.0359375
0 0.6640625 0.696875 0.0265625 0.009375
0 0.73515625 0.6921875 0.1109375 0.028125
0 0.834375 0.68671875 0.103125 0.04375