0 0.2203125 0.159375 0.0296875 0.021875
0 0.3359375 0.17265625 0.153125 0.034375
0 0.4484375 0.17578125 0.0171875 0.0140625
0 0.534375 0.17734375 0.11875 0.0296875
0 0.6625 0.18125 0.0875 0.0234375
0 0.15859375 0.221875 0.0078125 0.0125
0 0.2375 0.23203125 0.065625 0.0375
0 0.3078125 0.234375 0.0296875 0.021875
0 0.378125 0.2359375 0.053125 0.0265625
0 0.42734375 0.23984375 0.0109375 0.025
0 0.49765625 0.24609375 0.09375 0.025
0 0.58671875 0.24765625 0.0390625 0.0234375
0 0.65078125 0.24765625 0.059375 0.0265625
0 0.153125 0.2578125 0.01875 0.021875
0 0.22578125 0.2640625 0.0671875 0.0359375
0 0.296875 0.26796875 0.0296875 0.01875
0 0.3671875 0.27734375 0.0890625 0.0390625
0 0.44765625 0.275 0.025 0.021875
0 0.51796875 0.28125 0.0734375 0.021875
0 0.62421875 0.29296875 0.1015625 0.0375
0 0.73828125 0.28671875 0.09375 0.025
0 0.85234375 0.28828125 0.0859375 0.034375
0 0.15 0.28671875 0.0109375 0.0203125
0 0.2296875 0.29921875 0.06875 0.0390625
0 0.30078125 0.2984375 0.025 0.021875
0 0.396875 0.3109375 0.1109375 0.0375
0 0.5421875 0.32265625 0.1171875 0.04375
0 0.6109375 0.31796875 0.0171875 0.021875
0 0.684375 0.3203125 0.096875 0.0296875
0 0.77890625 0.321875 0.03125 0.01875
0 0.82578125 0.32109375 0.046875 0.03125
0 0.14453125 0.32109375 0.021875 0.0171875
0 0.21953125 0.3328125 0.06875 0.0359375
0 0.30078125 0.33046875 0.0265625 0.025
0 0.378125 0.340625 0.0578125 0.025
0 0.4875 0.35390625 0.1015625 0.040625
0 0.1390625 0.353125 0.0171875 0.01875
0 0.22734375 0.36875 0.078125 0.040625
0 0.32109375 0.3640625 0.03125 0.025
0 0.41640625 0.38125 0.121875 0.0375
0 0.528125 0.3828125 0.053125 0.0234375
0 0.646875 0.39375 0.1171875 0.046875
0 0.7609375 0.39453125 0.05625 0.028125
0 0.83984375 0.40078125 0.0375 0.0171875
0 0.8890625 0.4015625 0.0421875 0.0375
0 0.13359375 0.38671875 0.0140625 0.0234375
0 0.2140625 0.40390625 0.0828125 0.040625
0 0.3078125 0.4046875 0.0265625 0.0234375
0 0.4078125 0.4125 0.1203125 0.03125
0 0.5046875 0.41640625 0.028125 0.028125
0 0.59921875 0.428125 0.1078125 0.046875
0 0.13828125 0.42734375 0.01875 0.0171875
0 0.21875 0.44140625 0.075 0.046875
0 0.3046875 0.44140625 0.0359375 0.0234375
0 0.41875 0.4484375 0.115625 0.0328125
0 0.51015625 0.4515625 0.021875 0.028125
0 0.61953125 0.46015625 0.1390625 0.028125