0 0.09453125 0.35078125 0.096875 0.034375
0 0.19140625 0.3421875 0.0859375 0.0296875
0 0.27890625 0.3328125 0.059375 0.0296875
0 0.33046875 0.33203125 0.0234375 0.0203125
0 0.48828125 0.31796875 0.0546875 0.0265625
0 0.0953125 0.4671875 0.0828125 0.0390625
0 0.1546875 0.465625 0.0140625 0.025
0 0.21328125 0.46484375 0.090625 0.040625
0 0.30625 0.45859375 0.0625 0.0390625
0 0.35859375 0.44765625 0.021875 0.03125
0 0.4609375 0.4421875 0.0734375 0.0390625
0 0.5171875 0.43203125 0.0203125 0.021875
0 0.55234375 0.428125 0.0328125 0.0234375
0 0.6140625 0.4265625 0.08125 0.0421875
0 0.1375 0.559375 0.0828125 0.0296875
0 0.66875 0.50625 0.0734375 0.040625
0 0.08125 0.6078125 0.01875 0.0265625
0 0.12578125 0.60703125 0.0484375 0.0296875
0 0.19609375 0.60390625 0.0734375 0.0328125
0 0.26796875 0.6 0.04375 0.034375
0 0.3234375 0.5921875 0.0578125 0.034375
0 0.375 0.5828125 0.0203125 0.021875
0 0.42734375 0.575 0.0640625 0.03125
0 0.47109375 0.571875 0.01875 0.0203125
0 0.51640625 0.571875 0.053125 0.034375
0 0.559375 0.559375 0.025 0.021875
0 0.0984375 0.65859375 0.0515625 0.03125
0 0.17734375 0.65390625 0.0796875 0.05
0 0.0890625 0.70859375 0.025 0.0359375
0 0.1453125 0.71328125 0.075 0.0375
0 0.25859375 0.69296875 0.13125 0.05
0 0.07734375 0.7609375 0.025 0.028125
0 0.13828125 0.76484375 0.0765625 0.0390625
0 0.215625 0.75078125 0.0546875 0.0359375
0 0.2625 0.74453125 0.0375 0.0296875
0 0.3265625 0.7359375 0.075 0.0359375
0 0.40390625 0.72421875 0.053125 0.0375
0 0.45390625 0.72109375 0.025 0.0296875
0 0.49765625 0.71484375 0.040625 0.03125
0 0.5390625 0.7078125 0.0328125 0.0328125
0 0.12109375 0.81484375 0.0734375 0.040625
0 0.2078125 0.80859375 0.0703125 0.0375
0 0.30625 0.79375 0.1125 0.0515625
0 0.115625 0.86875 0.0703125 0.05
0 0.2015625 0.86171875 0.078125 0.040625
0 0.3015625 0.8515625 0.090625 0.040625
0 0.11640625 0.928125 0.0734375 0.0453125
0 0.21171875 0.92734375 0.0984375 0.0640625
0 0.2828125 0.9125 0.0375 0.0375
0 0.32890625 0.9078125 0.0421875 0.0375
0 0.3890625 0.9 0.05625 0.034375
0 0.4625 0.8921875 0.075 0.040625
0 0.64453125 0.55859375 0.053125 0.040625
0 0.7078125 0.54453125 0.0609375 0.0296875
0 0.64609375 0.60078125 0.040625 0.0328125
0 0.7203125 0.58828125 0.09375 0.0359375
0 0.6359375 0.6578125 0.04375 0.04375
0 0.70390625 0.63828125 0.071875 0.0359375
0 0.76328125 0.63046875 0.03125 0.028125
0 0.81484375 0.62421875 0.0515625 0.0296875
0 0.8921875 0.61953125 0.078125 0.040625
0 0.65 0.69453125 0.0453125 0.0296875
0 0.70625 0.69375 0.0640625 0.0453125
0 0.7671875 0.6890625 0.04375 0.0296875
0 0.81875 0.6765625 0.0515625 0.0359375
0 0.87265625 0.6671875 0.0390625 0.0328125
0 0.93125 0.6640625 0.0703125 0.046875
0 0.64921875 0.7515625 0.0265625 0.03125
0 0.765625 0.7359375 0.0828125 0.040625
0 0.846875 0.725 0.0515625 0.0328125
0 0.89375 0.721875 0.0359375 0.028125
0 0.9578125 0.7140625 0.08125 0.0421875
0 0.67265625 0.79453125 0.040625 0.0421875
0 0.71953125 0.79609375 0.025 0.03125
0 0.77109375 0.78828125 0.0703125 0.046875
0 0.85 0.77421875 0.071875 0.0390625
0 0.9046875 0.7703125 0.0171875 0.034375
0 0.95625 0.759375 0.0875 0.05
0 0.740625 0.85390625 0.1484375 0.0609375
0 0.84765625 0.84609375 0.0453125 0.04375
0 0.88671875 0.828125 0.025 0.0328125
0 0.9484375 0.828125 0.0703125 0.053125
0 0.99375 0.8140625 0.0125 0.034375
0 0.71953125 0.91171875 0.084375 0.05
0 0.803125 0.8984375 0.05625 0.040625
0 0.8453125 0.89375 0.0140625 0.0328125
0 0.89140625 0.88984375 0.06875 0.0390625
0 0.3953125 0.4484375 0.0296875 0.0265625
0 0.68984375 0.74765625 0.03125 0.0296875