0 0.06171875 0.64765625 0.046875 0.0390625
0 0.13828125 0.6609375 0.075 0.053125
0 0.22421875 0.6609375 0.05 0.0265625
0 0.3078125 0.678125 0.08125 0.0671875
0 0.053125 0.728125 0.0421875 0.0296875
0 0.09765625 0.7359375 0.0140625 0.015625
0 0.1625 0.74609375 0.065625 0.053125
0 0.2734375 0.76484375 0.1046875 0.075
0 0.396875 0.7671875 0.1 0.0640625
0 0.50078125 0.77265625 0.0609375 0.04375
0 0.56796875 0.76875 0.0359375 0.0265625
0 0.6265625 0.77109375 0.0109375 0.0265625
0 0.68125 0.7875 0.059375 0.05625
0 0.75078125 0.7796875 0.040625 0.028125
0 0.84765625 0.803125 0.10625 0.0671875
0 0.9390625 0.8015625 0.040625 0.025
0 0.02734375 0.82109375 0.0328125 0.05625
0 0.07734375 0.81328125 0.0359375 0.0296875
0 0.13984375 0.8203125 0.0515625 0.028125
0 0.21484375 0.83515625 0.071875 0.0578125
0 0.29609375 0.83671875 0.0578125 0.025
0 0.375 0.8375 0.040625 0.028125
0 0.43671875 0.85390625 0.0453125 0.0546875
0 0.50078125 0.859375 0.04375 0.040625
0 0.5609375 0.85234375 0.0359375 0.0140625
0 0.653125 0.865625 0.1109375 0.05
0 0.740625 0.8671875 0.0390625 0.025
0 0.81640625 0.8734375 0.053125 0.0265625
0 0.8765625 0.8921875 0.046875 0.0546875
0 0.05078125 0.91484375 0.0828125 0.03125