0 0.21953125 0.0109375 0.0953125 0.021875
0 0.546875 0.06171875 0.1828125 0.0703125
0 0.70625 0.09296875 0.13125 0.0671875
0 0.28828125 0.0359375 0.1828125 0.0671875
0 0.18828125 0.0703125 0.0828125 0.0328125
0 0.34609375 0.10234375 0.2171875 0.0875
0 0.6234375 0.15078125 0.2875 0.10625
0 0.16953125 0.11796875 0.0671875 0.0296875
0 0.34765625 0.15390625 0.259375 0.0984375
0 0.5734375 0.2015625 0.0671875 0.0296875
0 0.73515625 0.2375 0.2125 0.0875
0 0.19609375 0.1765625 0.10625 0.04375
0 0.3078125 0.19921875 0.1109375 0.034375
0 0.1984375 0.21171875 0.084375 0.0546875
0 0.321875 0.2390625 0.075 0.0453125
0 0.44140625 0.265625 0.0625 0.0546875
0 0.5375 0.2828125 0.090625 0.059375
0 0.14765625 0.26796875 0.046875 0.03125
0 0.2046875 0.278125 0.0625 0.0328125
0 0.26171875 0.28828125 0.040625 0.025
0 0.3125 0.2984375 0.053125 0.028125
0 0.4 0.3171875 0.109375 0.0390625
0 0.521875 0.35234375 0.1359375 0.071875
0 0.63515625 0.37578125 0.1109375 0.075
0 0.7765625 0.41171875 0.1671875 0.0890625
0 0.2703125 0.3453125 0.3515625 0.128125
0 0.15 0.37421875 0.125 0.0609375
0 0.225 0.384375 0.0234375 0.03125
0 0.2734375 0.3953125 0.0703125 0.0421875
0 0.38125 0.42578125 0.1546875 0.065625
0 0.50390625 0.44296875 0.090625 0.04375
0 0.140625 0.4140625 0.13125 0.06875
0 0.32421875 0.440625 0.2234375 0.0890625
0 0.5609375 0.49921875 0.0984375 0.0546875
0 0.6890625 0.52109375 0.1390625 0.075
0 0.7890625 0.55546875 0.0609375 0.046875
0 0.50234375 0.528125 0.1078125 0.0578125
0 0.66328125 0.56171875 0.1578125 0.0671875
0 0.20234375 0.51015625 0.2859375 0.1078125
0 0.37578125 0.5453125 0.0609375 0.053125
0 0.42734375 0.56328125 0.0390625 0.034375
0 0.56484375 0.59453125 0.25 0.103125
0 0.74453125 0.62421875 0.09375 0.059375
0 0.1109375 0.5453125 0.1328125 0.0671875
0 0.2328125 0.56875 0.1125 0.0640625
0 0.30625 0.578125 0.05 0.0453125
0 0.43125 0.6046875 0.19375 0.075
0 0.5921875 0.63671875 0.128125 0.0640625
0 0.68671875 0.65703125 0.0359375 0.028125
0 0.7625 0.6734375 0.0984375 0.0421875
0 0.10078125 0.58515625 0.1125 0.0546875
0 0.21875 0.60546875 0.09375 0.0484375
0 0.38125 0.6390625 0.209375 0.0875
0 0.5203125 0.66484375 0.0875 0.053125
0 0.59140625 0.6765625 0.0625 0.0375
0 0.64296875 0.68203125 0.0453125 0.040625
0 0.74765625 0.7109375 0.16875 0.071875
0 0.075 0.65234375 0.09375 0.05625
0 0.14609375 0.66953125 0.0265625 0.009375
0 0.1875 0.67578125 0.0328125 0.0421875
0 0.2296875 0.68515625 0.03125 0.0265625
0 0.29765625 0.6953125 0.096875 0.0546875
0 0.48828125 0.72890625 0.1578125 0.0671875
0 0.68828125 0.77421875 0.225 0.0890625
0 0.065625 0.7015625 0.0984375 0.0578125
0 0.12890625 0.71796875 0.0265625 0.0125
0 0.184375 0.72734375 0.0953125 0.0578125
0 0.246875 0.7375 0.028125 0.025
0 0.29453125 0.74296875 0.04375 0.0453125
0 0.0703125 0.76171875 0.075 0.0421875
0 0.00703125 0.775 0.0140625 0.009375
0 0.0609375 0.78671875 0.0828125 0.0390625
0 0.2546875 0.79921875 0.096875 0.0640625
0 0.36640625 0.809375 0.140625 0.06875
0 0.49609375 0.83203125 0.1296875 0.071875
0 0.596875 0.85390625 0.0828125 0.0578125
0 0.71640625 0.8796875 0.1421875 0.071875
0 0.05546875 0.82265625 0.09375 0.04375
0 0.18125 0.84140625 0.0609375 0.0515625
0 0.25390625 0.8578125 0.0921875 0.053125
0 0.3578125 0.86796875 0.1296875 0.071875
0 0.4703125 0.8953125 0.1234375 0.071875
0 0.60078125 0.9109375 0.140625 0.06875
0 0.68515625 0.92578125 0.0375 0.040625
0 0.7453125 0.9453125 0.0890625 0.0484375
0 0.59296875 0.94453125 0.140625 0.0609375
0 0.04296875 0.859375 0.0859375 0.0375
0 0.11796875 0.87890625 0.0640625 0.025
0 0.1765625 0.8921875 0.0515625 0.021875
0 0.49453125 0.4890625 0.021875 0.0140625
0 0.32578125 0.0171875 0.046875 0.0296875