0 0.2125 0.1625 0.090625 0.040625
0 0.3375 0.17890625 0.1359375 0.065625
0 0.1984375 0.2125 0.075 0.0375
0 0.325 0.2234375 0.1359375 0.0578125
0 0.1921875 0.2640625 0.0796875 0.0390625
0 0.28828125 0.28046875 0.0859375 0.0453125
0 0.23515625 0.32421875 0.1765625 0.053125
0 0.23203125 0.3875 0.16875 0.0890625
0 0.40625 0.43828125 0.1109375 0.0765625
0 0.5203125 0.4515625 0.096875 0.0953125
0 0.63984375 0.51171875 0.159375 0.1484375
0 0.16484375 0.4546875 0.0671875 0.071875
0 0.303125 0.49921875 0.1640625 0.0703125
0 0.44140625 0.50703125 0.0984375 0.075
0 0.56328125 0.54921875 0.15 0.0859375
0 0.1640625 0.53828125 0.08125 0.0640625
0 0.3203125 0.56953125 0.16875 0.084375
0 0.49453125 0.61796875 0.2015625 0.084375
0 0.615625 0.64296875 0.0484375 0.053125
0 0.178125 0.61171875 0.10625 0.071875
0 0.31953125 0.64453125 0.109375 0.084375
0 0.42578125 0.66953125 0.1125 0.053125
0 0.55859375 0.6890625 0.1359375 0.0796875
0 0.1671875 0.7546875 0.1390625 0.0453125
0 0.32421875 0.73828125 0.1625 0.090625
0 0.12734375 0.8109375 0.0671875 0.0359375
0 0.203125 0.81953125 0.0734375 0.046875
0 0.3578125 0.84453125 0.20625 0.078125
0 0.59609375 0.86796875 0.2828125 0.1078125
0 0.8625 0.24921875 0.04375 0.03125
0 0.859375 0.29765625 0.046875 0.03125
0 0.86640625 0.3484375 0.0625 0.0328125
0 0.8609375 0.3984375 0.0625 0.0328125
0 0.8453125 0.446875 0.0359375 0.03125
0 0.84140625 0.49453125 0.0359375 0.0296875
0 0.84375 0.59921875 0.0578125 0.0453125
0 0.83125 0.64921875 0.0453125 0.0421875
0 0.83984375 0.7484375 0.0703125 0.0375
0 0.82109375 0.790625 0.0453125 0.0484375
0 0.828125 0.85234375 0.065625 0.0359375
0 0.8046875 0.88984375 0.0484375 0.0515625