0 0.178125 0.02890625 0.0765625 0.0265625
0 0.2296875 0.02890625 0.021875 0.0234375
0 0.41953125 0.03515625 0.2390625 0.0375
0 0.6296875 0.0375 0.1453125 0.0296875
0 0.353125 0.05703125 0.1125 0.0203125
0 0.453125 0.059375 0.071875 0.01875
0 0.50234375 0.06015625 0.009375 0.015625
0 0.15234375 0.08359375 0.0265625 0.0109375
0 0.1859375 0.08359375 0.0359375 0.0109375
0 0.24296875 0.08359375 0.06875 0.0109375
0 0.2875 0.08359375 0.0125 0.009375
0 0.325 0.08515625 0.053125 0.0125
0 0.36796875 0.08828125 0.028125 0.0109375
0 0.4046875 0.0875 0.0359375 0.0125
0 0.4375 0.08828125 0.021875 0.009375
0 0.47265625 0.0890625 0.0421875 0.0109375
0 0.5046875 0.090625 0.0140625 0.009375
0 0.5265625 0.090625 0.021875 0.009375
0 0.55390625 0.09140625 0.0265625 0.0109375
0 0.578125 0.09140625 0.0140625 0.009375
0 0.6 0.0921875 0.021875 0.009375
0 0.6296875 0.09296875 0.0296875 0.0125
0 0.6625 0.0953125 0.028125 0.0125
0 0.7109375 0.096875 0.065625 0.0125
0 0.7765625 0.09765625 0.0609375 0.0125
0 0.81796875 0.09921875 0.015625 0.009375
0 0.83984375 0.09921875 0.021875 0.009375
0 0.8703125 0.1 0.03125 0.0109375
0 0.91328125 0.1015625 0.046875 0.0109375
0 0.95390625 0.103125 0.028125 0.0109375
0 0.1703125 0.096875 0.065625 0.0140625
0 0.165625 0.14453125 0.0109375 0.015625
0 0.20625 0.1453125 0.009375 0.0140625
0 0.24609375 0.1453125 0.0578125 0.0171875
0 0.2984375 0.1515625 0.0390625 0.0140625
0 0.34296875 0.1515625 0.0359375 0.0109375
0 0.38203125 0.15 0.0265625 0.015625
0 0.41171875 0.1515625 0.021875 0.015625
0 0.46171875 0.15234375 0.0515625 0.0171875
0 0.5078125 0.15390625 0.034375 0.0171875
0 0.5578125 0.15703125 0.0546875 0.0140625
0 0.62265625 0.15859375 0.0625 0.0203125
0 0.81875 0.1625 0.034375 0.0171875
0 0.84609375 0.1640625 0.0140625 0.0140625
0 0.9109375 0.16875 0.1046875 0.0171875
0 0.1515625 0.1796875 0.034375 0.0171875
0 0.25 0.18671875 0.1453125 0.025
0 0.365625 0.1890625 0.0453125 0.0203125
0 0.4125 0.18828125 0.0234375 0.01875
0 0.47421875 0.190625 0.0625 0.0171875
0 0.5515625 0.19140625 0.0515625 0.0171875
0 0.63359375 0.1984375 0.071875 0.015625
0 0.72578125 0.20234375 0.084375 0.021875
0 0.16015625 0.228125 0.01875 0.015625
0 0.21640625 0.22890625 0.040625 0.015625
0 0.28515625 0.23125 0.0859375 0.0171875
0 0.35390625 0.2359375 0.040625 0.0109375
0 0.39375 0.2359375 0.0265625 0.015625
0 0.42890625 0.24140625 0.0328125 0.0140625
0 0.4765625 0.23828125 0.0546875 0.0171875
0 0.85859375 0.2484375 0.040625 0.0171875
0 0.88984375 0.25 0.0140625 0.015625
0 0.93203125 0.2515625 0.0640625 0.01875
0 0.16328125 0.26484375 0.05625 0.01875
0 0.26875 0.26875 0.11875 0.0234375
0 0.42109375 0.2765625 0.165625 0.03125
0 0.5484375 0.2828125 0.0625 0.0265625
0 0.6109375 0.28203125 0.03125 0.01875
0 0.684375 0.284375 0.0765625 0.021875
0 0.3984375 0.296875 0.0375 0.0203125
0 0.4578125 0.29921875 0.05 0.01875
0 0.54140625 0.303125 0.09375 0.01875
0 0.1546875 0.3109375 0.015625 0.015625
0 0.225 0.31328125 0.0671875 0.0171875
0 0.2703125 0.31875 0.0125 0.0109375
0 0.30625 0.321875 0.0453125 0.0140625
0 0.3703125 0.321875 0.071875 0.0203125
0 0.43203125 0.3234375 0.0390625 0.015625
0 0.47734375 0.32578125 0.04375 0.01875
0 0.51015625 0.32734375 0.0203125 0.0109375
0 0.56953125 0.32890625 0.0859375 0.0203125
0 0.65078125 0.33046875 0.0640625 0.0171875
0 0.7953125 0.3328125 0.0359375 0.015625
0 0.82265625 0.33359375 0.0125 0.0140625
0 0.896875 0.33828125 0.1296875 0.0234375
0 0.1515625 0.3484375 0.0296875 0.0171875
0 0.2640625 0.35625 0.1609375 0.025
0 0.36953125 0.3578125 0.04375 0.015625
0 0.42578125 0.3625 0.028125 0.0125
0 0.47734375 0.36171875 0.0421875 0.0171875
0 0.5484375 0.36484375 0.06875 0.01875
0 0.1515625 0.39609375 0.0171875 0.015625
0 0.2109375 0.3984375 0.046875 0.0171875
0 0.26953125 0.40078125 0.059375 0.0171875
0 0.34921875 0.40390625 0.071875 0.0171875
0 0.4078125 0.4109375 0.0359375 0.0171875
0 0.45625 0.41171875 0.053125 0.0171875
0 0.51484375 0.4125 0.0546875 0.0125
0 0.58359375 0.4125 0.071875 0.0171875
0 0.71640625 0.4171875 0.040625 0.0171875
0 0.74609375 0.41796875 0.0140625 0.015625
0 0.82421875 0.42109375 0.1359375 0.025
0 0.90234375 0.4234375 0.0125 0.015625
0 0.93515625 0.4234375 0.04375 0.0171875
0 0.13671875 0.43203125 0.0453125 0.01875
0 0.26015625 0.44140625 0.184375 0.0265625
0 0.39140625 0.44296875 0.05625 0.01875
0 0.45234375 0.446875 0.0296875 0.0125
0 0.5109375 0.4453125 0.0390625 0.0171875
0 0.5859375 0.4546875 0.0640625 0.021875
0 0.66015625 0.45546875 0.059375 0.0140625
0 0.7671875 0.45859375 0.10625 0.021875
0 0.146875 0.48046875 0.01875 0.01875
0 0.1890625 0.4828125 0.0109375 0.015625
0 0.22421875 0.4859375 0.05625 0.0140625
0 0.26796875 0.4875 0.021875 0.0109375
0 0.31484375 0.4890625 0.0609375 0.0203125
0 0.36171875 0.490625 0.021875 0.0109375
0 0.39609375 0.4890625 0.0328125 0.0171875
0 0.4609375 0.49609375 0.0859375 0.0171875
0 0.51640625 0.496875 0.015625 0.003125
0 0.56328125 0.496875 0.071875 0.01875
0 0.82734375 0.50703125 0.0359375 0.015625
0 0.85546875 0.50859375 0.0125 0.015625
0 0.909375 0.509375 0.0859375 0.01875
0 0.13359375 0.51640625 0.03125 0.0171875
0 0.228125 0.52265625 0.1296875 0.0203125
0 0.32734375 0.52578125 0.025 0.01875
0 0.38515625 0.53125 0.0734375 0.021875
0 0.44921875 0.5296875 0.0296875 0.0125
0 0.503125 0.53125 0.0453125 0.015625
0 0.5921875 0.53984375 0.1109375 0.0234375
0 0.69765625 0.54296875 0.0546875 0.0140625
0 0.14140625 0.565625 0.015625 0.015625
0 0.20390625 0.56875 0.053125 0.0171875
0 0.25 0.57265625 0.0328125 0.0109375
0 0.296875 0.57109375 0.05 0.0171875
0 0.3328125 0.57578125 0.0125 0.009375
0 0.371875 0.5765625 0.0515625 0.01875
0 0.44296875 0.5796875 0.0765625 0.021875
0 0.49765625 0.58046875 0.021875 0.0109375
0 0.546875 0.58125 0.0671875 0.0171875
0 0.83046875 0.59375 0.0390625 0.0171875
0 0.86015625 0.5953125 0.0125 0.015625
0 0.91171875 0.60078125 0.0796875 0.0171875
0 0.1265625 0.60390625 0.0515625 0.01875
0 0.23203125 0.61015625 0.1234375 0.025
0 0.35703125 0.61640625 0.08125 0.0265625
0 0.421875 0.61796875 0.01875 0.0109375
0 0.4875 0.621875 0.0765625 0.028125
0 0.58203125 0.62734375 0.0921875 0.0328125
0 0.6546875 0.62578125 0.0375 0.015625
0 0.7265625 0.628125 0.0625 0.01875
0 0.3421875 0.640625 0.0546875 0.021875
0 0.409375 0.640625 0.053125 0.0140625
0 0.4609375 0.64296875 0.021875 0.009375
0 0.50703125 0.64453125 0.059375 0.021875
0 0.5734375 0.64609375 0.0140625 0.009375
0 0.6421875 0.646875 0.015625 0.009375
0 0.72890625 0.65078125 0.015625 0.009375
0 0.1359375 0.653125 0.015625 0.015625
0 0.21015625 0.65546875 0.078125 0.01875
0 0.26875 0.66015625 0.0265625 0.0125
0 0.31015625 0.6640625 0.04375 0.0171875
0 0.35546875 0.6609375 0.0359375 0.015625
0 0.40859375 0.66484375 0.059375 0.021875
0 0.4578125 0.66640625 0.0296875 0.0125
0 0.51484375 0.66953125 0.078125 0.021875
0 0.58515625 0.6703125 0.046875 0.0171875
0 0.640625 0.675 0.0578125 0.0140625
0 0.69453125 0.67578125 0.04375 0.01875
0 0.74296875 0.678125 0.046875 0.01875
0 0.84375 0.6828125 0.0359375 0.015625
0 0.87265625 0.68515625 0.0140625 0.015625
0 0.915625 0.6859375 0.065625 0.0171875
0 0.13203125 0.690625 0.034375 0.01875
0 0.2171875 0.69375 0.0953125 0.0234375
0 0.29921875 0.6875 0.028125 0.015625
0 0.34296875 0.6921875 0.0265625 0.0171875
0 0.31953125 0.70390625 0.06875 0.0265625
0 0.39140625 0.70390625 0.0296875 0.0109375
0 0.47421875 0.709375 0.0921875 0.0296875
0 0.56484375 0.709375 0.0609375 0.01875
0 0.634375 0.7109375 0.040625 0.0171875
0 0.70234375 0.71875 0.06875 0.0140625
0 0.77578125 0.7203125 0.0515625 0.0171875
0 0.8453125 0.7234375 0.0578125 0.015625
0 0.13125 0.7390625 0.0171875 0.015625
0 0.18359375 0.74140625 0.0328125 0.0171875
0 0.2421875 0.74609375 0.06875 0.021875
0 0.309375 0.746875 0.0375 0.0171875
0 0.3484375 0.75 0.03125 0.0109375
0 0.384375 0.75390625 0.0265625 0.015625
0 0.4140625 0.753125 0.021875 0.0125
0 0.47578125 0.75390625 0.0890625 0.0203125
0 0.55625 0.7625 0.0609375 0.0171875
0 0.6234375 0.7640625 0.0625 0.0140625
0 0.86484375 0.77265625 0.0390625 0.0171875
0 0.89453125 0.775 0.0140625 0.0140625
0 0.92578125 0.778125 0.0390625 0.0203125
0 0.2171875 0.77109375 0.025 0.0125
0 0.25390625 0.76796875 0.034375 0.015625
0 0.31015625 0.76796875 0.071875 0.015625
0 0.121875 0.7765625 0.0515625 0.01875
0 0.20546875 0.78671875 0.0796875 0.028125
0 0.24609375 0.78046875 0.0125 0.0140625
0 0.265625 0.78515625 0.0203125 0.015625
0 0.290625 0.79375 0.0171875 0.0140625
0 0.31171875 0.7921875 0.0265625 0.01875
0 0.35625 0.79140625 0.0234375 0.0140625
0 0.4453125 0.79375 0.11875 0.0203125
0 0.5578125 0.80390625 0.078125 0.03125
0 0.29296875 0.80703125 0.03125 0.015625
0 0.33515625 0.8109375 0.034375 0.0140625
0 0.1265625 0.82578125 0.0171875 0.015625
0 0.18515625 0.8296875 0.04375 0.01875
0 0.21875 0.83125 0.0140625 0.0140625
0 0.26640625 0.8328125 0.06875 0.0171875
0 0.325 0.8375 0.0359375 0.0109375
0 0.3625 0.83671875 0.0109375 0.0140625
0 0.4046875 0.8390625 0.0640625 0.01875
0 0.45625 0.84375 0.0328125 0.0125
0 0.4953125 0.84375 0.034375 0.015625
0 0.5375 0.846875 0.0390625 0.0171875
0 0.6109375 0.84921875 0.1015625 0.01875
0 0.709375 0.8546875 0.08125 0.01875
0 0.85625 0.8609375 0.034375 0.0171875
0 0.884375 0.86328125 0.0125 0.015625
0 0.91640625 0.86640625 0.0546875 0.0203125
0 0.109375 0.8609375 0.0359375 0.0203125
0 0.17578125 0.871875 0.0796875 0.03125
0 0.2578125 0.8765625 0.08125 0.028125
0 0.334375 0.875 0.05 0.021875
0 0.4125 0.87734375 0.059375 0.01875
0 0.5109375 0.884375 0.1171875 0.0203125
0 0.6296875 0.88984375 0.1 0.0234375
0 0.2390625 0.8984375 0.059375 0.0234375
0 0.30625 0.8984375 0.0546875 0.0140625
0 0.12265625 0.91015625 0.0296875 0.0171875
0 0.1890625 0.91484375 0.065625 0.01875
0 0.253125 0.9203125 0.046875 0.021875
0 0.30546875 0.92265625 0.0484375 0.01875
0 0.35859375 0.92890625 0.0453125 0.015625
0 0.41796875 0.93046875 0.0640625 0.021875
0 0.48671875 0.93203125 0.04375 0.01875
0 0.51875 0.9328125 0.0125 0.015625
0 0.55078125 0.9375 0.04375 0.0203125
0 0.59765625 0.9421875 0.040625 0.015625
0 0.63125 0.9421875 0.0140625 0.0109375
0 0.67578125 0.94140625 0.0640625 0.01875
0 0.77890625 0.946875 0.040625 0.0171875
0 0.809375 0.94921875 0.015625 0.015625
0 0.84609375 0.95078125 0.0515625 0.0171875
0 0.88359375 0.953125 0.0140625 0.015625
0 0.9171875 0.95390625 0.04375 0.0171875
0 0.1109375 0.94609375 0.046875 0.0234375
0 0.19609375 0.95234375 0.078125 0.025
0 0.28046875 0.9578125 0.0578125 0.021875
0 0.3953125 0.965625 0.140625 0.0328125
0 0.525 0.975 0.10625 0.0296875
0 0.59140625 0.978125 0.0203125 0.009375
0 0.659375 0.98125 0.0828125 0.0234375
0 0.24453125 0.978125 0.0296875 0.0171875
0 0.296875 0.98359375 0.0515625 0.01875
0 0.359375 0.98671875 0.0484375 0.0171875
0 0.40703125 0.99296875 0.01875 0.0078125
0 0.4640625 0.99296875 0.0609375 0.0140625