0 0.484375 0.04453125 0.0234375 0.01875
0 0.2109375 0.1296875 0.096875 0.034375
0 0.3640625 0.13125 0.1515625 0.021875
0 0.50390625 0.1296875 0.09375 0.03125
0 0.58671875 0.128125 0.04375 0.01875
0 0.6984375 0.1296875 0.146875 0.0484375
0 0.82890625 0.1328125 0.0890625 0.021875
0 0.20546875 0.15703125 0.0703125 0.025
0 0.303125 0.15859375 0.10625 0.0265625
0 0.3875 0.1640625 0.0359375 0.05
0 0.4578125 0.171875 0.0796875 0.0375
0 0.5484375 0.16015625 0.0703125 0.021875
0 0.61875 0.15390625 0.059375 0.028125
0 0.7359375 0.16171875 0.165625 0.025
0 0.87734375 0.153125 0.128125 0.0296875
0 0.2015625 0.18515625 0.05625 0.03125
0 0.26171875 0.1890625 0.0796875 0.046875
0 0.3640625 0.18671875 0.0953125 0.0265625
0 0.5234375 0.1890625 0.2 0.0375
0 0.6421875 0.18671875 0.0453125 0.0296875
0 0.70390625 0.18203125 0.0546875 0.0234375
0 0.85 0.18359375 0.21875 0.034375
0 0.95390625 0.19296875 0.0203125 0.009375
0 0.20703125 0.23671875 0.0703125 0.025
0 0.25546875 0.23515625 0.0421875 0.0234375
0 0.30703125 0.2359375 0.059375 0.028125
0 0.41640625 0.23828125 0.146875 0.028125
0 0.53359375 0.240625 0.046875 0.0234375
0 0.640625 0.2390625 0.134375 0.028125
0 0.71640625 0.240625 0.0203125 0.0328125
0 0.75625 0.2390625 0.034375 0.03125
0 0.82265625 0.24140625 0.0953125 0.040625
0 0.89921875 0.24140625 0.0734375 0.028125
0 0.19453125 0.26875 0.0484375 0.021875
0 0.2875 0.27109375 0.1 0.034375
0 0.359375 0.271875 0.0578125 0.021875
0 0.4421875 0.26640625 0.0734375 0.03125
0 0.50390625 0.26796875 0.05 0.01875
0 0.60703125 0.2640625 0.15 0.0375