0 0.0875 0.171875 0.059375 0.0328125
0 0.1859375 0.1328125 0.1359375 0.065625
0 0.1203125 0.190625 0.0484375 0.0296875
0 0.1703125 0.17578125 0.0328125 0.0234375
0 0.23828125 0.159375 0.08125 0.0421875
0 0.296875 0.14375 0.0234375 0.0203125
0 0.33515625 0.13203125 0.034375 0.025
0 0.40703125 0.11640625 0.08125 0.034375
0 0.4765625 0.1015625 0.034375 0.0203125
0 0.55078125 0.0875 0.0734375 0.0375
0 0.1453125 0.225 0.0734375 0.04375
0 0.2109375 0.19765625 0.0234375 0.01875
0 0.29375 0.18203125 0.1109375 0.0515625
0 0.428125 0.146875 0.1125 0.053125
0 0.52578125 0.13203125 0.0359375 0.025
0 0.575 0.11484375 0.0375 0.0265625
0 0.6265625 0.10390625 0.0265625 0.0203125
0 0.68046875 0.0984375 0.0390625 0.0203125
0 0.7734375 0.0828125 0.0984375 0.0453125
0 0.14765625 0.26015625 0.0296875 0.0234375
0 0.21640625 0.23359375 0.078125 0.04375
0 0.29140625 0.215625 0.0390625 0.025
0 0.38203125 0.19453125 0.1 0.053125
0 0.50703125 0.1625 0.1203125 0.0484375
0 0.61640625 0.14140625 0.0546875 0.0296875
0 0.69453125 0.13046875 0.071875 0.046875
0 0.77265625 0.11328125 0.0546875 0.034375
0 0.1734375 0.2828125 0.065625 0.034375
0 0.25703125 0.25703125 0.0609375 0.0359375
0 0.334375 0.24140625 0.0546875 0.0265625
0 0.415625 0.21953125 0.0609375 0.0328125
0 0.4875 0.2078125 0.053125 0.0375
0 0.5484375 0.190625 0.0421875 0.028125
0 0.59609375 0.1828125 0.028125 0.021875
0 0.64453125 0.1703125 0.0421875 0.028125
0 0.70625 0.16171875 0.06875 0.0421875
0 0.76171875 0.1484375 0.0234375 0.01875
0 0.190625 0.31640625 0.0796875 0.0484375
0 0.159375 0.3609375 0.0484375 0.0265625
0 0.2296875 0.34375 0.0609375 0.0421875
0 0.29453125 0.334375 0.040625 0.0296875
0 0.35859375 0.30703125 0.0625 0.0375
0 0.428125 0.2984375 0.0578125 0.040625
0 0.4796875 0.28046875 0.0390625 0.025
0 0.54453125 0.275 0.0515625 0.034375
0 0.59453125 0.26015625 0.0203125 0.0171875
0 0.653125 0.2453125 0.075 0.04375
0 0.70859375 0.2328125 0.0265625 0.0328125
0 0.77734375 0.21328125 0.0875 0.040625
0 0.2078125 0.38359375 0.0828125 0.034375
0 0.28203125 0.3671875 0.0375 0.021875
0 0.34140625 0.35078125 0.04375 0.03125
0 0.39765625 0.33828125 0.0265625 0.01875
0 0.45078125 0.32578125 0.0453125 0.028125
0 0.4953125 0.31640625 0.0234375 0.0171875
0 0.55234375 0.30234375 0.05625 0.03125
0 0.6265625 0.29140625 0.0421875 0.0328125
0 0.7078125 0.27109375 0.0890625 0.0453125
0 0.78671875 0.25625 0.034375 0.0328125
0 0.20234375 0.428125 0.046875 0.028125
0 0.3875 0.38125 0.0546875 0.0375
0 0.45234375 0.36328125 0.04375 0.0265625
0 0.49765625 0.3515625 0.0234375 0.01875
0 0.54140625 0.34296875 0.0359375 0.025
0 0.6328125 0.321875 0.103125 0.040625
0 0.71484375 0.30390625 0.0234375 0.015625
0 0.759375 0.29453125 0.0359375 0.0296875
0 0.81640625 0.28125 0.05625 0.0375
0 0.2390625 0.4546875 0.0984375 0.05
0 0.321875 0.42890625 0.021875 0.0171875
0 0.38046875 0.415625 0.053125 0.028125
0 0.18515625 0.50625 0.040625 0.0265625
0 0.24609375 0.49140625 0.0546875 0.028125
0 0.31015625 0.4734375 0.025 0.0203125
0 0.3734375 0.4625 0.065625 0.03125
0 0.4375 0.44453125 0.0484375 0.0296875
0 0.50546875 0.42578125 0.0625 0.0328125
0 0.55625 0.41640625 0.021875 0.021875
0 0.60234375 0.409375 0.0171875 0.0140625
0 0.67109375 0.39609375 0.0859375 0.0484375
0 0.7484375 0.36953125 0.0484375 0.0296875
0 0.81171875 0.35546875 0.0515625 0.03125
0 0.209375 0.53671875 0.0453125 0.034375
0 0.29296875 0.521875 0.0890625 0.0484375
0 0.22578125 0.5734375 0.090625 0.05
0 0.296875 0.55625 0.0359375 0.0375
0 0.35390625 0.5453125 0.0421875 0.0296875
0 0.41015625 0.52890625 0.03125 0.01875
0 0.4796875 0.50859375 0.065625 0.0359375
0 0.55 0.49453125 0.0265625 0.021875
0 0.634375 0.47421875 0.103125 0.04375
0 0.7359375 0.459375 0.065625 0.0359375
0 0.82890625 0.4375 0.0921875 0.0484375
0 0.22890625 0.6125 0.0390625 0.0234375
0 0.290625 0.5953125 0.04375 0.028125
0 0.396875 0.56875 0.128125 0.05
0 0.54921875 0.54296875 0.1265625 0.065625
0 0.63828125 0.5140625 0.046875 0.0296875
0 0.70625 0.4984375 0.040625 0.028125
0 0.78359375 0.48671875 0.078125 0.05
0 0.27109375 0.65078125 0.1078125 0.053125
0 0.4234375 0.6140625 0.0875 0.0578125
0 0.515625 0.5921875 0.046875 0.0359375
0 0.57109375 0.58203125 0.0453125 0.034375
0 0.6546875 0.559375 0.0921875 0.05625
0 0.74453125 0.53203125 0.0671875 0.0359375
0 0.8109375 0.51796875 0.03125 0.034375
0 0.8671875 0.5109375 0.040625 0.028125
0 0.2546875 0.68671875 0.0578125 0.034375
0 0.340625 0.67421875 0.0625 0.04375
0 0.409375 0.65390625 0.040625 0.028125
0 0.471875 0.63984375 0.04375 0.0296875
0 0.5375 0.625 0.053125 0.0328125
0 0.61328125 0.60703125 0.0703125 0.0515625
0 0.7234375 0.58203125 0.115625 0.0640625
0 0.81171875 0.55703125 0.05 0.0328125
0 0.884375 0.5359375 0.0609375 0.0359375
0 0.25078125 0.7328125 0.0265625 0.0265625
0 0.3453125 0.709375 0.10625 0.046875
0 0.4546875 0.68515625 0.0640625 0.034375
0 0.25859375 0.77421875 0.14375 0.05625
0 0.2546875 0.81484375 0.0265625 0.025
0 0.296875 0.80859375 0.0515625 0.028125
0 0.35546875 0.79296875 0.0515625 0.0390625
0 0.459375 0.77734375 0.0734375 0.0453125
0 0.21953125 0.87265625 0.0125 0.015625
0 0.2875 0.85703125 0.0515625 0.0328125
0 0.35390625 0.84453125 0.028125 0.01875
0 0.41484375 0.828125 0.040625 0.0265625
0 0.48671875 0.81875 0.046875 0.034375
0 0.63828125 0.77421875 0.028125 0.025
0 0.69765625 0.7578125 0.0421875 0.0265625
0 0.76484375 0.7375 0.0609375 0.0359375
0 0.83515625 0.71484375 0.0546875 0.034375
0 0.228125 0.90859375 0.0203125 0.0265625
0 0.290625 0.89921875 0.0328125 0.0234375
0 0.36484375 0.88046875 0.059375 0.0328125
0 0.69375 0.79375 0.021875 0.025
0 0.76640625 0.78359375 0.0796875 0.053125
0 0.84453125 0.76015625 0.0515625 0.0296875
0 0.89765625 0.74609375 0.028125 0.021875
0 0.23828125 0.9546875 0.0203125 0.0234375
0 0.31796875 0.93828125 0.0453125 0.028125
0 0.40078125 0.925 0.059375 0.0390625
0 0.48984375 0.90625 0.1046875 0.05
0 0.75703125 0.825 0.0421875 0.028125
0 0.84453125 0.809375 0.0921875 0.0515625
0 0.91640625 0.79375 0.028125 0.03125
0 0.9578125 0.771875 0.0375 0.03125
0 0.2484375 0.9921875 0.025 0.015625
0 0.34453125 0.97734375 0.1046875 0.0453125
0 0.8 0.85625 0.10625 0.046875
0 0.65 0.94609375 0.140625 0.0578125
0 0.93828125 0.73203125 0.025 0.0265625
0 0.40546875 0.784375 0.0234375 0.0265625
0 0.35 0.62578125 0.028125 0.034375
0 0.29140625 0.4046875 0.1078125 0.0546875