0 0.09140625 0.0625 0.1 0.040625
0 0.4296875 0.0546875 0.1875 0.05
0 0.59765625 0.0421875 0.1265625 0.0515625
0 0.17265625 0.08984375 0.184375 0.0453125
0 0.08046875 0.15 0.084375 0.025
0 0.38125 0.12109375 0.215625 0.0875
0 0.07578125 0.20234375 0.0640625 0.021875
0 0.23984375 0.1984375 0.221875 0.05625
0 0.49296875 0.18828125 0.06875 0.021875
0 0.66484375 0.17734375 0.184375 0.0609375
0 0.11640625 0.25546875 0.1046875 0.0265625
0 0.23203125 0.253125 0.1125 0.0203125
0 0.353125 0.27578125 0.1171875 0.0765625
0 0.475 0.2640625 0.10625 0.0734375
0 0.096875 0.3578125 0.04375 0.0265625
0 0.1546875 0.35546875 0.059375 0.0234375
0 0.2125 0.35078125 0.040625 0.0203125
0 0.26328125 0.34921875 0.0515625 0.021875
0 0.35 0.34609375 0.109375 0.0234375
0 0.16875 0.39609375 0.19375 0.0578125
0 0.3609375 0.38203125 0.13125 0.0609375
0 0.12890625 0.46015625 0.115625 0.046875
0 0.2015625 0.45234375 0.0171875 0.028125
0 0.24765625 0.4515625 0.0671875 0.03125
0 0.35859375 0.45390625 0.146875 0.0390625
0 0.48125 0.44140625 0.0890625 0.0296875
0 0.1625 0.52578125 0.1375 0.040625
0 0.3328125 0.51171875 0.0921875 0.0390625
0 0.48671875 0.51015625 0.103125 0.0390625
0 0.640625 0.52109375 0.109375 0.0296875
0 0.76796875 0.53203125 0.0953125 0.0484375
0 0.23359375 0.590625 0.2390625 0.0453125
0 0.16875 0.6453125 0.059375 0.0359375
0 0.221875 0.6453125 0.0296875 0.0328125
0 0.2609375 0.64453125 0.025 0.0296875
0 0.3109375 0.64453125 0.021875 0.0171875
0 0.14765625 0.6921875 0.09375 0.025
0 0.33515625 0.68359375 0.178125 0.0421875
0 0.5453125 0.67578125 0.109375 0.0328125
0 0.7203125 0.68125 0.1671875 0.04375
0 0.19375 0.75390625 0.1359375 0.0359375
0 0.42578125 0.75625 0.15 0.0453125
0 0.59375 0.74609375 0.08125 0.034375
0 0.75 0.75234375 0.13125 0.0265625
0 0.2515625 0.82890625 0.2578125 0.0703125
0 0.5109375 0.81953125 0.1328125 0.034375
0 0.6984375 0.81953125 0.128125 0.0359375
0 0.30390625 0.8984375 0.3015625 0.05
0 0.13359375 0.9390625 0.1125 0.01875
0 0.221875 0.93515625 0.0578125 0.0140625
0 0.278125 0.934375 0.046875 0.0125
0 0.2015625 0.0609375 0.0484375 0.0265625