0 0.0703125 0.04296875 0.0328125 0.0171875
0 0.81796875 0.0828125 0.025 0.0078125
0 0.8171875 0.1015625 0.025 0.0078125
0 0.95 0.0890625 0.046875 0.0109375
0 0.84296875 0.08203125 0.0203125 0.0078125
0 0.28046875 0.11328125 0.0375 0.025
0 0.35234375 0.121875 0.05 0.021875
0 0.38828125 0.12109375 0.0125 0.0125
0 0.4453125 0.128125 0.0484375 0.021875
0 0.534375 0.13984375 0.078125 0.025
0 0.63515625 0.15078125 0.1 0.0484375
0 0.725 0.1578125 0.0328125 0.0203125
0 0.83984375 0.1609375 0.14375 0.028125
0 0.38359375 0.196875 0.0375 0.0171875
0 0.4234375 0.19921875 0.01875 0.015625
0 0.484375 0.2046875 0.0734375 0.0203125
0 0.6484375 0.21875 0.040625 0.0125
0 0.69609375 0.221875 0.01875 0.015625
0 0.76171875 0.22578125 0.0578125 0.0171875
0 0.8359375 0.2296875 0.0625 0.01875
0 0.79921875 0.23046875 0.009375 0.003125
0 0.2828125 0.2421875 0.0109375 0.003125
0 0.31875 0.246875 0.0421875 0.015625
0 0.4 0.2515625 0.0671875 0.0203125
0 0.528125 0.26640625 0.121875 0.0265625
0 0.27265625 0.2984375 0.0390625 0.0234375
0 0.3390625 0.30703125 0.0484375 0.0203125
0 0.396875 0.30859375 0.0078125 0.0125
0 0.41015625 0.309375 0.0078125 0.0046875
0 0.46953125 0.3140625 0.0484375 0.015625
0 0.5296875 0.3171875 0.0125 0.0140625
0 0.5609375 0.3234375 0.0375 0.0109375
0 0.6375 0.32578125 0.06875 0.0234375
0 0.54375 0.33984375 0.025 0.0171875
0 0.553125 0.36484375 0.0734375 0.0234375
0 0.2625 0.38515625 0.0328125 0.0203125
0 0.34375 0.38671875 0.05625 0.01875
0 0.4046875 0.39453125 0.0125 0.0109375
0 0.50546875 0.396875 0.0875 0.025
0 0.58828125 0.40859375 0.0515625 0.0328125
0 0.6828125 0.40859375 0.1015625 0.03125
0 0.49140625 0.43125 0.0875 0.0421875
0 0.575 0.434375 0.0390625 0.028125
0 0.61484375 0.43671875 0.0328125 0.03125
0 0.67734375 0.4328125 0.040625 0.0171875
0 0.759375 0.4375 0.0640625 0.01875
0 0.4828125 0.4484375 0.0203125 0.015625
0 0.61640625 0.4578125 0.159375 0.021875
0 0.26328125 0.4890625 0.0359375 0.025
0 0.35234375 0.50078125 0.0171875 0.0140625
0 0.409375 0.49765625 0.034375 0.0203125
0 0.490625 0.50625 0.0640625 0.03125
0 0.58671875 0.503125 0.075 0.021875
0 0.67265625 0.50625 0.053125 0.01875
0 0.76015625 0.5125 0.0640625 0.0359375
0 0.83125 0.51171875 0.034375 0.01875
0 0.8609375 0.5140625 0.0171875 0.01875
0 0.3890625 0.5234375 0.05625 0.01875
0 0.49296875 0.52734375 0.084375 0.0171875
0 0.32109375 0.5484375 0.025 0.0171875
0 0.38203125 0.55234375 0.034375 0.0125
0 0.45 0.5546875 0.0328125 0.0125
0 0.51171875 0.5546875 0.034375 0.0140625
0 0.575 0.55859375 0.065625 0.021875
0 0.646875 0.5625 0.025 0.028125
0 0.70625 0.55546875 0.06875 0.03125
0 0.784375 0.565625 0.059375 0.0234375
0 0.8484375 0.5640625 0.0375 0.0140625
0 0.90078125 0.5140625 0.0203125 0.015625
0 0.26328125 0.5984375 0.0328125 0.0203125
0 0.3078125 0.60625 0.021875 0.03125
0 0.3609375 0.60625 0.034375 0.0109375
0 0.41328125 0.60546875 0.0359375 0.0171875
0 0.46796875 0.60625 0.0265625 0.015625
0 0.48984375 0.60625 0.009375 0.003125
0 0.5046875 0.6046875 0.0296875 0.0171875
0 0.55625 0.60703125 0.0390625 0.01875
0 0.61875 0.6046875 0.028125 0.0203125
0 0.6796875 0.6140625 0.0625 0.028125
0 0.728125 0.6109375 0.0140625 0.0125
0 0.76796875 0.61015625 0.0265625 0.0140625
0 0.8390625 0.60859375 0.1015625 0.025
0 0.384375 0.62890625 0.05625 0.0234375
0 0.4546875 0.63046875 0.0453125 0.015625
0 0.52890625 0.63203125 0.0515625 0.0171875
0 0.58828125 0.63046875 0.01875 0.0109375
0 0.61875 0.6328125 0.015625 0.0125
0 0.65234375 0.634375 0.0140625 0.0125
0 0.71953125 0.63515625 0.0875 0.01875
0 0.26015625 0.65390625 0.040625 0.01875
0 0.24296875 0.684375 0.028125 0.0328125
0 0.29765625 0.684375 0.0390625 0.015625
0 0.36484375 0.68515625 0.040625 0.0125
0 0.43359375 0.68828125 0.0625 0.0296875
0 0.51328125 0.68125 0.0265625 0.025
0 0.5921875 0.678125 0.075 0.03125
0 0.69296875 0.68203125 0.0671875 0.0234375
0 0.7703125 0.6828125 0.0609375 0.01875
0 0.84375 0.68515625 0.0546875 0.021875
0 0.89140625 0.69140625 0.015625 0.0109375
0 0.9125 0.69140625 0.0203125 0.0109375
0 0.96015625 0.696875 0.0625 0.015625
0 0.2953125 0.7109375 0.0609375 0.0265625
0 0.3875 0.709375 0.05 0.0203125
0 0.465625 0.7125 0.04375 0.028125
0 0.53046875 0.70859375 0.0328125 0.0171875
0 0.571875 0.70859375 0.015625 0.0140625
0 0.6203125 0.71484375 0.059375 0.034375
0 0.68359375 0.7078125 0.021875 0.0171875
0 0.753125 0.70859375 0.0765625 0.01875
0 0.86484375 0.7140625 0.075 0.0203125
0 0.92734375 0.721875 0.0328125 0.0296875
0 0.24296875 0.73046875 0.03125 0.0296875
0 0.3015625 0.73671875 0.040625 0.0140625
0 0.27109375 0.81484375 0.05625 0.0296875
0 0.309375 0.81484375 0.0140625 0.00625
0 0.3359375 0.8140625 0.021875 0.01875
0 0.39765625 0.8203125 0.01875 0.0171875
0 0.45546875 0.8140625 0.0390625 0.0171875
0 0.55625 0.80859375 0.078125 0.025
0 0.25859375 0.84140625 0.015625 0.0140625
0 0.4703125 0.8421875 0.0796875 0.025
0 0.17421875 0.86484375 0.0640625 0.0234375
0 0.2390625 0.86953125 0.025 0.025
0 0.471875 0.859375 0.084375 0.03125
0 0.16171875 0.8890625 0.0296875 0.0203125
0 0.22578125 0.88984375 0.0765625 0.01875
0 0.5078125 0.8828125 0.15625 0.0328125
0 0.26015625 0.9125 0.134375 0.0203125
0 0.4828125 0.91171875 0.11875 0.0359375
0 0.5046875 0.93125 0.1640625 0.0421875