0 0.3171875 0.73515625 0.4046875 0.1171875
0 0.509375 0.4890625 0.25 0.109375
0 0.57109375 0.41875 0.24375 0.103125
0 0.11328125 0.64140625 0.215625 0.1421875
0 0.7328125 0.859375 0.2203125 0.15
0 0.51796875 0.3375 0.2546875 0.0953125
0 0.596875 0.59453125 0.2203125 0.0890625
0 0.190625 0.07265625 0.1828125 0.1046875
0 0.76953125 0.9203125 0.1796875 0.1078125
0 0.5734375 0.9375 0.159375 0.0953125
0 0.75390625 0.53125 0.1734375 0.09375
0 0.1671875 0.88671875 0.1765625 0.109375
0 0.05546875 0.77109375 0.1109375 0.1328125
0 0.38515625 0.834375 0.178125 0.0859375
0 0.6890625 0.67890625 0.1625 0.103125
0 0.64375 0.78984375 0.1875 0.1015625
0 0.13125 0.28515625 0.175 0.09375
0 0.6328125 0.25 0.2078125 0.0828125
0 0.32109375 0.39921875 0.2109375 0.090625
0 0.465625 0.1515625 0.1828125 0.090625
0 0.9234375 0.3875 0.128125 0.109375
0 0.703125 0.0484375 0.1734375 0.075
0 0.371875 0.89921875 0.1359375 0.09375
0 0.47890625 0.65703125 0.1546875 0.1015625
0 0.19375 0.82421875 0.140625 0.0890625
0 0.390625 0.0671875 0.1796875 0.0859375
0 0.109375 0.37578125 0.15 0.0890625
0 0.93203125 0.54921875 0.1359375 0.0984375
0 0.86484375 0.69765625 0.1390625 0.084375
0 0.07890625 0.53203125 0.1578125 0.0890625
0 0.28515625 0.4890625 0.1296875 0.0859375
0 0.9203125 0.6375 0.1265625 0.10625
0 0.6296875 0.090625 0.1171875 0.071875
0 0.871875 0.290625 0.1265625 0.0703125
0 0.2328125 0.56015625 0.125 0.0828125
0 0.28046875 0.2078125 0.1453125 0.0765625
0 0.92421875 0.48125 0.15 0.0609375
0 0.43359375 0.2515625 0.121875 0.078125
0 0.19453125 0.01484375 0.1453125 0.0296875
0 0.14296875 0.1328125 0.1296875 0.103125
0 0.13125 0.196875 0.1203125 0.084375
0 0.78515625 0.44765625 0.109375 0.084375
0 0.03046875 0.8546875 0.0609375 0.071875
0 0.38203125 0.5875 0.1390625 0.059375
0 0.93046875 0.7796875 0.078125 0.084375
0 0.95859375 0.09921875 0.0828125 0.0703125
0 0.7765625 0.115625 0.11875 0.0796875
0 0.8609375 0.06875 0.15 0.0703125
0 0.74609375 0.209375 0.1359375 0.0546875
0 0.28984375 0.30234375 0.10625 0.06875
0 0.44375 0.0140625 0.146875 0.028125
0 0.8703125 0.22109375 0.103125 0.0640625
0 0.91328125 0.87421875 0.0953125 0.0625
0 0.28359375 0.14140625 0.125 0.05
0 0.9578125 0.22265625 0.084375 0.0671875
0 0.30859375 0.6546875 0.1125 0.059375
0 0.6921875 0.340625 0.078125 0.06875
0 0.31875 0.009375 0.090625 0.01875
0 0.78828125 0.6265625 0.0875 0.05625
0 0.0453125 0.684375 0.090625 0.059375
0 0.909375 0.95703125 0.0828125 0.0671875
0 0.61796875 0.1859375 0.08125 0.059375
0 0.146875 0.45390625 0.084375 0.0625
0 0.82109375 0.78046875 0.084375 0.0625
0 0.97578125 0.2734375 0.0484375 0.075
0 0.5125 0.07734375 0.0734375 0.05625
0 0.5703125 0.02578125 0.084375 0.0515625
0 0.059375 0.4515625 0.0859375 0.05
0 0.78203125 0.275 0.065625 0.06875
0 0.96875 0.31640625 0.0625 0.0421875
0 0.57265625 0.86328125 0.075 0.04375
0 0.925 0.153125 0.11875 0.0796875
0 0.79453125 0.359375 0.13125 0.0765625
0 0.78046875 0.99453125 0.0734375 0.0109375