0 0.02734375 0.24375 0.0546875 0.05
0 0.1671875 0.221875 0.1578125 0.071875
0 0.31796875 0.1921875 0.0625 0.0484375
0 0.43125 0.1625 0.090625 0.0703125
0 0.5375 0.1375 0.034375 0.0234375
0 0.59140625 0.12109375 0.075 0.0421875
0 0.03359375 0.31796875 0.0203125 0.01875
0 0.15859375 0.29609375 0.1265625 0.065625
0 0.3109375 0.25390625 0.103125 0.046875
0 0.421875 0.22734375 0.0484375 0.034375
0 0.56953125 0.19453125 0.159375 0.059375
0 0.73984375 0.0953125 0.165625 0.0703125
0 0.8703125 0.065625 0.0484375 0.0328125
0 0.775 0.14453125 0.103125 0.0484375
0 0.85234375 0.12578125 0.0421875 0.034375
0 0.6828125 0.17421875 0.0578125 0.0453125