0 0.0390625 0.26796875 0.01875 0.03125
0 0.12578125 0.26484375 0.1 0.05625
0 0.25390625 0.26875 0.053125 0.06875
0 0.36796875 0.25078125 0.1171875 0.053125
0 0.48515625 0.24453125 0.046875 0.046875
0 0.5890625 0.23984375 0.0875 0.05
0 0.68671875 0.2296875 0.08125 0.0421875
0 0.8234375 0.2203125 0.13125 0.0546875
0 0.91953125 0.20859375 0.0203125 0.04375
0 0.10078125 0.33125 0.1625 0.075
0 0.04921875 0.42109375 0.028125 0.0328125
0 0.11640625 0.415625 0.071875 0.078125
0 0.24921875 0.425 0.08125 0.065625
0 0.3609375 0.39296875 0.0578125 0.059375
0 0.471875 0.40390625 0.090625 0.04375
0 0.56328125 0.38671875 0.059375 0.05
0 0.659375 0.390625 0.0375 0.0625
0 0.73671875 0.38984375 0.071875 0.046875
0 0.825 0.3703125 0.0546875 0.046875
0 0.88046875 0.371875 0.0265625 0.040625
0 0.93046875 0.378125 0.05 0.05625
0 0.06484375 0.475 0.0984375 0.0546875
0 0.165625 0.47421875 0.025 0.025
0 0.2875 0.47578125 0.128125 0.0625
0 0.04609375 0.56796875 0.0234375 0.0296875
0 0.171875 0.57265625 0.215625 0.090625
0 0.36796875 0.553125 0.1046875 0.0515625
0 0.5109375 0.55234375 0.1109375 0.078125
0 0.61328125 0.54296875 0.0625 0.065625
0 0.7234375 0.53515625 0.096875 0.046875
0 0.828125 0.52578125 0.09375 0.0640625
0 0.0375 0.6765625 0.0203125 0.0375
0 0.1 0.67578125 0.090625 0.0625
0 0.21171875 0.68125 0.0546875 0.053125
0 0.34765625 0.65078125 0.115625 0.05625
0 0.47734375 0.6546875 0.0828125 0.0734375
0 0.62578125 0.6484375 0.165625 0.084375
0 0.8125 0.640625 0.146875 0.08125
0 0.0359375 0.76640625 0.01875 0.034375
0 0.096875 0.77421875 0.05625 0.090625
0 0.20859375 0.7640625 0.0578125 0.05625
0 0.31015625 0.753125 0.0375 0.059375
0 0.425 0.74921875 0.10625 0.053125
0 0.53984375 0.7546875 0.025 0.0265625
0 0.67109375 0.765625 0.1109375 0.071875
0 0.78515625 0.76640625 0.0484375 0.078125
0 0.89375 0.73828125 0.1359375 0.075
0 0.06015625 0.82734375 0.0703125 0.046875
0 0.1875 0.8140625 0.109375 0.0671875
0 0.31015625 0.8234375 0.059375 0.08125
0 0.378125 0.81328125 0.025 0.04375
0 0.49921875 0.809375 0.11875 0.0375
0 0.6109375 0.81171875 0.0265625 0.028125
0 0.721875 0.82109375 0.121875 0.0515625
0 0.87421875 0.8046875 0.0921875 0.071875
0 0.09609375 0.87734375 0.0984375 0.05625