0 0.27265625 0.059375 0.0484375 0.015625
0 0.45078125 0.1 0.28125 0.0875
0 0.61953125 0.13359375 0.0296875 0.0109375
0 0.77890625 0.16953125 0.2734375 0.084375
0 0.9359375 0.20234375 0.0296875 0.0109375
0 0.46484375 0.13671875 0.3203125 0.1125
0 0.83046875 0.221875 0.290625 0.1
0 0.24765625 0.18046875 0.0546875 0.0171875
0 0.34453125 0.19921875 0.1109375 0.046875
0 0.55390625 0.24921875 0.2828125 0.1078125
0 0.853125 0.30625 0.29375 0.096875
0 0.3375 0.23984375 0.134375 0.05625
0 0.52421875 0.2796875 0.178125 0.065625
0 0.76015625 0.33203125 0.246875 0.0859375
0 0.215625 0.2953125 0.046875 0.015625
0 0.30234375 0.3140625 0.0859375 0.0421875
0 0.53125 0.36015625 0.3359375 0.103125
0 0.30703125 0.3578125 0.1421875 0.0578125
0 0.43515625 0.38359375 0.0765625 0.0375
0 0.65078125 0.42421875 0.315625 0.0953125
0 0.86015625 0.47734375 0.1375 0.06875
0 0.28046875 0.39140625 0.134375 0.06875
0 0.18828125 0.45390625 0.0515625 0.0171875
0 0.4484375 0.5046875 0.4515625 0.128125
0 0.7796875 0.57734375 0.1609375 0.0578125
0 0.9234375 0.609375 0.10625 0.04375
0 0.171875 0.5328125 0.053125 0.0203125
0 0.40390625 0.57890625 0.33125 0.1015625
0 0.70234375 0.640625 0.2375 0.0765625
0 0.25859375 0.59140625 0.1453125 0.0609375
0 0.48125 0.634375 0.30625 0.09375
0 0.74609375 0.69140625 0.228125 0.075
0 0.9046875 0.7265625 0.0921875 0.0421875
0 0.1453125 0.65625 0.05625 0.015625
0 0.23203125 0.675 0.096875 0.059375
0 0.49765625 0.72109375 0.4078125 0.1203125
0 0.828125 0.7875 0.2296875 0.0890625
0 0.26875 0.7171875 0.159375 0.0640625