0 0.265625 0.26953125 0.15 0.0359375
0 0.25 0.51171875 0.15625 0.0328125
0 0.2609375 0.215625 0.109375 0.0375
0 0.2484375 0.36640625 0.1109375 0.0375
0 0.25390625 0.23671875 0.1234375 0.0296875
0 0.2078125 0.7171875 0.1125 0.034375
0 0.36328125 0.78203125 0.096875 0.0359375
0 0.2078125 0.821875 0.1046875 0.03125
0 0.25 0.39140625 0.1125 0.028125
0 0.3921875 0.86328125 0.0796875 0.034375
0 0.27578125 0.4859375 0.096875 0.0328125
0 0.21796875 0.58671875 0.0984375 0.0296875
0 0.24921875 0.3125 0.1140625 0.0296875
0 0.321875 0.61796875 0.103125 0.0296875
0 0.55859375 0.59921875 0.128125 0.028125
0 0.38046875 0.2234375 0.0953125 0.0296875
0 0.290625 0.5703125 0.090625 0.0296875
0 0.3453125 0.8296875 0.1 0.028125
0 0.453125 0.196875 0.0875 0.0265625
0 0.678125 0.60390625 0.0953125 0.0296875
0 0.396875 0.646875 0.103125 0.0234375
0 0.78125 0.38671875 0.09375 0.03125
0 0.42734375 0.11953125 0.0828125 0.0265625
0 0.40546875 0.25234375 0.0734375 0.034375
0 0.50546875 0.70703125 0.0875 0.0265625
0 0.40703125 0.80546875 0.0734375 0.028125
0 0.346875 0.5953125 0.08125 0.0265625
0 0.2984375 0.6421875 0.0734375 0.0296875
0 0.346875 0.19375 0.0625 0.0296875
0 0.778125 0.44140625 0.0828125 0.0265625
0 0.4453125 0.834375 0.078125 0.028125
0 0.29609375 0.08671875 0.0625 0.025
0 0.78359375 0.4109375 0.0828125 0.025
0 0.184375 0.76953125 0.084375 0.025
0 0.371875 0.51796875 0.071875 0.025
0 0.39609375 0.696875 0.0796875 0.0265625
0 0.49296875 0.678125 0.08125 0.025
0 0.778125 0.30703125 0.0703125 0.025
0 0.43828125 0.1703125 0.0765625 0.025
0 0.7765625 0.23046875 0.0703125 0.0296875
0 0.2609375 0.77109375 0.0703125 0.0265625
0 0.7765625 0.33125 0.0765625 0.025
0 0.20546875 0.56015625 0.071875 0.028125
0 0.22890625 0.1078125 0.0671875 0.025
0 0.27734375 0.18828125 0.065625 0.0265625
0 0.78046875 0.25390625 0.06875 0.0265625
0 0.3671875 0.54453125 0.125 0.0265625
0 0.3875 0.49453125 0.06875 0.021875
0 0.5796875 0.6828125 0.0765625 0.0234375
0 0.77734375 0.20703125 0.0671875 0.025
0 0.79296875 0.35859375 0.1078125 0.0265625
0 0.54921875 0.2546875 0.0875 0.028125
0 0.78046875 0.2796875 0.071875 0.0265625
0 0.36484375 0.42421875 0.0609375 0.0265625
0 0.36796875 0.37578125 0.065625 0.028125
0 0.309375 0.69609375 0.0671875 0.0234375
0 0.25390625 0.3390625 0.0609375 0.025
0 0.55078125 0.28046875 0.1109375 0.025
0 0.48203125 0.55 0.0671875 0.0234375
0 0.31171875 0.1375 0.0578125 0.025
0 0.409375 0.571875 0.1078125 0.0234375
0 0.29140625 0.85234375 0.0625 0.028125
0 0.4984375 0.6515625 0.0703125 0.025
0 0.24609375 0.53671875 0.0515625 0.0265625
0 0.53828125 0.303125 0.0703125 0.021875
0 0.47109375 0.625 0.065625 0.021875
0 0.51171875 0.378125 0.075 0.0203125
0 0.78046875 0.1796875 0.0734375 0.0234375
0 0.32421875 0.80234375 0.0609375 0.0265625
0 0.85078125 0.4453125 0.05625 0.0296875
0 0.2 0.7421875 0.065625 0.025
0 0.16015625 0.740625 0.06875 0.0375
0 0.6859375 0.5625 0.075 0.0203125
0 0.47890625 0.32578125 0.0671875 0.0203125
0 0.771875 0.15703125 0.065625 0.0203125
0 0.3109375 0.6703125 0.0578125 0.025
0 0.471875 0.3515625 0.0953125 0.025
0 0.2171875 0.1328125 0.046875 0.0234375
0 0.56171875 0.3546875 0.065625 0.0203125
0 0.15 0.0796875 0.0421875 0.01875
0 0.47109375 0.25 0.05625 0.0234375
0 0.4921875 0.57578125 0.0640625 0.0234375
0 0.290625 0.4171875 0.05 0.021875
0 0.096875 0.73828125 0.0546875 0.021875
0 0.5796875 0.43828125 0.05 0.025
0 0.62265625 0.5578125 0.046875 0.021875
0 0.34375 0.24453125 0.04375 0.01875
0 0.5734375 0.40546875 0.0453125 0.021875
0 0.56796875 0.55546875 0.0453125 0.021875
0 0.4046875 0.0921875 0.034375 0.01875
0 0.36796875 0.39609375 0.0453125 0.0171875
0 0.25546875 0.1359375 0.025 0.0265625
0 0.64140625 0.28125 0.0375 0.0171875
0 0.47109375 0.146875 0.20625 0.025
0 0.621875 0.2578125 0.0296875 0.0171875
0 0.3640625 0.0875 0.0203125 0.015625
0 0.46875 0.5890625 0.046875 0.021875
0 0.39609375 0.1953125 0.021875 0.0109375
0 0.384375 0.1640625 0.0125 0.0078125
0 0.38203125 0.753125 0.0203125 0.0109375
0 0.428125 0.7828125 0.015625 0.0140625
0 0.52734375 0.3515625 0.015625 0.0109375
0 0.615625 0.2796875 0.0171875 0.0109375
0 0.41328125 0.4234375 0.0125 0.0109375
0 0.43671875 0.546875 0.0140625 0.009375
0 0.40703125 0.39921875 0.0125 0.009375
0 0.41171875 0.37421875 0.0125 0.0109375
0 0.60234375 0.2546875 0.0140625 0.009375
0 0.4921875 0.4015625 0.065625 0.034375
0 0.475 0.4359375 0.090625 0.0390625
0 0.30859375 0.74609375 0.115625 0.034375
0 0.4375 0.74921875 0.0734375 0.034375
0 0.50234375 0.8125 0.090625 0.0390625
0 0.50234375 0.90234375 0.0984375 0.0421875
0 0.4828125 0.78203125 0.0796875 0.0234375
0 0.50078125 0.86640625 0.090625 0.040625
0 0.76796875 0.13203125 0.0796875 0.021875