0 0.1921875 0.23203125 0.2046875 0.1046875
0 0.81875 0.14765625 0.05 0.046875
0 0.1765625 0.2921875 0.1484375 0.0984375
0 0.3578125 0.284375 0.1671875 0.0921875
0 0.5546875 0.26640625 0.1921875 0.1046875
0 0.715625 0.2453125 0.09375 0.0796875
0 0.1875 0.38515625 0.125 0.0796875
0 0.33359375 0.36171875 0.128125 0.0828125
0 0.428125 0.3609375 0.0453125 0.0640625
0 0.51953125 0.35546875 0.1171875 0.0859375
0 0.66953125 0.34453125 0.1171875 0.0765625
0 0.8171875 0.334375 0.1515625 0.0984375
0 0.14609375 0.478125 0.0421875 0.0546875
0 0.25390625 0.47265625 0.153125 0.0953125
0 0.38359375 0.4484375 0.065625 0.075
0 0.53125 0.44296875 0.16875 0.09375
0 0.759375 0.43203125 0.2484375 0.165625
0 0.19921875 0.56484375 0.125 0.08125
0 0.34375 0.56875 0.1359375 0.1140625
0 0.55703125 0.521875 0.2640625 0.125
0 0.2703125 0.93671875 0.1109375 0.08125