0 0.1625 0.0359375 0.0328125 0.034375
0 0.4109375 0.05390625 0.0546875 0.046875
0 0.65234375 0.0796875 0.0609375 0.05
0 0.7 0.084375 0.021875 0.0171875
0 0.7984375 0.09296875 0.1671875 0.078125
0 0.91953125 0.1171875 0.0671875 0.0390625
0 0.978125 0.13984375 0.04375 0.0453125
0 0.9765625 0.17421875 0.046875 0.0390625
0 0.24296875 0.09296875 0.16875 0.0765625
0 0.55390625 0.1265625 0.3921875 0.125
0 0.85625 0.17109375 0.171875 0.075
0 0.18203125 0.14375 0.04375 0.028125
0 0.41015625 0.17578125 0.06875 0.046875
0 0.47265625 0.17734375 0.0265625 0.0234375
0 0.54140625 0.18203125 0.0828125 0.040625
0 0.66328125 0.1984375 0.1140625 0.046875
0 0.75703125 0.209375 0.0484375 0.03125
0 0.80390625 0.2203125 0.034375 0.03125
0 0.84375 0.22890625 0.0375 0.0296875
0 0.9171875 0.24765625 0.09375 0.0640625
0 0.134375 0.17421875 0.0984375 0.04375
0 0.20703125 0.18046875 0.021875 0.0234375
0 0.25390625 0.1828125 0.05 0.034375
0 0.3046875 0.1953125 0.046875 0.0328125
0 0.37578125 0.19140625 0.059375 0.0390625
0 0.428125 0.203125 0.0328125 0.0265625
0 0.46640625 0.20859375 0.034375 0.028125
0 0.53828125 0.215625 0.08125 0.0515625
0 0.64453125 0.23125 0.0921875 0.0390625
0 0.73671875 0.2390625 0.084375 0.05
0 0.8484375 0.26796875 0.1234375 0.0484375
0 0.171875 0.2109375 0.046875 0.0453125
0 0.2421875 0.2171875 0.075 0.0359375
0 0.30859375 0.2265625 0.0375 0.028125
0 0.38046875 0.23046875 0.0765625 0.040625
0 0.61875 0.271875 0.3875 0.1203125
0 0.171875 0.265625 0.071875 0.04375
0 0.2359375 0.27421875 0.0515625 0.0375
0 0.30078125 0.28359375 0.0640625 0.0375
0 0.35703125 0.29140625 0.0328125 0.028125
0 0.4859375 0.3046875 0.209375 0.09375
0 0.1796875 0.30703125 0.06875 0.0328125
0 0.27890625 0.3234375 0.0859375 0.04375
0 0.4171875 0.3390625 0.1375 0.0546875
0 0.15703125 0.36640625 0.0640625 0.040625
0 0.22421875 0.378125 0.06875 0.0375
0 0.296875 0.3890625 0.065625 0.0328125
0 0.35234375 0.39453125 0.0359375 0.0296875
0 0.42109375 0.4015625 0.078125 0.0453125
0 0.5359375 0.41875 0.14375 0.0671875
0 0.69765625 0.44921875 0.1046875 0.053125
0 0.85859375 0.47421875 0.2078125 0.084375
0 0.1875 0.4140625 0.1328125 0.0609375
0 0.296875 0.42578125 0.053125 0.0359375
0 0.36484375 0.43671875 0.06875 0.0328125
0 0.425 0.45 0.03125 0.0265625
0 0.4765625 0.45625 0.04375 0.025
0 0.63515625 0.4828125 0.10625 0.053125
0 0.73359375 0.49375 0.0734375 0.0453125
0 0.79765625 0.5046875 0.04375 0.04375
0 0.06875 0.46640625 0.040625 0.0328125
0 0.20234375 0.48671875 0.1328125 0.059375
0 0.38046875 0.51640625 0.175 0.0640625
0 0.5953125 0.5484375 0.1890625 0.065625
0 0.83515625 0.58984375 0.190625 0.0828125
0 0.15546875 0.51484375 0.0546875 0.03125
0 0.22734375 0.52578125 0.0796875 0.0390625
0 0.309375 0.540625 0.0671875 0.0375
0 0.390625 0.5515625 0.0484375 0.0390625
0 0.478125 0.57578125 0.0890625 0.059375
0 0.63046875 0.59921875 0.1765625 0.0734375
0 0.76953125 0.62421875 0.059375 0.053125
0 0.82109375 0.62421875 0.040625 0.034375
0 0.8734375 0.6359375 0.0390625 0.0359375
0 0.2265625 0.56484375 0.24375 0.08125
0 0.41953125 0.603125 0.1140625 0.0640625
0 0.515625 0.615625 0.034375 0.0328125
0 0.56171875 0.62578125 0.05625 0.0328125
0 0.62734375 0.6359375 0.0625 0.0421875
0 0.73828125 0.64765625 0.09375 0.05
0 0.24609375 0.6109375 0.2796875 0.0859375
0 0.22890625 0.65 0.2609375 0.09375
0 0.459375 0.69765625 0.1625 0.0734375
0 0.6671875 0.7328125 0.1828125 0.0703125
0 0.815625 0.7546875 0.084375 0.0484375
0 0.87109375 0.76796875 0.0296875 0.03125
0 0.90859375 0.76953125 0.034375 0.03125
0 0.73671875 0.79140625 0.1171875 0.0484375
0 0.825 0.80546875 0.028125 0.0296875
0 0.87109375 0.81015625 0.0546875 0.0375
0 0.9203125 0.82265625 0.0265625 0.03125
0 0.06015625 0.69765625 0.1203125 0.0734375
0 0.16796875 0.7171875 0.08125 0.0453125
0 0.32890625 0.74375 0.1796875 0.0671875
0 0.25390625 0.78203125 0.3234375 0.1140625
0 0.4921875 0.82578125 0.1453125 0.0609375
0 0.10546875 0.82890625 0.0609375 0.0453125
0 0.32578125 0.88046875 0.3328125 0.1234375
0 0.65 0.94375 0.2515625 0.08125
0 0.025 0.459375 0.05 0.04375
0 0.1828125 0.00546875 0.034375 0.0109375
0 0.21171875 0.040625 0.05625 0.0421875
0 0.24453125 0.046875 0.015625 0.015625
0 0.30625 0.04140625 0.0984375 0.0625
0 0.453125 0.059375 0.0203125 0.015625
0 0.53046875 0.06484375 0.140625 0.075
0 0.6546875 0.33515625 0.11875 0.065625
0 0.53203125 0.465625 0.05625 0.034375
0 0.7140625 0.58125 0.0046875 0.009375
0 0.290625 0.1546875 0.15625 0.0640625