0 0.26171875 0.0328125 0.1140625 0.065625
0 0.4234375 0.07421875 0.175 0.0953125
0 0.5859375 0.1453125 0.1109375 0.0703125
0 0.759375 0.17734375 0.15625 0.103125
0 0.284375 0.13671875 0.240625 0.1109375
0 0.4890625 0.21015625 0.2171875 0.1234375
0 0.7 0.2640625 0.13125 0.06875
0 0.86796875 0.3125 0.16875 0.1046875
0 0.17578125 0.20625 0.1890625 0.1125
0 0.36796875 0.26328125 0.1390625 0.0875
0 0.5890625 0.34296875 0.321875 0.18125
0 0.87578125 0.43515625 0.2484375 0.1578125
0 0.12109375 0.303125 0.13125 0.0890625
0 0.253125 0.3546875 0.2046875 0.121875
0 0.44765625 0.42578125 0.1734375 0.125
0 0.56953125 0.45859375 0.065625 0.0375
0 0.7578125 0.51015625 0.259375 0.1640625
0 0.109375 0.40625 0.15 0.09375
0 0.234375 0.48203125 0.1125 0.103125
0 0.3859375 0.4984375 0.19375 0.1078125
0 0.59140625 0.56328125 0.134375 0.084375
0 0.7125 0.60546875 0.1578125 0.0953125
0 0.85859375 0.68515625 0.1171875 0.0859375
0 0.1 0.5296875 0.2 0.1375
0 0.2328125 0.5734375 0.075 0.0421875
0 0.3515625 0.6265625 0.1171875 0.08125
0 0.43125 0.67265625 0.01875 0.0171875
0 0.5484375 0.68125 0.16875 0.109375