0 0.596875 0.19296875 0.221875 0.10625
0 0.1796875 0.2046875 0.090625 0.0671875
0 0.26328125 0.2265625 0.075 0.065625
0 0.3796875 0.26328125 0.1859375 0.140625
0 0.61796875 0.31640625 0.121875 0.078125
0 0.159375 0.33125 0.109375 0.071875
0 0.29453125 0.39296875 0.209375 0.1484375
0 0.58046875 0.4328125 0.34375 0.1890625
0 0.8171875 0.465625 0.1234375 0.11875
0 0.92265625 0.4890625 0.1125 0.096875
0 0.1015625 0.4515625 0.0578125 0.0625
0 0.34609375 0.51171875 0.39375 0.225
0 0.0921875 0.5828125 0.103125 0.0734375
0 0.34609375 0.628125 0.4203125 0.2078125
0 0.5640625 0.69140625 0.1578125 0.0859375
0 0.6875 0.7265625 0.1078125 0.1203125
0 0.7671875 0.73671875 0.059375 0.053125
0 0.8296875 0.73984375 0.08125 0.0703125
0 0.10390625 0.7296875 0.203125 0.1171875
0 0.50703125 0.81015625 0.540625 0.190625