0 0.24453125 0.1546875 0.021875 0.021875
0 0.26875 0.1578125 0.01875 0.0171875
0 0.2921875 0.15625 0.0171875 0.028125
0 0.31796875 0.1578125 0.0203125 0.0203125
0 0.35234375 0.159375 0.0296875 0.01875
0 0.39140625 0.16328125 0.0171875 0.0140625
0 0.46015625 0.20234375 0.01875 0.0140625
0 0.26015625 0.2265625 0.084375 0.0453125
0 0.3359375 0.22734375 0.0375 0.021875
0 0.4140625 0.23671875 0.09375 0.0375
0 0.496875 0.23671875 0.0359375 0.025
0 0.5828125 0.25625 0.1140625 0.0484375
0 0.684375 0.25625 0.0578125 0.0375
0 0.75234375 0.2546875 0.0546875 0.021875
0 0.834375 0.27109375 0.078125 0.0421875
0 0.9015625 0.2859375 0.025 0.01875
0 0.23046875 0.24765625 0.0515625 0.0296875
0 0.30546875 0.2640625 0.084375 0.040625
0 0.43515625 0.27265625 0.1203125 0.040625
0 0.4671875 0.3375 0.01875 0.0171875
0 0.2203125 0.34921875 0.0421875 0.0234375
0 0.278125 0.35390625 0.0390625 0.0265625
0 0.36171875 0.3640625 0.0984375 0.034375
0 0.440625 0.37109375 0.021875 0.0234375
0 0.49609375 0.37890625 0.053125 0.025
0 0.5734375 0.39296875 0.06875 0.0421875
0 0.6390625 0.384375 0.0203125 0.025
0 0.68359375 0.39375 0.0515625 0.0234375
0 0.759375 0.40546875 0.0796875 0.03125
0 0.15078125 0.37578125 0.0234375 0.021875
0 0.2390625 0.39453125 0.0921875 0.0390625
0 0.33046875 0.403125 0.0484375 0.03125
0 0.428125 0.41484375 0.103125 0.04375
0 0.5234375 0.41328125 0.0734375 0.021875
0 0.46015625 0.4703125 0.021875 0.0203125
0 0.22265625 0.49609375 0.0953125 0.0546875
0 0.31328125 0.4984375 0.0421875 0.028125
0 0.39921875 0.50546875 0.1 0.0328125
0 0.5078125 0.51953125 0.0859375 0.0265625
0 0.58125 0.525 0.028125 0.0234375
0 0.65625 0.54296875 0.090625 0.0484375
0 0.46015625 0.5484375 0.0234375 0.0171875
0 0.1734375 0.55859375 0.04375 0.0203125
0 0.23828125 0.56171875 0.0390625 0.03125
0 0.32109375 0.56875 0.1234375 0.0375
0 0.4375 0.5859375 0.0953125 0.03125
0 0.52421875 0.590625 0.025 0.028125
0 0.5984375 0.61171875 0.0953125 0.0453125
0 0.725 0.61953125 0.134375 0.04375
0 0.8296875 0.62265625 0.0234375 0.01875
0 0.871875 0.628125 0.01875 0.01875
0 0.165625 0.628125 0.03125 0.021875
0 0.2328125 0.6375 0.084375 0.03125
0 0.3078125 0.65234375 0.025 0.0140625
0 0.3953125 0.66015625 0.121875 0.0515625
0 0.503125 0.66484375 0.0515625 0.0265625
0 0.57578125 0.6734375 0.0609375 0.0234375
0 0.64296875 0.67890625 0.0375 0.0234375
0 0.7359375 0.68671875 0.128125 0.0375
0 0.8734375 0.71015625 0.1140625 0.0484375
0 0.171875 0.6640625 0.059375 0.028125
0 0.27578125 0.6921875 0.11875 0.046875
0 0.3765625 0.69296875 0.0296875 0.028125
0 0.43671875 0.7 0.01875 0.0171875
0 0.5015625 0.7109375 0.075 0.040625
0 0.61484375 0.71484375 0.1125 0.0375
0 0.709375 0.728125 0.028125 0.0171875
0 0.7328125 0.728125 0.0234375 0.021875
0 0.76015625 0.73125 0.028125 0.0140625
0 0.1765625 0.75 0.0734375 0.0390625
0 0.24140625 0.75546875 0.0484375 0.0359375
0 0.3296875 0.76171875 0.0796875 0.0359375
0 0.240625 0.79375 0.0453125 0.028125
0 0.346875 0.79609375 0.0984375 0.0421875
0 0.471875 0.8171875 0.1171875 0.0328125
0 0.57578125 0.83203125 0.021875 0.0203125
0 0.615625 0.83671875 0.0234375 0.025
0 0.65390625 0.8375 0.0203125 0.0140625
0 0.2359375 0.83203125 0.0453125 0.021875
0 0.33671875 0.840625 0.065625 0.0265625
0 0.4046875 0.8546875 0.028125 0.0203125
0 0.4984375 0.8609375 0.1140625 0.034375
0 0.5734375 0.8640625 0.0296875 0.0296875
0 0.23046875 0.8703125 0.03125 0.01875
0 0.3453125 0.88359375 0.0671875 0.0296875
0 0.44609375 0.903125 0.1171875 0.0546875
0 0.56796875 0.90703125 0.059375 0.0296875
0 0.22265625 0.91015625 0.034375 0.028125
0 0.3515625 0.925 0.065625 0.0453125