0 0.140625 0.01796875 0.10625 0.0359375
0 0.50703125 0.03671875 0.1984375 0.0546875
0 0.69140625 0.04765625 0.1390625 0.0546875
0 0.22421875 0.0484375 0.1953125 0.0484375
0 0.1203125 0.10234375 0.0875 0.021875
0 0.296875 0.10625 0.2 0.0640625
0 0.6265625 0.13203125 0.325 0.08125
0 0.10625 0.1578125 0.0703125 0.0234375
0 0.5609375 0.1875 0.0765625 0.0234375
0 0.71015625 0.19921875 0.078125 0.053125
0 0.140625 0.2171875 0.1109375 0.0328125
0 0.26640625 0.22578125 0.1203125 0.021875
0 0.14453125 0.26015625 0.084375 0.0578125
0 0.26640625 0.27109375 0.09375 0.053125
0 0.38359375 0.27421875 0.05625 0.0515625
0 0.4828125 0.27734375 0.059375 0.0609375
0 0.10390625 0.32578125 0.0453125 0.0265625
0 0.16484375 0.3296875 0.06875 0.0296875
0 0.22890625 0.3296875 0.0515625 0.0234375
0 0.2875 0.33515625 0.0578125 0.021875
0 0.38359375 0.34140625 0.1203125 0.028125
0 0.52734375 0.36875 0.140625 0.0671875
0 0.66328125 0.384375 0.090625 0.065625
0 0.8015625 0.39296875 0.1671875 0.0625
0 0.290625 0.38984375 0.3703125 0.09375
0 0.1234375 0.44296875 0.1296875 0.053125
0 0.20625 0.4421875 0.01875 0.0328125
0 0.2578125 0.44609375 0.0765625 0.0359375
0 0.37890625 0.46328125 0.16875 0.046875
0 0.51640625 0.46640625 0.0953125 0.0375
0 0.1828125 0.50078125 0.1578125 0.08125
0 0.31796875 0.51640625 0.0671875 0.0296875
0 0.46953125 0.52265625 0.1953125 0.13125
0 0.63671875 0.51171875 0.1765625 0.115625
0 0.828125 0.53984375 0.159375 0.1015625
0 0.22578125 0.60234375 0.25625 0.134375
0 0.43671875 0.60234375 0.159375 0.0921875
0 0.66640625 0.62734375 0.284375 0.09375
0 0.12890625 0.67421875 0.1140625 0.0828125
0 0.2703125 0.6984375 0.125 0.0890625
0 0.38203125 0.69375 0.096875 0.1
0 0.48203125 0.6859375 0.1015625 0.075
0 0.64765625 0.70625 0.18125 0.11875
0 0.15546875 0.765625 0.171875 0.1125
0 0.28359375 0.75859375 0.0359375 0.0328125
0 0.4671875 0.76796875 0.290625 0.1203125
0 0.259375 0.02265625 0.0515625 0.0234375