0 0.2859375 0.071875 0.184375 0.14375
0 0.46328125 0.08046875 0.0953125 0.075
0 0.66484375 0.125 0.1765625 0.096875
0 0.87578125 0.18515625 0.19375 0.09375
0 0.24375 0.1515625 0.2046875 0.1234375
0 0.46171875 0.2125 0.153125 0.090625
0 0.66328125 0.2609375 0.165625 0.1234375
0 0.1703125 0.2390625 0.0859375 0.0734375
0 0.359375 0.290625 0.24375 0.115625
0 0.628125 0.375 0.2453125 0.1265625
0 0.85859375 0.41953125 0.1015625 0.0765625
0 0.19375 0.36484375 0.221875 0.1171875
0 0.39921875 0.4515625 0.1390625 0.109375
0 0.578125 0.46484375 0.121875 0.0765625
0 0.734375 0.515625 0.0953125 0.08125
0 0.14921875 0.46171875 0.1765625 0.096875
0 0.3765625 0.52890625 0.240625 0.1109375
0 0.5703125 0.584375 0.075 0.0953125
0 0.76171875 0.6296875 0.2453125 0.121875
0 0.05390625 0.6046875 0.078125 0.0640625
0 0.2453125 0.6546875 0.171875 0.0875
0 0.6125 0.73125 0.18125 0.115625