0 0.22734375 0.12578125 0.36875 0.0890625
0 0.48515625 0.08359375 0.040625 0.021875
0 0.48671875 0.1 0.0390625 0.0203125
0 0.4890625 0.12265625 0.040625 0.0265625
0 0.73828125 0.07109375 0.325 0.08125
0 0.05 0.1875 0.0109375 0.0046875
0 0.125 0.17734375 0.13125 0.0359375
0 0.05234375 0.2046875 0.0140625 0.0046875
0 0.225 0.18828125 0.3203125 0.0578125
0 0.05625 0.22265625 0.0109375 0.003125
0 0.1296875 0.21953125 0.1125 0.0390625
0 0.2046875 0.20703125 0.028125 0.0203125
0 0.2484375 0.20390625 0.053125 0.0234375
0 0.3203125 0.196875 0.075 0.028125
0 0.05859375 0.2390625 0.0078125 0.003125
0 0.1140625 0.2390625 0.0734375 0.0296875
0 0.1734375 0.23046875 0.03125 0.0203125
0 0.28046875 0.21640625 0.1578125 0.0390625
0 0.58046875 0.12578125 0.009375 0.003125
0 0.6171875 0.12421875 0.040625 0.0171875
0 0.7 0.1140625 0.1140625 0.0328125
0 0.5828125 0.14453125 0.0140625 0.0046875
0 0.67578125 0.13828125 0.146875 0.0421875
0 0.58828125 0.16328125 0.0140625 0.0046875
0 0.659375 0.15390625 0.1109375 0.034375
0 0.76015625 0.1421875 0.08125 0.0296875
0 0.27421875 0.275 0.459375 0.115625
0 0.6859375 0.2234375 0.340625 0.0875
0 0.0859375 0.3359375 0.034375 0.0078125
0 0.17890625 0.32421875 0.153125 0.0375
0 0.3171875 0.31015625 0.103125 0.034375
0 0.38515625 0.30078125 0.0109375 0.0046875
0 0.4578125 0.290625 0.1234375 0.0359375
0 0.5796875 0.28125 0.1078125 0.03125
0 0.68203125 0.2640625 0.0984375 0.03125
0 0.7828125 0.25859375 0.0875 0.0375
0 0.08828125 0.3546875 0.0265625 0.0078125
0 0.196875 0.3453125 0.1625 0.0375
0 0.31171875 0.33203125 0.034375 0.01875
0 0.3859375 0.32109375 0.0890625 0.028125
0 0.5 0.30859375 0.0828125 0.028125
0 0.5765625 0.296875 0.0375 0.01875
0 0.63515625 0.28828125 0.0671875 0.0234375
0 0.1453125 0.37265625 0.140625 0.0359375
0 0.28828125 0.353125 0.10625 0.03125
0 0.4203125 0.340625 0.1359375 0.0375
0 0.52578125 0.32578125 0.0671875 0.03125
0 0.61953125 0.31171875 0.0921875 0.0296875
0 0.6828125 0.30234375 0.03125 0.0171875
0 0.7171875 0.30078125 0.021875 0.0125
0 0.77890625 0.2890625 0.0953125 0.0375
0 0.153125 0.39296875 0.1375 0.0375
0 0.1921875 0.40546875 0.1203125 0.0328125
0 0.115625 0.4328125 0.0171875 0.0171875
0 0.2171875 0.42265625 0.115625 0.0328125
0 0.3171875 0.40625 0.0515625 0.025
0 0.4125 0.396875 0.1171875 0.0328125
0 0.12109375 0.45390625 0.0234375 0.01875
0 0.225 0.44453125 0.096875 0.034375
0 0.340625 0.4265625 0.1140625 0.03125
0 0.12421875 0.47578125 0.025 0.01875
0 0.2140625 0.46484375 0.05 0.025
0 0.13515625 0.496875 0.0265625 0.021875
0 0.19921875 0.48203125 0.034375 0.0203125
0 0.30703125 0.4703125 0.159375 0.040625
0 0.44296875 0.453125 0.0875 0.0265625
0 0.5171875 0.440625 0.0640625 0.0265625
0 0.5890625 0.43125 0.0765625 0.0296875
0 0.134375 0.51484375 0.0265625 0.0203125
0 0.25546875 0.49765625 0.121875 0.034375
0 0.1375 0.53359375 0.0265625 0.0203125
0 0.2171875 0.521875 0.0546875 0.0234375
0 0.2578125 0.51875 0.01875 0.015625
0 0.33828125 0.50390625 0.1078125 0.0328125
0 0.44765625 0.490625 0.08125 0.034375
0 0.5328125 0.48125 0.0734375 0.0296875
0 0.1375 0.55234375 0.0171875 0.015625
0 0.1875 0.54609375 0.0359375 0.021875
0 0.26171875 0.540625 0.0921875 0.0359375
0 0.3609375 0.5234375 0.109375 0.0375
0 0.48671875 0.50625 0.121875 0.0359375
0 0.59453125 0.49140625 0.078125 0.034375
0 0.6921875 0.4734375 0.1171875 0.0375
0 0.7796875 0.4609375 0.059375 0.028125
0 0.1421875 0.57265625 0.025 0.0171875
0 0.23515625 0.559375 0.078125 0.0296875
0 0.3125 0.55078125 0.0546875 0.0265625
0 0.37265625 0.54296875 0.05625 0.0265625
0 0.453125 0.53203125 0.0828125 0.03125
0 0.528125 0.51875 0.0390625 0.0234375
0 0.5796875 0.5125 0.0578125 0.0265625
0 0.63515625 0.50703125 0.053125 0.034375
0 0.146875 0.59140625 0.0265625 0.021875
0 0.1984375 0.5875 0.0328125 0.0203125
0 0.2765625 0.5765625 0.1109375 0.0359375
0 0.40234375 0.55703125 0.1296875 0.0359375
0 0.53046875 0.540625 0.0921875 0.034375
0 0.60859375 0.525 0.0625 0.025
0 0.7015625 0.51328125 0.1171875 0.0390625
0 0.775 0.50234375 0.0265625 0.01875
0 0.81953125 0.4953125 0.06875 0.034375
0 0.1578125 0.6125 0.0359375 0.01875
0 0.23359375 0.60234375 0.0765625 0.03125
0 0.3484375 0.58203125 0.13125 0.0453125
0 0.44375 0.5703125 0.0375 0.0203125
0 0.50625 0.5609375 0.0859375 0.034375
0 0.60390625 0.54609375 0.090625 0.03125
0 0.15859375 0.634375 0.03125 0.01875
0 0.2109375 0.6265625 0.0328125 0.021875
0 0.275 0.62109375 0.0734375 0.03125
0 0.3828125 0.60078125 0.1234375 0.0375
0 0.5234375 0.58125 0.1453125 0.040625
0 0.6796875 0.553125 0.1546875 0.0390625
0 0.1671875 0.65390625 0.0359375 0.01875
0 0.2109375 0.64765625 0.0359375 0.021875
0 0.275 0.6375 0.0640625 0.025
0 0.396875 0.61953125 0.18125 0.0515625
0 0.5453125 0.60078125 0.0875 0.0328125
0 0.628125 0.5828125 0.0765625 0.03125
0 0.696875 0.5703125 0.05 0.0265625
0 0.1671875 0.67421875 0.0296875 0.01875
0 0.2109375 0.67109375 0.0296875 0.01875
0 0.29921875 0.6546875 0.13125 0.0390625
0 0.42734375 0.63515625 0.0984375 0.0328125
0 0.534375 0.6203125 0.0828125 0.0296875
0 0.63984375 0.6015625 0.1171875 0.04375
0 0.13515625 0.70078125 0.0171875 0.0125
0 0.19921875 0.69296875 0.1 0.03125
0 0.29140625 0.67578125 0.078125 0.034375
0 0.3515625 0.66875 0.009375 0.0046875
0 0.425 0.65703125 0.1328125 0.0421875
0 0.51640625 0.63984375 0.0453125 0.0234375
0 0.603125 0.628125 0.1125 0.034375
0 0.140625 0.72109375 0.0171875 0.0125
0 0.21953125 0.7109375 0.1359375 0.040625
0 0.36484375 0.68359375 0.1359375 0.040625
0 0.44921875 0.66953125 0.0109375 0.003125
0 0.4984375 0.665625 0.053125 0.0296875
0 0.53515625 0.65859375 0.0109375 0.003125
0 0.6125 0.64453125 0.134375 0.0390625
0 0.5015625 0.684375 0.053125 0.025
0 0.540625 0.67890625 0.009375 0.003125
0 0.6109375 0.66796875 0.121875 0.040625
0 0.2390625 0.77421875 0.1265625 0.0421875
0 0.3546875 0.75078125 0.046875 0.0234375
0 0.22109375 0.7953125 0.1328125 0.040625
0 0.32109375 0.77734375 0.0640625 0.03125
0 0.1703125 0.8234375 0.0140625 0.003125
0 0.234375 0.8140625 0.115625 0.0375
0 0.17421875 0.840625 0.015625 0.0046875
0 0.19921875 0.8421875 0.0328125 0.01875
0 0.27109375 0.825 0.1140625 0.0421875
0 0.18671875 0.86015625 0.009375 0.0046875
0 0.2625 0.853125 0.1171875 0.046875
0 0.490625 0.73046875 0.1625 0.05
0 0.5125 0.74765625 0.1609375 0.046875
0 0.60546875 0.7265625 0.009375 0.0046875
0 0.66953125 0.71484375 0.1171875 0.040625
0 0.45078125 0.77109375 0.0109375 0.0046875
0 0.50625 0.76875 0.0890625 0.0359375
0 0.45234375 0.79609375 0.0109375 0.0046875
0 0.53671875 0.78125 0.11875 0.040625
0 0.74140625 0.3359375 0.11875 0.03125
0 0.67734375 0.3625 0.0203125 0.0171875
0 0.7734375 0.34765625 0.165625 0.040625
0 0.68203125 0.38046875 0.021875 0.0125
0 0.73125 0.37421875 0.05 0.0234375
0 0.68359375 0.39921875 0.0265625 0.0140625
0 0.73671875 0.38984375 0.0640625 0.025
0 0.79375 0.38046875 0.053125 0.028125
0 0.89140625 0.3703125 0.1265625 0.0375
0 0.68671875 0.42109375 0.025 0.0171875
0 0.73828125 0.41171875 0.0515625 0.021875
0 0.84296875 0.3921875 0.1421875 0.0359375
0 0.753125 0.42734375 0.05 0.025
0 0.85234375 0.41015625 0.1453125 0.0375
0 0.28203125 0.45390625 0.078125 0.028125