0 0.265625 0.01171875 0.065625 0.0234375
0 0.346875 0.01796875 0.071875 0.0359375
0 0.421875 0.025 0.08125 0.05
0 0.0875 0.0890625 0.0359375 0.0515625
0 0.1734375 0.11171875 0.146875 0.0796875
0 0.11484375 0.13203125 0.053125 0.0484375
0 0.175 0.14765625 0.0625 0.0328125
0 0.28046875 0.16796875 0.1421875 0.0625
0 0.38203125 0.1875 0.0515625 0.059375
0 0.43671875 0.19296875 0.0765625 0.0609375
0 0.4890625 0.19296875 0.0375 0.0296875
0 0.53203125 0.1921875 0.0484375 0.04375
0 0.61875 0.21015625 0.125 0.0390625
0 0.69140625 0.22578125 0.034375 0.0578125
0 0.76484375 0.23203125 0.128125 0.075
0 0.8546875 0.2453125 0.0546875 0.059375
0 0.10234375 0.1875 0.04375 0.025
0 0.1546875 0.2 0.065625 0.065625
0 0.20859375 0.19453125 0.03125 0.0234375
0 0.2828125 0.20390625 0.1078125 0.053125
0 0.09375 0.22734375 0.0328125 0.0390625
0 0.1453125 0.24375 0.0546875 0.04375
0 0.19375 0.2359375 0.03125 0.0375
0 0.2265625 0.25234375 0.0328125 0.05625
0 0.3140625 0.240625 0.1125 0.040625
0 0.303125 0.2625 0.11875 0.0515625
0 0.384375 0.26875 0.0359375 0.0234375
0 0.46875 0.2875 0.1453125 0.0609375
0 0.57265625 0.3015625 0.075 0.0515625
0 0.1453125 0.26328125 0.1265625 0.0515625
0 0.134375 0.2953125 0.134375 0.078125
0 0.27109375 0.30234375 0.134375 0.059375
0 0.36796875 0.31875 0.0578125 0.04375
0 0.41640625 0.31171875 0.0296875 0.034375
0 0.48984375 0.31875 0.096875 0.0453125
0 0.5921875 0.33359375 0.10625 0.04375
0 0.66796875 0.3484375 0.034375 0.025
0 0.71640625 0.353125 0.0609375 0.0265625
0 0.76640625 0.35859375 0.021875 0.0171875
0 0.83125 0.35703125 0.0953125 0.0453125
0 0.12265625 0.29921875 0.1078125 0.0421875
0 0.13515625 0.321875 0.134375 0.046875
0 0.22421875 0.32890625 0.05 0.040625
0 0.28828125 0.34609375 0.096875 0.065625
0 0.14921875 0.3640625 0.196875 0.05625
0 0.25 0.3796875 0.028125 0.0328125
0 0.29453125 0.3796875 0.05 0.0453125
0 0.3484375 0.390625 0.0671875 0.0328125
0 0.40078125 0.40078125 0.0296875 0.0265625
0 0.44765625 0.3953125 0.0625 0.046875
0 0.49375 0.40546875 0.0265625 0.021875
0 0.5265625 0.42109375 0.05 0.0578125
0 0.58359375 0.42265625 0.078125 0.0640625
0 0.68203125 0.4328125 0.121875 0.040625
0 0.76171875 0.44921875 0.028125 0.05
0 0.81796875 0.45859375 0.0796875 0.0609375
0 0.09921875 0.40625 0.0671875 0.0421875
0 0.17578125 0.41328125 0.09375 0.04375
0 0.25390625 0.434375 0.05625 0.05625
0 0.31171875 0.42421875 0.05625 0.040625
0 0.3578125 0.41328125 0.034375 0.0265625
0 0.41640625 0.4453125 0.159375 0.071875
0 0.53046875 0.459375 0.0796875 0.0328125
0 0.58828125 0.46640625 0.03125 0.025
0 0.6546875 0.47578125 0.1078125 0.065625
0 0.11953125 0.46171875 0.1390625 0.0703125
0 0.20546875 0.4625 0.03125 0.0265625
0 0.24765625 0.46484375 0.0453125 0.0359375
0 0.3078125 0.4828125 0.0828125 0.0640625
0 0.365625 0.4828125 0.025 0.021875
0 0.40546875 0.47578125 0.04375 0.0375
0 0.48359375 0.4671875 0.1328125 0.0546875
0 0.48671875 0.4921875 0.13125 0.046875
0 0.5671875 0.5078125 0.0265625 0.0515625
0 0.6203125 0.50625 0.0828125 0.04375
0 0.72109375 0.5265625 0.1140625 0.0375
0 0.81171875 0.52890625 0.0546875 0.0359375
0 0.8515625 0.53515625 0.0296875 0.028125
0 0.07734375 0.49140625 0.0234375 0.021875
0 0.140625 0.50625 0.0828125 0.046875
0 0.22109375 0.50234375 0.071875 0.040625
0 0.28203125 0.5109375 0.05625 0.040625
0 0.375 0.5046875 0.121875 0.065625
0 0.32265625 0.515625 0.025 0.0328125
0 0.35390625 0.53203125 0.0546875 0.05625
0 0.41328125 0.5359375 0.0609375 0.05625
0 0.4875 0.54921875 0.0953125 0.0625
0 0.5828125 0.5515625 0.0890625 0.0578125
0 0.64453125 0.55625 0.028125 0.021875
0 0.6828125 0.55546875 0.0375 0.03125
0 0.72578125 0.56015625 0.0421875 0.0375
0 0.765625 0.56875 0.0546875 0.0234375
0 0.8265625 0.56796875 0.05625 0.0421875
0 0.24765625 0.5625 0.1390625 0.059375
0 0.37265625 0.57421875 0.115625 0.08125
0 0.44453125 0.578125 0.0265625 0.01875
0 0.48515625 0.57578125 0.040625 0.034375
0 0.53515625 0.5875 0.05625 0.0296875
0 0.590625 0.58984375 0.053125 0.0328125
0 0.68203125 0.61015625 0.1328125 0.0625
0 0.784375 0.61015625 0.0546875 0.03125
0 0.11015625 0.590625 0.1421875 0.059375
0 0.20390625 0.565625 0.0484375 0.0296875
0 0.2234375 0.6015625 0.1015625 0.0796875
0 0.29609375 0.60703125 0.0296875 0.021875
0 0.33828125 0.6 0.0421875 0.040625
0 0.40859375 0.625 0.115625 0.0625
0 0.53671875 0.62421875 0.1265625 0.0546875
0 0.06015625 0.61796875 0.0515625 0.0453125
0 0.13203125 0.6421875 0.0921875 0.0578125
0 0.196875 0.634375 0.0265625 0.0421875
0 0.2625 0.64921875 0.11875 0.0578125
0 0.3578125 0.6578125 0.0890625 0.06875
0 0.47421875 0.66640625 0.1453125 0.065625
0 0.59296875 0.6765625 0.103125 0.05
0 0.71015625 0.68671875 0.1296875 0.059375
0 0.8171875 0.70625 0.0875 0.0640625
0 0.0953125 0.6703125 0.1328125 0.05
0 0.215625 0.68359375 0.103125 0.059375
0 0.31875 0.67109375 0.1046875 0.040625
0 0.31875 0.69375 0.10625 0.0640625
0 0.3953125 0.696875 0.0515625 0.0328125
0 0.05859375 0.70546875 0.0609375 0.0515625
0 0.121875 0.70234375 0.046875 0.04375
0 0.19921875 0.7125 0.096875 0.059375
0 0.25234375 0.73125 0.01875 0.0203125
0 0.3140625 0.7328125 0.0890625 0.05
0 0.37265625 0.74609375 0.028125 0.053125
0 0.43125 0.74375 0.0828125 0.0484375
0 0.55078125 0.728125 0.1234375 0.04375
0 0.54765625 0.753125 0.1359375 0.053125
0 0.64453125 0.7625 0.059375 0.0453125
0 0.728125 0.77578125 0.1015625 0.0640625
0 0.8125 0.79140625 0.1 0.0609375
0 0.03984375 0.75078125 0.0328125 0.0328125
0 0.090625 0.7515625 0.0625 0.040625
0 0.1578125 0.7671875 0.071875 0.034375
0 0.05859375 0.79375 0.059375 0.040625
0 0.1328125 0.809375 0.1015625 0.0609375
0 0.23515625 0.8109375 0.096875 0.0453125
0 0.34296875 0.82421875 0.1328125 0.0609375
0 0.459375 0.84453125 0.0953125 0.05
0 0.52578125 0.84453125 0.028125 0.0234375
0 0.55546875 0.8390625 0.028125 0.0390625
0 0.5953125 0.84296875 0.0515625 0.04375
0 0.6484375 0.85859375 0.05625 0.0359375
0 0.7109375 0.86875 0.05625 0.0296875
0 0.746875 0.87578125 0.0296875 0.0484375
0 0.80390625 0.87890625 0.0984375 0.0640625
0 0.05 0.83359375 0.0765625 0.0453125
0 0.10234375 0.8484375 0.0171875 0.0203125
0 0.15 0.8390625 0.065625 0.05
0 0.19296875 0.8578125 0.0359375 0.0390625
0 0.24765625 0.86484375 0.084375 0.0578125
0 0.321875 0.86171875 0.0625 0.0421875
0 0.415625 0.85 0.1203125 0.05625
0 0.4125 0.871875 0.1328125 0.053125
0 0.4921875 0.88125 0.0359375 0.0296875
0 0.57890625 0.89609375 0.1375 0.0671875
0 0.67109375 0.90078125 0.05625 0.0453125
0 0.7171875 0.90390625 0.053125 0.0484375
0 0.79140625 0.9171875 0.1078125 0.071875
0 0.06171875 0.88125 0.090625 0.0390625
0 0.15625 0.8921875 0.1171875 0.046875
0 0.2609375 0.90078125 0.06875 0.0421875
0 0.34765625 0.90625 0.1 0.05
0 0.42421875 0.92109375 0.0515625 0.0484375
0 0.49765625 0.928125 0.103125 0.0640625
0 0.5671875 0.9296875 0.03125 0.03125
0 0.60234375 0.93203125 0.0578125 0.0453125
0 0.66328125 0.940625 0.0734375 0.04375
0 0.11875 0.5484375 0.14375 0.0671875