0 0.10703125 0.109375 0.0734375 0.0328125
0 0.15078125 0.10546875 0.0125 0.0234375
0 0.18125 0.103125 0.0453125 0.0265625
0 0.2515625 0.096875 0.0890625 0.03125
0 0.31640625 0.0890625 0.03125 0.0265625
0 0.14609375 0.17734375 0.11875 0.0375
0 0.14296875 0.27734375 0.065625 0.028125
0 0.18203125 0.2703125 0.0078125 0.0203125
0 0.209375 0.26796875 0.0390625 0.0234375
0 0.27421875 0.26875 0.084375 0.0296875
0 0.340625 0.25859375 0.053125 0.021875
0 0.17734375 0.3234375 0.146875 0.046875
0 0.4140625 0.2953125 0.271875 0.0515625
0 0.146875 0.365625 0.0953125 0.0421875
0 0.296875 0.359375 0.1578125 0.0421875
0 0.46875 0.346875 0.1765625 0.05625
0 0.5859375 0.3359375 0.0375 0.021875
0 0.70703125 0.32421875 0.178125 0.0515625
0 0.16875 0.39140625 0.1328125 0.0421875
0 0.28125 0.38671875 0.059375 0.0296875
0 0.3796875 0.38359375 0.090625 0.0359375
0 0.45859375 0.38125 0.0625 0.0296875
0 0.55234375 0.37421875 0.0921875 0.034375
0 0.715625 0.35625 0.215625 0.0484375
0 0.14765625 0.4234375 0.0859375 0.0390625
0 0.24765625 0.41875 0.0765625 0.03125
0 0.38515625 0.41484375 0.15625 0.0390625
0 0.55 0.40390625 0.153125 0.0390625
0 0.6671875 0.39453125 0.05 0.0328125
0 0.734375 0.38984375 0.0703125 0.0359375
0 0.1703125 0.4484375 0.115625 0.0359375
0 0.3609375 0.44921875 0.23125 0.071875
0 0.5171875 0.4359375 0.0671875 0.0296875
0 0.66171875 0.43359375 0.1953125 0.053125
0 0.2578125 0.48359375 0.284375 0.0671875
0 0.43515625 0.46875 0.0625 0.028125
0 0.57421875 0.4703125 0.190625 0.053125
0 0.70546875 0.45625 0.04375 0.0265625
0 0.17109375 0.51484375 0.115625 0.0390625
0 0.3203125 0.50859375 0.171875 0.0515625
0 0.4921875 0.496875 0.1484375 0.040625
0 0.64609375 0.4875 0.1265625 0.0359375
0 0.74140625 0.4828125 0.0515625 0.03125
0 0.165625 0.54921875 0.0921875 0.028125
0 0.30625 0.540625 0.146875 0.0609375
0 0.17890625 0.615625 0.13125 0.0421875
0 0.15546875 0.66171875 0.1234375 0.0453125
0 0.2828125 0.65234375 0.1140625 0.040625
0 0.3828125 0.646875 0.0640625 0.0265625
0 0.465625 0.63671875 0.0640625 0.0375
0 0.5765625 0.6328125 0.1359375 0.0578125
0 0.728125 0.62421875 0.159375 0.0453125
0 0.209375 0.696875 0.2046875 0.053125
0 0.38984375 0.684375 0.128125 0.0515625
0 0.5640625 0.6671875 0.1875 0.0515625
0 0.7390625 0.65703125 0.134375 0.0375
0 0.18671875 0.74296875 0.1375 0.05625
0 0.3765625 0.71796875 0.2140625 0.046875
0 0.53046875 0.70546875 0.065625 0.0328125
0 0.6234375 0.69765625 0.1 0.0359375
0 0.703125 0.69375 0.0546875 0.028125
0 0.79296875 0.6859375 0.0984375 0.03125
0 0.2265625 0.7640625 0.2140625 0.046875
0 0.36953125 0.75390625 0.0625 0.034375
0 0.54765625 0.7359375 0.2609375 0.0546875
0 0.746875 0.71953125 0.0890625 0.034375
0 0.8171875 0.7109375 0.0609375 0.03125
0 0.21328125 0.79765625 0.178125 0.0453125
0 0.36953125 0.78671875 0.096875 0.04375
0 0.4484375 0.784375 0.053125 0.028125
0 0.5171875 0.7734375 0.065625 0.0375
0 0.5859375 0.76953125 0.0703125 0.040625