0 0.28046875 0.1359375 0.16875 0.0828125
0 0.4796875 0.20859375 0.1328125 0.103125
0 0.6484375 0.2265625 0.171875 0.125
0 0.78359375 0.26875 0.078125 0.0828125
0 0.196875 0.215625 0.0578125 0.0453125
0 0.346875 0.24609375 0.1625 0.0921875
0 0.56015625 0.3078125 0.1515625 0.0875
0 0.690625 0.33203125 0.0296875 0.015625
0 0.76953125 0.353125 0.06875 0.0734375
0 0.8609375 0.36875 0.0734375 0.0828125
0 0.265625 0.35078125 0.240625 0.1390625
0 0.45703125 0.37109375 0.0546875 0.0546875
0 0.5890625 0.3875 0.16875 0.1421875
0 0.76015625 0.4703125 0.159375 0.1
0 0.28046875 0.44375 0.29375 0.134375
0 0.49765625 0.50625 0.08125 0.0734375
0 0.69765625 0.55625 0.240625 0.1140625
0 0.196875 0.53359375 0.1640625 0.1
0 0.3296875 0.58671875 0.0625 0.0578125
0 0.47421875 0.62890625 0.159375 0.109375
0 0.68828125 0.703125 0.265625 0.209375
0 0.08671875 0.803125 0.0796875 0.071875
0 0.28828125 0.85859375 0.2390625 0.1234375
0 0.5640625 0.9234375 0.14375 0.1046875