0 0.18671875 0.040625 0.1609375 0.0265625
0 0.35390625 0.04296875 0.1375 0.03125
0 0.4828125 0.040625 0.09375 0.021875
0 0.5515625 0.04140625 0.0296875 0.0203125
0 0.1515625 0.065625 0.0671875 0.0234375
0 0.12421875 0.09765625 0.0421875 0.025
0 0.25703125 0.1078125 0.0859375 0.0296875
0 0.659375 0.11328125 0.1109375 0.025
0 0.184375 0.1375 0.071875 0.0234375
0 0.31015625 0.1375 0.06875 0.0140625
0 0.5890625 0.14765625 0.0640625 0.0171875
0 0.76328125 0.14375 0.0578125 0.0203125
0 0.8375 0.14140625 0.06875 0.0171875
0 0.18515625 0.16875 0.0546875 0.0359375
0 0.3046875 0.16484375 0.0453125 0.021875
0 0.3578125 0.17265625 0.0390625 0.021875
0 0.4 0.16484375 0.0453125 0.01875
0 0.175 0.19765625 0.1078125 0.0234375
0 0.2546875 0.1984375 0.04375 0.0140625
0 0.31953125 0.20234375 0.0609375 0.025
0 0.37265625 0.209375 0.0359375 0.028125
0 0.4140625 0.20234375 0.0390625 0.015625
0 0.590625 0.17578125 0.05625 0.0234375
0 0.76171875 0.1671875 0.05 0.0171875
0 0.81484375 0.175 0.0328125 0.0234375
0 0.85703125 0.1671875 0.0390625 0.015625
0 0.5703125 0.2 0.059375 0.015625
0 0.6359375 0.19921875 0.0609375 0.0171875
0 0.6859375 0.19921875 0.03125 0.0125
0 0.77890625 0.19765625 0.0640625 0.0203125
0 0.83359375 0.1953125 0.0359375 0.0125
0 0.19375 0.22265625 0.1078125 0.0265625
0 0.27578125 0.22265625 0.034375 0.015625
0 0.328125 0.228125 0.0390625 0.0171875
0 0.40625 0.2359375 0.03125 0.0234375
0 0.44375 0.228125 0.0390625 0.015625
0 0.60078125 0.2265625 0.0796875 0.0171875
0 0.659375 0.22890625 0.0296875 0.0140625
0 0.7015625 0.228125 0.046875 0.01875
0 0.79140625 0.225 0.0921875 0.0234375
0 0.6140625 0.26484375 0.1078125 0.0234375
0 0.79453125 0.26171875 0.0890625 0.0296875
0 0.33984375 0.25625 0.0578125 0.025
0 0.39375 0.26171875 0.0390625 0.0234375
0 0.4421875 0.25390625 0.0546875 0.025
0 0.19609375 0.2828125 0.1140625 0.028125
0 0.34296875 0.28359375 0.0671875 0.0296875
0 0.396875 0.29296875 0.040625 0.0296875
0 0.44296875 0.284375 0.046875 0.0171875
0 0.3375 0.3125 0.0640625 0.0296875
0 0.3921875 0.31875 0.0421875 0.025
0 0.440625 0.3078125 0.04375 0.028125
0 0.6 0.2984375 0.1046875 0.0265625
0 0.675 0.29375 0.046875 0.021875
0 0.78828125 0.29140625 0.1140625 0.021875
0 0.18984375 0.33359375 0.1046875 0.0296875
0 0.3640625 0.34296875 0.103125 0.0203125
0 0.6015625 0.34296875 0.09375 0.0234375
0 0.79609375 0.33359375 0.1140625 0.025
0 0.15390625 0.371875 0.1046875 0.0265625
0 0.26875 0.37734375 0.090625 0.0265625
0 0.1390625 0.40234375 0.096875 0.028125
0 0.234375 0.40390625 0.090625 0.0234375
0 0.3078125 0.40703125 0.0453125 0.0234375
0 0.35859375 0.41484375 0.0359375 0.0296875
0 0.40078125 0.40703125 0.0359375 0.021875
0 0.47109375 0.4125 0.071875 0.0375
0 0.54453125 0.41328125 0.059375 0.01875
0 0.2375 0.44609375 0.1078125 0.021875
0 0.31640625 0.45 0.0375 0.0203125
0 0.3625 0.4578125 0.0390625 0.0265625
0 0.396875 0.446875 0.034375 0.0234375
0 0.47265625 0.45546875 0.0703125 0.040625
0 0.5375 0.45859375 0.065625 0.01875
0 0.13515625 0.5015625 0.0984375 0.028125
0 0.23046875 0.50546875 0.0828125 0.0359375
0 0.5640625 0.509375 0.571875 0.0328125
0 0.12734375 0.54140625 0.084375 0.03125
0 0.225 0.5453125 0.0828125 0.0328125
0 0.51796875 0.5484375 0.48125 0.028125
0 0.78828125 0.553125 0.0515625 0.025
0 0.89609375 0.55 0.140625 0.025
0 0.11484375 0.575 0.0640625 0.0328125
0 0.21015625 0.57734375 0.11875 0.028125
0 0.3140625 0.5765625 0.0734375 0.021875
0 0.15234375 0.603125 0.109375 0.01875
0 0.24765625 0.603125 0.05 0.01875
0 0.3578125 0.60625 0.0875 0.01875
0 0.453125 0.61171875 0.09375 0.0265625
0 0.64296875 0.61015625 0.2703125 0.046875
0 0.49375 0.646875 0.1015625 0.0296875
0 0.72890625 0.6640625 0.078125 0.053125
0 0.6234375 0.71953125 0.075 0.0234375
0 0.69921875 0.7265625 0.0734375 0.025
0 0.81171875 0.728125 0.0640625 0.028125
0 0.89140625 0.7265625 0.096875 0.028125
0 0.10703125 0.7171875 0.0890625 0.025
0 0.50390625 0.728125 0.059375 0.025
0 0.12578125 0.746875 0.1015625 0.0203125
0 0.30859375 0.74765625 0.215625 0.0265625
0 0.521875 0.753125 0.090625 0.0203125
0 0.66875 0.75390625 0.175 0.025
0 0.77265625 0.759375 0.0296875 0.021875
0 0.4046875 0.78984375 0.1234375 0.046875
0 0.4421875 0.75 0.040625 0.021875
0 0.49140625 0.77265625 0.03125 0.021875
0 0.53515625 0.7703125 0.0390625 0.01875
0 0.725 0.778125 0.184375 0.021875
0 0.85234375 0.78515625 0.0390625 0.0234375
0 0.90234375 0.78046875 0.046875 0.0171875
0 0.52734375 0.80390625 0.1140625 0.025
0 0.6828125 0.809375 0.16875 0.03125
0 0.49609375 0.8265625 0.0390625 0.028125
0 0.54453125 0.82265625 0.0359375 0.021875
0 0.70703125 0.8328125 0.140625 0.028125
0 0.83515625 0.84375 0.040625 0.0296875
0 0.903125 0.840625 0.0703125 0.0234375
0 0.18203125 0.81953125 0.2109375 0.0265625
0 0.31171875 0.8171875 0.025 0.0203125
0 0.2125 0.83515625 0.0453125 0.0203125
0 0.2515625 0.83671875 0.0140625 0.021875
0 0.28515625 0.83984375 0.034375 0.021875
0 0.33046875 0.83671875 0.04375 0.015625
0 0.1296875 0.86328125 0.125 0.0296875
0 0.3359375 0.86328125 0.253125 0.028125
0 0.40078125 0.90234375 0.13125 0.0484375
0 0.1625 0.9265625 0.1671875 0.025
0 0.21875 0.9546875 0.059375 0.021875
0 0.26015625 0.95546875 0.0203125 0.0203125
0 0.2953125 0.9625 0.0390625 0.0203125
0 0.34765625 0.96015625 0.0546875 0.0171875
0 0.3796875 0.1359375 0.05625 0.01875
0 0.36484375 0.23046875 0.028125 0.01875
0 0.2875 0.60625 0.0265625 0.021875
0 0.8 0.67734375 0.034375 0.0203125
0 0.26015625 0.9265625 0.025 0.0203125
0 0.790625 0.8140625 0.0296875 0.0234375
0 0.78515625 0.83828125 0.0171875 0.0203125