0 0.30546875 0.159375 0.1515625 0.065625
0 0.4765625 0.12421875 0.178125 0.0796875
0 0.23828125 0.225 0.1265625 0.0609375
0 0.4078125 0.2078125 0.15 0.078125
0 0.5625 0.17421875 0.0984375 0.0484375
0 0.6734375 0.1546875 0.0640625 0.040625
0 0.12265625 0.30078125 0.109375 0.0578125
0 0.32421875 0.27890625 0.140625 0.0765625
0 0.475 0.259375 0.0703125 0.0671875
0 0.63203125 0.23046875 0.1859375 0.08125
0 0.14375 0.3609375 0.1359375 0.059375
0 0.328125 0.3265625 0.128125 0.0546875
0 0.49609375 0.29375 0.128125 0.0609375
0 0.69140625 0.27265625 0.1921875 0.0859375
0 0.10625 0.43359375 0.0609375 0.040625
0 0.24609375 0.41015625 0.128125 0.05625
0 0.3859375 0.3765625 0.0671875 0.0390625
0 0.51328125 0.35078125 0.0984375 0.05
0 0.6703125 0.31640625 0.1453125 0.065625
0 0.1328125 0.48828125 0.10625 0.05
0 0.35 0.45625 0.225 0.109375
0 0.51328125 0.4140625 0.0765625 0.040625
0 0.71015625 0.375 0.2234375 0.078125
0 0.14921875 0.5515625 0.1140625 0.053125
0 0.34921875 0.52421875 0.1609375 0.0890625
0 0.51640625 0.4859375 0.1046875 0.0453125
0 0.67421875 0.45625 0.128125 0.0671875
0 0.25703125 0.59609375 0.3125 0.125
0 0.45625 0.559375 0.0484375 0.03125
0 0.59140625 0.53203125 0.1140625 0.0515625
0 0.74296875 0.4953125 0.0953125 0.05
0 0.1875 0.66875 0.1234375 0.0625
0 0.33046875 0.64140625 0.06875 0.04375
0 0.49140625 0.6078125 0.15 0.0609375
0 0.63515625 0.578125 0.0640625 0.0375
0 0.73359375 0.5625 0.09375 0.04375
0 0.1515625 0.73515625 0.08125 0.0421875
0 0.27109375 0.70859375 0.0796875 0.04375
0 0.446875 0.67265625 0.1546875 0.0625
0 0.59609375 0.6390625 0.0703125 0.0421875
0 0.728125 0.61875 0.1484375 0.0734375
0 0.22890625 0.75625 0.1484375 0.0625
0 0.3734375 0.7234375 0.05625 0.034375
0 0.56796875 0.6765625 0.2203125 0.078125
0 0.1640625 0.79609375 0.1015625 0.0453125
0 0.23828125 0.77578125 0.04375 0.0265625
0 0.2984375 0.76484375 0.0671875 0.0359375
0 0.54375 0.70546875 0.19375 0.0609375
0 0.79375 0.646875 0.0796875 0.0375
0 0.18203125 0.8671875 0.125 0.0671875
0 0.25703125 0.84296875 0.025 0.0359375
0 0.303125 0.83515625 0.0671875 0.0375
0 0.409375 0.8046875 0.1421875 0.0625
0 0.50390625 0.78984375 0.046875 0.05
0 0.63515625 0.75234375 0.1171875 0.05625
0 0.13828125 0.9421875 0.0234375 0.0359375
0 0.21640625 0.92109375 0.134375 0.0609375
0 0.35078125 0.88984375 0.1359375 0.0609375
0 0.4703125 0.859375 0.1046875 0.0515625
0 0.559375 0.8421875 0.06875 0.053125
0 0.740625 0.82265625 0.0515625 0.0390625