0 0.23515625 0.0171875 0.0828125 0.034375
0 0.29140625 0.0359375 0.05625 0.04375
0 0.58203125 0.09140625 0.1109375 0.0859375
0 0.68203125 0.125 0.1078125 0.05625
0 0.20078125 0.1234375 0.0875 0.059375
0 0.25859375 0.153125 0.0578125 0.0453125
0 0.546875 0.209375 0.1921875 0.1015625
0 0.665625 0.234375 0.0671875 0.0546875
0 0.81953125 0.30625 0.2578125 0.1609375
0 0.16796875 0.24375 0.078125 0.053125
0 0.22421875 0.2765625 0.0578125 0.0515625
0 0.47890625 0.3125 0.1578125 0.0859375
0 0.65859375 0.35078125 0.20625 0.109375
0 0.8015625 0.3953125 0.0921875 0.0671875
0 0.88515625 0.42265625 0.1078125 0.1
0 0.43671875 0.4328125 0.1296875 0.084375
0 0.58984375 0.46484375 0.1609375 0.0859375
0 0.09921875 0.48359375 0.06875 0.05625
0 0.1546875 0.51484375 0.065625 0.0578125
0 0.4359375 0.58046875 0.1765625 0.134375
0 0.565625 0.590625 0.071875 0.059375
0 0.72578125 0.64296875 0.2546875 0.1390625
0 0.07890625 0.6171875 0.0890625 0.05625
0 0.13515625 0.6421875 0.053125 0.046875
0 0.40546875 0.6765625 0.171875 0.096875
0 0.53046875 0.7109375 0.0703125 0.0625
0 0.71640625 0.77265625 0.2921875 0.1578125