0 0.4125 0.0671875 0.1703125 0.0390625
0 0.6109375 0.0796875 0.2046875 0.0515625
0 0.32734375 0.11796875 0.1625 0.0453125
0 0.58359375 0.13828125 0.3109375 0.0703125
0 0.7984375 0.13046875 0.06875 0.028125
0 0.22890625 0.16796875 0.25625 0.0453125
0 0.44375 0.171875 0.1015625 0.0375
0 0.61640625 0.17265625 0.171875 0.05
0 0.1984375 0.2203125 0.2171875 0.0578125
0 0.41640625 0.2078125 0.15 0.0640625
0 0.58046875 0.2203125 0.1453125 0.040625
0 0.7296875 0.22421875 0.1296875 0.0421875
0 0.13984375 0.28046875 0.1296875 0.03125
0 0.31171875 0.2796875 0.171875 0.03125
0 0.62109375 0.28046875 0.415625 0.0609375
0 0.2171875 0.33828125 0.2625 0.0515625
0 0.45546875 0.3375 0.165625 0.0328125
0 0.70234375 0.32890625 0.2859375 0.0546875
0 0.1015625 0.3953125 0.078125 0.034375
0 0.30859375 0.3921875 0.2765625 0.0546875
0 0.53984375 0.3984375 0.1125 0.04375
0 0.6890625 0.40078125 0.1734375 0.0484375
0 0.1890625 0.446875 0.2234375 0.0625
0 0.353125 0.4484375 0.078125 0.028125
0 0.490625 0.44765625 0.1234375 0.025
0 0.70390625 0.4390625 0.3015625 0.0609375
0 0.11171875 0.4921875 0.090625 0.0328125
0 0.24453125 0.49609375 0.11875 0.0328125
0 0.44921875 0.4875 0.24375 0.046875
0 0.7453125 0.4953125 0.3046875 0.059375
0 0.15546875 0.5453125 0.18125 0.04375
0 0.33671875 0.54921875 0.1875 0.0484375
0 0.509375 0.553125 0.1125 0.0484375
0 0.28515625 0.61015625 0.4171875 0.06875
0 0.60546875 0.6109375 0.18125 0.0390625
0 0.24296875 0.646875 0.3765625 0.0625
0 0.50625 0.65625 0.121875 0.0546875
0 0.7046875 0.653125 0.2484375 0.0578125
0 0.103125 0.71328125 0.103125 0.028125
0 0.18359375 0.71171875 0.0453125 0.0234375
0 0.24375 0.71640625 0.0671875 0.0265625
0 0.5125 0.72109375 0.2046875 0.025
0 0.77890625 0.728125 0.0859375 0.0234375
0 0.109375 0.78671875 0.1265625 0.0421875
0 0.18828125 0.7828125 0.021875 0.0328125
0 0.23828125 0.7859375 0.06875 0.028125
0 0.35 0.78671875 0.1453125 0.03125
0 0.44765625 0.79296875 0.0453125 0.0453125
0 0.65234375 0.7890625 0.20625 0.0625
0 0.0484375 0.8453125 0.0203125 0.0328125
0 0.13046875 0.84765625 0.1328125 0.0328125
0 0.27109375 0.84921875 0.1390625 0.0359375
0 0.396875 0.85234375 0.115625 0.034375
0 0.48828125 0.85859375 0.0671875 0.0375
0 0.08671875 0.89609375 0.084375 0.0796875
0 0.18515625 0.903125 0.0890625 0.0734375
0 0.2859375 0.9046875 0.08125 0.0703125
0 0.3859375 0.91015625 0.08125 0.084375
0 0.4734375 0.9078125 0.040625 0.0234375
0 0.584375 0.903125 0.0578125 0.034375
0 0.446875 0.9625 0.171875 0.03125
0 0.32109375 0.959375 0.0734375 0.0265625