0 0.1875 0.18828125 0.08125 0.0140625
0 0.4484375 0.1875 0.2375 0.015625
0 0.71875 0.18125 0.1109375 0.0171875
0 0.1734375 0.2328125 0.184375 0.0140625
0 0.42421875 0.21796875 0.059375 0.0109375
0 0.51328125 0.215625 0.084375 0.015625
0 0.4390625 0.23125 0.1328125 0.0109375
0 0.61953125 0.228125 0.19375 0.021875
0 0.4296875 0.2875 0.271875 0.034375
0 0.15078125 0.3359375 0.059375 0.009375
0 0.2234375 0.3328125 0.0375 0.0125
0 0.31640625 0.334375 0.096875 0.01875
0 0.4 0.33125 0.03125 0.0140625
0 0.51953125 0.3328125 0.1640625 0.028125
0 0.15234375 0.3625 0.053125 0.021875
0 0.26875 0.36171875 0.1265625 0.021875
0 0.42578125 0.359375 0.15625 0.021875
0 0.6234375 0.35625 0.196875 0.021875
0 0.59453125 0.3765625 0.14375 0.0125
0 0.54609375 0.4015625 0.046875 0.0125
0 0.74453125 0.39921875 0.3046875 0.021875
0 0.74296875 0.421875 0.24375 0.021875
0 0.0984375 0.43203125 0.06875 0.0109375
0 0.1859375 0.4328125 0.084375 0.0125
0 0.31484375 0.43125 0.1375 0.0125
0 0.26015625 0.4546875 0.203125 0.015625
0 0.55390625 0.453125 0.046875 0.0125
0 0.71875 0.4515625 0.184375 0.021875
0 0.65546875 0.47578125 0.096875 0.0140625
0 0.82109375 0.475 0.21875 0.025
0 0.63203125 0.503125 0.203125 0.015625
0 0.16640625 0.56171875 0.203125 0.0171875
0 0.33046875 0.5578125 0.084375 0.0125
0 0.478125 0.559375 0.084375 0.021875
0 0.57109375 0.55703125 0.059375 0.01875
0 0.6609375 0.55390625 0.065625 0.0140625
0 0.7578125 0.5546875 0.090625 0.0109375
0 0.1015625 0.5984375 0.06875 0.015625
0 0.3359375 0.59453125 0.171875 0.0140625
0 0.49453125 0.59296875 0.1203125 0.01875
0 0.63125 0.59375 0.10625 0.015625
0 0.828125 0.590625 0.1578125 0.021875
0 0.31953125 0.6203125 0.05 0.015625
0 0.1953125 0.6671875 0.2828125 0.01875
0 0.4640625 0.6625 0.040625 0.01875
0 0.553125 0.6625 0.0375 0.021875
0 0.7 0.6625 0.059375 0.015625
0 0.196875 0.69375 0.2828125 0.01875
0 0.4640625 0.68828125 0.0359375 0.01875
0 0.56171875 0.68828125 0.0359375 0.0203125
0 0.70078125 0.6875 0.0625 0.0140625
0 0.153125 0.74453125 0.084375 0.0171875
0 0.40234375 0.74609375 0.096875 0.021875
0 0.55234375 0.74375 0.134375 0.015625
0 0.69921875 0.74375 0.11875 0.0125
0 0.50546875 0.78359375 0.1765625 0.021875
0 0.628125 0.78125 0.05 0.021875
0 0.70546875 0.78125 0.059375 0.0234375
0 0.18046875 0.8140625 0.234375 0.021875
0 0.41796875 0.8125 0.203125 0.025
0 0.728125 0.809375 0.209375 0.021875
0 0.6609375 0.83203125 0.146875 0.0140625
0 0.8640625 0.82890625 0.221875 0.0203125
0 0.76328125 0.375 0.1609375 0.0140625
0 0.2640625 0.18984375 0.0375 0.0125
0 0.0890625 0.33046875 0.0171875 0.003125
0 0.0875 0.35703125 0.0265625 0.00625
0 0.609375 0.453125 0.0203125 0.00625
0 0.40625 0.55625 0.03125 0.00625
0 0.37109375 0.61953125 0.028125 0.0125
0 0.43359375 0.61875 0.046875 0.0140625
0 0.37265625 0.6640625 0.025 0.0078125
0 0.3734375 0.690625 0.0203125 0.0046875
0 0.23515625 0.7453125 0.065625 0.021875
0 0.31875 0.7453125 0.01875 0.0125
0 0.12109375 0.1875 0.0375 0.021875
0 0.61484375 0.1828125 0.053125 0.015625
0 0.31796875 0.228125 0.071875 0.0140625
0 0.19296875 0.5984375 0.084375 0.021875
0 0.42265625 0.6609375 0.0328125 0.025
0 0.5171875 0.659375 0.0265625 0.01875
0 0.63984375 0.6609375 0.034375 0.0203125
0 0.425 0.690625 0.0375 0.01875
0 0.52421875 0.6859375 0.034375 0.01875
0 0.63984375 0.6875 0.0375 0.01875
0 0.56171875 0.80859375 0.075 0.021875
0 0.3734375 0.7765625 0.059375 0.03125
0 0.715625 0.590625 0.0375 0.0125