0 0.221875 0.05 0.065625 0.0796875
0 0.29765625 0.0859375 0.0546875 0.0390625
0 0.403125 0.09921875 0.1125 0.059375
0 0.13125 0.1609375 0.028125 0.040625
0 0.18671875 0.16484375 0.0640625 0.05625
0 0.28828125 0.18359375 0.0765625 0.0609375
0 0.41015625 0.2046875 0.1 0.0625
0 0.5 0.22265625 0.0390625 0.053125
0 0.54375 0.225 0.0265625 0.028125
0 0.64765625 0.24375 0.16875 0.08125
0 0.7734375 0.26953125 0.0578125 0.0734375
0 0.83984375 0.26796875 0.03125 0.05
0 0.89921875 0.28515625 0.053125 0.04375
0 0.965625 0.2953125 0.06875 0.078125
0 0.14140625 0.2125 0.08125 0.0640625
0 0.24140625 0.22578125 0.109375 0.075
0 0.3265625 0.24453125 0.0375 0.0484375
0 0.42265625 0.26640625 0.0859375 0.053125
0 0.55 0.29765625 0.121875 0.0765625
0 0.65234375 0.2953125 0.046875 0.05
0 0.71484375 0.309375 0.05625 0.0625
0 0.79765625 0.31953125 0.0609375 0.0421875
0 0.87109375 0.32109375 0.0859375 0.0734375
0 0.9359375 0.3359375 0.0359375 0.0515625
0 0.9796875 0.3453125 0.040625 0.046875
0 0.09453125 0.321875 0.0375 0.040625
0 0.18125 0.321875 0.1078125 0.0859375
0 0.2953125 0.3484375 0.109375 0.059375
0 0.38203125 0.359375 0.0453125 0.053125
0 0.4484375 0.37265625 0.0546875 0.0375
0 0.5203125 0.37734375 0.034375 0.034375
0 0.59375 0.39375 0.1 0.0765625
0 0.71640625 0.39765625 0.1046875 0.0828125
0 0.79921875 0.4265625 0.05625 0.0359375
0 0.8921875 0.44375 0.0984375 0.078125
0 0.97578125 0.446875 0.0484375 0.053125
0 0.13125 0.39921875 0.121875 0.090625
0 0.23359375 0.3890625 0.0296875 0.04375
0 0.35859375 0.425 0.1921875 0.096875
0 0.06953125 0.47265625 0.040625 0.040625
0 0.12734375 0.48671875 0.078125 0.0921875
0 0.234375 0.50859375 0.0859375 0.0453125
0 0.325 0.51796875 0.0484375 0.0453125
0 0.42890625 0.5390625 0.128125 0.0875
0 0.5328125 0.55625 0.0515625 0.0671875
0 0.590625 0.5484375 0.0609375 0.065625
0 0.678125 0.56171875 0.1046875 0.0765625
0 0.784375 0.59921875 0.0796875 0.0796875
0 0.88828125 0.59765625 0.103125 0.06875
0 0.97109375 0.6078125 0.0421875 0.05
0 0.07890625 0.5359375 0.05 0.040625
0 0.03671875 0.628125 0.040625 0.046875
0 0.0984375 0.63359375 0.0734375 0.08125
0 0.2125 0.665625 0.1359375 0.08125
0 0.3703125 0.68671875 0.1375 0.084375
0 0.5296875 0.71875 0.15 0.084375
0 0.65703125 0.7203125 0.06875 0.0609375
0 0.7609375 0.746875 0.140625 0.0875
0 0.86328125 0.746875 0.03125 0.0484375
0 0.928125 0.76328125 0.0765625 0.05
0 0.07109375 0.7046875 0.1046875 0.065625
0 0.19765625 0.7359375 0.0890625 0.096875
0 0.28671875 0.75859375 0.0515625 0.0890625
0 0.42109375 0.7609375 0.1734375 0.0765625
0 0.01328125 0.78359375 0.0265625 0.0484375
0 0.05546875 0.79921875 0.0625 0.084375
0 0.1328125 0.84765625 0.08125 0.078125
0 0.20390625 0.84765625 0.0109375 0.0328125
0 0.26328125 0.853125 0.0703125 0.05
0 0.34296875 0.853125 0.05625 0.0640625
0 0.415625 0.87734375 0.0390625 0.0640625
0 0.4765625 0.88125 0.0734375 0.06875
0 0.58046875 0.87421875 0.1078125 0.06875
0 0.66796875 0.8890625 0.053125 0.05625
0 0.78984375 0.90390625 0.1390625 0.0703125
0 0.90546875 0.93671875 0.0703125 0.065625
0 0.053125 0.88671875 0.0859375 0.078125
0 0.16875 0.90859375 0.0859375 0.09375
0 0.2578125 0.91796875 0.05625 0.0671875
0 0.34921875 0.9109375 0.078125 0.0734375
0 0.45078125 0.925 0.071875 0.06875
0 0.56015625 0.9328125 0.09375 0.0671875