0 0.2890625 0.0359375 0.16875 0.071875
0 0.51796875 0.08125 0.25625 0.0875
0 0.240625 0.1015625 0.1171875 0.0796875
0 0.39296875 0.134375 0.1484375 0.0796875
0 0.5375 0.14375 0.103125 0.0515625
0 0.61875 0.159375 0.0359375 0.03125
0 0.73828125 0.1796875 0.1984375 0.0515625
0 0.3640625 0.1875 0.3265625 0.10625
0 0.18515625 0.0234375 0.028125 0.0359375
0 0.1375 0.215625 0.025 0.0328125
0 0.271875 0.240625 0.2296875 0.0953125
0 0.40625 0.26484375 0.0265625 0.028125
0 0.57890625 0.2859375 0.2875 0.08125
0 0.75703125 0.29296875 0.0390625 0.0609375
0 0.8171875 0.29140625 0.0578125 0.040625
0 0.23203125 0.2859375 0.1171875 0.0578125
0 0.203125 0.36953125 0.1609375 0.075
0 0.3671875 0.38359375 0.1421875 0.065625
0 0.50625 0.37578125 0.0890625 0.0484375
0 0.6359375 0.37421875 0.153125 0.059375
0 0.73984375 0.38203125 0.021875 0.028125
0 0.8578125 0.39453125 0.196875 0.05
0 0.1921875 0.42734375 0.1140625 0.0515625
0 0.3171875 0.4421875 0.115625 0.0578125
0 0.4015625 0.43984375 0.0328125 0.034375
0 0.48046875 0.45546875 0.078125 0.0796875
0 0.59921875 0.45078125 0.1203125 0.0796875
0 0.703125 0.44296875 0.0359375 0.0390625
0 0.815625 0.44921875 0.1546875 0.0515625
0 0.1828125 0.48984375 0.10625 0.053125
0 0.32265625 0.48828125 0.1640625 0.0609375
0 0.50625 0.50625 0.1796875 0.046875
0 0.63203125 0.51640625 0.0328125 0.028125
0 0.70078125 0.52109375 0.0796875 0.034375
0 0.82578125 0.52578125 0.1515625 0.065625