0 0.1671875 0.18046875 0.128125 0.028125
0 0.3234375 0.17578125 0.125 0.0265625
0 0.146875 0.2359375 0.00625 0.00625
0 0.23671875 0.23046875 0.0640625 0.0171875
0 0.35 0.22890625 0.0890625 0.0140625
0 0.43203125 0.22421875 0.053125 0.015625
0 0.4984375 0.221875 0.0421875 0.0140625
0 0.55625 0.21953125 0.05625 0.0171875
0 0.65078125 0.21640625 0.1078125 0.025
0 0.36484375 0.25078125 0.1171875 0.0203125
0 0.46953125 0.25234375 0.046875 0.01875
0 0.54296875 0.24609375 0.065625 0.0125
0 0.615625 0.24375 0.05625 0.0125
0 0.24453125 0.2765625 0.071875 0.0171875
0 0.34453125 0.27734375 0.053125 0.015625
0 0.378125 0.2796875 0.015625 0.003125
0 0.4140625 0.275 0.046875 0.0109375
0 0.4421875 0.278125 0.009375 0.003125
0 0.4984375 0.27578125 0.075 0.0234375
0 0.22109375 0.31171875 0.0421875 0.0125
0 0.29296875 0.30859375 0.0671875 0.0171875
0 0.40625 0.3046875 0.096875 0.0234375
0 0.51953125 0.303125 0.084375 0.0203125
0 0.61015625 0.30078125 0.065625 0.0203125
0 0.69296875 0.29921875 0.05 0.021875
0 0.79140625 0.29296875 0.1015625 0.0171875
0 0.8921875 0.28984375 0.06875 0.0171875
0 0.19453125 0.35 0.04375 0.0125
0 0.3171875 0.34765625 0.13125 0.0234375
0 0.43984375 0.34453125 0.1015625 0.01875
0 0.56796875 0.3421875 0.115625 0.028125
0 0.68671875 0.3328125 0.0453125 0.0125
0 0.121875 0.39609375 0.0140625 0.009375
0 0.20625 0.39453125 0.05625 0.0203125
0 0.31953125 0.390625 0.121875 0.025
0 0.43984375 0.38984375 0.065625 0.0203125
0 0.53125 0.38671875 0.04375 0.0234375
0 0.559375 0.390625 0.0140625 0.0046875
0 0.6265625 0.38359375 0.084375 0.0171875
0 0.678125 0.38671875 0.0125 0.003125
0 0.734375 0.3796875 0.0921875 0.0203125
0 0.24921875 0.425 0.0484375 0.025
0 0.32578125 0.421875 0.06875 0.01875
0 0.40078125 0.421875 0.0640625 0.015625
0 0.4703125 0.421875 0.065625 0.0140625
0 0.54140625 0.42109375 0.0640625 0.0140625
0 0.62578125 0.41484375 0.0828125 0.0234375
0 0.2140625 0.459375 0.0796875 0.0234375
0 0.31796875 0.459375 0.08125 0.0140625
0 0.3953125 0.45546875 0.0234375 0.0109375
0 0.4390625 0.4546875 0.034375 0.0125
0 0.4890625 0.45390625 0.05625 0.0140625
0 0.5640625 0.4546875 0.040625 0.01875
0 0.603125 0.45078125 0.028125 0.0125
0 0.67421875 0.44921875 0.08125 0.0171875
0 0.75546875 0.44453125 0.0421875 0.0140625
0 0.8296875 0.44453125 0.0875 0.015625
0 0.94921875 0.44140625 0.1 0.01875
0 0.35 0.4453125 0.028125 0.01875
0 0.57421875 0.4734375 0.025 0.0109375
0 0.6234375 0.4703125 0.0484375 0.0140625
0 0.71328125 0.4734375 0.0890625 0.0171875
0 0.10859375 0.525 0.0125 0.0125
0 0.25625 0.5234375 0.10625 0.0265625
0 0.36484375 0.51875 0.059375 0.0203125
0 0.4765625 0.51953125 0.0640625 0.0234375
0 0.56328125 0.5125 0.0578125 0.0171875
0 0.62265625 0.51328125 0.03125 0.0140625
0 0.7109375 0.5109375 0.05625 0.025
0 0.74296875 0.51484375 0.009375 0.003125
0 0.81171875 0.50625 0.1015625 0.021875
0 0.17734375 0.58203125 0.03125 0.015625
0 0.25546875 0.578125 0.059375 0.0125
0 0.3296875 0.57578125 0.06875 0.015625
0 0.4265625 0.57734375 0.071875 0.0234375
0 0.50859375 0.575 0.0828125 0.0234375
0 0.5953125 0.5734375 0.0625 0.0203125
0 0.6484375 0.57265625 0.0234375 0.0203125
0 0.72421875 0.575 0.046875 0.0109375
0 0.75546875 0.57578125 0.0109375 0.003125
0 0.778125 0.57578125 0.025 0.015625
0 0.7921875 0.57578125 0.009375 0.003125
0 0.83125 0.578125 0.05625 0.0140625
0 0.065625 0.63828125 0.040625 0.015625
0 0.11875 0.63671875 0.04375 0.0140625
0 0.1140625 0.659375 0.0625 0.0296875
0 0.2390625 0.65078125 0.1109375 0.015625
0 0.31328125 0.653125 0.028125 0.009375
0 0.3765625 0.6515625 0.075 0.0140625
0 0.44453125 0.6515625 0.028125 0.0078125
0 0.50390625 0.653125 0.0703125 0.0203125
0 0.56484375 0.65234375 0.025 0.0078125
0 0.6578125 0.6484375 0.1375 0.015625
0 0.75546875 0.65 0.034375 0.0078125
0 0.80546875 0.64921875 0.05 0.0140625
0 0.9078125 0.65 0.121875 0.0171875
0 0.20234375 0.678125 0.028125 0.0078125
0 0.27578125 0.67578125 0.078125 0.0125
0 0.33359375 0.67421875 0.021875 0.00625
0 0.38828125 0.67578125 0.05 0.0125
0 0.43203125 0.67578125 0.021875 0.00625
0 0.49921875 0.67578125 0.0984375 0.0140625
0 0.56953125 0.675 0.025 0.0140625
0 0.6015625 0.6765625 0.021875 0.0078125
0 0.66015625 0.67734375 0.071875 0.0203125
0 0.73671875 0.67890625 0.0421875 0.025
0 0.09296875 0.70703125 0.04375 0.0109375
0 0.1375 0.70859375 0.0359375 0.015625
0 0.2203125 0.70703125 0.01875 0.009375
0 0.290625 0.7046875 0.0421875 0.0140625
0 0.36015625 0.703125 0.0546875 0.0203125
0 0.4171875 0.70234375 0.034375 0.0140625
0 0.4375 0.70390625 0.009375 0.0015625
0 0.47421875 0.7 0.059375 0.0125
0 0.0765625 0.73515625 0.0625 0.015625
0 0.13046875 0.73203125 0.0203125 0.009375
0 0.175 0.73046875 0.0546875 0.0109375
0 0.2484375 0.7296875 0.021875 0.009375
0 0.325 0.728125 0.046875 0.009375
0 0.39296875 0.72578125 0.0375 0.009375
0 0.4515625 0.72265625 0.046875 0.0125
0 0.6734375 0.70703125 0.103125 0.0203125
0 0.7515625 0.70703125 0.0265625 0.0171875
0 0.859375 0.70625 0.15625 0.021875
0 0.5890625 0.73515625 0.0265625 0.0171875
0 0.6609375 0.734375 0.0671875 0.0140625
0 0.7515625 0.7359375 0.075 0.015625
0 0.8109375 0.73671875 0.015625 0.009375
0 0.8265625 0.73671875 0.015625 0.0078125
0 0.86875 0.73671875 0.025 0.009375
0 0.94921875 0.7359375 0.09375 0.021875
0 0.95234375 0.7453125 0.0484375 0.0171875
0 0.60078125 0.76171875 0.05 0.0140625
0 0.64921875 0.7640625 0.028125 0.009375
0 0.70390625 0.76328125 0.059375 0.0234375