0 0.096875 0.1796875 0.1578125 0.0703125
0 0.30078125 0.17109375 0.0734375 0.0546875
0 0.425 0.1546875 0.1390625 0.0421875
0 0.54609375 0.1421875 0.046875 0.0265625
0 0.6328125 0.134375 0.0625 0.0359375
0 0.6953125 0.13984375 0.0640625 0.0328125
0 0.81484375 0.11328125 0.1296875 0.0359375
0 0.375 0.1921875 0.03125 0.021875
0 0.48046875 0.18125 0.1125 0.0453125
0 0.61953125 0.17421875 0.1078125 0.0484375
0 0.69453125 0.159375 0.0421875 0.0234375
0 0.7671875 0.15 0.071875 0.025
0 0.35859375 0.234375 0.0828125 0.028125
0 0.5 0.22109375 0.1546875 0.046875
0 0.25625 0.27734375 0.0328125 0.01875
0 0.33046875 0.27265625 0.075 0.03125
0 0.44140625 0.26484375 0.0875 0.0390625
0 0.5953125 0.246875 0.1609375 0.05
0 0.73671875 0.22890625 0.0671875 0.034375
0 0.8078125 0.21796875 0.028125 0.025
0 0.8734375 0.20234375 0.0796875 0.0265625
0 0.2640625 0.3234375 0.1046875 0.0453125
0 0.37265625 0.303125 0.046875 0.021875
0 0.45 0.29140625 0.071875 0.0328125
0 0.54609375 0.2890625 0.0671875 0.04375
0 0.66328125 0.26875 0.109375 0.0328125
0 0.78046875 0.26015625 0.0828125 0.0328125
0 0.8734375 0.2375 0.065625 0.025
0 0.2734375 0.34765625 0.109375 0.034375
0 0.2453125 0.38984375 0.0390625 0.021875
0 0.33359375 0.37578125 0.1 0.0359375
0 0.5 0.3546875 0.1390625 0.0375
0 0.62265625 0.33984375 0.0515625 0.0203125
0 0.72265625 0.32265625 0.0890625 0.0296875
0 0.86796875 0.3109375 0.134375 0.04375
0 0.44765625 0.40390625 0.2390625 0.0671875
0 0.26875 0.453125 0.046875 0.028125
0 0.3765625 0.4390625 0.1046875 0.034375
0 0.27734375 0.4890625 0.0609375 0.0296875
0 0.38203125 0.475 0.0734375 0.028125
0 0.290625 0.525 0.0640625 0.03125
0 0.3875 0.51015625 0.0625 0.028125
0 0.46484375 0.578125 0.18125 0.059375
0 0.28203125 0.6328125 0.0609375 0.034375
0 0.3953125 0.6171875 0.0953125 0.0375
0 0.29765625 0.66875 0.0703125 0.0359375
0 0.41953125 0.64765625 0.10625 0.0421875
0 0.28984375 0.709375 0.0546875 0.034375
0 0.40859375 0.69140625 0.109375 0.0390625
0 0.46796875 0.76015625 0.071875 0.0453125