0 0.27265625 0.1203125 0.2546875 0.128125
0 0.771875 0.003125 0.071875 0.00625
0 0.79140625 0.0265625 0.1734375 0.053125
0 0.80078125 0.040625 0.0234375 0.0265625
0 0.83125 0.03671875 0.0375 0.028125
0 0.8078125 0.1 0.1875 0.1328125
0 0.48515625 0.1203125 0.1734375 0.1359375
0 0.05390625 0.2421875 0.10625 0.0671875
0 0.13984375 0.23203125 0.0390625 0.0453125
0 0.2265625 0.20625 0.1296875 0.078125
0 0.34609375 0.190625 0.103125 0.0625
0 0.534375 0.1578125 0.2875 0.1140625
0 0.728125 0.1296875 0.11875 0.06875
0 0.8671875 0.11484375 0.1359375 0.0859375
0 0.07109375 0.2953125 0.1421875 0.084375
0 0.19296875 0.284375 0.0890625 0.06875
0 0.29921875 0.26015625 0.1140625 0.06875
0 0.43046875 0.2421875 0.1328125 0.090625
0 0.61875 0.21640625 0.2421875 0.1171875
0 0.77265625 0.18203125 0.071875 0.0578125
0 0.865625 0.16796875 0.0828125 0.05
0 0.11328125 0.36640625 0.2265625 0.1359375
0 0.26875 0.33046875 0.0953125 0.059375
0 0.378125 0.30859375 0.140625 0.0703125
0 0.54921875 0.290625 0.1796875 0.1
0 0.665625 0.265625 0.059375 0.053125
0 0.7234375 0.2625 0.0421875 0.0453125
0 0.79609375 0.246875 0.096875 0.053125
0 0.1234375 0.425 0.246875 0.11875
0 0.275 0.38359375 0.0734375 0.065625
0 0.421875 0.36328125 0.209375 0.1015625
0 0.16953125 0.47890625 0.1078125 0.065625
0 0.24609375 0.46484375 0.03125 0.05
0 0.33125 0.44296875 0.140625 0.078125
0 0.4515625 0.4296875 0.0921875 0.065625
0 0.63515625 0.4140625 0.278125 0.125
0 0.84921875 0.3703125 0.15 0.0765625
0 0.08828125 0.54375 0.159375 0.0890625
0 0.28203125 0.534375 0.2125 0.0984375
0 0.440625 0.50703125 0.096875 0.0671875
0 0.65390625 0.4734375 0.3015625 0.1296875
0 0.84296875 0.4453125 0.0875 0.0609375
0 0.93359375 0.43046875 0.08125 0.059375
0 0.0703125 0.62734375 0.121875 0.0765625
0 0.17890625 0.60703125 0.075 0.0625
0 0.2828125 0.596875 0.1109375 0.09375
0 0.42734375 0.5703125 0.153125 0.0984375
0 0.5890625 0.55625 0.175 0.1
0 0.72109375 0.52890625 0.0765625 0.05625
0 0.80234375 0.5140625 0.109375 0.0625
0 0.91796875 0.49765625 0.146875 0.0765625
0 0.14140625 0.6953125 0.24375 0.1046875
0 0.29296875 0.72890625 0.1234375 0.0984375
0 0.41640625 0.7296875 0.06875 0.0921875
0 0.5421875 0.68984375 0.203125 0.1203125
0 0.24453125 0.84296875 0.2953125 0.2015625
0 0.4859375 0.7921875 0.2 0.0953125
0 0.6703125 0.73125 0.1671875 0.115625
0 0.86953125 0.73671875 0.2609375 0.1546875
0 0.16484375 0.89765625 0.1625 0.15625
0 0.271875 0.878125 0.0375 0.040625
0 0.41796875 0.86875 0.2203125 0.140625
0 0.57890625 0.8296875 0.1234375 0.071875