0 0.17734375 0.1875 0.19375 0.1046875
0 0.40625 0.1890625 0.190625 0.103125
0 0.6140625 0.165625 0.103125 0.0734375
0 0.765625 0.17265625 0.16875 0.06875
0 0.13203125 0.33359375 0.0953125 0.0890625
0 0.27109375 0.32421875 0.1046875 0.0765625
0 0.50234375 0.315625 0.2796875 0.16875
0 0.76484375 0.28984375 0.178125 0.0890625
0 0.20859375 0.45390625 0.175 0.090625
0 0.42421875 0.44375 0.18125 0.0953125
0 0.659375 0.43515625 0.20625 0.096875
0 0.25859375 0.5765625 0.2484375 0.10625
0 0.50078125 0.59921875 0.1625 0.109375
0 0.72109375 0.5609375 0.209375 0.121875
0 0.8734375 0.53515625 0.08125 0.078125
0 0.21015625 0.71328125 0.1203125 0.06875
0 0.3984375 0.709375 0.18125 0.128125
0 0.61953125 0.6765625 0.2171875 0.1359375
0 0.83984375 0.65390625 0.15625 0.0859375
0 0.25546875 0.8203125 0.171875 0.0875
0 0.5609375 0.78671875 0.1546875 0.0625
0 0.29296875 0.8921875 0.1453125 0.0703125
0 0.66875 0.84609375 0.075 0.05625
0 0.859375 0.8234375 0.1984375 0.0796875