0 0.31796875 0.00625 0.0328125 0.0125
0 0.36875 0.0109375 0.071875 0.021875
0 0.44140625 0.0203125 0.0796875 0.040625
0 0.50625 0.02578125 0.053125 0.040625
0 0.5921875 0.06171875 0.0671875 0.065625
0 0.734375 0.1 0.203125 0.125
0 0.85703125 0.1328125 0.0984375 0.0890625
0 0.32890625 0.09609375 0.0984375 0.103125
0 0.41875 0.10546875 0.090625 0.0828125
0 0.53671875 0.1109375 0.0921875 0.06875
0 0.609375 0.1484375 0.053125 0.0734375
0 0.68125 0.15 0.0859375 0.0640625
0 0.81640625 0.1890625 0.165625 0.121875
0 0.5140625 0.1734375 0.0765625 0.05
0 0.5921875 0.1921875 0.0921875 0.0484375
0 0.29453125 0.18359375 0.1203125 0.0796875
0 0.415625 0.21484375 0.1140625 0.0671875
0 0.64140625 0.24921875 0.0625 0.0578125
0 0.75 0.27109375 0.1234375 0.096875
0 0.28046875 0.25625 0.1125 0.0625
0 0.396875 0.2859375 0.115625 0.1
0 0.50625 0.303125 0.121875 0.090625
0 0.6171875 0.2859375 0.0609375 0.0640625
0 0.6953125 0.3234375 0.1109375 0.090625
0 0.80546875 0.34765625 0.0875 0.0734375
0 0.509375 0.3421875 0.0984375 0.065625
0 0.67265625 0.38203125 0.21875 0.121875
0 0.253125 0.3796875 0.0859375 0.06875
0 0.3640625 0.4015625 0.1296875 0.06875
0 0.60390625 0.43515625 0.0671875 0.065625
0 0.7140625 0.4484375 0.140625 0.0890625
0 0.240625 0.45 0.0890625 0.059375
0 0.3265625 0.45234375 0.0875 0.06875
0 0.5125 0.4890625 0.2390625 0.1265625
0 0.75234375 0.51953125 0.2390625 0.153125
0 0.22265625 0.51015625 0.090625 0.0703125
0 0.3796875 0.5390625 0.2296875 0.121875
0 0.209375 0.5796875 0.078125 0.06875
0 0.31328125 0.58984375 0.1171875 0.096875
0 0.415625 0.59375 0.06875 0.0703125
0 0.5296875 0.60625 0.1390625 0.1015625
0 0.61953125 0.625 0.0421875 0.05
0 0.684375 0.61171875 0.0890625 0.1015625
0 0.21875 0.64765625 0.1125 0.075
0 0.340625 0.6375 0.0703125 0.0765625
0 0.46015625 0.66328125 0.1609375 0.0953125
0 0.5734375 0.6796875 0.059375 0.0625
0 0.7171875 0.69140625 0.2203125 0.14375
0 0.553125 0.23125 0.109375 0.0765625
0 0.49453125 0.4234375 0.128125 0.0921875
0 0.32109375 0.32421875 0.20625 0.090625