0 0.346875 0.04375 0.2546875 0.0765625
0 0.14453125 0.14296875 0.1890625 0.0671875
0 0.325 0.175 0.090625 0.071875
0 0.4734375 0.1515625 0.125 0.0546875
0 0.63125 0.153125 0.14375 0.1046875
0 0.1125 0.29921875 0.13125 0.06875
0 0.275 0.2984375 0.13125 0.065625
0 0.3859375 0.309375 0.0453125 0.0546875
0 0.52578125 0.30546875 0.159375 0.0578125
0 0.6578125 0.3109375 0.065625 0.053125
0 0.76328125 0.30625 0.1015625 0.053125
0 0.915625 0.30546875 0.1640625 0.103125
0 0.13671875 0.3875 0.184375 0.084375
0 0.0765625 0.5375 0.09375 0.0640625
0 0.171875 0.56015625 0.04375 0.0703125
0 0.3125 0.52578125 0.1703125 0.0890625
0 0.44140625 0.55234375 0.071875 0.1109375
0 0.521875 0.53671875 0.0421875 0.06875
0 0.63046875 0.5421875 0.128125 0.0671875
0 0.78203125 0.5578125 0.1296875 0.0890625
0 0.89765625 0.56640625 0.0921875 0.0671875
0 0.0703125 0.721875 0.0703125 0.05625
0 0.15390625 0.74921875 0.0453125 0.0640625
0 0.26953125 0.71484375 0.1171875 0.0734375
0 0.40234375 0.7234375 0.090625 0.0546875
0 0.5625 0.728125 0.171875 0.09375
0 0.69453125 0.725 0.0421875 0.0625
0 0.76328125 0.72421875 0.0375 0.05625
0 0.828125 0.72578125 0.06875 0.075
0 0.89296875 0.74296875 0.0515625 0.0578125
0 0.05859375 0.82890625 0.1 0.0796875
0 0.2375 0.82890625 0.2109375 0.0796875
0 0.41640625 0.83046875 0.096875 0.121875
0 0.55234375 0.83359375 0.1015625 0.1078125
0 0.70625 0.828125 0.1390625 0.1046875
0 0.821875 0.8390625 0.0546875 0.03125
0 0.90625 0.8234375 0.0953125 0.0578125
0 0.078125 0.9140625 0.078125 0.075
0 0.15234375 0.93046875 0.021875 0.0359375
0 0.22421875 0.9125 0.084375 0.071875
0 0.33203125 0.9203125 0.0703125 0.0640625
0 0.425 0.9390625 0.065625 0.0625