0 0.09296875 0.1390625 0.05625 0.053125
0 0.18984375 0.11953125 0.0609375 0.0453125
0 0.3390625 0.1296875 0.1953125 0.078125
0 0.4671875 0.1390625 0.04375 0.0421875
0 0.559375 0.1484375 0.1203125 0.0609375
0 0.7125 0.15546875 0.1515625 0.0640625
0 0.18828125 0.1515625 0.0984375 0.046875
0 0.1953125 0.2359375 0.1234375 0.06875
0 0.43984375 0.24765625 0.0953125 0.0609375
0 0.53828125 0.25703125 0.0828125 0.046875
0 0.68203125 0.26875 0.146875 0.0765625
0 0.82421875 0.27265625 0.040625 0.040625
0 0.8984375 0.2796875 0.0890625 0.05
0 0.97734375 0.2875 0.0453125 0.046875
0 0.15 0.28984375 0.046875 0.0484375
0 0.21171875 0.29921875 0.059375 0.0453125
0 0.290625 0.29921875 0.0609375 0.0359375
0 0.38203125 0.31640625 0.09375 0.075
0 0.5078125 0.31953125 0.128125 0.06875
0 0.60234375 0.33671875 0.0109375 0.0125
0 0.65703125 0.3390625 0.0578125 0.046875
0 0.7328125 0.33671875 0.059375 0.0359375
0 0.8046875 0.3453125 0.0578125 0.0578125
0 0.92421875 0.3453125 0.1375 0.05625
0 0.1171875 0.34453125 0.08125 0.0484375
0 0.2359375 0.36171875 0.15625 0.0734375
0 0.3328125 0.3671875 0.0109375 0.0109375
0 0.41796875 0.3703125 0.0609375 0.0453125
0 0.49765625 0.3765625 0.04375 0.03125
0 0.57890625 0.38046875 0.1046875 0.046875
0 0.6796875 0.38984375 0.0390625 0.040625
0 0.73984375 0.39296875 0.0390625 0.0390625
0 0.875 0.40390625 0.1921875 0.06875
0 0.16640625 0.44453125 0.2265625 0.08125
0 0.10625 0.5078125 0.0546875 0.040625
0 0.1953125 0.51484375 0.1140625 0.0640625
0 0.2734375 0.52265625 0.025 0.0328125
0 0.33125 0.52421875 0.0515625 0.0421875
0 0.41953125 0.5296875 0.0875 0.0515625
0 0.5484375 0.54296875 0.140625 0.071875
0 0.09765625 0.55703125 0.0421875 0.040625
0 0.1890625 0.5703125 0.0953125 0.059375
0 0.27265625 0.57265625 0.0390625 0.040625
0 0.32578125 0.5734375 0.0390625 0.04375
0 0.41796875 0.5796875 0.096875 0.046875
0 0.5046875 0.5921875 0.05 0.034375
0 0.56640625 0.59765625 0.025 0.028125
0 0.68046875 0.60625 0.1484375 0.046875
0 0.75625 0.51640625 0.115625 0.125
0 0.72421875 0.6890625 0.146875 0.2125
0 0.8671875 0.709375 0.1609375 0.1953125
0 0.2953125 0.23203125 0.053125 0.05625
0 0.775 0.27265625 0.034375 0.0359375