0 0.33984375 0.10078125 0.16875 0.0546875
0 0.53203125 0.084375 0.1984375 0.06875
0 0.1375 0.21171875 0.13125 0.0546875
0 0.37421875 0.18125 0.2140625 0.059375
0 0.56484375 0.16328125 0.071875 0.0296875
0 0.684375 0.146875 0.1171875 0.0375
0 0.0703125 0.2734375 0.05625 0.0453125
0 0.25703125 0.25390625 0.1953125 0.0625
0 0.47890625 0.23515625 0.14375 0.0671875
0 0.63203125 0.20625 0.1078125 0.046875
0 0.09609375 0.31796875 0.0953125 0.0515625
0 0.24453125 0.30546875 0.090625 0.0375
0 0.403125 0.2984375 0.1265625 0.0640625
0 0.60234375 0.2578125 0.1546875 0.059375
0 0.72890625 0.2484375 0.053125 0.0296875
0 0.08984375 0.375 0.0609375 0.04375
0 0.2546875 0.36171875 0.1546875 0.046875
0 0.4671875 0.33828125 0.2328125 0.0765625
0 0.703125 0.31484375 0.1515625 0.0625
0 0.0953125 0.4234375 0.0875 0.0515625
0 0.26015625 0.41875 0.1328125 0.05625
0 0.39140625 0.396875 0.0671875 0.04375
0 0.56875 0.378125 0.18125 0.065625
0 0.134375 0.4953125 0.11875 0.053125
0 0.28828125 0.4671875 0.0765625 0.0546875
0 0.45859375 0.46328125 0.1515625 0.0828125
0 0.596875 0.4328125 0.0890625 0.0359375
0 0.7078125 0.41796875 0.084375 0.034375
0 0.11796875 0.55 0.0796875 0.040625
0 0.25625 0.5359375 0.0890625 0.053125
0 0.4578125 0.5203125 0.19375 0.0765625
0 0.653125 0.48203125 0.04375 0.034375
0 0.15703125 0.59296875 0.1421875 0.05
0 0.31484375 0.57421875 0.0578125 0.05
0 0.50078125 0.56484375 0.196875 0.06875
0 0.13671875 0.76875 0.1109375 0.040625
0 0.21640625 0.75703125 0.05 0.0296875
0 0.27578125 0.7515625 0.0640625 0.0359375
0 0.53984375 0.715625 0.209375 0.0515625
0 0.80703125 0.68203125 0.090625 0.034375
0 0.15390625 0.840625 0.1328125 0.0546875
0 0.2328125 0.825 0.0296875 0.0375
0 0.28046875 0.821875 0.0703125 0.03125
0 0.39140625 0.80546875 0.153125 0.053125
0 0.49375 0.796875 0.05625 0.05
0 0.63671875 0.78046875 0.1609375 0.065625
0 0.10703125 0.90703125 0.025 0.04375
0 0.18828125 0.89765625 0.1375 0.0453125
0 0.32578125 0.878125 0.15 0.059375
0 0.453125 0.86328125 0.103125 0.05
0 0.5421875 0.85546875 0.075 0.046875
0 0.1578125 0.95625 0.0578125 0.053125
0 0.2625 0.940625 0.05625 0.0484375
0 0.4078125 0.915625 0.0359375 0.040625
0 0.51484375 0.91015625 0.0578125 0.0484375