0 0.228125 0.0859375 0.0484375 0.0109375
0 0.409375 0.10703125 0.2828125 0.0578125
0 0.58046875 0.12265625 0.0296875 0.0078125
0 0.74296875 0.1421875 0.275 0.05625
0 0.903125 0.1578125 0.0296875 0.0078125
0 0.4265625 0.14296875 0.321875 0.0796875
0 0.8 0.1890625 0.2921875 0.0703125
0 0.215625 0.20859375 0.0546875 0.0125
0 0.3140625 0.2171875 0.1109375 0.0359375
0 0.52734375 0.2453125 0.28125 0.0796875
0 0.84140625 0.26953125 0.3171875 0.0640625
0 0.3109375 0.25859375 0.1328125 0.04375
0 0.5015625 0.27890625 0.178125 0.0484375
0 0.74140625 0.30546875 0.2484375 0.0609375
0 0.1953125 0.32578125 0.046875 0.0109375
0 0.28359375 0.3359375 0.084375 0.034375
0 0.51640625 0.3578125 0.3375 0.06875
0 0.29296875 0.378125 0.140625 0.04375
0 0.4234375 0.390625 0.0765625 0.0296875
0 0.6421875 0.40859375 0.3171875 0.0625
0 0.85625 0.43984375 0.134375 0.05625
0 0.2703125 0.415625 0.13125 0.05625
0 0.18515625 0.48671875 0.0515625 0.0125
0 0.44921875 0.51015625 0.45625 0.08125
0 0.78671875 0.54765625 0.1609375 0.0421875
0 0.93203125 0.5640625 0.10625 0.0328125
0 0.17734375 0.56640625 0.0515625 0.015625
0 0.41328125 0.58828125 0.3328125 0.0671875
0 0.71640625 0.61875 0.2375 0.053125
0 0.26953125 0.61640625 0.14375 0.046875
0 0.4953125 0.63515625 0.3078125 0.0625
0 0.76484375 0.66484375 0.2296875 0.0515625
0 0.92578125 0.6828125 0.0921875 0.0328125
0 0.16328125 0.6921875 0.05625 0.0109375
0 0.2515625 0.7015625 0.09375 0.05
0 0.52109375 0.71953125 0.4109375 0.078125
0 0.85625 0.7515625 0.228125 0.065625
0 0.2921875 0.740625 0.1578125 0.0484375