0 0.29921875 0.08515625 0.184375 0.09375
0 0.51015625 0.14296875 0.25 0.153125
0 0.703125 0.165625 0.0890625 0.0546875
0 0.8328125 0.1765625 0.09375 0.0765625
0 0.2484375 0.18828125 0.165625 0.0890625
0 0.4296875 0.2234375 0.1484375 0.090625
0 0.61484375 0.2734375 0.2078125 0.1203125
0 0.75703125 0.27265625 0.01875 0.01875
0 0.84765625 0.28359375 0.0875 0.0765625
0 0.23359375 0.303125 0.1859375 0.0921875
0 0.39453125 0.34375 0.0875 0.06875
0 0.5328125 0.34921875 0.109375 0.0796875
0 0.71171875 0.3828125 0.1859375 0.109375
0 0.8609375 0.41484375 0.128125 0.096875
0 0.29609375 0.45234375 0.3625 0.1484375
0 0.6109375 0.5109375 0.2328125 0.1171875
0 0.79375 0.50078125 0.0921875 0.0765625
0 0.2484375 0.52109375 0.265625 0.109375
0 0.10859375 0.74375 0.078125 0.0609375
0 0.3 0.78203125 0.2140625 0.1
0 0.58671875 0.82578125 0.121875 0.0703125
0 0.8015625 0.86171875 0.1703125 0.0890625