0 0.021875 0.25 0.04375 0.084375
0 0.0484375 0.22421875 0.01875 0.0328125
0 0.09375 0.17578125 0.08125 0.08125
0 0.1015625 0.3453125 0.1671875 0.109375
0 0.215625 0.33515625 0.065625 0.053125
0 0.275 0.31796875 0.0328125 0.04375
0 0.3515625 0.29765625 0.096875 0.09375
0 0.4421875 0.275 0.08125 0.065625
0 0.58828125 0.28203125 0.1515625 0.103125
0 0.71484375 0.2296875 0.0578125 0.06875
0 0.8328125 0.2125 0.1484375 0.084375
0 0.06640625 0.43984375 0.065625 0.05625
0 0.13125 0.4078125 0.0453125 0.05
0 0.20859375 0.41015625 0.090625 0.05625
0 0.32109375 0.3671875 0.1140625 0.0734375
0 0.4421875 0.36171875 0.0890625 0.0515625
0 0.55 0.33359375 0.0984375 0.0578125
0 0.37734375 0.46953125 0.0609375 0.0890625
0 0.44375 0.465625 0.0609375 0.0765625
0 0.49609375 0.4375 0.06875 0.0515625
0 0.459375 0.61015625 0.1546875 0.21875
0 0.525 0.50859375 0.0296875 0.0359375
0 0.6078125 0.45078125 0.1421875 0.1234375
0 0.41015625 0.67578125 0.0703125 0.0828125
0 0.48125 0.60859375 0.0484375 0.0609375
0 0.53828125 0.57578125 0.05625 0.0640625
0 0.6390625 0.4921875 0.140625 0.1125
0 0.5015625 0.70078125 0.0765625 0.0875
0 0.61328125 0.60546875 0.11875 0.0984375
0 0.60703125 0.67421875 0.0328125 0.0546875
0 0.63359375 0.6546875 0.0390625 0.0390625
0 0.66328125 0.63984375 0.0296875 0.0390625
0 0.6953125 0.52734375 0.1 0.0953125