0 0.30546875 0.034375 0.1703125 0.06875
0 0.5328125 0.08203125 0.2578125 0.096875
0 0.2546875 0.0921875 0.11875 0.084375
0 0.40625 0.13125 0.1515625 0.084375
0 0.55 0.1453125 0.1046875 0.0546875
0 0.63046875 0.16328125 0.0375 0.0328125
0 0.74921875 0.18828125 0.2 0.059375
0 0.37578125 0.1828125 0.328125 0.1171875
0 0.20078125 0.015625 0.0296875 0.03125
0 0.14765625 0.203125 0.0265625 0.034375
0 0.28125 0.2328125 0.2328125 0.103125
0 0.4140625 0.26171875 0.0265625 0.028125
0 0.58671875 0.2890625 0.2890625 0.090625
0 0.7640625 0.30234375 0.040625 0.0625
0 0.82421875 0.30234375 0.0578125 0.04375
0 0.23984375 0.27734375 0.11875 0.0625
0 0.2078125 0.359375 0.1625 0.08125
0 0.37109375 0.37890625 0.14375 0.0703125
0 0.5109375 0.3765625 0.090625 0.0515625
0 0.63984375 0.37890625 0.1546875 0.0640625
0 0.74375 0.390625 0.021875 0.0296875
0 0.8609375 0.40703125 0.196875 0.05625
0 0.19453125 0.4171875 0.115625 0.05625
0 0.31875 0.4359375 0.1171875 0.0625
0 0.40390625 0.43671875 0.034375 0.034375
0 0.48203125 0.4546875 0.0796875 0.08125
0 0.60078125 0.45390625 0.1234375 0.0828125
0 0.7046875 0.45 0.0375 0.040625
0 0.8171875 0.46015625 0.15625 0.0578125
0 0.18359375 0.478125 0.1078125 0.05625
0 0.3234375 0.48203125 0.165625 0.0671875
0 0.50625 0.50625 0.1796875 0.053125
0 0.63125 0.52109375 0.0328125 0.0296875
0 0.7 0.528125 0.08125 0.0375
0 0.82421875 0.5375 0.153125 0.0703125