0 0.659375 0.03203125 0.0734375 0.034375
0 0.121875 0.1890625 0.1234375 0.0703125
0 0.22265625 0.1875 0.0625 0.06875
0 0.3109375 0.15859375 0.1015625 0.0625
0 0.45546875 0.1453125 0.1765625 0.1046875
0 0.61875 0.10390625 0.153125 0.0828125
0 0.73671875 0.07578125 0.075 0.0625
0 0.83984375 0.0640625 0.1453125 0.0703125
0 0.11953125 0.2734375 0.18125 0.1
0 0.35390625 0.22265625 0.26875 0.0921875
0 0.51953125 0.19765625 0.05625 0.0546875
0 0.65234375 0.1734375 0.171875 0.084375
0 0.765625 0.15546875 0.053125 0.0375
0 0.86015625 0.1359375 0.1421875 0.0765625
0 0.13828125 0.35 0.2 0.10625
0 0.27265625 0.31171875 0.053125 0.05625
0 0.390625 0.30625 0.165625 0.1
0 0.60234375 0.284375 0.246875 0.1203125
0 0.78359375 0.2375 0.1171875 0.0921875
0 0.178125 0.409375 0.2375 0.0828125
0 0.3953125 0.38984375 0.165625 0.0859375
0 0.58828125 0.36171875 0.25 0.115625
0 0.77890625 0.31640625 0.13125 0.05625
0 0.8984375 0.28828125 0.075 0.053125
0 0.15390625 0.496875 0.1671875 0.0859375
0 0.33203125 0.45546875 0.14375 0.0765625
0 0.47109375 0.44765625 0.1796875 0.0921875
0 0.69453125 0.3984375 0.2671875 0.0890625
0 0.8984375 0.3671875 0.0875 0.0640625
0 0.13125 0.56484375 0.05625 0.05625
0 0.1984375 0.55625 0.0421875 0.0328125
0 0.31171875 0.54296875 0.1453125 0.0765625
0 0.4640625 0.525 0.134375 0.078125
0 0.5796875 0.50390625 0.0875 0.078125
0 0.7 0.48515625 0.1828125 0.0984375
0 0.84609375 0.44921875 0.10625 0.0625
0 0.16640625 0.621875 0.1203125 0.0671875
0 0.3515625 0.61875 0.2015625 0.090625
0 0.49296875 0.5671875 0.053125 0.0421875
0 0.60625 0.5578125 0.13125 0.0640625
0 0.82265625 0.51875 0.2609375 0.090625
0 0.175 0.69453125 0.1234375 0.075
0 0.275 0.6734375 0.0578125 0.0546875
0 0.38984375 0.66796875 0.1578125 0.0546875
0 0.653125 0.64296875 0.309375 0.140625
0 0.878125 0.58515625 0.16875 0.0625
0 0.20625 0.7546875 0.15625 0.0609375
0 0.334375 0.7296875 0.0609375 0.04375
0 0.4953125 0.7234375 0.246875 0.1078125
0 0.66171875 0.69765625 0.0765625 0.06875
0 0.740625 0.6765625 0.0953125 0.059375
0 0.89609375 0.6625 0.2078125 0.1
0 0.2234375 0.8203125 0.184375 0.078125
0 0.40625 0.79609375 0.11875 0.0609375
0 0.55 0.7796875 0.1375 0.0609375
0 0.6953125 0.77421875 0.1265625 0.078125
0 0.8421875 0.73125 0.115625 0.0671875
0 0.9375 0.71875 0.06875 0.05
0 0.18203125 0.89453125 0.0703125 0.05
0 0.26953125 0.88359375 0.08125 0.0609375
0 0.39609375 0.9375 0.4078125 0.125