0 0.07421875 0.121875 0.140625 0.0796875
0 0.3421875 0.06953125 0.2125 0.1015625
0 0.034375 0.253125 0.06875 0.10625
0 0.1546875 0.25859375 0.134375 0.0671875
0 0.296875 0.2296875 0.1140625 0.0515625
0 0.46640625 0.1984375 0.1625 0.0578125
0 0.62734375 0.178125 0.1125 0.053125
0 0.7609375 0.1453125 0.1390625 0.078125
0 0.11171875 0.33984375 0.1390625 0.08125
0 0.2859375 0.29609375 0.1625 0.103125
0 0.44375 0.2609375 0.125 0.075
0 0.59609375 0.25 0.128125 0.08125
0 0.76171875 0.21953125 0.1578125 0.071875
0 0.1 0.4125 0.10625 0.05625
0 0.22265625 0.3953125 0.1015625 0.0453125
0 0.425 0.3390625 0.2546875 0.10625
0 0.17109375 0.48359375 0.2671875 0.134375
0 0.45390625 0.4546875 0.3265625 0.196875
0 0.64921875 0.40703125 0.059375 0.05
0 0.74296875 0.4015625 0.2265625 0.175
0 0.27734375 0.640625 0.2015625 0.121875
0 0.45 0.60703125 0.1375 0.0890625