0 0.1515625 0.3203125 0.271875 0.0859375
0 0.1 0.178125 0.2 0.096875
0 0.71953125 0.2578125 0.2359375 0.065625
0 0.47265625 0.26171875 0.1625 0.0671875
0 0.6109375 0.13984375 0.1015625 0.053125
0 0.46796875 0.55625 0.0859375 0.0484375
0 0.4921875 0.13828125 0.0875 0.03125
0 0.68984375 0.3796875 0.1125 0.0234375
0 0.57265625 0.5578125 0.075 0.0296875
0 0.6703125 0.40625 0.096875 0.0234375
0 0.58671875 0.384375 0.0703125 0.0234375
0 0.40390625 0.1390625 0.053125 0.0390625
0 0.76015625 0.40078125 0.0546875 0.0203125
0 0.5796875 0.41171875 0.0546875 0.0171875
0 0.5265625 0.41328125 0.028125 0.0140625
0 0.7078125 0.54453125 0.1203125 0.0484375
0 0.5 0.6234375 0.15625 0.05
0 0.63203125 0.61015625 0.0421875 0.0265625
0 0.79296875 0.60390625 0.2 0.0515625
0 0.4625 0.7171875 0.1046875 0.046875
0 0.590625 0.71015625 0.1171875 0.0421875
0 0.7203125 0.7796875 0.1453125 0.0578125
0 0.809375 0.77265625 0.025 0.0234375
0 0.8875 0.75546875 0.10625 0.040625
0 0.90546875 0.8015625 0.1234375 0.028125