0 0.17109375 0.1265625 0.24375 0.1171875
0 0.4609375 0.12421875 0.1859375 0.0734375
0 0.66484375 0.11640625 0.134375 0.0671875
0 0.8765625 0.115625 0.1765625 0.090625
0 0.26796875 0.23828125 0.4359375 0.1421875
0 0.58125 0.23125 0.0625 0.075
0 0.8171875 0.21484375 0.3140625 0.0984375
0 0.3265625 0.3390625 0.459375 0.184375
0 0.77734375 0.3140625 0.325 0.1046875
0 0.26484375 0.4296875 0.4 0.134375
0 0.56171875 0.42734375 0.065625 0.0703125
0 0.81328125 0.40546875 0.278125 0.0796875
0 0.234375 0.5421875 0.3640625 0.1578125
0 0.59609375 0.52109375 0.215625 0.06875
0 0.88671875 0.48984375 0.2140625 0.071875
0 0.14921875 0.6375 0.1921875 0.0921875
0 0.46640625 0.62890625 0.3015625 0.1140625
0 0.8015625 0.58828125 0.215625 0.071875
0 0.96640625 0.5765625 0.0671875 0.065625
0 0.340625 0.73828125 0.5578125 0.13125
0 0.740625 0.69453125 0.134375 0.065625
0 0.94453125 0.66796875 0.1109375 0.0578125
0 0.34609375 0.8515625 0.525 0.128125
0 0.7640625 0.80078125 0.1703125 0.0921875
0 0.9390625 0.76796875 0.121875 0.0609375
0 0.3703125 0.96171875 0.2296875 0.0734375
0 0.7640625 0.90546875 0.4125 0.1078125
0 0.28203125 0.04453125 0.3421875 0.0828125
0 0.9828125 0.934375 0.034375 0.0375