0 0.23828125 0.2265625 0.11875 0.0796875
0 0.36640625 0.2390625 0.090625 0.075
0 0.64453125 0.2890625 0.3484375 0.1421875
0 0.215625 0.31171875 0.128125 0.1
0 0.3453125 0.3296875 0.0953125 0.0859375
0 0.45703125 0.365625 0.15625 0.1203125
0 0.60703125 0.36484375 0.1125 0.09375
0 0.784375 0.37578125 0.1421875 0.0921875
0 0.92734375 0.39765625 0.1328125 0.09375
0 0.3046875 0.43203125 0.2078125 0.090625
0 0.22265625 0.51875 0.121875 0.10625
0 0.471875 0.55234375 0.265625 0.109375
0 0.7078125 0.58046875 0.15625 0.0890625