0 0.203125 0.09453125 0.15625 0.0921875
0 0.4015625 0.146875 0.221875 0.08125
0 0.64375 0.203125 0.190625 0.0671875
0 0.8015625 0.23984375 0.0875 0.059375
0 0.92890625 0.271875 0.1421875 0.0625
0 0.909375 0.32734375 0.18125 0.0890625
0 0.73203125 0.28203125 0.1546875 0.0640625
0 0.553125 0.23984375 0.165625 0.0796875
0 0.40390625 0.2140625 0.09375 0.0734375
0 0.2109375 0.15078125 0.2265625 0.096875
0 0.17265625 0.20546875 0.1890625 0.0796875
0 0.4671875 0.278125 0.346875 0.1203125
0 0.7125 0.3390625 0.1359375 0.0734375
0 0.83359375 0.36875 0.0921875 0.0453125
0 0.94296875 0.39140625 0.1140625 0.0609375
0 0.85390625 0.4328125 0.2578125 0.1
0 0.60625 0.36640625 0.2078125 0.0828125
0 0.46484375 0.33515625 0.096875 0.053125
0 0.3546875 0.3109375 0.1125 0.053125
0 0.18984375 0.27109375 0.2359375 0.0984375
0 0.2078125 0.34921875 0.3015625 0.140625
0 0.08984375 0.42265625 0.1 0.06875
0 0.18515625 0.45390625 0.0890625 0.0671875
0 0.378125 0.50078125 0.271875 0.1015625
0 0.5953125 0.5421875 0.1 0.0515625
0 0.76171875 0.58828125 0.2046875 0.071875
0 0.328125 0.54453125 0.1640625 0.0703125
0 0.5671875 0.6 0.265625 0.0953125
0 0.1125 0.50078125 0.2203125 0.0984375
0 0.0125 0.58046875 0.025 0.0390625
0 0.1671875 0.62578125 0.228125 0.1078125
0 0.34296875 0.67109375 0.1015625 0.0515625
0 0.44453125 0.6921875 0.11875 0.05625
0 0.56640625 0.7171875 0.0890625 0.05
0 0.71328125 0.75078125 0.1921875 0.0796875
0 0.87890625 0.79140625 0.1046875 0.0609375
0 0.83671875 0.8484375 0.1265625 0.059375
0 0.721875 0.81796875 0.096875 0.05625
0 0.5875 0.79375 0.159375 0.0828125
0 0.4109375 0.74921875 0.171875 0.06875
0 0.1546875 0.67265625 0.309375 0.1484375
0 0.1734375 0.82109375 0.33125 0.128125
0 0.4140625 0.8765625 0.1359375 0.0640625
0 0.55234375 0.9109375 0.125 0.0609375
0 0.67421875 0.93203125 0.084375 0.0484375
0 0.803125 0.96171875 0.165625 0.059375