0 0.1328125 0.221875 0.128125 0.146875
0 0.24296875 0.24609375 0.0484375 0.1109375
0 0.3484375 0.32421875 0.1484375 0.20625
0 0.50078125 0.278125 0.121875 0.1625
0 0.659375 0.2875 0.16875 0.15
0 0.11484375 0.42265625 0.1015625 0.1375
0 0.2328125 0.4359375 0.0984375 0.134375
0 0.3515625 0.4609375 0.1109375 0.1375
0 0.49609375 0.4796875 0.146875 0.1609375
0 0.6625 0.48515625 0.15 0.1421875
0 0.78359375 0.51171875 0.0671875 0.096875
0 0.90625 0.503125 0.159375 0.1484375
0 0.1546875 0.6671875 0.215625 0.234375
0 0.37890625 0.690625 0.21875 0.228125
0 0.5578125 0.675 0.10625 0.13125
0 0.709375 0.6859375 0.1734375 0.134375
0 0.8984375 0.803125 0.1875 0.3140625
0 0.6390625 0.92578125 0.121875 0.1484375
0 0.5421875 0.8671875 0.0609375 0.1375
0 0.33828125 0.89453125 0.3359375 0.2109375
0 0.10078125 0.825 0.1203125 0.1203125