0 0.3921875 0.17421875 0.03125 0.0578125
0 0.47265625 0.20390625 0.11875 0.1203125
0 0.5578125 0.22734375 0.0359375 0.0375
0 0.628125 0.23125 0.084375 0.078125
0 0.7125 0.2609375 0.0890625 0.1203125
0 0.7828125 0.271875 0.059375 0.046875
0 0.38359375 0.30703125 0.15 0.1390625
0 0.503125 0.34375 0.09375 0.09375
0 0.59296875 0.33984375 0.08125 0.06875
0 0.6859375 0.36953125 0.1296875 0.1453125
0 0.77265625 0.37265625 0.0484375 0.065625
0 0.39375 0.42890625 0.1453125 0.115625
0 0.51015625 0.46796875 0.0703125 0.0859375
0 0.59921875 0.44296875 0.0953125 0.0953125
0 0.32265625 0.5234375 0.1015625 0.084375
0 0.41328125 0.53359375 0.028125 0.0515625
0 0.49375 0.5625 0.1171875 0.1203125
0 0.58125 0.5671875 0.03125 0.03125
0 0.65078125 0.571875 0.09375 0.109375
0 0.34453125 0.6390625 0.1921875 0.16875
0 0.503125 0.64375 0.084375 0.090625
0 0.6171875 0.6671875 0.1171875 0.1078125
0 0.24296875 0.73125 0.0453125 0.065625
0 0.33046875 0.753125 0.109375 0.0796875
0 0.44453125 0.74921875 0.1015625 0.0953125
0 0.53984375 0.78359375 0.0875 0.1
0 0.6484375 0.77734375 0.090625 0.06875
0 0.73359375 0.77734375 0.084375 0.075
0 0.26953125 0.85234375 0.1546875 0.0984375
0 0.44375 0.88046875 0.1546875 0.153125
0 0.56484375 0.8890625 0.0953125 0.140625
0 0.63984375 0.88828125 0.065625 0.0546875