0 0.3703125 0.13359375 0.075 0.040625
0 0.44453125 0.1390625 0.034375 0.028125
0 0.5203125 0.140625 0.0765625 0.040625
0 0.65078125 0.13515625 0.1453125 0.040625
0 0.09375 0.1875 0.0140625 0.025
0 0.18828125 0.1875 0.0703125 0.0453125
0 0.2828125 0.2 0.021875 0.0109375
0 0.38515625 0.1953125 0.128125 0.0671875
0 0.53203125 0.1921875 0.0765625 0.0546875
0 0.6875 0.18515625 0.1671875 0.0546875
0 0.1015625 0.24375 0.0234375 0.040625
0 0.1671875 0.24921875 0.0453125 0.0453125
0 0.2359375 0.25859375 0.0390625 0.0328125
0 0.28984375 0.26328125 0.0546875 0.0546875
0 0.40859375 0.25703125 0.1296875 0.0421875
0 0.0671875 0.3734375 0.0203125 0.034375
0 0.17109375 0.37421875 0.1015625 0.046875
0 0.27109375 0.3796875 0.021875 0.0078125
0 0.35546875 0.365625 0.125 0.05625
0 0.51328125 0.37265625 0.1234375 0.0671875
0 0.63515625 0.36640625 0.0578125 0.0453125
0 0.76328125 0.359375 0.153125 0.0578125
0 0.1296875 0.4390625 0.05625 0.0421875
0 0.2296875 0.425 0.06875 0.0625
0 0.29453125 0.4375 0.01875 0.0296875
0 0.35390625 0.44140625 0.046875 0.0375
0 0.409375 0.44375 0.0234375 0.03125
0 0.4875 0.4421875 0.0953125 0.0515625
0 0.55625 0.43203125 0.0265625 0.0390625
0 0.62578125 0.428125 0.0546875 0.053125
0 0.046875 0.56796875 0.0125 0.034375
0 0.153125 0.5671875 0.078125 0.046875
0 0.225 0.56484375 0.0171875 0.0078125
0 0.3140625 0.56328125 0.1109375 0.05
0 0.47265625 0.55390625 0.1265625 0.0578125
0 0.6359375 0.5609375 0.14375 0.078125
0 0.8265625 0.54765625 0.1890625 0.053125
0 0.1625 0.6296875 0.05 0.0328125
0 0.25078125 0.62578125 0.059375 0.0390625
0 0.3171875 0.62578125 0.0203125 0.025
0 0.40390625 0.621875 0.1015625 0.0421875
0 0.5140625 0.61953125 0.0578125 0.046875
0 0.04296875 0.76640625 0.0171875 0.0375
0 0.15234375 0.765625 0.084375 0.046875
0 0.2265625 0.76484375 0.0171875 0.0078125
0 0.30859375 0.7515625 0.090625 0.059375
0 0.46015625 0.7515625 0.1328125 0.065625
0 0.6296875 0.76171875 0.1453125 0.084375
0 0.82421875 0.73828125 0.196875 0.05625
0 0.0453125 0.91171875 0.0234375 0.0328125
0 0.153125 0.91328125 0.09375 0.046875
0 0.225 0.9046875 0.0171875 0.0078125
0 0.32265625 0.89296875 0.0921875 0.0546875
0 0.4546875 0.8828125 0.121875 0.071875
0 0.59765625 0.8859375 0.0953125 0.059375
0 0.75390625 0.8828125 0.14375 0.0703125