0 0.21015625 0.03046875 0.2015625 0.0421875
0 0.17421875 0.07265625 0.1265625 0.0296875
0 0.3625 0.09140625 0.159375 0.0296875
0 0.4625 0.0953125 0.021875 0.00625
0 0.559375 0.10546875 0.13125 0.0265625
0 0.77890625 0.14296875 0.0671875 0.0296875
0 0.5671875 0.15234375 0.1484375 0.0375
0 0.15078125 0.16171875 0.11875 0.0296875
0 0.3265625 0.1734375 0.146875 0.03125
0 0.41953125 0.1828125 0.025 0.0078125
0 0.50546875 0.190625 0.1296875 0.0296875
0 0.51328125 0.23203125 0.1390625 0.03125
0 0.49375 0.27734375 0.090625 0.0265625
0 0.73359375 0.24140625 0.0671875 0.0265625
0 0.1109375 0.2921875 0.0625 0.021875
0 0.19296875 0.29609375 0.059375 0.0265625
0 0.2484375 0.30078125 0.01875 0.00625
0 0.33984375 0.31015625 0.1390625 0.03125
0 0.35546875 0.35703125 0.171875 0.0296875
0 0.53671875 0.37265625 0.146875 0.025
0 0.7375 0.3578125 0.0671875 0.028125
0 0.38984375 0.40859375 0.2296875 0.040625
0 0.5203125 0.4140625 0.0234375 0.009375
0 0.571875 0.41640625 0.0328125 0.028125
0 0.63203125 0.421875 0.0390625 0.0265625
0 0.20703125 0.43828125 0.2984375 0.0484375
0 0.38671875 0.44765625 0.021875 0.0078125
0 0.48046875 0.45703125 0.146875 0.03125
0 0.5703125 0.4640625 0.025 0.0078125
0 0.6765625 0.47109375 0.06875 0.025
0 0.4546875 0.50234375 0.1359375 0.0359375
0 0.596875 0.51015625 0.075 0.021875
0 0.65546875 0.5140625 0.0234375 0.00625
0 0.746875 0.51171875 0.08125 0.0421875
0 0.5109375 0.55546875 0.234375 0.046875
0 0.70234375 0.5640625 0.1109375 0.0375
0 0.459375 0.590625 0.1140625 0.0296875
0 0.88359375 0.58359375 0.0515625 0.0265625
0 0.08125 0.609375 0.1140625 0.0390625
0 0.2015625 0.621875 0.125 0.03125
0 0.30078125 0.6296875 0.0265625 0.0078125
0 0.39296875 0.634375 0.146875 0.0359375
0 0.509375 0.6375 0.01875 0.00625
0 0.58046875 0.64296875 0.0671875 0.0265625
0 0.3859375 0.6828125 0.1421875 0.04375
0 0.5171875 0.6875 0.0875 0.0203125
0 0.58515625 0.690625 0.0265625 0.0109375
0 0.64453125 0.6875 0.0578125 0.0390625
0 0.72421875 0.69296875 0.0390625 0.028125
0 0.3703125 0.72578125 0.103125 0.03125
0 0.49921875 0.73359375 0.1265625 0.0390625
0 0.59140625 0.7328125 0.028125 0.009375
0 0.6546875 0.73671875 0.06875 0.03125
0 0.08671875 0.76171875 0.1640625 0.0515625
0 0.25078125 0.76875 0.10625 0.0328125
0 0.38671875 0.78046875 0.1671875 0.0421875
0 0.49765625 0.778125 0.028125 0.009375
0 0.5921875 0.78203125 0.1515625 0.0421875
0 0.703125 0.78515625 0.0265625 0.009375
0 0.7546875 0.78515625 0.05625 0.03125
0 0.6015625 0.83359375 0.196875 0.0578125
0 0.71953125 0.834375 0.0265625 0.009375
0 0.76796875 0.8328125 0.0546875 0.0375
0 0.82109375 0.83671875 0.0421875 0.028125
0 0.5796875 0.8828125 0.1578125 0.0390625
0 0.72265625 0.8875 0.109375 0.040625
0 0.0671875 0.90078125 0.134375 0.0328125
0 0.26484375 0.909375 0.18125 0.0390625
0 0.384375 0.91484375 0.0234375 0.0078125
0 0.475 0.9203125 0.15 0.0375
0 0.5953125 0.92109375 0.028125 0.009375
0 0.67578125 0.921875 0.075 0.0359375
0 0.45 0.9671875 0.103125 0.040625
0 0.628125 0.9703125 0.1953125 0.0421875
0 0.7765625 0.9671875 0.0640625 0.040625
0 0.859375 0.975 0.053125 0.028125
0 0.69609375 0.140625 0.0625 0.0625
0 0.625 0.23984375 0.09375 0.1046875
0 0.653125 0.35390625 0.05625 0.0625
0 0.79765625 0.5875 0.078125 0.071875