0 0.18203125 0.0890625 0.103125 0.0921875
0 0.2890625 0.071875 0.096875 0.090625
0 0.40625 0.0625 0.115625 0.103125
0 0.51953125 0.06171875 0.09375 0.0921875
0 0.61484375 0.07109375 0.053125 0.05
0 0.7234375 0.05 0.1375 0.1
0 0.871875 0.04140625 0.115625 0.0828125
0 0.96328125 0.05234375 0.03125 0.0484375
0 0.09609375 0.2578125 0.125 0.0953125
0 0.2265625 0.24765625 0.1140625 0.0796875
0 0.36484375 0.246875 0.1296875 0.0921875
0 0.51015625 0.24375 0.1140625 0.10625
0 0.63515625 0.24140625 0.1109375 0.08125
0 0.73046875 0.2359375 0.0765625 0.071875
0 0.8515625 0.22578125 0.103125 0.0640625
0 0.9625 0.2125 0.05 0.065625
0 0.07265625 0.40390625 0.0578125 0.084375
0 0.17890625 0.4 0.084375 0.1
0 0.30234375 0.4 0.0796875 0.06875
0 0.47578125 0.3921875 0.1859375 0.09375
0 0.6734375 0.37421875 0.184375 0.0890625
0 0.81640625 0.3875 0.046875 0.0359375
0 0.88046875 0.37890625 0.075 0.05625
0 0.975 0.371875 0.0375 0.0625
0 0.103125 0.553125 0.1203125 0.090625
0 0.21953125 0.553125 0.0765625 0.08125
0 0.3203125 0.56328125 0.1 0.0625
0 0.41953125 0.54921875 0.0390625 0.0515625
0 0.50390625 0.54609375 0.1296875 0.1171875
0 0.64453125 0.5296875 0.1234375 0.0765625
0 0.73125 0.525 0.05 0.075
0 0.82734375 0.5390625 0.0859375 0.06875
0 0.92890625 0.53984375 0.084375 0.0671875
0 0.11796875 0.7125 0.165625 0.115625
0 0.2890625 0.709375 0.10625 0.11875
0 0.421875 0.69296875 0.1546875 0.10625
0 0.5609375 0.69140625 0.1078125 0.0921875
0 0.721875 0.6703125 0.178125 0.1
0 0.875 0.66640625 0.096875 0.0671875
0 0.9734375 0.640625 0.053125 0.065625
0 0.06171875 0.85234375 0.04375 0.05
0 0.1671875 0.8671875 0.1125 0.11875
0 0.3125 0.840625 0.1421875 0.0765625
0 0.4578125 0.82421875 0.0796875 0.075
0 0.56484375 0.846875 0.0890625 0.0546875
0 0.7203125 0.81953125 0.1671875 0.075
0 0.91953125 0.8203125 0.1609375 0.10625
0 0.21796875 0.9640625 0.2765625 0.071875
0 0.46328125 0.96796875 0.1578125 0.0640625
0 0.62421875 0.9546875 0.11875 0.0734375
0 0.79453125 0.9546875 0.184375 0.0703125
0 0.95859375 0.93828125 0.0828125 0.0609375