0 0.253125 0.2671875 0.103125 0.034375
0 0.33515625 0.2640625 0.0359375 0.0265625
0 0.40859375 0.27578125 0.1109375 0.0375
0 0.49375 0.27734375 0.0359375 0.0171875
0 0.2875 0.303125 0.16875 0.04375
0 0.43515625 0.3109375 0.1078125 0.028125
0 0.51328125 0.315625 0.0265625 0.0203125
0 0.54765625 0.3203125 0.0203125 0.0171875
0 0.253125 0.3390625 0.1046875 0.0375
0 0.37265625 0.3484375 0.1046875 0.0390625
0 0.46328125 0.34921875 0.05 0.0265625
0 0.55390625 0.35703125 0.1125 0.0421875
0 0.19921875 0.3671875 0.0265625 0.0265625
0 0.290625 0.378125 0.14375 0.040625
0 0.44765625 0.3875 0.140625 0.0390625
0 0.23828125 0.41328125 0.1015625 0.0375
0 0.31171875 0.41328125 0.0203125 0.025
0 0.42421875 0.425 0.1828125 0.0390625
0 0.5421875 0.4296875 0.0328125 0.0234375
0 0.2296875 0.44453125 0.05625 0.025
0 0.22109375 0.47890625 0.0640625 0.0265625
0 0.325 0.490625 0.1390625 0.0421875
0 0.44140625 0.50234375 0.090625 0.0296875
0 0.51796875 0.50234375 0.0390625 0.025
0 0.24765625 0.5234375 0.13125 0.0390625
0 0.39921875 0.53515625 0.14375 0.0421875
0 0.2390625 0.553125 0.096875 0.028125
0 0.3140625 0.56015625 0.0265625 0.0203125
0 0.36015625 0.56328125 0.0546875 0.025
0 0.4234375 0.56484375 0.0453125 0.025
0 0.521875 0.575 0.128125 0.0328125
0 0.21484375 0.58671875 0.0765625 0.025
0 0.29765625 0.59296875 0.071875 0.0265625
0 0.35390625 0.6 0.01875 0.015625
0 0.41484375 0.603125 0.090625 0.0296875
0 0.5453125 0.6171875 0.1546875 0.0359375
0 0.22890625 0.62578125 0.0765625 0.021875
0 0.2875 0.6265625 0.015625 0.0203125
0 0.33359375 0.6328125 0.0453125 0.021875
0 0.42578125 0.64140625 0.128125 0.03125
0 0.546875 0.65234375 0.0859375 0.028125
0 0.22734375 0.6546875 0.071875 0.0265625
0 0.29140625 0.6609375 0.025 0.0203125
0 0.3375 0.665625 0.05625 0.025
0 0.39765625 0.671875 0.05 0.0234375
0 0.45859375 0.68125 0.071875 0.021875
0 0.52265625 0.684375 0.028125 0.021875
0 0.21875 0.68671875 0.0640625 0.0265625
0 0.3015625 0.703125 0.0796875 0.034375
0 0.3921875 0.7109375 0.0953125 0.03125
0 0.49609375 0.7171875 0.1 0.0296875
0 0.28359375 0.728125 0.1796875 0.0421875
0 0.20078125 0.77890625 0.034375 0.021875
0 0.2375 0.78359375 0.0125 0.0125
0 0.30234375 0.79453125 0.103125 0.03125
0 0.2171875 0.87578125 0.0671875 0.0265625
0 0.31796875 0.87734375 0.0828125 0.028125
0 0.46484375 0.91796875 0.1171875 0.0359375
0 0.615625 0.91796875 0.0984375 0.021875
0 0.684375 0.92421875 0.0265625 0.01875
0 0.63046875 0.93125 0.0609375 0.021875
0 0.79140625 0.96171875 0.1734375 0.0359375
0 0.68828125 0.99140625 0.1265625 0.0171875
0 0.69140625 0.8359375 0.0875 0.04375
0 0.76171875 0.85 0.05 0.0234375
0 0.8328125 0.86015625 0.08125 0.0234375
0 0.91328125 0.865625 0.065625 0.0265625
0 0.6890625 0.87890625 0.0359375 0.01875
0 0.775 0.8828125 0.109375 0.03125
0 0.74921875 0.51953125 0.090625 0.03125
0 0.8234375 0.52421875 0.0390625 0.0265625
0 0.90234375 0.53046875 0.1015625 0.0328125