0 0.5921875 0.70625 0.1421875 0.05
0 0.29921875 0.5515625 0.1328125 0.046875
0 0.30234375 0.5328125 0.1359375 0.046875
0 0.303125 0.51484375 0.1375 0.05
0 0.440625 0.81484375 0.125 0.0484375
0 0.25859375 0.66015625 0.1109375 0.04375
0 0.30390625 0.490625 0.125 0.0484375
0 0.2734375 0.62890625 0.121875 0.0546875
0 0.46875 0.61953125 0.1171875 0.046875
0 0.4671875 0.73984375 0.1203125 0.0515625
0 0.30390625 0.4546875 0.1234375 0.0453125
0 0.50703125 0.41875 0.109375 0.0515625
0 0.6078125 0.8515625 0.1046875 0.0421875
0 0.5375 0.28671875 0.0953125 0.0484375
0 0.29765625 0.434375 0.1109375 0.05
0 0.5578125 0.821875 0.1203125 0.04375
0 0.3109375 0.396875 0.1171875 0.0421875
0 0.47421875 0.7609375 0.0984375 0.04375
0 0.4421875 0.6609375 0.0890625 0.040625
0 0.4046875 0.7890625 0.1078125 0.04375
0 0.30859375 0.475 0.1234375 0.04375
0 0.31796875 0.57734375 0.103125 0.0453125
0 0.5625 0.3671875 0.1046875 0.0421875
0 0.2390625 0.6765625 0.090625 0.0421875
0 0.28671875 0.41328125 0.0828125 0.0375
0 0.6734375 0.7859375 0.0796875 0.0421875
0 0.26953125 0.7859375 0.0953125 0.046875
0 0.46328125 0.68203125 0.0890625 0.040625
0 0.31328125 0.2359375 0.0734375 0.0359375
0 0.31484375 0.65078125 0.0859375 0.0390625
0 0.515625 0.65 0.0984375 0.0359375
0 0.6828125 0.45 0.078125 0.0375
0 0.62421875 0.66796875 0.0734375 0.0359375
0 0.32109375 0.61640625 0.1046875 0.053125
0 0.7625 0.41015625 0.075 0.04375
0 0.31015625 0.71484375 0.090625 0.0375
0 0.46328125 0.46875 0.06875 0.0375
0 0.42109375 0.53515625 0.0984375 0.0375
0 0.41015625 0.6953125 0.0640625 0.034375
0 0.53515625 0.44609375 0.078125 0.0421875
0 0.4953125 0.60703125 0.096875 0.0453125
0 0.471875 0.5859375 0.06875 0.0390625
0 0.46484375 0.525 0.0734375 0.028125
0 0.69140625 0.80859375 0.0953125 0.0390625
0 0.41171875 0.55078125 0.0828125 0.034375
0 0.29921875 0.28125 0.078125 0.04375
0 0.3703125 0.60625 0.0671875 0.0359375
0 0.6984375 0.64921875 0.0765625 0.034375
0 0.48125 0.72265625 0.0796875 0.0359375
0 0.6390625 0.36640625 0.071875 0.034375
0 0.6140625 0.753125 0.0859375 0.0359375
0 0.27265625 0.76484375 0.0796875 0.0375
0 0.48828125 0.709375 0.06875 0.0328125
0 0.37578125 0.2890625 0.0859375 0.034375
0 0.38984375 0.45234375 0.0703125 0.034375
0 0.61484375 0.7359375 0.059375 0.040625
0 0.34296875 0.81953125 0.0671875 0.0390625
0 0.3375 0.69765625 0.0921875 0.034375
0 0.73125 0.378125 0.084375 0.03125
0 0.6703125 0.46640625 0.0796875 0.034375
0 0.46328125 0.48515625 0.071875 0.0328125
0 0.55390625 0.71875 0.0640625 0.03125
0 0.64296875 0.40078125 0.078125 0.0328125
0 0.43046875 0.35859375 0.075 0.034375
0 0.4375 0.325 0.0640625 0.034375
0 0.41484375 0.396875 0.0578125 0.03125
0 0.4109375 0.8328125 0.0640625 0.03125
0 0.296875 0.35234375 0.0734375 0.0328125
0 0.3640625 0.840625 0.0703125 0.034375
0 0.34453125 0.38359375 0.0578125 0.0265625
0 0.50390625 0.5515625 0.0578125 0.025
0 0.40546875 0.56953125 0.0703125 0.0328125
0 0.371875 0.32890625 0.0671875 0.034375
0 0.475 0.8421875 0.0671875 0.0328125
0 0.28515625 0.80859375 0.05625 0.034375
0 0.3953125 0.5125 0.065625 0.034375
0 0.40234375 0.49140625 0.0671875 0.03125
0 0.35859375 0.30390625 0.0796875 0.0375
0 0.365625 0.73984375 0.0671875 0.034375
0 0.5046875 0.33515625 0.0578125 0.03125
0 0.39453125 0.25234375 0.06875 0.0359375
0 0.29453125 0.31484375 0.06875 0.0296875
0 0.184375 0.76953125 0.0546875 0.025
0 0.41640625 0.63125 0.059375 0.0296875
0 0.24765625 0.57734375 0.0515625 0.0234375
0 0.57421875 0.62109375 0.0390625 0.0234375
0 0.41171875 0.590625 0.059375 0.0296875
0 0.2796875 0.3734375 0.0515625 0.03125
0 0.4578125 0.271875 0.0546875 0.03125
0 0.3578125 0.34765625 0.0625 0.0265625
0 0.60078125 0.43359375 0.0515625 0.028125
0 0.74609375 0.47890625 0.053125 0.0296875
0 0.2265625 0.83046875 0.053125 0.03125
0 0.5609375 0.38515625 0.0578125 0.0296875
0 0.2328125 0.796875 0.05625 0.028125
0 0.6921875 0.728125 0.053125 0.028125
0 0.3953125 0.4734375 0.059375 0.0296875
0 0.5671875 0.78125 0.05 0.021875
0 0.6 0.7671875 0.0625 0.0296875
0 0.7078125 0.87265625 0.0546875 0.028125
0 0.23984375 0.6359375 0.04375 0.025
0 0.28125 0.72734375 0.053125 0.0265625
0 0.4625 0.42421875 0.046875 0.0265625
0 0.2234375 0.734375 0.0578125 0.0265625
0 0.5734375 0.34921875 0.0484375 0.028125
0 0.4921875 0.565625 0.053125 0.028125
0 0.3609375 0.759375 0.0625 0.0265625
0 0.1875 0.6859375 0.040625 0.0234375
0 0.63046875 0.6328125 0.0453125 0.021875
0 0.40625 0.41640625 0.0421875 0.0234375
0 0.240625 0.696875 0.0453125 0.021875
0 0.684375 0.70859375 0.040625 0.021875
0 0.6421875 0.3828125 0.0546875 0.0296875
0 0.3125 0.59375 0.053125 0.025
0 0.6953125 0.39375 0.0453125 0.0265625
0 0.27578125 0.8265625 0.0390625 0.025
0 0.234375 0.59609375 0.0453125 0.0203125
0 0.371875 0.64140625 0.0359375 0.0203125
0 0.4109375 0.7109375 0.0328125 0.0171875
0 0.2859375 0.29375 0.0515625 0.0234375
0 0.29609375 0.746875 0.04375 0.0265625
0 0.4640625 0.50390625 0.0484375 0.0234375
0 0.43515625 0.34375 0.0484375 0.0296875
0 0.26484375 0.234375 0.0296875 0.025
0 0.28671875 0.33125 0.0421875 0.0234375
0 0.19375 0.62421875 0.0296875 0.021875
0 0.22265625 0.81484375 0.0453125 0.0234375
0 0.353125 0.8 0.0375 0.021875
0 0.38828125 0.6640625 0.0359375 0.025
0 0.7296875 0.71875 0.0359375 0.0171875
0 0.50078125 0.37421875 0.034375 0.021875
0 0.43828125 0.30546875 0.0375 0.021875
0 0.190625 0.78515625 0.0296875 0.025
0 0.1875 0.80390625 0.0265625 0.021875
0 0.70703125 0.4125 0.034375 0.0265625
0 0.34765625 0.6765625 0.03125 0.0234375
0 0.48515625 0.3515625 0.0359375 0.025
0 0.2109375 0.75234375 0.0328125 0.0234375
0 0.6171875 0.78984375 0.03125 0.0203125
0 0.5484375 0.740625 0.028125 0.0203125
0 0.16015625 0.78359375 0.0296875 0.0203125
0 0.6921875 0.7453125 0.021875 0.0171875
0 0.215625 0.55078125 0.0359375 0.021875
0 0.28671875 0.84296875 0.0421875 0.0203125
0 0.603125 0.45390625 0.0328125 0.021875
0 0.54453125 0.75234375 0.0296875 0.025
0 0.23125 0.41875 0.021875 0.015625
0 0.22421875 0.71484375 0.0265625 0.01875
0 0.23671875 0.3609375 0.028125 0.01875
0 0.24453125 0.56015625 0.0265625 0.015625
0 0.5359375 0.8359375 0.0234375 0.01875
0 0.2484375 0.2859375 0.025 0.0171875
0 0.378125 0.7234375 0.0203125 0.0203125
0 0.33203125 0.77578125 0.021875 0.0171875
0 0.25234375 0.2671875 0.01875 0.0140625
0 0.72734375 0.73046875 0.015625 0.015625
0 0.67734375 0.8625 0.009375 0.01875
0 0.25 0.82109375 0.01875 0.0140625
0 0.48671875 0.80390625 0.0078125 0.0125
0 0.259375 0.8375 0.0140625 0.0109375
0 0.3 0.67890625 0.0484375 0.025
0 0.340625 0.6875 0.0234375 0.015625
0 0.309375 0.77109375 0.021875 0.0171875
0 0.325 0.79375 0.0234375 0.015625
0 0.51171875 0.83125 0.0234375 0.0171875
0 0.465625 0.80078125 0.021875 0.015625
0 0.665625 0.86171875 0.0203125 0.0171875