0 0.71875 0.16171875 0.0265625 0.0125
0 0.72578125 0.1875 0.0421875 0.015625
0 0.41875 0.1890625 0.1109375 0.0453125
0 0.15 0.2828125 0.1078125 0.0421875
0 0.16015625 0.3109375 0.0984375 0.034375
0 0.1828125 0.3640625 0.16875 0.0546875
0 0.146875 0.43125 0.1 0.05625
0 0.45078125 0.32265625 0.16875 0.0515625
0 0.47421875 0.3546875 0.0953125 0.03125
0 0.45859375 0.4203125 0.165625 0.0625
0 0.48046875 0.465625 0.1953125 0.0515625
0 0.78359375 0.3359375 0.1265625 0.0453125
0 0.78203125 0.3671875 0.0921875 0.040625
0 0.815625 0.42109375 0.184375 0.05625
0 0.8078125 0.4921875 0.1015625 0.0515625
0 0.56015625 0.55625 0.0625 0.0546875
0 0.30859375 0.58671875 0.115625 0.040625
0 0.465625 0.603125 0.0734375 0.0328125
0 0.8984375 0.6515625 0.1171875 0.0328125
0 0.3703125 0.6171875 0.1015625 0.0359375
0 0.0875 0.64140625 0.03125 0.0328125
0 0.2921875 0.66171875 0.0734375 0.028125
0 0.49296875 0.675 0.059375 0.034375
0 0.69375 0.6890625 0.06875 0.040625
0 0.8609375 0.71171875 0.0609375 0.04375
0 0.12578125 0.7171875 0.046875 0.021875
0 0.25859375 0.73125 0.053125 0.0296875
0 0.43984375 0.74375 0.046875 0.0234375