0 0.03984375 0.1953125 0.0796875 0.05625
0 0.11015625 0.2015625 0.1765625 0.0765625
0 0.34453125 0.1109375 0.1859375 0.084375
0 0.50390625 0.06796875 0.1296875 0.0734375
0 0.03828125 0.2796875 0.0765625 0.0375
0 0.1984375 0.2234375 0.2078125 0.1015625
0 0.46640625 0.153125 0.33125 0.1421875
0 0.04140625 0.328125 0.0609375 0.03125
0 0.16640625 0.28671875 0.1375 0.075
0 0.4328125 0.2234375 0.0796875 0.0390625
0 0.57109375 0.18671875 0.18125 0.1
0 0.08828125 0.36875 0.10625 0.05
0 0.1984375 0.33828125 0.1109375 0.0453125
0 0.12734375 0.3953125 0.1296875 0.0703125
0 0.28046875 0.35390625 0.1046875 0.075
0 0.0875 0.46953125 0.0515625 0.034375
0 0.14296875 0.45390625 0.0703125 0.0421875
0 0.19765625 0.43828125 0.04375 0.03125
0 0.24765625 0.4234375 0.0546875 0.034375
0 0.33046875 0.40234375 0.1125 0.05
0 0.15859375 0.4984375 0.1671875 0.090625
0 0.39921875 0.41953125 0.3125 0.14375
0 0.13515625 0.56484375 0.1203125 0.0671875
0 0.2125 0.53828125 0.028125 0.0359375
0 0.253125 0.52734375 0.0796875 0.046875
0 0.35703125 0.5046875 0.1578125 0.06875
0 0.478125 0.46640625 0.096875 0.053125
0 0.32421875 0.59921875 0.2328125 0.1453125
0 0.490625 0.54609375 0.121875 0.0703125
0 0.25234375 0.68359375 0.146875 0.08125
0 0.3921875 0.646875 0.134375 0.0796875
0 0.49921875 0.61796875 0.128125 0.0890625
0 0.60390625 0.57578125 0.10625 0.0703125
0 0.74765625 0.5484375 0.1453125 0.1125
0 0.18984375 0.815625 0.0546875 0.05625
0 0.346875 0.77265625 0.28125 0.1203125
0 0.5703125 0.7078125 0.1734375 0.090625
0 0.678125 0.678125 0.0484375 0.05
0 0.77265625 0.6515625 0.125 0.065625
0 0.33828125 0.83359375 0.1703125 0.0921875
0 0.4625 0.796875 0.075 0.0515625
0 0.5734375 0.77421875 0.1265625 0.084375
0 0.69296875 0.73203125 0.125 0.0734375
0 0.390625 0.87421875 0.1328125 0.08125
0 0.53984375 0.83359375 0.171875 0.096875
0 0.39296875 0.99453125 0.0546875 0.0109375
0 0.83203125 0.5109375 0.0578125 0.0359375
0 0.1328125 0.16953125 0.053125 0.0328125