0 0.2484375 0.028125 0.090625 0.0515625
0 0.55859375 0.1 0.18125 0.0734375
0 0.71640625 0.13359375 0.128125 0.06875
0 0.31171875 0.06796875 0.175 0.06875
0 0.2125 0.096875 0.0796875 0.034375
0 0.34609375 0.1234375 0.16875 0.06875
0 0.57578125 0.175 0.2578125 0.096875
0 0.19140625 0.140625 0.0640625 0.0296875
0 0.3515625 0.17890625 0.1609375 0.08125
0 0.58203125 0.234375 0.065625 0.03125
0 0.71484375 0.26484375 0.1625 0.0671875
0 0.21328125 0.19765625 0.1 0.0421875
0 0.321875 0.22421875 0.109375 0.0390625
0 0.234375 0.2421875 0.1140625 0.053125
0 0.365625 0.27421875 0.096875 0.0546875
0 0.1640625 0.28359375 0.046875 0.0328125
0 0.2171875 0.29765625 0.0609375 0.034375
0 0.27421875 0.30859375 0.0453125 0.028125
0 0.32421875 0.3203125 0.0546875 0.028125
0 0.40703125 0.34140625 0.1078125 0.0421875
0 0.26328125 0.35234375 0.2046875 0.0765625
0 0.446875 0.3875 0.1203125 0.0546875
0 0.60234375 0.42421875 0.1828125 0.0734375
0 0.1578125 0.38671875 0.115625 0.0625
0 0.23359375 0.4015625 0.0234375 0.0328125
0 0.2765625 0.4125 0.0734375 0.04375
0 0.3859375 0.4421875 0.1484375 0.059375
0 0.503125 0.4671875 0.0921875 0.04375
0 0.23046875 0.4703125 0.240625 0.11875
0 0.446875 0.50078125 0.1828125 0.0890625
0 0.13203125 0.5796875 0.0890625 0.078125
0 0.24609375 0.60390625 0.1515625 0.1140625
0 0.37421875 0.6234375 0.1171875 0.0703125
0 0.50546875 0.646875 0.134375 0.078125
0 0.6265625 0.675 0.125 0.0984375
0 0.125 0.63046875 0.096875 0.0640625
0 0.28046875 0.66796875 0.2234375 0.1109375
0 0.43828125 0.6875 0.0890625 0.0578125
0 0.57734375 0.728125 0.1703125 0.1046875
0 0.23984375 0.70546875 0.190625 0.084375
0 0.375 0.725 0.0375 0.053125
0 0.040625 0.7625 0.04375 0.0375
0 0.10390625 0.778125 0.0640625 0.046875
0 0.21015625 0.825 0.1265625 0.0984375
0 0.30234375 0.83359375 0.075 0.0453125
0 0.4125 0.85703125 0.1203125 0.0640625
0 0.55 0.88203125 0.1421875 0.0671875
0 0.68203125 0.90625 0.1140625 0.05625
0 0.0390625 0.79453125 0.0734375 0.046875
0 0.14296875 0.82734375 0.1203125 0.0578125
0 0.3203125 0.8765625 0.215625 0.0875
0 0.4671875 0.9046875 0.0453125 0.0484375
0 0.56328125 0.9234375 0.1234375 0.071875
0 0.0828125 0.8421875 0.1515625 0.075
0 0.20390625 0.875 0.078125 0.05
0 0.3328125 0.90703125 0.175 0.06875
0 0.5265625 0.953125 0.2140625 0.078125
0 0.0375 0.86328125 0.075 0.0390625
0 0.1046875 0.884375 0.0625 0.0265625
0 0.16328125 0.89921875 0.05 0.0234375
0 0.34609375 0.05078125 0.0421875 0.025