0 0.37421875 0.10390625 0.1671875 0.040625
0 0.56796875 0.103125 0.1921875 0.0515625
0 0.24453125 0.1671875 0.0453125 0.0359375
0 0.3609375 0.15625 0.0765625 0.040625
0 0.4671875 0.15234375 0.0875 0.04375
0 0.66484375 0.1578125 0.08125 0.0359375
0 0.784375 0.14765625 0.1109375 0.0546875
0 0.2484375 0.221875 0.04375 0.028125
0 0.3890625 0.21640625 0.0859375 0.05
0 0.47421875 0.2125 0.06875 0.0421875
0 0.55 0.215625 0.034375 0.03125
0 0.66015625 0.21171875 0.09375 0.0421875
0 0.80234375 0.2 0.0921875 0.0421875
0 0.14296875 0.3109375 0.11875 0.04375
0 0.26953125 0.315625 0.0703125 0.053125
0 0.3625 0.29921875 0.065625 0.028125
0 0.4328125 0.3015625 0.040625 0.04375
0 0.64453125 0.29296875 0.0859375 0.0328125
0 0.740625 0.2890625 0.0734375 0.028125
0 0.096875 0.3921875 0.0390625 0.04375
0 0.275 0.38125 0.09375 0.0359375
0 0.403125 0.37890625 0.13125 0.0421875
0 0.53984375 0.3671875 0.1078125 0.034375
0 0.63359375 0.365625 0.040625 0.021875
0 0.171875 0.4578125 0.16875 0.053125
0 0.2875 0.4453125 0.034375 0.0265625
0 0.3609375 0.43671875 0.05625 0.028125
0 0.51796875 0.44140625 0.190625 0.040625
0 0.7125 0.42578125 0.128125 0.0390625
0 0.13359375 0.51875 0.09375 0.0328125
0 0.2421875 0.515625 0.0875 0.0265625
0 0.33125 0.50703125 0.0546875 0.0421875
0 0.453125 0.50390625 0.146875 0.0484375
0 0.58984375 0.4875 0.0796875 0.0265625
0 0.11328125 0.575 0.059375 0.0296875
0 0.1859375 0.57109375 0.053125 0.0265625
0 0.3453125 0.565625 0.053125 0.046875
0 0.41953125 0.56171875 0.078125 0.0359375
0 0.50625 0.54375 0.0609375 0.03125
0 0.6453125 0.53984375 0.1859375 0.053125
0 0.11953125 0.6328125 0.0546875 0.0265625
0 0.21171875 0.6234375 0.0828125 0.0296875
0 0.30703125 0.61875 0.0875 0.021875
0 0.41484375 0.61171875 0.084375 0.025
0 0.4984375 0.609375 0.0453125 0.01875
0 0.57578125 0.59765625 0.0796875 0.0453125
0 0.6359375 0.59375 0.028125 0.021875
0 0.728125 0.5921875 0.14375 0.0390625
0 0.13984375 0.72734375 0.0890625 0.0234375
0 0.2125 0.72265625 0.0375 0.0203125
0 0.51328125 0.7140625 0.184375 0.0234375
0 0.76328125 0.70703125 0.0734375 0.01875
0 0.1515625 0.79140625 0.1140625 0.04375
0 0.459375 0.7828125 0.040625 0.0359375
0 0.5921875 0.7703125 0.10625 0.05
0 0.3015625 0.84140625 0.121875 0.03125
0 0.4171875 0.83828125 0.0953125 0.0328125
0 0.5 0.83828125 0.0609375 0.0328125
0 0.1765625 0.8921875 0.1578125 0.0453125
0 0.3046875 0.88046875 0.078125 0.0328125
0 0.41328125 0.8734375 0.0953125 0.0265625
0 0.48515625 0.86875 0.0296875 0.0234375
0 0.56796875 0.86328125 0.1015625 0.0328125
0 0.73046875 0.85390625 0.040625 0.034375
0 0.4640625 0.90234375 0.0796875 0.0265625
0 0.59296875 0.89765625 0.140625 0.034375
0 0.559375 0.15703125 0.03125 0.0328125
0 0.52890625 0.303125 0.109375 0.059375
0 0.1703125 0.3828125 0.0671875 0.03125
0 0.659375 0.48125 0.0484375 0.0234375
0 0.27109375 0.56640625 0.0828125 0.0265625
0 0.2671875 0.7234375 0.0578125 0.021875
0 0.22109375 0.7859375 0.0140625 0.028125
0 0.2671875 0.7859375 0.0578125 0.0296875
0 0.36875 0.78046875 0.1296875 0.03125
0 0.10234375 0.84765625 0.0125 0.0265625
0 0.17578125 0.84609375 0.115625 0.0296875
0 0.30078125 0.1671875 0.0578125 0.03125
0 0.596875 0.15859375 0.0375 0.025
0 0.31171875 0.21953125 0.053125 0.028125
0 0.59296875 0.2125 0.0484375 0.028125