0 0.33046875 0.12265625 0.0859375 0.0375
0 0.54921875 0.121875 0.175 0.0234375
0 0.2203125 0.15703125 0.0578125 0.021875
0 0.31953125 0.1625 0.1125 0.025
0 0.21328125 0.19375 0.053125 0.021875
0 0.33984375 0.203125 0.11875 0.04375
0 0.56484375 0.1984375 0.05 0.025
0 0.6875 0.20078125 0.1140625 0.0265625
0 0.2296875 0.23203125 0.065625 0.025
0 0.29921875 0.234375 0.071875 0.0234375
0 0.36171875 0.28359375 0.06875 0.01875
0 0.5296875 0.2890625 0.046875 0.021875
0 0.16796875 0.453125 0.0296875 0.01875
0 0.22265625 0.45234375 0.075 0.01875
0 0.30390625 0.45546875 0.0796875 0.021875
0 0.371875 0.45390625 0.05 0.01875
0 0.446875 0.4640625 0.071875 0.028125
0 0.59453125 0.47421875 0.0625 0.040625
0 0.72421875 0.4640625 0.115625 0.05
0 0.259375 0.503125 0.18125 0.028125
0 0.48515625 0.50625 0.1125 0.025
0 0.60703125 0.51015625 0.053125 0.01875
0 0.6796875 0.5109375 0.0375 0.01875
0 0.75859375 0.50859375 0.046875 0.021875
0 0.409375 0.53828125 0.08125 0.01875
0 0.5015625 0.5390625 0.1 0.0203125
0 0.190625 0.5640625 0.1125 0.034375
0 0.33828125 0.57578125 0.08125 0.0265625
0 0.4640625 0.57734375 0.0875 0.025
0 0.57578125 0.5765625 0.040625 0.021875
0 0.696875 0.58203125 0.078125 0.034375
0 0.13046875 0.61015625 0.03125 0.021875
0 0.28671875 0.61015625 0.1796875 0.025
0 0.52578125 0.621875 0.196875 0.034375
0 0.66953125 0.62265625 0.0515625 0.021875
0 0.76640625 0.62265625 0.071875 0.0265625
0 0.1609375 0.65 0.0953125 0.03125
0 0.29609375 0.653125 0.046875 0.021875
0 0.41171875 0.6546875 0.096875 0.0375
0 0.5546875 0.66015625 0.1390625 0.028125
0 0.12109375 0.69375 0.0359375 0.0296875
0 0.24609375 0.71015625 0.121875 0.034375
0 0.38359375 0.70625 0.10625 0.0265625
0 0.5015625 0.70703125 0.0625 0.021875
0 0.63125 0.7125 0.11875 0.0296875
0 0.7609375 0.71953125 0.078125 0.025
0 0.18515625 0.75 0.159375 0.034375
0 0.38828125 0.753125 0.153125 0.03125
0 0.5515625 0.7578125 0.103125 0.0265625
0 0.11015625 0.78671875 0.046875 0.0234375
0 0.15703125 0.78828125 0.040625 0.028125
0 0.2390625 0.7921875 0.06875 0.0234375
0 0.3859375 0.79921875 0.1375 0.0328125
0 0.51796875 0.80078125 0.05 0.028125
0 0.6625 0.7984375 0.18125 0.046875
0 0.096875 0.821875 0.0421875 0.025
0 0.196875 0.83125 0.1234375 0.025
0 0.32890625 0.84140625 0.05 0.025
0 0.43203125 0.83984375 0.090625 0.01875
0 0.54765625 0.8359375 0.125 0.028125
0 0.103125 0.86640625 0.059375 0.0234375
0 0.1890625 0.86953125 0.09375 0.034375
0 0.3171875 0.87265625 0.0828125 0.025
0 0.44296875 0.8734375 0.08125 0.0296875
0 0.553125 0.871875 0.075 0.028125
0 0.64765625 0.87890625 0.04375 0.021875
0 0.74921875 0.875 0.15 0.03125
0 0.43046875 0.12265625 0.040625 0.0203125