0 0.16328125 0.56953125 0.225 0.1203125
0 0.28515625 0.50234375 0.0890625 0.0578125
0 0.365625 0.46328125 0.046875 0.0359375
0 0.46953125 0.409375 0.1703125 0.1171875
0 0.6109375 0.35625 0.0734375 0.040625
0 0.74296875 0.296875 0.1875 0.0859375
0 0.321875 0.59296875 0.2234375 0.1015625
0 0.63203125 0.47109375 0.3984375 0.1921875
0 0.36953125 0.6921875 0.246875 0.109375
0 0.6546875 0.58203125 0.2875 0.1546875
0 0.875 0.48515625 0.1453125 0.0953125
0 0.44921875 0.76015625 0.234375 0.1046875
0 0.6953125 0.6734375 0.253125 0.115625
0 0.90625 0.603125 0.121875 0.0875
0 0.571875 0.8359375 0.2640625 0.1015625
0 0.8203125 0.74609375 0.2140625 0.1046875