0 0.2421875 0.0484375 0.10625 0.0953125
0 0.35078125 0.046875 0.1 0.0921875
0 0.46796875 0.053125 0.11875 0.10625
0 0.58046875 0.06875 0.096875 0.0953125
0 0.6734375 0.090625 0.053125 0.0515625
0 0.784375 0.0859375 0.140625 0.1046875
0 0.93203125 0.09453125 0.11875 0.09375
0 0.13359375 0.20390625 0.128125 0.1
0 0.2640625 0.21171875 0.1171875 0.084375
0 0.4015625 0.23046875 0.13125 0.0953125
0 0.5453125 0.24765625 0.1171875 0.109375
0 0.66953125 0.26328125 0.1140625 0.084375
0 0.76484375 0.2703125 0.0796875 0.0734375
0 0.88671875 0.27734375 0.10625 0.0671875
0 0.9859375 0.278125 0.028125 0.065625
0 0.08984375 0.34609375 0.0609375 0.0859375
0 0.19609375 0.35625 0.0875 0.103125
0 0.31796875 0.3734375 0.08125 0.071875
0 0.490625 0.38984375 0.1875 0.1
0 0.6890625 0.4 0.1875 0.09375
0 0.82890625 0.43203125 0.046875 0.0375
0 0.89296875 0.43359375 0.0765625 0.059375
0 0.98359375 0.4390625 0.0328125 0.0625
0 0.09921875 0.496875 0.121875 0.09375
0 0.21484375 0.51328125 0.078125 0.084375
0 0.31328125 0.5375 0.1015625 0.065625
0 0.41328125 0.53828125 0.040625 0.0515625
0 0.49765625 0.54609375 0.1328125 0.1203125
0 0.6390625 0.55 0.1265625 0.08125
0 0.72578125 0.55625 0.0515625 0.0765625
0 0.81875 0.584375 0.0875 0.071875
0 0.91953125 0.59921875 0.0859375 0.06875
0 0.09140625 0.65703125 0.1703125 0.1203125
0 0.26171875 0.67734375 0.109375 0.121875
0 0.3953125 0.6796875 0.1578125 0.1125
0 0.53359375 0.6984375 0.1109375 0.0953125
0 0.69609375 0.7 0.18125 0.10625
0 0.84765625 0.7171875 0.1 0.0703125
0 0.95390625 0.70703125 0.0640625 0.06875
0 0.01953125 0.78671875 0.0390625 0.0515625
0 0.11953125 0.8171875 0.1171875 0.121875
0 0.2671875 0.81171875 0.14375 0.08125
0 0.4125 0.815625 0.08125 0.078125
0 0.51640625 0.853125 0.090625 0.0578125
0 0.6734375 0.846875 0.16875 0.0796875
0 0.88125 0.87734375 0.18125 0.1109375
0 0.1546875 0.93203125 0.278125 0.103125
0 0.3984375 0.96171875 0.1609375 0.0765625
0 0.55859375 0.9640625 0.1203125 0.071875
0 0.72734375 0.9765625 0.1859375 0.046875
0 0.90078125 0.9828125 0.0984375 0.034375