0 0.1015625 0.1703125 0.109375 0.0484375
0 0.28125 0.17109375 0.225 0.0859375
0 0.48359375 0.14921875 0.1375 0.0625
0 0.60390625 0.153125 0.05625 0.0390625
0 0.73984375 0.14453125 0.1796875 0.09375
0 0.884375 0.14140625 0.1 0.04375
0 0.09921875 0.25703125 0.1171875 0.08125
0 0.2609375 0.23671875 0.1890625 0.0625
0 0.43671875 0.22734375 0.18125 0.084375
0 0.58671875 0.21796875 0.1421875 0.065625
0 0.71953125 0.21640625 0.084375 0.0546875
0 0.84296875 0.2125 0.1421875 0.0609375
0 0.125 0.33828125 0.140625 0.0953125
0 0.253125 0.30625 0.125 0.0640625
0 0.0296875 0.18125 0.0140625 0.0078125