0 0.11015625 0.1484375 0.13125 0.0640625
0 0.28671875 0.16328125 0.1109375 0.0671875
0 0.48671875 0.12890625 0.15625 0.0546875
0 0.659375 0.1359375 0.0875 0.03125
0 0.80625 0.12109375 0.1015625 0.0546875
0 0.1078125 0.2484375 0.1453125 0.0640625
0 0.28359375 0.24140625 0.0875 0.0515625
0 0.39453125 0.2375 0.1046875 0.0625
0 0.5390625 0.25625 0.090625 0.0578125
0 0.69375 0.2328125 0.1328125 0.053125
0 0.82265625 0.234375 0.1171875 0.046875
0 0.07421875 0.3625 0.0921875 0.0625
0 0.215625 0.34140625 0.134375 0.0578125
0 0.37890625 0.33828125 0.090625 0.05
0 0.54765625 0.34453125 0.1515625 0.0515625
0 0.71796875 0.3421875 0.1078125 0.053125
0 0.83671875 0.3484375 0.1359375 0.053125
0 0.115625 0.446875 0.1375 0.053125
0 0.29765625 0.45546875 0.103125 0.053125
0 0.4640625 0.44921875 0.1140625 0.0359375
0 0.63515625 0.44609375 0.134375 0.0609375
0 0.76875 0.459375 0.084375 0.0328125
0 0.1046875 0.5515625 0.1015625 0.0515625
0 0.25625 0.55234375 0.1234375 0.034375
0 0.45234375 0.53671875 0.203125 0.0625