0 0.17890625 0.08828125 0.065625 0.025
0 0.21875 0.08984375 0.0109375 0.0234375
0 0.2484375 0.090625 0.040625 0.021875
0 0.31640625 0.09453125 0.0828125 0.025
0 0.378125 0.09765625 0.028125 0.021875
0 0.25546875 0.15234375 0.153125 0.05
0 0.184375 0.246875 0.0625 0.025
0 0.221875 0.24765625 0.0078125 0.021875
0 0.24921875 0.24921875 0.0375 0.0203125
0 0.31015625 0.25546875 0.0796875 0.0265625
0 0.37578125 0.25625 0.0546875 0.021875
0 0.23828125 0.29296875 0.190625 0.0375
0 0.22109375 0.38046875 0.11875 0.0953125
0 0.32265625 0.37734375 0.0265625 0.021875
0 0.45 0.38828125 0.1015625 0.0390625
0 0.13359375 0.47421875 0.05 0.0296875
0 0.2234375 0.48828125 0.103125 0.0328125
0 0.36171875 0.50234375 0.04375 0.0234375
0 0.459375 0.51796875 0.08125 0.0375
0 0.56875 0.5296875 0.040625 0.034375
0 0.65625 0.53046875 0.053125 0.025
0 0.74765625 0.53046875 0.0578125 0.0359375
0 0.21953125 0.55078125 0.1078125 0.0265625
0 0.37890625 0.57109375 0.046875 0.0234375
0 0.46953125 0.59296875 0.028125 0.0421875
0 0.503125 0.5828125 0.021875 0.0140625
0 0.575 0.58828125 0.034375 0.0390625
0 0.1859375 0.625 0.1859375 0.0625
0 0.10625 0.659375 0.053125 0.028125
0 0.25234375 0.6796875 0.128125 0.0296875
0 0.45859375 0.70625 0.2046875 0.053125
0 0.68046875 0.7203125 0.1109375 0.034375
0 0.18046875 0.70546875 0.1890625 0.0484375
0 0.37734375 0.728125 0.0859375 0.0296875
0 0.56171875 0.75 0.1609375 0.04375
0 0.7625 0.75859375 0.178125 0.059375
0 0.1234375 0.7484375 0.103125 0.03125
0 0.23984375 0.7609375 0.071875 0.040625
0 0.0875 0.790625 0.046875 0.021875
0 0.178125 0.8015625 0.1171875 0.034375
0 0.325 0.815625 0.0796875 0.0375
0 0.45 0.82109375 0.071875 0.025
0 0.5984375 0.82265625 0.10625 0.0296875
0 0.759375 0.8328125 0.171875 0.040625
0 0.0703125 0.825 0.05625 0.0265625
0 0.17421875 0.83671875 0.1109375 0.040625
0 0.353125 0.85234375 0.0859375 0.028125
0 0.50390625 0.86015625 0.08125 0.025
0 0.7109375 0.86484375 0.2328125 0.04375