0 0.553125 0.18203125 0.21875 0.078125
0 0.14140625 0.25234375 0.0859375 0.0578125
0 0.22734375 0.26171875 0.0703125 0.0578125
0 0.3484375 0.28203125 0.175 0.1203125
0 0.59140625 0.3015625 0.1171875 0.0640625
0 0.13984375 0.38046875 0.1046875 0.059375
0 0.28203125 0.42265625 0.2 0.1234375
0 0.5703125 0.421875 0.334375 0.146875
0 0.809375 0.421875 0.1125 0.1078125
0 0.9171875 0.43046875 0.103125 0.0859375
0 0.0984375 0.50703125 0.0515625 0.05625
0 0.34921875 0.5328125 0.3828125 0.1765625
0 0.1078125 0.6390625 0.096875 0.0609375
0 0.365625 0.6484375 0.4125 0.1546875
0 0.58984375 0.68046875 0.1546875 0.0671875
0 0.7171875 0.6984375 0.0953125 0.1109375
0 0.796875 0.696875 0.0546875 0.046875
0 0.859375 0.69140625 0.075 0.0625
0 0.13984375 0.7828125 0.196875 0.0921875
0 0.55 0.80625 0.5421875 0.11875