0 0.10625 0.09296875 0.071875 0.0359375
0 0.15 0.0890625 0.009375 0.0265625
0 0.1828125 0.0859375 0.0453125 0.028125
0 0.25390625 0.0796875 0.090625 0.0328125
0 0.3203125 0.07265625 0.03125 0.028125
0 0.109375 0.16640625 0.0703125 0.05625
0 0.27109375 0.14921875 0.1875 0.0625
0 0.14140625 0.265625 0.065625 0.028125
0 0.18203125 0.2609375 0.00625 0.0171875
0 0.20859375 0.25703125 0.0375 0.021875
0 0.2734375 0.25390625 0.08125 0.0296875
0 0.34453125 0.24609375 0.05625 0.0234375
0 0.46015625 0.25546875 0.0828125 0.046875
0 0.54921875 0.23125 0.078125 0.0796875
0 0.63046875 0.23125 0.0265625 0.01875
0 0.7171875 0.2296875 0.109375 0.0953125
0 0.17578125 0.30703125 0.1515625 0.0625
0 0.16875 0.365625 0.1625 0.059375
0 0.3234375 0.34921875 0.084375 0.0515625
0 0.49609375 0.33984375 0.196875 0.0765625
0 0.64296875 0.31640625 0.0515625 0.0515625
0 0.759375 0.3015625 0.13125 0.0640625
0 0.20625 0.41640625 0.215625 0.0734375
0 0.4 0.3875 0.1328125 0.053125
0 0.65078125 0.38203125 0.2703125 0.078125
0 0.2328125 0.45625 0.246875 0.0765625
0 0.2125 0.5875 0.20625 0.0890625
0 0.17890625 0.6625 0.1265625 0.0578125
0 0.365625 0.653125 0.2046875 0.0828125
0 0.58046875 0.6328125 0.165625 0.0734375
0 0.69296875 0.615625 0.0890625 0.0625
0 0.2265625 0.709375 0.225 0.0578125
0 0.44921875 0.70703125 0.096875 0.078125
0 0.621875 0.6875 0.1609375 0.0875
0 0.7984375 0.659375 0.1265625 0.0609375
0 0.24765625 0.78671875 0.2625 0.0875
0 0.5984375 0.74609375 0.3765625 0.125
0 0.2453125 0.8171875 0.265625 0.075