0 0.05625 0.8625 0.046875 0.053125
0 0.296875 0.03203125 0.0203125 0.0234375
0 0.07890625 0.11015625 0.05 0.0375
0 0.1171875 0.1 0.0296875 0.03125
0 0.13515625 0.09765625 0.0140625 0.0203125
0 0.1671875 0.09296875 0.05 0.0375
0 0.2328125 0.08671875 0.08125 0.0328125
0 0.29921875 0.0765625 0.0484375 0.03125
0 0.33359375 0.07421875 0.0234375 0.028125
0 0.36171875 0.0765625 0.0375 0.028125
0 0.4234375 0.06640625 0.0859375 0.034375
0 0.48046875 0.06484375 0.0234375 0.028125
0 0.5078125 0.0625 0.0296875 0.028125
0 0.5640625 0.0578125 0.0890625 0.0375
0 0.62890625 0.05390625 0.0484375 0.0296875
0 0.675 0.04921875 0.0421875 0.034375
0 0.7109375 0.04765625 0.034375 0.028125
0 0.109375 0.19140625 0.0984375 0.046875
0 0.1984375 0.16171875 0.0765625 0.059375
0 0.2875 0.17578125 0.1015625 0.0640625
0 0.37265625 0.15859375 0.0375 0.0484375
0 0.43125 0.13984375 0.0453125 0.059375
0 0.4859375 0.13671875 0.0359375 0.0515625
0 0.57421875 0.13203125 0.1125 0.0609375
0 0.659375 0.12421875 0.0453125 0.0515625
0 0.09140625 0.24296875 0.0328125 0.0375
0 0.15 0.22421875 0.078125 0.059375
0 0.21171875 0.23203125 0.0328125 0.053125
0 0.253125 0.2203125 0.028125 0.040625
0 0.30234375 0.21796875 0.05 0.0453125
0 0.37734375 0.2046875 0.0734375 0.0546875
0 0.446875 0.2015625 0.0296875 0.0578125
0 0.53671875 0.196875 0.1140625 0.06875
0 0.63203125 0.18359375 0.0484375 0.053125
0 0.71328125 0.18046875 0.09375 0.053125
0 0.1140625 0.309375 0.0828125 0.034375
0 0.1984375 0.2890625 0.078125 0.0703125
0 0.31640625 0.27578125 0.1125 0.0625
0 0.41953125 0.26484375 0.05 0.0453125
0 0.4796875 0.2640625 0.0375 0.04375
0 0.56484375 0.25625 0.075 0.05
0 0.634375 0.24375 0.021875 0.034375
0 0.70234375 0.24609375 0.075 0.0578125
0 0.1296875 0.35859375 0.1046875 0.0421875
0 0.23671875 0.33203125 0.0984375 0.0484375
0 0.34453125 0.3234375 0.071875 0.0453125
0 0.42734375 0.32109375 0.065625 0.059375
0 0.509375 0.315625 0.0609375 0.0546875
0 0.1078125 0.446875 0.046875 0.0296875
0 0.17265625 0.43984375 0.08125 0.0359375
0 0.25 0.43046875 0.0734375 0.0328125
0 0.32578125 0.4234375 0.065625 0.0375
0 0.37734375 0.41875 0.034375 0.028125
0 0.4265625 0.41640625 0.0625 0.028125
0 0.4703125 0.41015625 0.021875 0.0265625
0 0.496875 0.4078125 0.0328125 0.028125
0 0.5328125 0.40546875 0.040625 0.03125
0 0.56484375 0.40234375 0.0234375 0.0265625
0 0.609375 0.39921875 0.0671875 0.0328125
0 0.65546875 0.39453125 0.01875 0.0296875
0 0.6796875 0.3921875 0.0265625 0.028125
0 0.7125 0.3890625 0.0421875 0.034375
0 0.128125 0.4984375 0.0765625 0.0296875
0 0.19375 0.48671875 0.0453125 0.05625
0 0.25078125 0.48515625 0.0390625 0.040625
0 0.35703125 0.46875 0.09375 0.0578125
0 0.47265625 0.46015625 0.0796875 0.0515625
0 0.54140625 0.45390625 0.04375 0.0546875
0 0.64296875 0.4484375 0.11875 0.0578125
0 0.11171875 0.55 0.0265625 0.0484375
0 0.15390625 0.5453125 0.0296875 0.0453125
0 0.2078125 0.54375 0.05625 0.0484375
0 0.27421875 0.5421875 0.0390625 0.0453125
0 0.37109375 0.52734375 0.1078125 0.0671875
0 0.49296875 0.525 0.0828125 0.0578125
0 0.5875 0.51171875 0.0640625 0.05
0 0.68046875 0.5015625 0.090625 0.0640625
0 0.12421875 0.615625 0.05 0.0328125
0 0.159375 0.61171875 0.015625 0.028125
0 0.1890625 0.6 0.05 0.0484375
0 0.7640625 0.0453125 0.0765625 0.03125
0 0.73125 0.125 0.0578125 0.0453125
0 0.8125 0.125 0.0703125 0.0546875
0 0.7921875 0.18046875 0.0765625 0.0453125
0 0.85390625 0.1828125 0.0703125 0.0515625
0 0.78828125 0.328125 0.0296875 0.028125
0 0.02421875 0.13046875 0.01875 0.0296875
0 0.05625 0.45625 0.0203125 0.03125
0 0.084375 0.75546875 0.0171875 0.025
0 0.13125 0.6734375 0.05 0.0296875
0 0.16328125 0.671875 0.0203125 0.025
0 0.19765625 0.66484375 0.046875 0.04375
0 0.12890625 0.75625 0.0265625 0.028125
0 0.16953125 0.7578125 0.0578125 0.03125
0 0.21015625 0.75546875 0.025 0.0265625
0 0.240625 0.753125 0.0359375 0.028125
0 0.2671875 0.75234375 0.0171875 0.025
0 0.284375 0.75390625 0.0171875 0.021875
0 0.321875 0.746875 0.0625 0.0296875
0 0.3890625 0.74296875 0.075 0.0359375
0 0.45859375 0.73671875 0.0671875 0.0359375
0 0.51484375 0.73125 0.0453125 0.0328125
0 0.5453125 0.7265625 0.021875 0.0296875
0 0.57890625 0.72421875 0.0546875 0.028125
0 0.6171875 0.721875 0.0234375 0.03125
0 0.12421875 0.7859375 0.0171875 0.0265625
0 0.1484375 0.78671875 0.0359375 0.0328125
0 0.771875 0.38828125 0.078125 0.03125
0 0.77421875 0.43125 0.0921875 0.053125
0 0.740625 0.003125 0.028125 0.00625
0 0.82109375 0.6421875 0.0265625 0.0265625
0 0.64296875 0.71640625 0.0296875 0.0296875
0 0.7 0.71015625 0.0890625 0.0328125
0 0.76328125 0.7046875 0.040625 0.028125
0 0.8015625 0.7015625 0.0390625 0.028125
0 0.85859375 0.69453125 0.078125 0.0328125
0 0.86875 0.7890625 0.078125 0.05
0 0.8046875 0.790625 0.040625 0.03125
0 0.7609375 0.79609375 0.0234375 0.0265625
0 0.72109375 0.79765625 0.028125 0.034375
0 0.66484375 0.8015625 0.078125 0.046875
0 0.5828125 0.8140625 0.0578125 0.0390625
0 0.13671875 0.8390625 0.0171875 0.034375
0 0.18203125 0.84140625 0.0703125 0.0515625
0 0.246875 0.84296875 0.0484375 0.046875
0 0.2890625 0.84296875 0.021875 0.0265625
0 0.378125 0.83671875 0.1109375 0.0625
0 0.4921875 0.825 0.1046875 0.046875
0 0.14921875 0.89296875 0.0375 0.04375
0 0.2171875 0.89453125 0.078125 0.05625
0 0.28359375 0.90390625 0.053125 0.0453125
0 0.3640625 0.9 0.1046875 0.08125
0 0.4453125 0.88515625 0.059375 0.059375
0 0.52578125 0.88046875 0.10625 0.0640625
0 0.62421875 0.86484375 0.03125 0.034375
0 0.68515625 0.85625 0.05625 0.0515625
0 0.771875 0.84296875 0.0796875 0.053125
0 0.86171875 0.8328125 0.065625 0.05625
0 0.946875 0.8921875 0.028125 0.0734375
0 0.853125 0.93515625 0.028125 0.028125
0 0.090625 0.13671875 0.0734375 0.0390625
0 0.13984375 0.1265625 0.0296875 0.0265625
0 0.171875 0.12109375 0.03125 0.0234375
0 0.22734375 0.11640625 0.078125 0.034375
0 0.31953125 0.10625 0.1046875 0.0390625
0 0.38203125 0.1 0.0234375 0.0265625
0 0.40859375 0.09609375 0.0328125 0.0265625
0 0.44453125 0.09765625 0.0375 0.0296875
0 0.47421875 0.09296875 0.0265625 0.0265625
0 0.52265625 0.0890625 0.0796875 0.03125
0 0.5921875 0.0859375 0.0625 0.0296875
0 0.01796875 0.3 0.0265625 0.034375
0 0.9375 0.828125 0.0203125 0.0421875
0 0.5015625 0.99375 0.025 0.0125
0 0.78046875 0.00546875 0.0546875 0.0109375
0 0.07421875 0.0484375 0.0359375 0.015625
0 0.8953125 0.9296875 0.05625 0.0328125
0 0.86328125 0.63671875 0.0546875 0.0296875
0 0.83046875 0.32578125 0.0546875 0.0296875