0 0.3203125 0.16640625 0.1234375 0.09375
0 0.4671875 0.15703125 0.1359375 0.0734375
0 0.653125 0.1890625 0.2109375 0.1125
0 0.334375 0.36796875 0.1125 0.1765625
0 0.40390625 0.33828125 0.0625 0.0640625
0 0.47421875 0.390625 0.10625 0.1375
0 0.58671875 0.3515625 0.1265625 0.078125
0 0.715625 0.37734375 0.1015625 0.05
0 0.83125 0.36171875 0.1046875 0.084375
0 0.915625 0.39921875 0.08125 0.0296875
0 0.3796875 0.49375 0.090625 0.065625
0 0.5234375 0.503125 0.203125 0.078125
0 0.66015625 0.51015625 0.05625 0.078125
0 0.759375 0.51484375 0.10625 0.0734375
0 0.87890625 0.51875 0.1265625 0.0953125
0 0.46875 0.625 0.1265625 0.0703125
0 0.60546875 0.646875 0.1328125 0.0796875
0 0.7484375 0.64140625 0.1015625 0.06875
0 0.86796875 0.6546875 0.1390625 0.0671875
0 0.528125 0.790625 0.1390625 0.25
0 0.62421875 0.8234375 0.10625 0.1734375
0 0.5921875 0.92265625 0.146875 0.1546875
0 0.66796875 0.99296875 0.0265625 0.0140625