0 0.3890625 0.13984375 0.1375 0.0328125
0 0.65390625 0.140625 0.178125 0.03125
0 0.46875 0.07265625 0.209375 0.04375
0 0.78125 0.06640625 0.315625 0.04375
0 0.95078125 0.10546875 0.0734375 0.025
0 0.95625 0.14453125 0.0875 0.0265625
0 0.41328125 0.18125 0.2015625 0.03125
0 0.63359375 0.18046875 0.1625 0.034375
0 0.93515625 0.184375 0.1 0.025
0 0.40625 0.22109375 0.18125 0.0421875
0 0.6453125 0.22578125 0.16875 0.0296875
0 0.93671875 0.23046875 0.1265625 0.021875
0 0.37890625 0.26328125 0.15 0.03125
0 0.66875 0.2703125 0.178125 0.03125
0 0.93984375 0.26953125 0.1203125 0.03125
0 0.37734375 0.30703125 0.1171875 0.034375
0 0.66953125 0.30859375 0.1625 0.0375
0 0.94609375 0.31015625 0.1078125 0.0203125
0 0.371875 0.3546875 0.128125 0.0328125
0 0.68984375 0.3515625 0.190625 0.0375
0 0.9484375 0.35390625 0.0828125 0.025
0 0.37421875 0.39609375 0.1 0.0328125
0 0.68359375 0.39765625 0.1828125 0.028125
0 0.82578125 0.40078125 0.071875 0.028125
0 0.95234375 0.39765625 0.09375 0.021875
0 0.31796875 0.44296875 0.08125 0.040625
0 0.37734375 0.44453125 0.04375 0.025
0 0.4625 0.4453125 0.09375 0.0171875
0 0.71015625 0.4421875 0.240625 0.04375
0 0.9421875 0.4421875 0.115625 0.025
0 0.340625 0.48828125 0.1140625 0.034375
0 0.46796875 0.4921875 0.096875 0.040625
0 0.709375 0.48984375 0.2171875 0.05
0 0.3578125 0.53125 0.1359375 0.028125
0 0.6625 0.52578125 0.2 0.034375
0 0.35 0.5796875 0.125 0.0421875
0 0.36484375 0.61953125 0.14375 0.021875
0 0.65 0.61328125 0.2703125 0.040625
0 0.384375 0.66484375 0.1625 0.0359375
0 0.31953125 0.715625 0.1 0.03125
0 0.43671875 0.71796875 0.1125 0.034375
0 0.665625 0.7046875 0.296875 0.0421875
0 0.43125 0.75703125 0.128125 0.040625
0 0.58046875 0.75625 0.10625 0.0328125
0 0.4265625 0.80859375 0.10625 0.025
0 0.6421875 0.80390625 0.1625 0.03125
0 0.325 0.84921875 0.10625 0.0296875
0 0.44375 0.85703125 0.1 0.025
0 0.53515625 0.85390625 0.028125 0.01875
0 0.6234375 0.85078125 0.11875 0.028125
0 0.41484375 0.903125 0.115625 0.021875
0 0.584375 0.89765625 0.10625 0.0265625
0 0.340625 0.93046875 0.14375 0.0203125
0 0.45625 0.94375 0.06875 0.05
0 0.33515625 0.95625 0.1703125 0.0375
0 0.56640625 0.94296875 0.0734375 0.04375
0 0.64140625 0.940625 0.025 0.0484375
0 0.359375 0.9875 0.18125 0.025