0 0.409375 0.0421875 0.1734375 0.0390625
0 0.6109375 0.05234375 0.2046875 0.05
0 0.1359375 0.13125 0.10625 0.034375
0 0.28828125 0.12890625 0.084375 0.03125
0 0.4359375 0.13984375 0.0890625 0.0359375
0 0.60390625 0.1609375 0.16875 0.0375
0 0.7265625 0.1625 0.053125 0.01875
0 0.10859375 0.17890625 0.0734375 0.0390625
0 0.18125 0.18125 0.05 0.0375
0 0.3578125 0.1859375 0.184375 0.0390625
0 0.503125 0.19765625 0.046875 0.028125
0 0.62734375 0.19921875 0.125 0.0328125
0 0.76875 0.2203125 0.1265625 0.046875
0 0.20234375 0.2453125 0.259375 0.0359375
0 0.4171875 0.2484375 0.06875 0.0453125
0 0.55703125 0.2546875 0.128125 0.0359375
0 0.68359375 0.26328125 0.0859375 0.034375
0 0.0875 0.29921875 0.040625 0.021875
0 0.17421875 0.29296875 0.05625 0.0359375
0 0.28125 0.3125 0.0640625 0.059375
0 0.3890625 0.3140625 0.0390625 0.0234375
0 0.46640625 0.30390625 0.075 0.0390625
0 0.565625 0.30390625 0.059375 0.0234375
0 0.66640625 0.3171875 0.078125 0.0328125
0 0.0796875 0.35703125 0.0453125 0.0359375
0 0.2234375 0.36796875 0.1109375 0.059375
0 0.38125 0.36328125 0.0796875 0.0359375
0 0.48828125 0.37109375 0.08125 0.0515625
0 0.61640625 0.365625 0.1015625 0.0296875
0 0.721875 0.37265625 0.059375 0.025
0 0.103125 0.415625 0.0953125 0.0359375
0 0.24765625 0.42890625 0.0984375 0.065625
0 0.378125 0.4234375 0.0765625 0.0296875
0 0.5359375 0.4234375 0.1578125 0.028125
0 0.70390625 0.425 0.065625 0.0296875
0 0.771875 0.4203125 0.0625 0.034375
0 0.83125 0.4359375 0.0515625 0.034375
0 0.0953125 0.49140625 0.0640625 0.0375
0 0.2234375 0.5125 0.075 0.0421875
0 0.371875 0.50703125 0.1125 0.0375
0 0.515625 0.5046875 0.1125 0.028125
0 0.60859375 0.50546875 0.0453125 0.0171875
0 0.73046875 0.5015625 0.0875 0.0359375
0 0.08671875 0.5609375 0.04375 0.040625
0 0.17890625 0.56953125 0.071875 0.0265625
0 0.3515625 0.56953125 0.121875 0.0375
0 0.49140625 0.5671875 0.0703125 0.0421875
0 0.6140625 0.571875 0.11875 0.0546875
0 0.08828125 0.7078125 0.10625 0.0296875
0 0.17109375 0.70703125 0.046875 0.0234375
0 0.234375 0.71015625 0.06875 0.0265625
0 0.52109375 0.7140625 0.221875 0.0265625
0 0.80859375 0.71953125 0.0890625 0.021875
0 0.0921875 0.78359375 0.1296875 0.0453125
0 0.1765625 0.78125 0.0203125 0.0359375
0 0.228125 0.7859375 0.0703125 0.0328125
0 0.3484375 0.7875 0.159375 0.040625
0 0.45390625 0.79453125 0.05 0.05
0 0.578125 0.79140625 0.15 0.0484375
0 0.03671875 0.8453125 0.021875 0.0375
0 0.11484375 0.85078125 0.1390625 0.0359375
0 0.2671875 0.8546875 0.146875 0.0375
0 0.40078125 0.85703125 0.115625 0.0359375
0 0.50078125 0.865625 0.08125 0.0421875
0 0.075 0.89765625 0.05625 0.05625
0 0.1515625 0.90625 0.04375 0.0484375
0 0.2125 0.91171875 0.0515625 0.0421875
0 0.26796875 0.91328125 0.040625 0.021875
0 0.32421875 0.91796875 0.0421875 0.0453125
0 0.3203125 0.71328125 0.040625 0.0375
0 0.6671875 0.72421875 0.0578125 0.0453125
0 0.8890625 0.71640625 0.046875 0.0296875