0 0.053125 0.04140625 0.0625 0.040625
0 0.09296875 0.040625 0.0125 0.0234375
0 0.1296875 0.03515625 0.05625 0.0359375
0 0.21328125 0.021875 0.1046875 0.0203125
0 0.84609375 0.00390625 0.0859375 0.0078125
0 0.046875 0.0859375 0.0546875 0.0390625
0 0.0921875 0.07421875 0.028125 0.028125
0 0.14609375 0.0625 0.0734375 0.0390625
0 0.42890625 0.02890625 0.0640625 0.0484375
0 0.0375 0.14609375 0.025 0.0328125
0 0.0859375 0.1359375 0.05 0.03125
0 0.165625 0.121875 0.103125 0.04375
0 0.22890625 0.1140625 0.015625 0.025
0 0.27421875 0.10625 0.06875 0.0359375
0 0.35234375 0.0953125 0.0765625 0.034375
0 0.45625 0.075 0.1109375 0.0796875
0 0.0375 0.215625 0.0265625 0.0328125
0 0.08359375 0.20859375 0.0421875 0.025
0 0.12109375 0.2015625 0.025 0.0265625
0 0.1515625 0.2 0.028125 0.021875
0 0.19765625 0.1921875 0.053125 0.028125
0 0.26171875 0.18125 0.06875 0.03125
0 0.31015625 0.175 0.015625 0.025
0 0.3828125 0.165625 0.121875 0.040625
0 0.4796875 0.16015625 0.0484375 0.028125
0 0.53203125 0.16015625 0.0453125 0.021875
0 0.59375 0.15390625 0.06875 0.0296875
0 0.6515625 0.1375 0.040625 0.0578125
0 0.7234375 0.1359375 0.04375 0.0578125
0 0.78203125 0.13125 0.046875 0.078125
0 0.840625 0.13828125 0.0546875 0.0625
0 0.89609375 0.15078125 0.01875 0.0453125
0 0.91796875 0.1578125 0.0265625 0.059375
0 0.88828125 0.1984375 0.0453125 0.0453125
0 0.03828125 0.2859375 0.0234375 0.0328125
0 0.0859375 0.27890625 0.0453125 0.0328125
0 0.125 0.27265625 0.0296875 0.0265625
0 0.17734375 0.265625 0.0640625 0.0328125
0 0.246875 0.2578125 0.0671875 0.03125
0 0.296875 0.25234375 0.0234375 0.025
0 0.35703125 0.246875 0.0859375 0.0296875
0 0.4125 0.24609375 0.0125 0.0203125
0 0.44296875 0.23984375 0.0359375 0.028125
0 0.49921875 0.23671875 0.0515625 0.0296875
0 0.5484375 0.23359375 0.0375 0.0296875
0 0.6140625 0.23125 0.08125 0.034375
0 0.08203125 0.33671875 0.028125 0.034375
0 0.1421875 0.328125 0.065625 0.040625
0 0.209375 0.32734375 0.03125 0.0265625
0 0.30078125 0.31328125 0.04375 0.0671875
0 0.38671875 0.3125 0.0515625 0.0265625
0 0.47734375 0.30546875 0.10625 0.0984375
0 0.58203125 0.2890625 0.06875 0.0828125
0 0.703125 0.29140625 0.090625 0.05625
0 0.80703125 0.2953125 0.0296875 0.0484375
0 0.86171875 0.2921875 0.059375 0.0609375
0 0.08203125 0.3875 0.0265625 0.0421875
0 0.153125 0.3734375 0.0828125 0.05625
0 0.23203125 0.3703125 0.046875 0.0453125
0 0.28984375 0.36015625 0.0375 0.040625
0 0.3515625 0.3578125 0.0421875 0.04375
0 0.04140625 0.4203125 0.025 0.03125
0 0.09609375 0.4140625 0.053125 0.0265625
0 0.14453125 0.41015625 0.0390625 0.025
0 0.25625 0.40078125 0.18125 0.04375
0 0.40078125 0.38984375 0.1015625 0.034375
0 0.49453125 0.38671875 0.0734375 0.03125
0 0.55625 0.3828125 0.0390625 0.03125
0 0.61875 0.38046875 0.0796875 0.03125
0 0.0796875 0.48046875 0.01875 0.0328125
0 0.1359375 0.4625 0.0671875 0.0578125
0 0.540625 0.45546875 0.0296875 0.0359375
0 0.62734375 0.434375 0.0890625 0.0671875
0 0.04375 0.55625 0.0265625 0.0359375
0 0.09296875 0.553125 0.0453125 0.0328125
0 0.12578125 0.55 0.0140625 0.025
0 0.159375 0.54765625 0.0421875 0.0296875
0 0.24921875 0.54453125 0.125 0.034375
0 0.34375 0.54140625 0.05625 0.034375
0 0.4 0.53984375 0.04375 0.021875
0 0.46328125 0.53671875 0.0796875 0.040625
0 0.10546875 0.6203125 0.0625 0.0875
0 0.1671875 0.60703125 0.0171875 0.0375
0 0.25546875 0.59921875 0.0921875 0.059375
0 0.3640625 0.61015625 0.046875 0.0546875
0 0.4234375 0.58359375 0.03125 0.053125
0 0.484375 0.58828125 0.0375 0.0625
0 0.5796875 0.58984375 0.1171875 0.084375
0 0.70625 0.57890625 0.059375 0.0625
0 0.80546875 0.575 0.08125 0.0578125
0 0.8875 0.56796875 0.0421875 0.0546875
0 0.91875 0.5546875 0.0203125 0.046875
0 0.89140625 0.609375 0.0359375 0.0421875
0 0.04453125 0.69375 0.0234375 0.0328125
0 0.1 0.690625 0.0515625 0.0296875
0 0.153125 0.68984375 0.046875 0.0328125
0 0.19765625 0.68984375 0.034375 0.0296875
0 0.25703125 0.69140625 0.075 0.0375
0 0.33203125 0.6859375 0.0765625 0.0328125
0 0.42578125 0.68359375 0.1078125 0.040625
0 0.515625 0.67578125 0.0671875 0.0328125
0 0.578125 0.67421875 0.0484375 0.0296875
0 0.62890625 0.67265625 0.04375 0.025
0 0.6953125 0.66640625 0.0765625 0.03125
0 0.07734375 0.75859375 0.0203125 0.0328125
0 0.12421875 0.75390625 0.078125 0.06875
0 0.19609375 0.74609375 0.053125 0.0640625
0 0.303125 0.7390625 0.1234375 0.0734375
0 0.42421875 0.734375 0.0703125 0.071875
0 0.56015625 0.746875 0.0296875 0.034375
0 0.65859375 0.72265625 0.1171875 0.09375
0 0.80234375 0.70234375 0.1046875 0.065625
0 0.05 0.8328125 0.0296875 0.034375
0 0.0859375 0.83125 0.0171875 0.025
0 0.12265625 0.83125 0.04375 0.0296875
0 0.1765625 0.83828125 0.05625 0.0296875
0 0.2578125 0.83359375 0.096875 0.0328125
0 0.3375 0.83125 0.0546875 0.03125
0 0.40390625 0.83046875 0.078125 0.0328125
0 0.4984375 0.82890625 0.1046875 0.0390625
0 0.5890625 0.81953125 0.06875 0.0359375
0 0.6515625 0.80859375 0.04375 0.04375
0 0.7375 0.790625 0.084375 0.0640625