0 0.24375 0.01953125 0.0640625 0.025
0 0.30625 0.02421875 0.0328125 0.03125
0 0.38203125 0.01875 0.08125 0.0265625
0 0.47734375 0.0203125 0.0828125 0.0375
0 0.546875 0.028125 0.0375 0.0328125
0 0.225 0.06171875 0.040625 0.034375
0 0.2765625 0.0640625 0.0453125 0.028125
0 0.340625 0.05859375 0.0546875 0.04375
0 0.43984375 0.06796875 0.1234375 0.0421875
0 0.534375 0.06875 0.05 0.05
0 0.6234375 0.071875 0.1203125 0.04375
0 0.2890625 0.10078125 0.165625 0.071875
0 0.43984375 0.10390625 0.128125 0.0703125
0 0.209375 0.21015625 0.090625 0.0328125
0 0.31171875 0.2109375 0.071875 0.03125
0 0.90703125 0.23671875 0.078125 0.0421875
0 0.203125 0.27734375 0.059375 0.025
0 0.271875 0.27421875 0.0390625 0.0265625
0 0.334375 0.278125 0.046875 0.028125
0 0.37890625 0.27890625 0.028125 0.021875
0 0.46875 0.28671875 0.0953125 0.0265625
0 0.175 0.38671875 0.0125 0.021875
0 0.2734375 0.3890625 0.1640625 0.0453125
0 0.425 0.39375 0.090625 0.03125
0 0.1921875 0.42734375 0.0109375 0.00625
0 0.23515625 0.43828125 0.053125 0.040625
0 0.2984375 0.4328125 0.0453125 0.03125
0 0.3609375 0.44296875 0.046875 0.034375
0 0.4171875 0.4375 0.0390625 0.0375
0 0.475 0.44296875 0.0453125 0.025
0 0.571875 0.44296875 0.121875 0.0421875
0 0.6921875 0.45 0.0734375 0.0421875
0 0.76171875 0.4390625 0.0265625 0.0328125
0 0.80390625 0.44765625 0.015625 0.01875
0 0.86796875 0.45625 0.0703125 0.034375
0 0.2890625 0.47265625 0.165625 0.040625
0 0.41953125 0.4765625 0.0640625 0.028125
0 0.4640625 0.48046875 0.00625 0.0171875
0 0.4984375 0.49296875 0.0375 0.034375
0 0.55859375 0.49140625 0.0640625 0.0484375
0 0.62265625 0.49296875 0.025 0.0421875
0 0.67265625 0.484375 0.0375 0.0296875
0 0.73671875 0.48671875 0.0484375 0.028125
0 0.81171875 0.48984375 0.0640625 0.0296875
0 0.88359375 0.49296875 0.034375 0.0265625
0 0.9265625 0.496875 0.0296875 0.0265625
0 0.26328125 0.5015625 0.1109375 0.034375
0 0.17890625 0.59296875 0.0140625 0.021875
0 0.25859375 0.58984375 0.1296875 0.040625
0 0.39375 0.5921875 0.090625 0.028125
0 0.18671875 0.6421875 0.009375 0.00625
0 0.2234375 0.646875 0.05 0.04375
0 0.28671875 0.6453125 0.0453125 0.0328125
0 0.3421875 0.64375 0.0359375 0.034375
0 0.40859375 0.65546875 0.0640625 0.0546875
0 0.47109375 0.653125 0.0171875 0.021875
0 0.584375 0.653125 0.146875 0.0453125
0 0.7125 0.65234375 0.0703125 0.0359375
0 0.753125 0.67265625 0.0046875 0.0140625
0 0.79375 0.653125 0.0390625 0.0296875
0 0.85546875 0.6546875 0.05625 0.025
0 0.9125 0.6515625 0.025 0.0296875
0 0.2140625 0.68984375 0.0484375 0.0390625
0 0.296875 0.68984375 0.0671875 0.0265625
0 0.3703125 0.69609375 0.025 0.0296875
0 0.48359375 0.69921875 0.1296875 0.04375
0 0.56328125 0.70546875 0.0046875 0.015625
0 0.6 0.69453125 0.05625 0.034375
0 0.6765625 0.70078125 0.0765625 0.0390625
0 0.7390625 0.69921875 0.01875 0.0328125
0 0.7703125 0.70078125 0.028125 0.0328125
0 0.8171875 0.70390625 0.0328125 0.03125
0 0.865625 0.70390625 0.0578125 0.0328125
0 0.91640625 0.69765625 0.0359375 0.0296875
0 0.20859375 0.73984375 0.0203125 0.034375
0 0.30859375 0.73984375 0.1421875 0.04375
0 0.41171875 0.7453125 0.0296875 0.0234375
0 0.4765625 0.74921875 0.059375 0.0453125
0 0.5453125 0.7390625 0.059375 0.0375
0 0.6203125 0.73515625 0.0515625 0.034375
0 0.70703125 0.734375 0.096875 0.04375
0 0.76484375 0.746875 0.00625 0.015625
0 0.79375 0.74609375 0.0359375 0.0265625
0 0.865625 0.7484375 0.071875 0.0453125
0 0.91796875 0.73515625 0.0203125 0.0265625
0 0.21171875 0.7828125 0.0265625 0.0359375
0 0.253125 0.78671875 0.01875 0.021875
0 0.303125 0.78828125 0.06875 0.0328125
0 0.41015625 0.78984375 0.0921875 0.0421875
0 0.52734375 0.78671875 0.090625 0.0296875
0 0.58203125 0.79140625 0.0046875 0.0046875
0 0.16171875 0.86015625 0.0125 0.0296875
0 0.2578125 0.85390625 0.1578125 0.0578125
0 0.40546875 0.86484375 0.0953125 0.034375
0 0.18359375 0.9078125 0.0140625 0.009375
0 0.25390625 0.89765625 0.103125 0.05625
0 0.34375 0.91328125 0.0515625 0.040625
0 0.42421875 0.9078125 0.0765625 0.0453125
0 0.53828125 0.909375 0.1203125 0.040625
0 0.640625 0.91875 0.03125 0.03125
0 0.696875 0.9078125 0.0546875 0.034375
0 0.81015625 0.9078125 0.1296875 0.05625
0 0.89765625 0.8953125 0.028125 0.0390625