0 0.23984375 0.04765625 0.0234375 0.0125
0 0.28203125 0.0203125 0.1921875 0.040625
0 0.45625 0.02890625 0.121875 0.0484375
0 0.59375 0.04140625 0.128125 0.053125
0 0.7453125 0.05078125 0.1328125 0.04375
0 0.83828125 0.0609375 0.04375 0.05
0 0.875 0.065625 0.0203125 0.01875
0 0.9484375 0.0703125 0.103125 0.05
0 0.153125 0.03125 0.1453125 0.0546875
0 0.35546875 0.05859375 0.159375 0.053125
0 0.2078125 0.08046875 0.1921875 0.059375
0 0.39921875 0.1 0.1484375 0.04375
0 0.6015625 0.11796875 0.2171875 0.046875
0 0.7859375 0.13671875 0.140625 0.0453125
0 0.89140625 0.1390625 0.0421875 0.0375
0 0.94765625 0.14921875 0.034375 0.025
0 0.2109375 0.12890625 0.25625 0.0578125
0 0.43046875 0.14453125 0.1640625 0.0421875
0 0.59921875 0.159375 0.140625 0.0390625
0 0.71171875 0.1625 0.0421875 0.0359375
0 0.83984375 0.18125 0.184375 0.065625
0 0.96796875 0.18359375 0.0421875 0.040625
0 0.11953125 0.15 0.071875 0.0328125
0 0.1953125 0.1578125 0.0625 0.0265625
0 0.2890625 0.16875 0.0921875 0.034375
0 0.39921875 0.17578125 0.1015625 0.0390625
0 0.525 0.19296875 0.125 0.0390625
0 0.1671875 0.19453125 0.21875 0.0703125
0 0.375 0.209375 0.1515625 0.0453125
0 0.53046875 0.22265625 0.1421875 0.04375
0 0.67265625 0.23515625 0.1140625 0.0390625
0 0.80703125 0.24140625 0.034375 0.0375
0 0.87890625 0.24765625 0.0859375 0.034375
0 0.96484375 0.25859375 0.0703125 0.0359375
0 0.07890625 0.22265625 0.0453125 0.03125
0 0.1640625 0.23359375 0.1171875 0.0375
0 0.31328125 0.25625 0.1734375 0.059375
0 0.4296875 0.259375 0.03125 0.0328125
0 0.50234375 0.2640625 0.0984375 0.0328125
0 0.63671875 0.271875 0.159375 0.0421875
0 0.76875 0.27578125 0.075 0.034375
0 0.8546875 0.2875 0.08125 0.040625
0 0.9515625 0.30625 0.096875 0.05625
0 0.11953125 0.2640625 0.1328125 0.0421875
0 0.24765625 0.28203125 0.0625 0.0484375
0 0.37109375 0.2890625 0.14375 0.04375
0 0.51484375 0.30234375 0.1125 0.034375
0 0.65234375 0.31328125 0.1171875 0.0421875
0 0.73984375 0.31953125 0.04375 0.034375
0 0.80078125 0.3328125 0.071875 0.046875
0 0.8796875 0.32421875 0.0765625 0.0390625
0 0.95859375 0.34453125 0.0671875 0.059375
0 0.10234375 0.30859375 0.1140625 0.0515625
0 0.22109375 0.32109375 0.1078125 0.0484375
0 0.3296875 0.3203125 0.08125 0.0453125
0 0.4296875 0.3375 0.0921875 0.0546875
0 0.56015625 0.3484375 0.14375 0.05625
0 0.68984375 0.35390625 0.078125 0.028125
0 0.14921875 0.3515625 0.20625 0.04375
0 0.1609375 0.38515625 0.19375 0.046875
0 0.38046875 0.40390625 0.2328125 0.0515625
0 0.065625 0.42578125 0.0453125 0.028125
0 0.2859375 0.43984375 0.3328125 0.0625
0 0.46796875 0.44921875 0.053125 0.0375
0 0.54296875 0.45625 0.0765625 0.034375
0 0.678125 0.46640625 0.1625 0.0453125
0 0.090625 0.4671875 0.075 0.0265625
0 0.19296875 0.47109375 0.053125 0.034375
0 0.3359375 0.490625 0.159375 0.053125
0 0.4578125 0.49609375 0.0484375 0.0390625
0 0.63671875 0.509375 0.271875 0.0609375
0 0.090625 0.50703125 0.0796875 0.0359375
0 0.21796875 0.5109375 0.05 0.0328125
0 0.31796875 0.52109375 0.1078125 0.0453125
0 0.44140625 0.53203125 0.078125 0.0453125
0 0.56796875 0.53828125 0.1671875 0.04375
0 0.12578125 0.54140625 0.2109375 0.05
0 0.41640625 0.56171875 0.321875 0.0671875
0 0.68984375 0.59609375 0.121875 0.0640625
0 0.8796875 0.60546875 0.215625 0.0625
0 0.0578125 0.58359375 0.096875 0.0375
0 0.21796875 0.6078125 0.196875 0.059375
0 0.3640625 0.615625 0.0640625 0.05
0 0.5515625 0.6203125 0.265625 0.0515625
0 0.8171875 0.6421875 0.2359375 0.0578125
0 0.0671875 0.625 0.1265625 0.0421875
0 0.25546875 0.634375 0.14375 0.0484375
0 0.415625 0.64765625 0.1484375 0.0390625
0 0.55078125 0.65859375 0.0890625 0.0328125
0 0.67265625 0.665625 0.1203125 0.0375
0 0.82109375 0.6734375 0.1390625 0.034375
0 0.93359375 0.68203125 0.078125 0.040625
0 0.10859375 0.66640625 0.171875 0.053125
0 0.27578125 0.68359375 0.134375 0.0453125
0 0.3984375 0.68828125 0.0921875 0.0328125
0 0.55078125 0.70390625 0.16875 0.0546875
0 0.0828125 0.7078125 0.128125 0.053125
0 0.24609375 0.721875 0.1734375 0.05
0 0.42734375 0.72734375 0.153125 0.0421875
0 0.65390625 0.7515625 0.2640625 0.065625
0 0.85 0.759375 0.096875 0.05
0 0.94375 0.765625 0.08125 0.0484375
0 0.1203125 0.75078125 0.2140625 0.0640625
0 0.334375 0.76953125 0.15 0.0484375
0 0.48828125 0.771875 0.1125 0.0421875
0 0.64375 0.79375 0.1578125 0.0546875
0 0.7734375 0.79921875 0.0953125 0.0296875
0 0.884375 0.80703125 0.1078125 0.04375
0 0.178125 0.80546875 0.2953125 0.08125
0 0.41171875 0.8203125 0.1734375 0.0609375
0 0.5171875 0.81796875 0.06875 0.0375
0 0.66015625 0.82734375 0.1703125 0.0515625
0 0.78515625 0.8359375 0.065625 0.0328125
0 0.90390625 0.8375 0.1359375 0.046875
0 0.1828125 0.8453125 0.3265625 0.0609375
0 0.51640625 0.87421875 0.20625 0.075
0 0.734375 0.86875 0.1671875 0.078125
0 0.903125 0.88046875 0.1453125 0.05
0 0.02109375 0.88046875 0.040625 0.021875
0 0.1546875 0.89609375 0.209375 0.059375
0 0.30625 0.8984375 0.0578125 0.0390625
0 0.51328125 0.91640625 0.3171875 0.08125
0 0.15078125 0.93671875 0.278125 0.0765625
0 0.43046875 0.93984375 0.2046875 0.0609375
0 0.61328125 0.95390625 0.1125 0.0390625
0 0.82734375 0.91171875 0.221875 0.0796875
0 0.79609375 0.93515625 0.3109375 0.065625
0 0.69296875 0.9640625 0.0953125 0.0328125
0 0.76484375 0.96796875 0.046875 0.0265625
0 0.92578125 0.98203125 0.05625 0.0234375
0 0.84140625 0.9734375 0.1046875 0.025
0 0.809375 0.359375 0.13125 0.040625
0 0.90625 0.37265625 0.0578125 0.05
0 0.5296875 0.0734375 0.15625 0.040625
0 0.68515625 0.08671875 0.1109375 0.03125
0 0.48046875 0.1140625 0.01875 0.0078125
0 0.7640625 0.2453125 0.0484375 0.015625
0 0.96015625 0.37578125 0.0671875 0.0390625
0 0.603125 0.5828125 0.0359375 0.0125
0 0.6859375 0.7015625 0.05625 0.034375
0 0.8546875 0.7203125 0.234375 0.059375