0 0.1421875 0.065625 0.0953125 0.04375
0 0.18203125 0.09609375 0.16875 0.05625
0 0.19375 0.128125 0.1921875 0.059375
0 0.49296875 0.04453125 0.1140625 0.04375
0 0.51015625 0.078125 0.1890625 0.05
0 0.50625 0.10859375 0.184375 0.053125
0 0.271875 0.2125 0.3140625 0.1375
0 0.13046875 0.2828125 0.0328125 0.028125
0 0.1765625 0.28359375 0.025 0.021875
0 0.2421875 0.2765625 0.0625 0.0375
0 0.3328125 0.2796875 0.090625 0.0390625
0 0.2109375 0.340625 0.1234375 0.040625
0 0.2984375 0.3390625 0.00625 0.0125
0 0.40546875 0.32421875 0.125 0.046875
0 0.44140625 0.35703125 0.1984375 0.0625
0 0.48671875 0.3828125 0.3 0.0703125
0 0.1171875 0.48203125 0.034375 0.040625
0 0.16640625 0.475 0.028125 0.021875
0 0.24609375 0.4609375 0.078125 0.0421875
0 0.3390625 0.45703125 0.0734375 0.0359375
0 0.43046875 0.44921875 0.096875 0.040625
0 0.57421875 0.43515625 0.1515625 0.0484375
0 0.28359375 0.52265625 0.1421875 0.0515625
0 0.384375 0.54453125 0.346875 0.08125
0 0.42421875 0.5765625 0.440625 0.1015625
0 0.20859375 0.6484375 0.1046875 0.0515625
0 0.36328125 0.64453125 0.1328125 0.053125
0 0.465625 0.659375 0.040625 0.1
0 0.4109375 0.75703125 0.628125 0.13125
0 0.4671875 0.821875 0.7375 0.1578125
0 0.48984375 0.875 0.7515625 0.140625
0 0.16015625 0.97890625 0.1546875 0.0421875
0 0.42109375 0.959375 0.2890625 0.08125
0 0.68046875 0.9234375 0.0875 0.034375
0 0.778125 0.91484375 0.09375 0.040625
0 0.86171875 0.89296875 0.0734375 0.0375
0 0.63828125 0.61328125 0.321875 0.0796875
0 0.63828125 0.64765625 0.3140625 0.08125
0 0.63984375 0.66875 0.3296875 0.08125
0 0.6015625 0.9359375 0.0375 0.021875