0 0.253125 0.21328125 0.121875 0.084375
0 0.38046875 0.23203125 0.09375 0.0796875
0 0.65546875 0.296875 0.3515625 0.1578125
0 0.22578125 0.296875 0.13125 0.10625
0 0.3546875 0.321875 0.0984375 0.0890625
0 0.46484375 0.36328125 0.1609375 0.1265625
0 0.6140625 0.37109375 0.115625 0.0984375
0 0.78984375 0.390625 0.1453125 0.0984375
0 0.93203125 0.4203125 0.1359375 0.1
0 0.30859375 0.421875 0.209375 0.1
0 0.221875 0.50390625 0.1265625 0.1109375
0 0.46953125 0.55078125 0.2671875 0.121875
0 0.703125 0.59140625 0.1578125 0.096875