0 0.28515625 0.08125 0.13125 0.075
0 0.45234375 0.090625 0.175 0.1140625
0 0.5859375 0.05390625 0.0734375 0.053125
0 0.7046875 0.04375 0.1171875 0.071875
0 0.29453125 0.16953125 0.1046875 0.0703125
0 0.41171875 0.14921875 0.0765625 0.0515625
0 0.54375 0.140625 0.128125 0.0953125
0 0.1953125 0.4 0.1765625 0.1390625
0 0.46875 0.3609375 0.2828125 0.1109375
0 0.06796875 0.53046875 0.0296875 0.015625
0 0.171875 0.5109375 0.121875 0.065625
0 0.26953125 0.50078125 0.08125 0.0546875
0 0.3859375 0.48828125 0.1265625 0.0703125
0 0.5171875 0.47734375 0.0390625 0.040625
0 0.62265625 0.46796875 0.13125 0.0625
0 0.803125 0.45078125 0.240625 0.0890625