0 0.0875 0.1609375 0.1578125 0.065625
0 0.421875 0.13125 0.4875 0.1328125
0 0.1109375 0.284375 0.1109375 0.0609375
0 0.49375 0.2515625 0.5234375 0.171875
0 0.8296875 0.2359375 0.2625 0.1703125
0 0.30625 0.3375 0.1875 0.0828125
0 0.68671875 0.3171875 0.509375 0.1984375
0 0.1296875 0.5171875 0.1015625 0.0640625
0 0.29765625 0.48046875 0.13125 0.075
0 0.3984375 0.46328125 0.0453125 0.0953125
0 0.68046875 0.41953125 0.4953125 0.1515625
0 0.1671875 0.63828125 0.075 0.08125
0 0.54921875 0.5828125 0.5171875 0.15625
0 0.92421875 0.52734375 0.1515625 0.1078125
0 0.50703125 0.6921875 0.5015625 0.1375
0 0.790625 0.6578125 0.1796875 0.0953125
0 0.17578125 0.8375 0.134375 0.0890625
0 0.46796875 0.8453125 0.375 0.190625
0 0.83671875 0.778125 0.3265625 0.125
0 0.19453125 0.953125 0.1265625 0.0796875
0 0.471875 0.925 0.378125 0.15