0 0.21953125 0.08671875 0.1296875 0.0703125
0 0.48515625 0.11328125 0.2109375 0.09375
0 0.14765625 0.1953125 0.06875 0.0984375
0 0.25625 0.24296875 0.125 0.0625
0 0.39453125 0.253125 0.103125 0.040625
0 0.56328125 0.27421875 0.1546875 0.046875
0 0.7203125 0.30390625 0.1015625 0.0453125
0 0.85078125 0.321875 0.1234375 0.0515625
0 0.19375 0.3046875 0.125 0.075
0 0.3640625 0.32109375 0.14375 0.0578125
0 0.5203125 0.33359375 0.1140625 0.0578125
0 0.66640625 0.3671875 0.115625 0.071875
0 0.8265625 0.38828125 0.1484375 0.0609375
0 0.16171875 0.375 0.096875 0.0578125
0 0.275 0.3875 0.0984375 0.04375
0 0.47734375 0.39375 0.2484375 0.0984375
0 0.20546875 0.45234375 0.2171875 0.1109375
0 0.48359375 0.51640625 0.2953125 0.171875
0 0.6671875 0.5265625 0.0421875 0.0390625
0 0.75234375 0.54375 0.2140625 0.165625
0 0.23828125 0.63046875 0.15 0.090625
0 0.421875 0.65234375 0.13125 0.0875
0 0.3296875 0.64609375 0.03125 0.021875