0 0.17890625 0.04609375 0.1609375 0.0234375
0 0.34609375 0.0453125 0.1375 0.028125
0 0.475 0.040625 0.09375 0.0203125
0 0.54375 0.040625 0.0296875 0.0203125
0 0.14375 0.071875 0.065625 0.021875
0 0.1171875 0.10390625 0.040625 0.025
0 0.25 0.1125 0.084375 0.028125
0 0.65234375 0.1109375 0.109375 0.021875
0 0.178125 0.14296875 0.071875 0.021875
0 0.30390625 0.140625 0.06875 0.0125
0 0.5828125 0.14609375 0.0640625 0.015625
0 0.75703125 0.1390625 0.05625 0.01875
0 0.83125 0.1359375 0.06875 0.015625
0 0.1796875 0.17421875 0.053125 0.034375
0 0.29921875 0.16796875 0.0453125 0.021875
0 0.35234375 0.175 0.0375 0.021875
0 0.39453125 0.16640625 0.0453125 0.01875
0 0.16953125 0.203125 0.10625 0.021875
0 0.24921875 0.203125 0.04375 0.0140625
0 0.3140625 0.20546875 0.0609375 0.025
0 0.36796875 0.21171875 0.0359375 0.028125
0 0.40859375 0.20390625 0.0375 0.015625
0 0.58515625 0.17421875 0.05625 0.021875
0 0.75625 0.1625 0.05 0.015625
0 0.809375 0.16953125 0.03125 0.0234375
0 0.85078125 0.1609375 0.0375 0.015625
0 0.56484375 0.1984375 0.059375 0.015625
0 0.63046875 0.196875 0.0609375 0.015625
0 0.68046875 0.19609375 0.03125 0.0125
0 0.7734375 0.19296875 0.0640625 0.01875
0 0.828125 0.18984375 0.034375 0.0125
0 0.1890625 0.228125 0.10625 0.025
0 0.27109375 0.2265625 0.034375 0.015625
0 0.3234375 0.23125 0.0375 0.0171875
0 0.4015625 0.2375 0.03125 0.0234375
0 0.4390625 0.22890625 0.0375 0.015625
0 0.59609375 0.225 0.078125 0.015625
0 0.6546875 0.22578125 0.0296875 0.0140625
0 0.696875 0.225 0.046875 0.0171875
0 0.78671875 0.2203125 0.090625 0.021875
0 0.61015625 0.2625 0.10625 0.021875
0 0.790625 0.25625 0.0875 0.028125
0 0.3359375 0.259375 0.05625 0.0234375
0 0.38984375 0.26328125 0.0390625 0.0234375
0 0.43828125 0.2546875 0.0546875 0.0234375
0 0.1921875 0.28828125 0.1140625 0.0265625
0 0.3390625 0.28671875 0.065625 0.028125
0 0.39296875 0.29453125 0.040625 0.028125
0 0.4390625 0.28515625 0.046875 0.015625
0 0.334375 0.315625 0.0625 0.028125
0 0.3890625 0.3203125 0.040625 0.025
0 0.4375 0.30859375 0.04375 0.028125
0 0.59609375 0.296875 0.1046875 0.025
0 0.67109375 0.290625 0.046875 0.021875
0 0.784375 0.28671875 0.1140625 0.0203125
0 0.18671875 0.3390625 0.1046875 0.028125
0 0.36171875 0.3453125 0.103125 0.01875
0 0.5984375 0.34140625 0.09375 0.021875
0 0.79296875 0.328125 0.1125 0.021875
0 0.1515625 0.378125 0.103125 0.025
0 0.26640625 0.38125 0.090625 0.025
0 0.1375 0.40859375 0.096875 0.025
0 0.2328125 0.40859375 0.090625 0.021875
0 0.30625 0.41015625 0.0453125 0.021875
0 0.35703125 0.4171875 0.034375 0.028125
0 0.39921875 0.40859375 0.034375 0.021875
0 0.46953125 0.41328125 0.071875 0.0359375
0 0.54296875 0.4125 0.059375 0.0171875
0 0.23671875 0.45078125 0.10625 0.0203125
0 0.315625 0.453125 0.0375 0.01875
0 0.36171875 0.46015625 0.0390625 0.025
0 0.39609375 0.4484375 0.034375 0.0234375
0 0.471875 0.45625 0.06875 0.0390625
0 0.53671875 0.4578125 0.065625 0.0171875
0 0.13515625 0.5078125 0.0984375 0.0265625
0 0.23046875 0.51015625 0.08125 0.034375
0 0.5640625 0.50859375 0.571875 0.021875
0 0.128125 0.54765625 0.084375 0.0296875
0 0.22578125 0.55 0.08125 0.03125
0 0.51875 0.5484375 0.48125 0.0203125
0 0.7890625 0.5484375 0.05 0.0234375
0 0.896875 0.54296875 0.140625 0.021875
0 0.11640625 0.58203125 0.0625 0.03125
0 0.21171875 0.58203125 0.11875 0.0265625
0 0.315625 0.5796875 0.0734375 0.0203125
0 0.15390625 0.609375 0.109375 0.015625
0 0.24921875 0.6078125 0.05 0.01875
0 0.359375 0.60859375 0.0875 0.01875
0 0.45546875 0.6125 0.09375 0.025
0 0.64453125 0.6078125 0.2703125 0.0421875
0 0.49609375 0.646875 0.1 0.028125
0 0.73203125 0.66015625 0.0765625 0.053125
0 0.62734375 0.7171875 0.075 0.021875
0 0.703125 0.7234375 0.0734375 0.0234375
0 0.815625 0.72265625 0.0625 0.028125
0 0.8953125 0.71953125 0.096875 0.0265625
0 0.1109375 0.72421875 0.0875 0.0234375
0 0.5078125 0.728125 0.059375 0.025
0 0.13046875 0.753125 0.1015625 0.01875
0 0.31328125 0.75078125 0.215625 0.0234375
0 0.5265625 0.75234375 0.090625 0.01875
0 0.6734375 0.75078125 0.175 0.021875
0 0.77734375 0.7546875 0.028125 0.021875
0 0.409375 0.79140625 0.1234375 0.04375
0 0.446875 0.75078125 0.040625 0.021875
0 0.49609375 0.77265625 0.03125 0.021875
0 0.53984375 0.76953125 0.0390625 0.01875
0 0.7296875 0.77421875 0.184375 0.01875
0 0.85703125 0.77890625 0.0375 0.021875
0 0.90703125 0.7734375 0.046875 0.015625
0 0.5328125 0.803125 0.1140625 0.021875
0 0.68828125 0.80625 0.16875 0.028125
0 0.5015625 0.8265625 0.0390625 0.028125
0 0.55 0.821875 0.034375 0.021875
0 0.7125 0.82890625 0.140625 0.025
0 0.84140625 0.8375 0.040625 0.0296875
0 0.909375 0.83359375 0.0703125 0.021875
0 0.1875 0.825 0.209375 0.021875
0 0.3171875 0.8203125 0.025 0.0203125
0 0.21875 0.83984375 0.04375 0.01875
0 0.2578125 0.840625 0.0140625 0.021875
0 0.29140625 0.84375 0.034375 0.021875
0 0.33671875 0.83984375 0.04375 0.015625
0 0.1359375 0.86953125 0.125 0.028125
0 0.3421875 0.86640625 0.253125 0.025
0 0.4078125 0.90390625 0.13125 0.046875
0 0.1703125 0.93203125 0.165625 0.021875
0 0.2265625 0.959375 0.059375 0.021875
0 0.26796875 0.959375 0.0203125 0.01875
0 0.303125 0.965625 0.0390625 0.01875
0 0.35546875 0.9625 0.0546875 0.015625
0 0.3734375 0.13828125 0.05625 0.0171875
0 0.36015625 0.2328125 0.028125 0.01875
0 0.2890625 0.61015625 0.025 0.021875
0 0.803125 0.671875 0.034375 0.01875
0 0.26796875 0.93046875 0.025 0.0203125
0 0.79609375 0.80859375 0.028125 0.0234375
0 0.79140625 0.83359375 0.015625 0.0203125