0 0.06796875 0.109375 0.0171875 0.0296875
0 0.103125 0.10546875 0.0515625 0.025
0 0.15078125 0.10234375 0.034375 0.021875
0 0.10859375 0.134375 0.0625 0.021875
0 0.15078125 0.13515625 0.0125 0.01875
0 0.18203125 0.1609375 0.0546875 0.028125
0 0.27421875 0.159375 0.109375 0.034375
0 0.18984375 0.20078125 0.08125 0.0234375
0 0.24296875 0.2 0.0125 0.025
0 0.3203125 0.196875 0.078125 0.034375
0 0.3796875 0.1984375 0.034375 0.04375
0 0.1015625 0.23515625 0.04375 0.034375
0 0.1453125 0.23125 0.009375 0.00625
0 0.19765625 0.228125 0.084375 0.0265625
0 0.13984375 0.28828125 0.009375 0.0109375
0 0.19140625 0.2890625 0.075 0.025
0 0.26953125 0.28203125 0.075 0.0453125
0 0.13046875 0.35 0.0078125 0.00625
0 0.18671875 0.36328125 0.078125 0.040625
0 0.2859375 0.3515625 0.090625 0.05
0 0.1265625 0.42421875 0.009375 0.009375
0 0.17109375 0.42578125 0.0625 0.0296875
0 0.05390625 0.5171875 0.00625 0.015625
0 0.11484375 0.51640625 0.09375 0.021875
0 0.0515625 0.54453125 0.009375 0.0140625
0 0.1171875 0.54765625 0.1109375 0.025
0 0.22421875 0.540625 0.071875 0.034375
0 0.05 0.58046875 0.0125 0.015625
0 0.1125 0.57890625 0.09375 0.034375
0 0.05390625 0.61484375 0.0125 0.015625
0 0.18203125 0.69453125 0.103125 0.025
0 0.0640625 0.72265625 0.0296875 0.03125
0 0.17109375 0.83203125 0.059375 0.025
0 0.15625 0.878125 0.0484375 0.0296875
0 0.14609375 0.91875 0.0234375 0.028125
0 0.1765625 0.92421875 0.01875 0.028125
0 0.49375 0.09609375 0.0296875 0.028125
0 0.44765625 0.1296875 0.0375 0.025
0 0.5171875 0.128125 0.05625 0.025
0 0.525 0.165625 0.065625 0.025
0 0.57265625 0.16328125 0.0125 0.01875
0 0.671875 0.11640625 0.04375 0.0265625
0 0.6828125 0.14453125 0.0625 0.025
0 0.79921875 0.14453125 0.0828125 0.0234375
0 0.8890625 0.14921875 0.078125 0.028125
0 0.81953125 0.17578125 0.115625 0.015625
0 0.4515625 0.25234375 0.034375 0.0140625
0 0.51171875 0.25078125 0.03125 0.0140625
0 0.409375 0.29296875 0.0078125 0.0046875
0 0.45390625 0.2859375 0.059375 0.025
0 0.4140625 0.3125 0.009375 0.00625
0 0.43359375 0.31796875 0.028125 0.0203125
0 0.40703125 0.346875 0.0125 0.00625
0 0.4453125 0.33828125 0.0515625 0.025
0 0.40859375 0.36640625 0.00625 0.00625
0 0.446875 0.3625 0.0546875 0.025
0 0.26015625 0.425 0.028125 0.015625
0 0.3125 0.42421875 0.078125 0.021875
0 0.24375 0.45859375 0.028125 0.015625
0 0.28828125 0.46328125 0.075 0.0265625
0 0.240625 0.4984375 0.021875 0.015625
0 0.2828125 0.503125 0.046875 0.028125
0 0.31875 0.5046875 0.0171875 0.009375
0 0.35 0.503125 0.025 0.01875
0 0.42578125 0.43203125 0.0875 0.021875
0 0.62578125 0.4421875 0.14375 0.028125
0 0.78984375 0.4375 0.0078125 0.025
0 0.821875 0.4390625 0.05 0.03125
0 0.31171875 0.559375 0.08125 0.0265625
0 0.2765625 0.58828125 0.015625 0.0296875
0 0.29296875 0.5890625 0.0125 0.025
0 0.32734375 0.5875 0.0484375 0.0234375
0 0.4046875 0.596875 0.0375 0.034375
0 0.253125 0.659375 0.01875 0.025
0 0.29921875 0.6609375 0.059375 0.03125
0 0.434375 0.65703125 0.1515625 0.034375
0 0.43125 0.703125 0.1578125 0.0484375
0 0.2953125 0.821875 0.021875 0.034375
0 0.3453125 0.7984375 0.0125 0.00625
0 0.38046875 0.79140625 0.053125 0.03125
0 0.45703125 0.8015625 0.090625 0.034375
0 0.5171875 0.79765625 0.01875 0.03125
0 0.34140625 0.83046875 0.0125 0.009375
0 0.3875 0.82890625 0.078125 0.034375
0 0.47578125 0.83671875 0.0859375 0.028125
0 0.34296875 0.8578125 0.015625 0.0140625
0 0.4015625 0.86953125 0.084375 0.025
0 0.49453125 0.87578125 0.0671875 0.0359375
0 0.33828125 0.8890625 0.01875 0.0140625
0 0.38046875 0.91640625 0.0578125 0.025
0 0.4765625 0.91875 0.090625 0.028125
0 0.90546875 0.534375 0.01875 0.053125
0 0.98046875 0.05703125 0.03125 0.078125