0 0.278125 0.1109375 0.1171875 0.046875
0 0.36171875 0.10625 0.04375 0.0171875
0 0.40625 0.1046875 0.046875 0.0234375
0 0.48359375 0.1125 0.1109375 0.015625
0 0.58046875 0.1109375 0.0796875 0.01875
0 0.696875 0.11171875 0.146875 0.0265625
0 0.81171875 0.11328125 0.034375 0.0171875
0 0.8921875 0.11640625 0.103125 0.0234375
0 0.2 0.13125 0.0984375 0.0265625
0 0.290625 0.14921875 0.0984375 0.0359375
0 0.3875 0.1484375 0.1109375 0.040625
0 0.48984375 0.13984375 0.084375 0.0203125
0 0.5546875 0.13984375 0.046875 0.0234375
0 0.6296875 0.14296875 0.115625 0.0265625
0 0.7265625 0.140625 0.071875 0.025
0 0.80546875 0.146875 0.0859375 0.0140625
0 0.9 0.14296875 0.1015625 0.0296875
0 0.19921875 0.1625 0.103125 0.0234375
0 0.303125 0.16328125 0.1 0.021875
0 0.41484375 0.1765625 0.115625 0.0390625
0 0.54296875 0.1734375 0.1 0.0421875
0 0.63515625 0.16875 0.08125 0.0234375
0 0.71640625 0.16796875 0.0859375 0.025
0 0.7921875 0.175 0.0671875 0.0125
0 0.89765625 0.1828125 0.159375 0.0515625
0 0.9015625 0.209375 0.196875 0.0375
0 0.7796875 0.20234375 0.05 0.021875
0 0.71640625 0.2046875 0.0828125 0.0125
0 0.6421875 0.2015625 0.065625 0.021875
0 0.74375 0.23125 0.0640625 0.01875
0 0.84140625 0.2328125 0.125 0.021875
0 0.915625 0.27265625 0.1125 0.0375
0 0.8078125 0.26015625 0.1390625 0.0234375
0 0.703125 0.26484375 0.0578125 0.0125
0 0.90703125 0.29296875 0.109375 0.01875
0 0.82578125 0.29296875 0.046875 0.0203125
0 0.88671875 0.33671875 0.103125 0.0328125
0 0.834375 0.321875 0.0515625 0.0234375
0 0.71328125 0.30078125 0.1609375 0.040625
0 0.6265625 0.228125 0.140625 0.025
0 0.565625 0.26796875 0.2171875 0.0515625
0 0.425 0.2515625 0.06875 0.0265625
0 0.35546875 0.26328125 0.065625 0.0421875
0 0.47890625 0.228125 0.140625 0.0203125
0 0.54609375 0.284375 0.0484375 0.025
0 0.4796875 0.28828125 0.078125 0.0109375
0 0.4 0.28203125 0.0734375 0.0234375
0 0.91953125 0.35390625 0.0546875 0.0203125
0 0.83203125 0.36015625 0.0953125 0.0421875
0 0.76328125 0.321875 0.0859375 0.0234375
0 0.74453125 0.3625 0.084375 0.0453125
0 0.64375 0.3625 0.125 0.0390625
0 0.67265625 0.31953125 0.1015625 0.0203125
0 0.6078125 0.29609375 0.1015625 0.0453125
0 0.584375 0.3171875 0.078125 0.021875
0 0.56328125 0.35 0.0421875 0.0109375
0 0.51328125 0.2109375 0.1546875 0.0359375
0 0.403125 0.196875 0.0921875 0.0171875
0 0.45234375 0.3140625 0.146875 0.025
0 0.3265625 0.23125 0.1609375 0.05
0 0.29375 0.19140625 0.1359375 0.0265625
0 0.18671875 0.20390625 0.075 0.034375
0 0.1984375 0.2203125 0.1 0.0203125
0 0.2359375 0.25859375 0.1765625 0.0375
0 0.284375 0.28046875 0.096875 0.025
0 0.1875 0.2765625 0.0828125 0.025
0 0.5140625 0.346875 0.0609375 0.021875
0 0.34140625 0.31171875 0.06875 0.025
0 0.225 0.31875 0.165625 0.0453125
0 0.24921875 0.34765625 0.1140625 0.034375
0 0.1734375 0.340625 0.053125 0.025
0 0.425 0.35859375 0.1203125 0.0359375
0 0.35546875 0.3421875 0.071875 0.021875
0 0.84609375 0.76015625 0.16875 0.034375
0 0.65859375 0.759375 0.175 0.03125
0 0.84921875 0.73515625 0.0984375 0.021875
0 0.9078125 0.70703125 0.0453125 0.0203125
0 0.81640625 0.71640625 0.1296875 0.04375
0 0.878125 0.67578125 0.140625 0.0234375
0 0.86953125 0.65546875 0.15625 0.046875
0 0.88671875 0.6171875 0.096875 0.0203125
0 0.81171875 0.61640625 0.0421875 0.0203125
0 0.73828125 0.67734375 0.090625 0.0234375
0 0.75546875 0.65390625 0.1015625 0.04375
0 0.7609375 0.746875 0.0859375 0.0328125
0 0.7015625 0.73671875 0.05 0.0140625
0 0.73515625 0.7015625 0.0390625 0.021875
0 0.67734375 0.70703125 0.071875 0.0125
0 0.63046875 0.7328125 0.0890625 0.0234375
0 0.61484375 0.7109375 0.0609375 0.040625
0 0.75390625 0.6203125 0.0625 0.0125
0 0.625 0.68125 0.146875 0.034375
0 0.6515625 0.640625 0.115625 0.025
0 0.53671875 0.759375 0.071875 0.021875
0 0.55234375 0.7328125 0.0765625 0.0140625
0 0.46171875 0.72890625 0.09375 0.0203125
0 0.41875 0.7609375 0.1609375 0.0390625
0 0.29375 0.753125 0.096875 0.0265625
0 0.19140625 0.753125 0.109375 0.0234375
0 0.3296875 0.7375 0.1640625 0.0484375
0 0.23515625 0.7265625 0.04375 0.0125
0 0.1765625 0.72578125 0.06875 0.025
0 0.26875 0.6953125 0.1375 0.0265625
0 0.16953125 0.68984375 0.0546875 0.0265625
0 0.3828125 0.69609375 0.0734375 0.0265625
0 0.465625 0.69765625 0.0875 0.01875
0 0.54765625 0.70078125 0.090625 0.0265625
0 0.5265625 0.6703125 0.0625 0.025
0 0.66171875 0.615625 0.115625 0.021875
0 0.4265625 0.6796875 0.15 0.0515625
0 0.2796875 0.67265625 0.146875 0.040625
0 0.178125 0.66328125 0.0671875 0.021875
0 0.4390625 0.64375 0.1265625 0.025
0 0.36015625 0.6375 0.03125 0.01875
0 0.26328125 0.64296875 0.140625 0.0515625
0 0.16875 0.63671875 0.040625 0.0125
0 0.175 0.6046875 0.0640625 0.0234375
0 0.25859375 0.6046875 0.084375 0.021875
0 0.3515625 0.615625 0.1109375 0.040625
0 0.46015625 0.60859375 0.071875 0.0265625
0 0.5515625 0.61015625 0.1125 0.0234375
0 0.85546875 0.41796875 0.159375 0.04375
0 0.8828125 0.440625 0.0765625 0.0265625
0 0.86875 0.46796875 0.1640625 0.0296875
0 0.82109375 0.49921875 0.153125 0.025
0 0.8921875 0.5390625 0.0671875 0.0359375
0 0.92265625 0.5859375 0.0484375 0.0265625
0 0.815625 0.59765625 0.153125 0.0546875
0 0.69453125 0.58515625 0.0875 0.0203125
0 0.6125 0.55234375 0.075 0.0265625
0 0.70234375 0.55390625 0.1 0.0265625
0 0.790625 0.5609375 0.0859375 0.0265625
0 0.85234375 0.56640625 0.046875 0.03125
0 0.9046875 0.55703125 0.0734375 0.025
0 0.82265625 0.52890625 0.075 0.0171875
0 0.715625 0.52890625 0.1078125 0.028125
0 0.5046875 0.553125 0.1046875 0.0265625
0 0.5609375 0.5296875 0.2 0.0421875
0 0.71171875 0.49765625 0.0671875 0.0265625
0 0.5796875 0.49921875 0.1921875 0.040625
0 0.57734375 0.590625 0.1453125 0.046875
0 0.4390625 0.5875 0.13125 0.0453125
0 0.72265625 0.4671875 0.1390625 0.0234375
0 0.63046875 0.4765625 0.05 0.0359375
0 0.53828125 0.4609375 0.14375 0.03125
0 0.77890625 0.4390625 0.0984375 0.0234375
0 0.6515625 0.43671875 0.15625 0.0375
0 0.73359375 0.4171875 0.10625 0.046875
0 0.621875 0.4125 0.121875 0.04375
0 0.5453125 0.40546875 0.0515625 0.021875
0 0.48828125 0.4078125 0.065625 0.0109375
0 0.48671875 0.44296875 0.18125 0.05
0 0.35234375 0.5796875 0.040625 0.01875
0 0.30234375 0.57734375 0.0421875 0.021875
0 0.4109375 0.5234375 0.090625 0.0265625
0 0.2109375 0.5859375 0.134375 0.0484375
0 0.2 0.54453125 0.103125 0.0203125
0 0.26953125 0.54765625 0.034375 0.0171875
0 0.36328125 0.55859375 0.1578125 0.04375
0 0.3234375 0.51640625 0.071875 0.021875
0 0.215625 0.51875 0.1296875 0.0171875
0 0.4078125 0.490625 0.1375 0.0265625
0 0.3171875 0.48828125 0.0421875 0.0203125
0 0.21796875 0.49609375 0.16875 0.0375
0 0.18515625 0.46171875 0.084375 0.0140625
0 0.390625 0.471875 0.1515625 0.046875
0 0.28359375 0.45625 0.059375 0.0234375
0 0.21171875 0.440625 0.1375 0.0515625
0 0.3125 0.434375 0.0484375 0.0140625
0 0.36484375 0.44609375 0.0640625 0.034375
0 0.25390625 0.39609375 0.0890625 0.0265625
0 0.34765625 0.4 0.1 0.025
0 0.4296875 0.41171875 0.0703125 0.0453125
0 0.5546875 0.64375 0.0875 0.015625