0 0.28515625 0.01796875 0.1421875 0.0359375
0 0.390625 0.0140625 0.08125 0.028125
0 0.49140625 0.0375 0.090625 0.0328125
0 0.63515625 0.06015625 0.1625 0.1
0 0.75234375 0.071875 0.0625 0.0515625
0 0.83125 0.0796875 0.0921875 0.04375
0 0.90703125 0.103125 0.05 0.0453125
0 0.96875 0.11640625 0.0625 0.0421875
0 0.17109375 0.02734375 0.1671875 0.0546875
0 0.09453125 0.0703125 0.0234375 0.025
0 0.18203125 0.06953125 0.11875 0.071875
0 0.3171875 0.0984375 0.1 0.0375
0 0.4265625 0.115625 0.084375 0.0390625
0 0.50390625 0.12421875 0.034375 0.0203125
0 0.58515625 0.14296875 0.0984375 0.0578125
0 0.71015625 0.1609375 0.115625 0.0703125
0 0.8109375 0.17265625 0.084375 0.0328125
0 0.9265625 0.18671875 0.109375 0.05
0 0.13359375 0.10703125 0.0859375 0.0375
0 0.246875 0.1140625 0.103125 0.0546875
0 0.32578125 0.128125 0.0546875 0.0390625
0 0.40234375 0.14453125 0.071875 0.0546875
0 0.4921875 0.15390625 0.084375 0.0375
0 0.6125 0.171875 0.075 0.0359375
0 0.71328125 0.1953125 0.0859375 0.0640625
0 0.86875 0.20859375 0.175 0.0546875
0 0.08828125 0.16484375 0.028125 0.0328125
0 0.140625 0.16953125 0.046875 0.0375
0 0.2484375 0.18515625 0.1265625 0.0734375
0 0.4 0.1953125 0.140625 0.0578125
0 0.52265625 0.21484375 0.0421875 0.034375
0 0.59296875 0.23046875 0.0296875 0.0234375
0 0.6796875 0.2484375 0.11875 0.071875
0 0.8015625 0.26171875 0.084375 0.0375
0 0.87109375 0.265625 0.0265625 0.0296875
0 0.915625 0.275 0.025 0.01875
0 0.9609375 0.2953125 0.0625 0.0453125
0 0.125 0.19375 0.071875 0.0453125
0 0.259375 0.21484375 0.134375 0.05
0 0.07734375 0.25859375 0.0296875 0.0234375
0 0.19921875 0.2734375 0.2046875 0.0609375
0 0.35234375 0.290625 0.040625 0.0328125
0 0.415625 0.30390625 0.0265625 0.0203125
0 0.5296875 0.3171875 0.13125 0.0703125
0 0.6328125 0.33125 0.08125 0.0359375
0 0.74140625 0.34609375 0.1 0.0359375
0 0.87734375 0.36171875 0.1265625 0.0484375
0 0.96796875 0.38359375 0.0421875 0.0515625
0 0.1 0.29453125 0.059375 0.03125
0 0.25625 0.321875 0.2359375 0.1046875
0 0.4296875 0.3359375 0.08125 0.0578125
0 0.5234375 0.34453125 0.0609375 0.03125
0 0.5859375 0.35859375 0.0671875 0.05
0 0.6609375 0.36015625 0.028125 0.0328125
0 0.74140625 0.371875 0.0953125 0.0421875
0 0.046875 0.4046875 0.0203125 0.03125
0 0.103125 0.4109375 0.075 0.0578125
0 0.23046875 0.42890625 0.1328125 0.0515625
0 0.3703125 0.45390625 0.1109375 0.0703125
0 0.4671875 0.4578125 0.0359375 0.0390625
0 0.53984375 0.47109375 0.071875 0.0515625
0 0.628125 0.475 0.08125 0.053125
0 0.7078125 0.48984375 0.0421875 0.03125
0 0.77265625 0.50078125 0.05 0.0359375
0 0.84609375 0.5109375 0.0671875 0.0328125
0 0.91484375 0.51640625 0.034375 0.028125
0 0.95625 0.53046875 0.0515625 0.040625
0 0.08203125 0.446875 0.090625 0.0484375
0 0.2046875 0.46796875 0.0921875 0.0359375
0 0.3625 0.4921875 0.190625 0.078125
0 0.5515625 0.5140625 0.1671875 0.0734375
0 0.75 0.528125 0.1953125 0.0671875
0 0.0421875 0.51328125 0.025 0.0296875
0 0.14765625 0.52265625 0.1734375 0.059375
0 0.303125 0.54296875 0.0703125 0.0515625
0 0.41171875 0.55078125 0.0953125 0.053125
0 0.51328125 0.55859375 0.0625 0.0375
0 0.5953125 0.575 0.0765625 0.046875
0 0.6875 0.58203125 0.071875 0.04375
0 0.78984375 0.60390625 0.1234375 0.0765625
0 0.91328125 0.60625 0.09375 0.0453125
0 0.0859375 0.55859375 0.078125 0.05625
0 0.16953125 0.55625 0.05625 0.034375
0 0.25078125 0.5734375 0.078125 0.0453125
0 0.3453125 0.58125 0.0765625 0.0453125
0 0.4578125 0.59375 0.146875 0.0671875
0 0.5828125 0.60234375 0.0625 0.0421875
0 0.66640625 0.6265625 0.09375 0.0625
0 0.74765625 0.6265625 0.0390625 0.0375
0 0.84375 0.6359375 0.125 0.0578125
0 0.0234375 0.60078125 0.015625 0.021875
0 0.0734375 0.6078125 0.06875 0.04375
0 0.175 0.62734375 0.0890625 0.0484375
0 0.30234375 0.63828125 0.1484375 0.0578125
0 0.440625 0.65 0.078125 0.04375
0 0.54140625 0.66484375 0.0859375 0.0421875
0 0.653125 0.678125 0.0921875 0.05
0 0.73828125 0.6890625 0.0375 0.0375
0 0.78984375 0.69140625 0.0453125 0.03125
0 0.86953125 0.7 0.0796875 0.046875
0 0.94375 0.7015625 0.04375 0.046875
0 0.05859375 0.64765625 0.1015625 0.05
0 0.2203125 0.671875 0.1609375 0.0609375
0 0.35234375 0.67890625 0.0671875 0.040625
0 0.4734375 0.6984375 0.1171875 0.059375
0 0.5875 0.7015625 0.1 0.05
0 0.0203125 0.70625 0.025 0.03125
0 0.06484375 0.7109375 0.04375 0.0375
0 0.1484375 0.71953125 0.1046875 0.0484375
0 0.26015625 0.7296875 0.0921875 0.053125
0 0.37890625 0.74453125 0.134375 0.05625
0 0.4921875 0.7515625 0.0734375 0.046875
0 0.59296875 0.76171875 0.103125 0.065625
0 0.71875 0.7828125 0.0796875 0.0515625
0 0.7984375 0.790625 0.0578125 0.04375
0 0.86484375 0.79296875 0.0390625 0.0328125
0 0.92890625 0.803125 0.059375 0.0609375
0 0.0671875 0.753125 0.0796875 0.0640625
0 0.15625 0.75546875 0.0390625 0.0359375
0 0.228125 0.76484375 0.0671875 0.0375
0 0.32265625 0.775 0.1125 0.0609375
0 0.0078125 0.8046875 0.015625 0.025
0 0.1015625 0.8203125 0.15 0.059375
0 0.22109375 0.828125 0.0390625 0.034375
0 0.33359375 0.84296875 0.1234375 0.065625
0 0.43125 0.8546875 0.028125 0.025
0 0.49765625 0.85078125 0.065625 0.0515625
0 0.60390625 0.8609375 0.1125 0.05625
0 0.7203125 0.87578125 0.109375 0.0609375
0 0.8625 0.88828125 0.1421875 0.05625
0 0.0765625 0.85546875 0.15 0.05625
0 0.25234375 0.87421875 0.1390625 0.0765625
0 0.37734375 0.88125 0.03125 0.025
0 0.45546875 0.884375 0.0859375 0.04375
0 0.540625 0.89375 0.034375 0.028125
0 0.6125 0.90625 0.075 0.05625
0 0.7125 0.909375 0.0890625 0.040625
0 0.82109375 0.9265625 0.0796875 0.0484375