0 0.1703125 0.12109375 0.1859375 0.184375
0 0.28046875 0.14140625 0.06875 0.0734375
0 0.3921875 0.1109375 0.1140625 0.11875
0 0.56640625 0.1265625 0.2359375 0.253125
0 0.78125 0.0578125 0.078125 0.115625
0 0.11796875 0.30078125 0.1421875 0.1734375
0 0.28203125 0.2953125 0.16875 0.1546875
0 0.44921875 0.3015625 0.1390625 0.13125
0 0.59453125 0.26484375 0.109375 0.140625
0 0.7234375 0.2234375 0.0984375 0.090625
0 0.87421875 0.203125 0.2046875 0.2078125
0 0.1328125 0.4140625 0.1328125 0.128125
0 0.2734375 0.42265625 0.1546875 0.1015625
0 0.53671875 0.32890625 0.3 0.2328125
0 0.10078125 0.56328125 0.090625 0.096875
0 0.378125 0.54453125 0.2890625 0.190625
0 0.60390625 0.4875 0.1296875 0.1453125
0 0.290625 0.65859375 0.1046875 0.1
0 0.43125 0.634375 0.1734375 0.140625
0 0.11015625 0.81796875 0.1171875 0.159375
0 0.23828125 0.8 0.11875 0.115625
0 0.37109375 0.76796875 0.096875 0.1390625
0 0.55390625 0.740625 0.23125 0.16875
0 0.72421875 0.7296875 0.08125 0.128125
0 0.86640625 0.69375 0.1296875 0.153125
0 0.1671875 0.928125 0.190625 0.14375
0 0.41875 0.9078125 0.290625 0.184375
0 0.58359375 0.90625 0.0328125 0.03125
0 0.66328125 0.89296875 0.1265625 0.09375
0 0.81640625 0.84765625 0.128125 0.1375