0 0.259375 0.0625 0.2375 0.11875
0 0.48671875 0.08203125 0.1734375 0.1375
0 0.75234375 0.0859375 0.315625 0.109375
0 0.22109375 0.278125 0.16875 0.196875
0 0.44375 0.30546875 0.2234375 0.178125
0 0.6859375 0.31796875 0.225 0.1765625
0 0.9015625 0.31953125 0.196875 0.1828125
0 0.28125 0.42890625 0.290625 0.0890625
0 0.56484375 0.43046875 0.2109375 0.1078125
0 0.80234375 0.43984375 0.2109375 0.1125
0 0.2296875 0.5875 0.2046875 0.1109375
0 0.45 0.5953125 0.1875 0.1109375
0 0.71484375 0.6546875 0.2890625 0.171875
0 0.2234375 0.76328125 0.2 0.1171875
0 0.50078125 0.8046875 0.3109375 0.2203125
0 0.81875 0.853125 0.28125 0.1890625