0 0.0765625 0.26171875 0.1203125 0.0546875
0 0.20546875 0.23046875 0.1 0.0484375
0 0.3484375 0.19140625 0.14375 0.059375
0 0.51328125 0.1515625 0.159375 0.05625
0 0.684375 0.10703125 0.1109375 0.0453125
0 0.0828125 0.32421875 0.09375 0.0390625
0 0.20234375 0.3 0.071875 0.0375
0 0.3203125 0.2609375 0.1390625 0.065625
0 0.50234375 0.21953125 0.1609375 0.0703125
0 0.675 0.1734375 0.15625 0.05625
0 0.0984375 0.396875 0.115625 0.0484375
0 0.23203125 0.35859375 0.1078125 0.0453125
0 0.4140625 0.3078125 0.2265625 0.08125
0 0.5859375 0.26328125 0.0421875 0.03125
0 0.6515625 0.24453125 0.0609375 0.0296875
0 0.7578125 0.20859375 0.1015625 0.05
0 0.09375 0.47109375 0.0875 0.0453125
0 0.2421875 0.434375 0.1 0.0453125
0 0.35390625 0.41015625 0.084375 0.040625
0 0.45859375 0.38359375 0.05 0.0328125
0 0.54765625 0.36171875 0.0875 0.040625
0 0.65703125 0.33203125 0.0828125 0.034375