0 0.28046875 0.05859375 0.0109375 0.025
0 0.31015625 0.0671875 0.046875 0.0359375
0 0.38125 0.08046875 0.090625 0.040625
0 0.44375 0.09375 0.03125 0.028125
0 0.2984375 0.13203125 0.2 0.078125
0 0.22421875 0.2234375 0.06875 0.0375
0 0.26328125 0.23046875 0.00625 0.0171875
0 0.290625 0.2359375 0.0375 0.025
0 0.34921875 0.2515625 0.084375 0.034375
0 0.26171875 0.28203125 0.209375 0.0984375
0 0.17109375 0.31015625 0.0421875 0.0359375
0 0.29921875 0.340625 0.2140625 0.0875
0 0.4828125 0.3828125 0.1421875 0.0640625
0 0.5984375 0.40390625 0.059375 0.0515625
0 0.6890625 0.4265625 0.0890625 0.05625
0 0.240625 0.37890625 0.1390625 0.078125
0 0.44765625 0.428125 0.278125 0.109375
0 0.178125 0.4953125 0.0875 0.0421875
0 0.56484375 0.5625 0.065625 0.0359375
0 0.7015625 0.58828125 0.15625 0.071875
0 0.21015625 0.54765625 0.16875 0.0578125
0 0.4390625 0.5953125 0.18125 0.075
0 0.63671875 0.621875 0.134375 0.0609375
0 0.2203125 0.59296875 0.1921875 0.08125
0 0.503125 0.64375 0.25 0.096875
0 0.671875 0.6734375 0.0640625 0.0421875
0 0.15625 0.63515625 0.0515625 0.0390625
0 0.26796875 0.65078125 0.09375 0.05
0 0.359375 0.67734375 0.046875 0.0453125
0 0.49765625 0.69296875 0.1671875 0.071875
0 0.23515625 0.0515625 0.075 0.040625
0 0.41875 0.26484375 0.0578125 0.03125
0 0.371875 0.528125 0.2296875 0.08125
0 0.2296875 0.45 0.178125 0.0765625