0 0.29140625 0.0265625 0.1640625 0.053125
0 0.4328125 0.0203125 0.0625 0.040625
0 0.22734375 0.24609375 0.15 0.08125
0 0.36484375 0.25859375 0.059375 0.0421875
0 0.49765625 0.284375 0.11875 0.08125
0 0.18984375 0.29140625 0.0375 0.0421875
0 0.2796875 0.30546875 0.1078125 0.0453125
0 0.3734375 0.31953125 0.0296875 0.0375
0 0.4234375 0.33203125 0.021875 0.0203125
0 0.17890625 0.32265625 0.0234375 0.025
0 0.26015625 0.334375 0.0953125 0.04375
0 0.4125 0.35703125 0.1015625 0.0484375
0 0.18046875 0.3484375 0.034375 0.0375
0 0.26953125 0.36796875 0.1015625 0.04375
0 0.39765625 0.39453125 0.0453125 0.0421875
0 0.45234375 0.40234375 0.025 0.021875
0 0.175 0.45234375 0.0734375 0.0546875
0 0.16796875 0.51328125 0.1078125 0.05625
0 0.27265625 0.54296875 0.0890625 0.0640625
0 0.3953125 0.56484375 0.1296875 0.0625
0 0.51875 0.58046875 0.0796875 0.0484375
0 0.6203125 0.59921875 0.08125 0.046875
0 0.75390625 0.634375 0.0453125 0.034375
0 0.140625 0.57734375 0.1640625 0.090625
0 0.26328125 0.596875 0.065625 0.053125
0 0.32578125 0.60703125 0.034375 0.0359375
0 0.39765625 0.61875 0.05625 0.046875
0 0.49609375 0.653125 0.121875 0.0515625
0 0.6140625 0.67734375 0.10625 0.0765625
0 0.24453125 0.66484375 0.175 0.0796875
0 0.234375 0.6921875 0.1625 0.078125
0 0.440625 0.7359375 0.1265625 0.0640625
0 0.13515625 0.7328125 0.096875 0.0546875
0 0.2828125 0.77109375 0.125 0.0578125
0 0.415625 0.81640625 0.11875 0.0921875
0 0.5609375 0.85 0.14375 0.0640625
0 0.4015625 0.87421875 0.46875 0.1609375
0 0.4828125 0.0234375 0.0234375 0.0359375
0 0.26875 0.06796875 0.0390625 0.0390625
0 0.3265625 0.0828125 0.05625 0.05
0 0.43203125 0.08984375 0.1078125 0.065625
0 0.528125 0.09453125 0.0703125 0.040625
0 0.584375 0.11015625 0.0515625 0.04375
0 0.20703125 0.146875 0.0421875 0.090625
0 0.26953125 0.121875 0.06875 0.04375
0 0.3203125 0.1296875 0.0328125 0.0453125
0 0.38984375 0.1421875 0.1046875 0.0609375
0 0.2609375 0.1546875 0.0609375 0.0515625
0 0.3375 0.16484375 0.09375 0.0546875
0 0.24921875 0.18515625 0.0484375 0.0421875
0 0.284375 0.18671875 0.01875 0.01875
0 0.3265625 0.19921875 0.05625 0.0484375
0 0.40859375 0.26171875 0.025 0.0265625
0 0.6421875 0.3078125 0.1828125 0.09375
0 0.21875 0.29140625 0.01875 0.0171875
0 0.39765625 0.325 0.015625 0.0140625
0 0.20390625 0.32734375 0.0203125 0.0140625
0 0.52421875 0.3859375 0.1015625 0.0734375
0 0.20703125 0.35859375 0.0234375 0.0171875
0 0.4265625 0.39765625 0.01875 0.0171875
0 0.125 0.4203125 0.0265625 0.059375
0 0.17578125 0.4140625 0.0578125 0.04375
0 0.2109375 0.4234375 0.01875 0.0171875
0 0.27265625 0.43203125 0.0875 0.053125
0 0.53671875 0.4828125 0.434375 0.1453125
0 0.253125 0.4671875 0.1046875 0.0515625
0 0.68828125 0.62265625 0.059375 0.0375
0 0.10703125 0.79609375 0.1234375 0.059375
0 0.153125 0.8671875 0.0640625 0.059375
0 0.25078125 0.890625 0.0625 0.053125
0 0.19921875 0.88125 0.021875 0.0109375
0 0.253125 0.9375 0.1546875 0.0703125
0 0.9859375 0.2109375 0.028125 0.059375
0 0.99140625 0.50234375 0.0171875 0.0328125
0 0.94140625 0.69296875 0.0265625 0.01875
0 0.34609375 0.71328125 0.040625 0.03125
0 0.15625 0.28125 0.01875 0.015625
0 0.14453125 0.3125 0.01875 0.0140625
0 0.13984375 0.33828125 0.01875 0.0140625