0 0.29296875 0.07421875 0.1390625 0.0625
0 0.46640625 0.0390625 0.1 0.046875
0 0.57734375 0.02734375 0.0734375 0.034375
0 0.66640625 0.0125 0.0265625 0.025
0 0.68203125 0.0109375 0.009375 0.00625
0 0.70078125 0.01171875 0.0234375 0.0234375
0 0.721875 0.00703125 0.0171875 0.0078125
0 0.753125 0.0078125 0.046875 0.015625
0 0.34296875 0.13203125 0.1953125 0.0703125
0 0.54140625 0.10703125 0.1328125 0.0625
0 0.6671875 0.08046875 0.05625 0.0546875
0 0.3234375 0.18671875 0.153125 0.0609375
0 0.4828125 0.16484375 0.08125 0.04375
0 0.67109375 0.14140625 0.2125 0.0609375
0 0.33828125 0.24140625 0.175 0.065625
0 0.54609375 0.2109375 0.1953125 0.0796875
0 0.740625 0.1921875 0.175 0.103125
0 0.33984375 0.30546875 0.1734375 0.0859375
0 0.47890625 0.28671875 0.0703125 0.0640625
0 0.6140625 0.25546875 0.1796875 0.0640625
0 0.36953125 0.3578125 0.1984375 0.065625
0 0.59765625 0.32421875 0.1859375 0.06875
0 0.78359375 0.3015625 0.1640625 0.075
0 0.31015625 0.4375 0.0609375 0.05
0 0.48203125 0.40390625 0.234375 0.08125
0 0.69765625 0.37890625 0.1546875 0.065625
0 0.33046875 0.475 0.08125 0.05
0 0.50625 0.44453125 0.2578125 0.0875