0 0.3296875 0.37421875 0.3453125 0.071875
0 0.57578125 0.36171875 0.1046875 0.08125
0 0.31640625 0.44765625 0.278125 0.0734375
0 0.5875 0.434375 0.209375 0.046875
0 0.7625 0.44375 0.1109375 0.0875
0 0.18984375 0.53515625 0.05 0.0359375
0 0.35390625 0.52109375 0.1953125 0.059375
0 0.53359375 0.53046875 0.128125 0.084375
0 0.6625 0.5203125 0.0859375 0.0484375
0 0.265625 0.6015625 0.2609375 0.0546875
0 0.4453125 0.60703125 0.0859375 0.05
0 0.578125 0.5984375 0.14375 0.046875
0 0.70234375 0.60078125 0.08125 0.0375
0 0.22421875 0.67734375 0.1703125 0.059375
0 0.425 0.67890625 0.1953125 0.04375
0 0.61015625 0.67734375 0.14375 0.046875
0 0.775 0.67421875 0.1546875 0.053125
0 0.2515625 0.771875 0.2453125 0.0890625
0 0.50703125 0.75078125 0.2078125 0.06875
0 0.7609375 0.75625 0.2875 0.0609375