0 0.3703125 0.1609375 0.1609375 0.1984375
0 0.44765625 0.1609375 0.040625 0.09375
0 0.50546875 0.1875 0.1640625 0.1734375
0 0.12109375 0.2265625 0.0578125 0.0640625
0 0.21015625 0.2328125 0.09375 0.1359375
0 0.30625 0.284375 0.096875 0.1109375
0 0.3953125 0.24765625 0.084375 0.090625
0 0.48046875 0.26015625 0.06875 0.0796875
0 0.52265625 0.30078125 0.0203125 0.0203125
0 0.6359375 0.28671875 0.1734375 0.1421875
0 0.75625 0.3296875 0.075 0.1109375
0 0.84296875 0.35703125 0.1359375 0.1703125
0 0.91640625 0.36640625 0.03125 0.065625
0 0.96640625 0.4 0.0671875 0.10625
0 0.1046875 0.3015625 0.0546875 0.0421875
0 0.2109375 0.3109375 0.109375 0.121875
0 0.35234375 0.3265625 0.165625 0.1109375
0 0.453125 0.3484375 0.0375 0.06875
0 0.52265625 0.39375 0.1125 0.1453125
0 0.6 0.38359375 0.0828125 0.09375
0 0.65625 0.41484375 0.034375 0.025
0 0.70546875 0.41171875 0.028125 0.0421875
0 0.78046875 0.4421875 0.1203125 0.1109375
0 0.35546875 0.4390625 0.1015625 0.1125
0 0.42578125 0.48984375 0.0453125 0.028125
0 0.509375 0.46875 0.090625 0.1140625
0 0.3015625 0.5546875 0.1921875 0.1453125
0 0.46953125 0.5859375 0.1703125 0.1296875
0 0.6375 0.6015625 0.1875 0.1453125
0 0.72265625 0.63828125 0.0390625 0.0765625
0 0.83671875 0.6453125 0.203125 0.1375
0 0.33671875 0.80546875 0.0390625 0.040625
0 0.36953125 0.80703125 0.0359375 0.0296875
0 0.396875 0.81328125 0.0359375 0.021875
0 0.4328125 0.815625 0.034375 0.028125