0 0.17265625 0.28515625 0.271875 0.0859375
0 0.1265625 0.13671875 0.2203125 0.096875
0 0.74375 0.28203125 0.2359375 0.065625
0 0.49765625 0.26015625 0.1625 0.0671875
0 0.64765625 0.153125 0.1015625 0.053125
0 0.46171875 0.553125 0.0859375 0.0484375
0 0.5296875 0.1390625 0.0875 0.03125
0 0.7015625 0.4 0.1125 0.0234375
0 0.56640625 0.565625 0.075 0.0296875
0 0.67890625 0.425 0.096875 0.0234375
0 0.5984375 0.39375 0.0703125 0.0234375
0 0.4421875 0.13046875 0.053125 0.0390625
0 0.76875 0.42890625 0.0546875 0.0203125
0 0.58828125 0.42109375 0.0546875 0.0171875
0 0.5359375 0.41640625 0.028125 0.0140625
0 0.70234375 0.56640625 0.1203125 0.0484375
0 0.4875 0.62265625 0.15625 0.05
0 0.61953125 0.6234375 0.0421875 0.0265625
0 0.78125 0.63359375 0.2 0.0515625
0 0.440625 0.71171875 0.1046875 0.046875
0 0.56796875 0.71875 0.1171875 0.0421875
0 0.68984375 0.80078125 0.1453125 0.0578125
0 0.77890625 0.803125 0.025 0.0234375
0 0.85859375 0.7953125 0.10625 0.040625
0 0.871875 0.8421875 0.1234375 0.028125