0 0.1984375 0.1015625 0.128125 0.0640625
0 0.46484375 0.1140625 0.2078125 0.0828125
0 0.13203125 0.21484375 0.0640625 0.0953125
0 0.24296875 0.25625 0.1234375 0.05625
0 0.38125 0.259375 0.1015625 0.0359375
0 0.5515625 0.271875 0.1546875 0.0390625
0 0.709375 0.2921875 0.1 0.040625
0 0.84140625 0.30390625 0.1234375 0.0453125
0 0.18359375 0.32109375 0.121875 0.06875
0 0.3546875 0.328125 0.1421875 0.05
0 0.51171875 0.33203125 0.1125 0.0515625
0 0.659375 0.35859375 0.1140625 0.065625
0 0.8203125 0.37109375 0.146875 0.053125
0 0.15546875 0.39296875 0.0953125 0.053125
0 0.26953125 0.39921875 0.096875 0.0390625
0 0.471875 0.39453125 0.246875 0.0859375
0 0.203125 0.46796875 0.2140625 0.1
0 0.484375 0.5171875 0.2890625 0.1578125
0 0.66875 0.51796875 0.040625 0.0375
0 0.7546875 0.53046875 0.2078125 0.15625
0 0.2453125 0.64375 0.146875 0.084375
0 0.4296875 0.65625 0.1296875 0.08125
0 0.3375 0.65546875 0.0296875 0.0203125