0 0.11328125 0.00625 0.0390625 0.0125
0 0.0984375 0.0796875 0.046875 0.159375
0 0.075 0.2484375 0.05 0.153125
0 0.228125 0.05390625 0.034375 0.1078125
0 0.11953125 0.753125 0.1078125 0.3125
0 0.08984375 0.60390625 0.0234375 0.078125
0 0.0765625 0.68671875 0.028125 0.0828125
0 0.06796875 0.74375 0.01875 0.0234375
0 0.05703125 0.821875 0.0359375 0.128125
0 0.04453125 0.9078125 0.0234375 0.0421875
0 0.059375 0.7 0.025 0.0796875
0 0.05 0.76328125 0.0203125 0.0375
0 0.03359375 0.86796875 0.0390625 0.1640625
0 0.05390625 0.63046875 0.0265625 0.0671875
0 0.046875 0.6890625 0.025 0.0609375
0 0.0390625 0.73984375 0.0203125 0.0359375
0 0.03203125 0.775 0.0203125 0.040625
0 0.0234375 0.8375 0.0265625 0.08125
0 0.0390625 0.62421875 0.0234375 0.0578125
0 0.0296875 0.6859375 0.021875 0.059375
0 0.02421875 0.7359375 0.025 0.0375
0 0.01640625 0.775 0.0234375 0.0375
0 0.0109375 0.840625 0.021875 0.096875
0 0.01953125 0.7375 0.0390625 0.315625
0 0.01171875 0.73671875 0.0234375 0.3109375
0 0.3640625 0.065625 0.24375 0.13125
0 0.5078125 0.08046875 0.115625 0.1609375
0 0.6 0.0546875 0.078125 0.1
0 0.71796875 0.08203125 0.06875 0.0625
0 0.8171875 0.07734375 0.103125 0.09375
0 0.9015625 0.09140625 0.0390625 0.05
0 0.32578125 0.17265625 0.2109375 0.15625
0 0.48671875 0.16015625 0.1296875 0.1296875
0 0.58046875 0.17265625 0.071875 0.1140625
0 0.678125 0.18125 0.0953125 0.1078125
0 0.77109375 0.19375 0.09375 0.09375
0 0.875 0.221875 0.11875 0.1828125
0 0.228125 0.3390625 0.115625 0.175
0 0.33515625 0.27734375 0.0625 0.128125
0 0.540625 0.29453125 0.271875 0.14375
0 0.771875 0.3125 0.1515625 0.1296875
0 0.1 0.42109375 0.1875 0.1375
0 0.23046875 0.4453125 0.0390625 0.04375
0 0.33828125 0.42890625 0.140625 0.1140625
0 0.49609375 0.4296875 0.165625 0.1375
0 0.60859375 0.4703125 0.05625 0.0578125
0 0.678125 0.47421875 0.0484375 0.053125
0 0.80390625 0.4625 0.2015625 0.140625
0 0.15390625 0.584375 0.1203125 0.1640625
0 0.27890625 0.55078125 0.1328125 0.1328125
0 0.43984375 0.55625 0.1046875 0.1046875
0 0.565625 0.58359375 0.1328125 0.190625
0 0.7234375 0.57265625 0.1890625 0.128125
0 0.86015625 0.5875 0.0734375 0.115625
0 0.95234375 0.61015625 0.08125 0.05625
0 0.25390625 0.6890625 0.153125 0.1703125
0 0.3953125 0.69453125 0.115625 0.078125
0 0.56953125 0.7265625 0.1953125 0.1578125
0 0.75546875 0.68359375 0.1015625 0.1109375
0 0.90625 0.69921875 0.1609375 0.1234375
0 0.2296875 0.78125 0.1375 0.1140625
0 0.3671875 0.82734375 0.1125 0.13125
0 0.4875 0.821875 0.175 0.20625
0 0.6484375 0.7953125 0.134375 0.1125
0 0.7453125 0.79140625 0.0640625 0.1203125
0 0.8265625 0.834375 0.0859375 0.1453125
0 0.1796875 0.87578125 0.1234375 0.1171875
0 0.275 0.890625 0.1296875 0.1109375
0 0.37109375 0.925 0.0921875 0.0921875
0 0.540625 0.9109375 0.20625 0.1484375
0 0.66328125 0.9078125 0.0484375 0.0625
0 0.72578125 0.9359375 0.1140625 0.09375
0 0.83984375 0.9453125 0.09375 0.0921875
0 0.0984375 0.940625 0.128125 0.0515625
0 0.2828125 0.9453125 0.2375 0.0921875
0 0.49375 0.96953125 0.096875 0.0609375
0 0.59375 0.95 0.096875 0.1
0 0.71328125 0.95625 0.1578125 0.0875
0 0.83984375 0.97421875 0.1109375 0.0515625
0 0.9234375 0.95859375 0.06875 0.0828125
0 0.98984375 0.12265625 0.0203125 0.0953125
0 0.98671875 0.22421875 0.0265625 0.0984375
0 0.98671875 0.30625 0.025 0.0515625
0 0.97890625 0.37578125 0.03125 0.0796875
0 0.97265625 0.49453125 0.0375 0.1453125
0 0.9515625 0.16171875 0.046875 0.1875
0 0.9453125 0.27734375 0.025 0.0421875
0 0.94140625 0.34921875 0.0296875 0.090625
0 0.934375 0.45390625 0.0359375 0.109375
0 0.921875 0.32578125 0.1 0.5203125
0 0.946875 0.84453125 0.0421875 0.059375
0 0.9125 0.84453125 0.034375 0.1296875
0 0.90234375 0.83984375 0.0171875 0.0515625
0 0.89375 0.7875 0.0203125 0.075
0 0.89140625 0.84140625 0.0140625 0.034375
0 0.8890625 0.89609375 0.01875 0.0765625
0 0.21328125 0.159375 0.0328125 0.10625
0 0.0734375 0.60234375 0.03125 0.11875