0 0.196875 0.2140625 0.115625 0.2703125
0 0.31171875 0.26875 0.125 0.1640625
0 0.37890625 0.37890625 0.0953125 0.334375
0 0.5109375 0.28828125 0.1796875 0.2671875
0 0.63359375 0.25546875 0.040625 0.16875
0 0.70234375 0.25625 0.084375 0.1640625
0 0.78046875 0.26171875 0.053125 0.1421875
0 0.19296875 0.6109375 0.1265625 0.2984375
0 0.31875 0.546875 0.1140625 0.1875
0 0.40859375 0.5875 0.06875 0.08125
0 0.50390625 0.55625 0.10625 0.2078125
0 0.6046875 0.528125 0.08125 0.15
0 0.66875 0.54296875 0.040625 0.1125
0 0.74765625 0.5765625 0.13125 0.340625
0 0.18359375 0.8125 0.1 0.1515625
0 0.2734375 0.8390625 0.0625 0.0734375
0 0.35625 0.8015625 0.06875 0.1671875
0 0.4203125 0.7921875 0.05 0.159375
0 0.48828125 0.80234375 0.065625 0.121875