0 0.521875 0.05078125 0.1765625 0.0609375
0 0.6 0.04921875 0.1921875 0.075
0 0.08671875 0.1828125 0.015625 0.01875
0 0.2046875 0.171875 0.1265625 0.0390625
0 0.38828125 0.159375 0.1828125 0.0484375
0 0.7671875 0.13046875 0.0390625 0.0234375
0 0.090625 0.22109375 0.0515625 0.0296875
0 0.25 0.20703125 0.1953125 0.04375
0 0.42421875 0.1984375 0.1078125 0.04375
0 0.77734375 0.1734375 0.0390625 0.0328125
0 0.846875 0.1640625 0.084375 0.034375
0 0.08515625 0.26015625 0.0359375 0.028125
0 0.28203125 0.25078125 0.278125 0.0578125
0 0.78515625 0.20625 0.0390625 0.03125
0 0.8515625 0.2046875 0.0921875 0.0328125
0 0.09375 0.30859375 0.0421875 0.0265625
0 0.24453125 0.2984375 0.175 0.046875
0 0.4171875 0.284375 0.1359375 0.0375
0 0.8359375 0.24453125 0.11875 0.040625
0 0.103125 0.35234375 0.0359375 0.0265625
0 0.25703125 0.33828125 0.21875 0.0484375
0 0.4921875 0.321875 0.2296875 0.0484375
0 0.83828125 0.29453125 0.1171875 0.04375
0 0.109375 0.39296875 0.0359375 0.034375
0 0.22265625 0.3875 0.140625 0.0375
0 0.3609375 0.37421875 0.1 0.0375
0 0.515625 0.365625 0.0421875 0.01875
0 0.8453125 0.3359375 0.1296875 0.04375
0 0.10625 0.4453125 0.028125 0.0359375
0 0.30703125 0.42890625 0.1671875 0.0484375
0 0.4875 0.41484375 0.14375 0.046875
0 0.8453125 0.37734375 0.1140625 0.0421875
0 0.1109375 0.4875 0.034375 0.0296875
0 0.215625 0.48515625 0.1046875 0.046875
0 0.34765625 0.46796875 0.11875 0.0359375
0 0.8546875 0.421875 0.1375 0.04375
0 0.86328125 0.465625 0.1765625 0.0515625
0 0.115625 0.58515625 0.0578125 0.040625
0 0.26484375 0.5703125 0.1484375 0.040625
0 0.540625 0.54609375 0.109375 0.040625
0 0.1265625 0.62265625 0.0265625 0.0359375
0 0.2171875 0.61796875 0.05625 0.0421875
0 0.315625 0.6140625 0.0796875 0.0390625
0 0.51015625 0.5890625 0.0484375 0.0328125
0 0.57890625 0.58359375 0.0546875 0.0328125
0 0.12890625 0.67734375 0.0328125 0.03125
0 0.2578125 0.66640625 0.1609375 0.0484375
0 0.5421875 0.6390625 0.128125 0.040625
0 0.50546875 0.68828125 0.0484375 0.0375
0 0.578125 0.675 0.0875 0.046875
0 0.4 0.92578125 0.2171875 0.090625
0 0.403125 0.95 0.0328125 0.03125
0 0.40078125 0.9671875 0.1890625 0.065625
0 0.640625 0.92109375 0.0515625 0.028125
0 0.709375 0.915625 0.0703125 0.034375
0 0.79140625 0.90390625 0.0765625 0.0296875
0 0.61796875 0.965625 0.1171875 0.0546875
0 0.74453125 0.9484375 0.134375 0.04375
0 0.84921875 0.93828125 0.071875 0.046875
0 0.840625 0.12734375 0.096875 0.034375
0 0.1875 0.4359375 0.065625 0.034375
0 0.9515625 0.1671875 0.021875 0.0171875