0 0.3359375 0.08984375 0.1921875 0.10625
0 0.109375 0.1984375 0.075 0.0453125
0 0.225 0.17265625 0.13125 0.0578125
0 0.34921875 0.14453125 0.13125 0.0734375
0 0.459375 0.11640625 0.103125 0.0578125
0 0.54375 0.09296875 0.0765625 0.0515625
0 0.63828125 0.0734375 0.109375 0.0515625
0 0.14453125 0.22734375 0.115625 0.065625
0 0.22421875 0.20546875 0.0390625 0.0328125
0 0.27890625 0.1984375 0.03125 0.01875
0 0.4015625 0.16015625 0.209375 0.0796875
0 0.5671875 0.12578125 0.1203125 0.0734375
0 0.11484375 0.26484375 0.0734375 0.046875
0 0.17421875 0.2578125 0.059375 0.0515625
0 0.23828125 0.23046875 0.0875 0.0546875
0 0.32734375 0.21875 0.0953125 0.0609375
0 0.39375 0.1984375 0.04375 0.0375
0 0.42421875 0.1890625 0.0296875 0.0421875
0 0.475 0.1859375 0.0890625 0.053125
0 0.14765625 0.29609375 0.134375 0.0765625
0 0.265625 0.2609375 0.1078125 0.0546875
0 0.3796875 0.2296875 0.1234375 0.0578125
0 0.47421875 0.21015625 0.090625 0.05
0 0.55859375 0.18671875 0.0953125 0.0515625
0 0.109375 0.328125 0.0421875 0.0375
0 0.16015625 0.31953125 0.0625 0.0359375
0 0.23671875 0.30078125 0.0640625 0.05625
0 0.29140625 0.29453125 0.046875 0.0359375
0 0.33046875 0.2734375 0.0484375 0.040625
0 0.4265625 0.2515625 0.1171875 0.053125
0 0.5296875 0.22578125 0.0796875 0.046875
0 0.728125 0.18046875 0.16875 0.0734375
0 0.1296875 0.35234375 0.0640625 0.046875
0 0.2078125 0.34140625 0.0484375 0.0296875
0 0.28828125 0.31953125 0.0921875 0.0375
0 0.146875 0.38125 0.1046875 0.0546875
0 0.2453125 0.36484375 0.0625 0.0328125
0 0.31171875 0.35 0.0359375 0.025
0 0.3859375 0.34140625 0.0984375 0.0671875
0 0.50859375 0.30078125 0.1171875 0.059375
0 0.6234375 0.28359375 0.1203125 0.0625
0 0.1796875 0.40703125 0.1390625 0.0609375
0 0.29453125 0.38359375 0.1078125 0.0609375
0 0.3625 0.365625 0.04375 0.034375
0 0.42265625 0.353125 0.05 0.028125
0 0.5046875 0.3296875 0.09375 0.05
0 0.61875 0.309375 0.128125 0.0734375
0 0.45546875 0.6 0.184375 0.084375
0 0.21171875 0.725 0.0796875 0.0453125
0 0.33671875 0.696875 0.1015625 0.0546875
0 0.421875 0.675 0.0546875 0.04375
0 0.48828125 0.66171875 0.0625 0.04375
0 0.56328125 0.6453125 0.0875 0.04375
0 0.2171875 0.75859375 0.0671875 0.046875
0 0.27109375 0.74296875 0.0453125 0.0421875
0 0.38828125 0.71640625 0.196875 0.0859375
0 0.54375 0.6859375 0.125 0.06875
0 0.2265625 0.790625 0.09375 0.0515625
0 0.31015625 0.7671875 0.084375 0.053125
0 0.38984375 0.75703125 0.0890625 0.065625
0 0.453125 0.73984375 0.034375 0.0296875
0 0.4890625 0.73046875 0.0328125 0.0375
0 0.55 0.728125 0.084375 0.046875
0 0.2265625 0.82265625 0.078125 0.046875
0 0.30078125 0.8125 0.0484375 0.040625
0 0.37421875 0.7875 0.0828125 0.05625
0 0.48046875 0.7671875 0.1265625 0.0640625
0 0.58359375 0.74453125 0.0828125 0.05625
0 0.67734375 0.72265625 0.1015625 0.059375
0 0.21796875 0.86015625 0.059375 0.046875
0 0.2859375 0.85234375 0.0640625 0.0390625
0 0.34375 0.83671875 0.053125 0.04375
0 0.42421875 0.8140625 0.1234375 0.0671875
0 0.23671875 0.89453125 0.065625 0.04375
0 0.31015625 0.87890625 0.0359375 0.028125
0 0.40625 0.859375 0.1140625 0.0453125
0 0.240625 0.921875 0.0703125 0.04375
0 0.32265625 0.90703125 0.046875 0.03125
0 0.41484375 0.89453125 0.096875 0.059375
0 0.24921875 0.96640625 0.096875 0.0640625
0 0.3765625 0.9296875 0.1421875 0.0609375
0 0.47109375 0.91484375 0.0328125 0.025
0 0.52578125 0.896875 0.0703125 0.0484375
0 0.61484375 0.2078125 0.06875 0.040625