0 0.7796875 0.03359375 0.0625 0.0203125
0 0.821875 0.034375 0.015625 0.0203125
0 0.85078125 0.03671875 0.034375 0.01875
0 0.7921875 0.0546875 0.146875 0.04375
0 0.79765625 0.075 0.021875 0.0171875
0 0.82421875 0.07578125 0.0296875 0.0171875
0 0.7921875 0.09765625 0.1546875 0.0453125
0 0.184375 0.05546875 0.0875 0.06875
0 0.271875 0.065625 0.0546875 0.0390625
0 0.36015625 0.06875 0.1078125 0.0375
0 0.4515625 0.07265625 0.03125 0.028125
0 0.54375 0.075 0.1234375 0.0328125
0 0.6484375 0.0734375 0.0671875 0.0359375
0 0.15390625 0.10625 0.096875 0.046875
0 0.23515625 0.11640625 0.0515625 0.0296875
0 0.3234375 0.1203125 0.0796875 0.0453125
0 0.4046875 0.1203125 0.090625 0.028125
0 0.50625 0.11875 0.0859375 0.0375
0 0.5875 0.121875 0.0328125 0.0328125
0 0.68984375 0.12734375 0.15 0.028125
0 0.1625 0.18359375 0.1 0.084375
0 0.3078125 0.17265625 0.1421875 0.0484375
0 0.42109375 0.1671875 0.0484375 0.0328125
0 0.49453125 0.1703125 0.046875 0.034375
0 0.58828125 0.1734375 0.09375 0.025
0 0.68515625 0.1765625 0.0515625 0.028125
0 0.81796875 0.18671875 0.1875 0.0453125
0 0.1234375 0.20859375 0.028125 0.028125
0 0.23359375 0.21484375 0.1359375 0.0296875
0 0.33125 0.22578125 0.053125 0.0375
0 0.43515625 0.21875 0.115625 0.034375
0 0.22265625 0.26796875 0.128125 0.06875
0 0.33203125 0.2625 0.04375 0.0328125
0 0.44296875 0.26484375 0.115625 0.0359375
0 0.1015625 0.3015625 0.04375 0.053125
0 0.209375 0.3046875 0.1625 0.0390625
0 0.3265625 0.3125 0.0328125 0.021875
0 0.4625 0.3265625 0.1875 0.0703125
0 0.6609375 0.31875 0.190625 0.0359375
0 0.10703125 0.35625 0.05625 0.059375
0 0.20234375 0.353125 0.128125 0.040625
0 0.30859375 0.3609375 0.03125 0.025
0 0.43828125 0.35859375 0.1796875 0.0359375
0 0.58671875 0.37890625 0.0796875 0.046875
0 0.1078125 0.40078125 0.0546875 0.04375
0 0.22890625 0.4015625 0.1453125 0.0359375
0 0.3390625 0.40625 0.0328125 0.0296875
0 0.4828125 0.40546875 0.1890625 0.0359375
0 0.65625 0.4125 0.11875 0.028125
0 0.77265625 0.4125 0.0765625 0.0359375
0 0.90078125 0.43359375 0.1625 0.0921875
0 0.11484375 0.44921875 0.0453125 0.053125
0 0.203125 0.45 0.1125 0.0390625
0 0.30703125 0.4578125 0.0359375 0.025
0 0.44140625 0.4671875 0.2015625 0.0671875
0 0.1109375 0.49921875 0.0421875 0.046875
0 0.2015625 0.52265625 0.1546875 0.059375
0 0.4328125 0.52265625 0.25625 0.0671875
0 0.6546875 0.509375 0.1453125 0.0359375
0 0.11953125 0.546875 0.05 0.05625
0 0.24609375 0.55078125 0.196875 0.0421875
0 0.41015625 0.5515625 0.0875 0.0375
0 0.55625 0.56640625 0.1671875 0.05625
0 0.7078125 0.5984375 0.1140625 0.096875
0 0.83203125 0.5609375 0.109375 0.04375
0 0.175 0.66328125 0.1390625 0.084375
0 0.37421875 0.6421875 0.1828125 0.0453125
0 0.54140625 0.65625 0.1125 0.0265625
0 0.09140625 0.69921875 0.03125 0.053125
0 0.14921875 0.69921875 0.0859375 0.0640625
0 0.284375 0.7046875 0.1109375 0.05625
0 0.66875 0.6984375 0.1671875 0.046875
0 0.84375 0.70546875 0.1296875 0.03125
0 0.08984375 0.75 0.0421875 0.04375
0 0.175 0.74765625 0.109375 0.028125
0 0.3015625 0.7453125 0.078125 0.0375
0 0.425 0.74140625 0.1484375 0.05
0 0.08828125 0.79375 0.0515625 0.0515625
0 0.18828125 0.79921875 0.153125 0.0625
0 0.36796875 0.7984375 0.16875 0.0453125
0 0.09296875 0.84609375 0.040625 0.0484375
0 0.18203125 0.840625 0.1109375 0.046875
0 0.35 0.8390625 0.16875 0.04375
0 0.4625 0.846875 0.0359375 0.028125