0 0.178125 0.19765625 0.0125 0.009375
0 0.33046875 0.20390625 0.1625 0.05
0 0.51171875 0.19296875 0.1078125 0.03125
0 0.62109375 0.18515625 0.0765625 0.025
0 0.7203125 0.184375 0.06875 0.03125
0 0.78984375 0.184375 0.0328125 0.0125
0 0.86953125 0.178125 0.0875 0.0359375
0 0.35546875 0.23203125 0.2125 0.059375
0 0.55234375 0.21328125 0.128125 0.0296875
0 0.6375 0.20859375 0.0140625 0.0234375
0 0.7203125 0.2109375 0.1140625 0.021875
0 0.17578125 0.246875 0.009375 0.009375
0 0.31484375 0.2453125 0.1609375 0.0296875
0 0.5328125 0.23515625 0.15 0.028125
0 0.640625 0.23671875 0.0359375 0.01875
0 0.77265625 0.24140625 0.19375 0.0453125
0 0.93046875 0.23203125 0.1046875 0.03125
0 0.29140625 0.271875 0.146875 0.0359375
0 0.49609375 0.26328125 0.15 0.0296875
0 0.29296875 0.31640625 0.196875 0.0421875
0 0.415625 0.31484375 0.0140625 0.021875
0 0.17890625 0.34765625 0.01875 0.0109375
0 0.26171875 0.34921875 0.11875 0.025
0 0.4203125 0.3546875 0.1203125 0.040625
0 0.27109375 0.3734375 0.128125 0.03125
0 0.4109375 0.36796875 0.1296875 0.0296875
0 0.50703125 0.3625 0.01875 0.0234375
0 0.57734375 0.3609375 0.09375 0.0234375
0 0.28359375 0.4 0.1203125 0.0328125
0 0.51015625 0.3890625 0.0171875 0.0203125
0 0.57890625 0.38515625 0.0921875 0.0234375
0 0.26796875 0.42109375 0.159375 0.028125
0 0.45234375 0.41484375 0.1109375 0.028125
0 0.24375 0.45078125 0.1203125 0.0296875
0 0.3609375 0.44609375 0.053125 0.01875
0 0.465625 0.44296875 0.1296875 0.0296875
0 0.38984375 0.5171875 0.1359375 0.0375
0 0.5328125 0.51328125 0.1171875 0.0234375
0 0.4171875 0.5421875 0.0859375 0.03125
0 0.5375 0.5390625 0.1109375 0.021875
0 0.39296875 0.56953125 0.1078125 0.021875
0 0.54609375 0.5609375 0.125 0.0234375
0 0.4171875 0.5921875 0.0796875 0.03125
0 0.5515625 0.58515625 0.1125 0.021875
0 0.41484375 0.61796875 0.0703125 0.0234375
0 0.55703125 0.609375 0.1125 0.01875
0 0.41796875 0.64296875 0.0671875 0.03125
0 0.57109375 0.6328125 0.1234375 0.021875
0 0.421875 0.66796875 0.075 0.01875
0 0.58203125 0.659375 0.121875 0.0203125
0 0.425 0.690625 0.0828125 0.028125
0 0.58515625 0.68359375 0.1203125 0.025
0 0.425 0.71328125 0.0796875 0.03125
0 0.590625 0.70625 0.1171875 0.021875
0 0.4359375 0.74296875 0.06875 0.0203125
0 0.59453125 0.7328125 0.125 0.025
0 0.44765625 0.7671875 0.065625 0.0296875
0 0.59609375 0.75703125 0.125 0.021875
0 0.421875 0.78828125 0.109375 0.034375
0 0.6015625 0.78359375 0.1234375 0.0234375
0 0.61015625 0.80859375 0.1109375 0.021875
0 0.6046875 0.8359375 0.1359375 0.025
0 0.2046875 0.1265625 0.0671875 0.015625
0 0.6078125 0.07578125 0.1265625 0.0546875
0 0.58828125 0.1140625 0.1671875 0.025
0 0.7421875 0.1109375 0.06875 0.0140625
0 0.00390625 0.1203125 0.0078125 0.01875
0 0.77578125 0.0234375 0.3296875 0.046875
0 0.18125 0.29765625 0.0203125 0.0109375
0 0.71796875 0.2828125 0.0234375 0.0109375
0 0.71640625 0.33203125 0.015625 0.009375
0 0.71640625 0.38203125 0.0203125 0.009375
0 0.18203125 0.39765625 0.021875 0.0125
0 0.175 0.44921875 0.0078125 0.009375
0 0.709375 0.43203125 0.0078125 0.0078125
0 0.1765625 0.49921875 0.01875 0.0125
0 0.70859375 0.48046875 0.015625 0.0125
0 0.17421875 0.54921875 0.0140625 0.009375
0 0.171875 0.60078125 0.0125 0.0078125
0 0.171875 0.65078125 0.0125 0.0109375
0 0.709375 0.5296875 0.0140625 0.0109375
0 0.709375 0.57890625 0.009375 0.009375
0 0.2109375 0.86953125 0.0921875 0.015625
0 0.16953125 0.80546875 0.015625 0.009375
0 0.16875 0.7546875 0.0109375 0.009375
0 0.71015625 0.62890625 0.009375 0.009375
0 0.71015625 0.678125 0.0109375 0.009375
0 0.7125 0.72890625 0.0125 0.0078125
0 0.7109375 0.778125 0.0125 0.009375
0 0.61171875 0.8609375 0.1296875 0.028125
0 0.46171875 0.90546875 0.078125 0.025
0 0.6125 0.8953125 0.153125 0.028125
0 0.1703125 0.703125 0.0125 0.009375
0 0.8359375 0.30078125 0.134375 0.028125
0 0.44453125 0.81796875 0.059375 0.0265625
0 0.4484375 0.84921875 0.0671875 0.025
0 0.47734375 0.87578125 0.0453125 0.0234375