0 0.17578125 0.14453125 0.203125 0.0828125
0 0.3921875 0.10390625 0.065625 0.0671875
0 0.61640625 0.109375 0.2296875 0.125
0 0.18828125 0.24375 0.2 0.090625
0 0.44765625 0.19921875 0.15625 0.0890625
0 0.71484375 0.17734375 0.21875 0.0859375
0 0.16875 0.359375 0.1390625 0.0640625
0 0.421875 0.31640625 0.275 0.1078125
0 0.72890625 0.271875 0.26875 0.0890625
0 0.24296875 0.4625 0.234375 0.1
0 0.62109375 0.43203125 0.3546875 0.1453125
0 0.23359375 0.58203125 0.228125 0.0828125
0 0.09921875 0.803125 0.0515625 0.0546875
0 0.2390625 0.79375 0.14375 0.0546875
0 0.365625 0.7765625 0.0515625 0.0515625
0 0.66796875 0.69609375 0.140625 0.1015625