0 0.13984375 0.0171875 0.04375 0.025
0 0.728125 0.07734375 0.0328125 0.021875
0 0.8515625 0.0859375 0.0328125 0.01875
0 0.17109375 0.05546875 0.0609375 0.0296875
0 0.215625 0.06484375 0.015625 0.0140625
0 0.31171875 0.071875 0.0640625 0.028125
0 0.4265625 0.0828125 0.159375 0.0328125
0 0.72109375 0.1078125 0.1265625 0.034375
0 0.37734375 0.1125 0.103125 0.0296875
0 0.47109375 0.11953125 0.0625 0.0265625
0 0.57734375 0.1328125 0.14375 0.0328125
0 0.8484375 0.15078125 0.096875 0.034375
0 0.3921875 0.1453125 0.1296875 0.03125
0 0.50546875 0.159375 0.0671875 0.0296875
0 0.8640625 0.18984375 0.1390625 0.0421875
0 0.13125 0.19765625 0.0703125 0.025
0 0.1828125 0.20703125 0.025 0.0140625
0 0.31796875 0.21796875 0.1078125 0.0421875
0 0.42890625 0.221875 0.0734375 0.0328125
0 0.5421875 0.23125 0.140625 0.03125
0 0.71875 0.25234375 0.09375 0.034375
0 0.371875 0.25703125 0.0625 0.0265625
0 0.871875 0.30078125 0.109375 0.0390625
0 0.0953125 0.30859375 0.0640625 0.0328125
0 0.14296875 0.3171875 0.0203125 0.015625
0 0.315625 0.32734375 0.0703125 0.0296875
0 0.4171875 0.33671875 0.128125 0.0359375
0 0.71328125 0.365625 0.1078125 0.0359375
0 0.34765625 0.36953125 0.0671875 0.0328125
0 0.45234375 0.37734375 0.1296875 0.0359375
0 0.571875 0.39921875 0.096875 0.034375
0 0.88203125 0.415625 0.11875 0.0359375
0 0.51953125 0.4265625 0.3125 0.0515625
0 0.69609375 0.43984375 0.04375 0.021875
0 0.08359375 0.47421875 0.084375 0.0375
0 0.14296875 0.48046875 0.0328125 0.028125
0 0.0671875 0.61484375 0.0875 0.0578125
0 0.12734375 0.6109375 0.021875 0.0171875
0 0.2921875 0.62421875 0.084375 0.0328125
0 0.425 0.63515625 0.140625 0.0359375
0 0.5703125 0.653125 0.1109375 0.040625
0 0.721875 0.653125 0.1109375 0.0328125
0 0.371875 0.6765625 0.0890625 0.034375
0 0.8984375 0.70234375 0.109375 0.0359375
0 0.03125 0.75078125 0.0625 0.0421875
0 0.08359375 0.76015625 0.0296875 0.0203125
0 0.29921875 0.77109375 0.0765625 0.0328125
0 0.434375 0.78046875 0.1796875 0.0421875
0 0.72109375 0.79140625 0.1265625 0.040625
0 0.3703125 0.83125 0.1359375 0.05625
0 0.48984375 0.83125 0.0796875 0.0296875
0 0.62265625 0.8375 0.1734375 0.0546875
0 0.89453125 0.85 0.13125 0.0546875
0 0.34765625 0.87109375 0.0734375 0.0375
0 0.41015625 0.87734375 0.034375 0.0265625
0 0.5 0.8890625 0.134375 0.05
0 0.8953125 0.9 0.1203125 0.0484375
0 0.628125 0.89765625 0.121875 0.0578125
0 0.73515625 0.890625 0.075 0.0328125
0 0.5546875 0.1640625 0.0375 0.021875
0 0.62265625 0.17421875 0.090625 0.0375