0 0.265625 0.0875 0.103125 0.0484375
0 0.52109375 0.06953125 0.2015625 0.040625
0 0.1375 0.13828125 0.0640625 0.028125
0 0.27578125 0.12578125 0.15625 0.0421875
0 0.396875 0.11640625 0.0546875 0.034375
0 0.13828125 0.18515625 0.0578125 0.028125
0 0.54765625 0.153125 0.0546875 0.028125
0 0.63671875 0.14609375 0.075 0.0265625
0 0.7203125 0.11328125 0.04375 0.028125
0 0.72265625 0.1421875 0.0515625 0.0328125
0 0.159375 0.23203125 0.071875 0.0296875
0 0.24140625 0.22421875 0.08125 0.0203125
0 0.12734375 0.4984375 0.0328125 0.025
0 0.1875 0.490625 0.08125 0.0234375
0 0.278125 0.48515625 0.0890625 0.0296875
0 0.35625 0.4765625 0.0546875 0.0234375
0 0.5078125 0.47265625 0.20625 0.0515625
0 0.66484375 0.45859375 0.090625 0.03125
0 0.79296875 0.44765625 0.1265625 0.040625
0 0.19609375 0.5453125 0.165625 0.0375
0 0.3453125 0.53125 0.0625 0.0234375
0 0.45703125 0.53359375 0.0984375 0.04375
0 0.553125 0.51640625 0.065625 0.0296875
0 0.671875 0.5125 0.1359375 0.0375
0 0.80234375 0.4953125 0.1046875 0.0296875
0 0.4078125 0.56953125 0.0828125 0.0265625
0 0.50859375 0.56015625 0.1078125 0.0265625
0 0.20234375 0.62578125 0.1484375 0.0453125
0 0.36796875 0.61171875 0.096875 0.046875
0 0.6 0.6015625 0.253125 0.065625
0 0.79453125 0.5828125 0.08125 0.0421875
0 0.2375 0.6765625 0.2078125 0.0453125
0 0.41796875 0.659375 0.0578125 0.0390625
0 0.55078125 0.6546875 0.09375 0.034375
0 0.76484375 0.634375 0.2765625 0.0609375
0 0.18515625 0.74296875 0.115625 0.05625
0 0.32265625 0.72421875 0.075 0.0390625
0 0.54375 0.715625 0.2640625 0.065625
0 0.7609375 0.69453125 0.0796875 0.040625
0 0.25625 0.79140625 0.2234375 0.053125
0 0.4296875 0.771875 0.0453125 0.0328125
0 0.59296875 0.76171875 0.21875 0.0671875
0 0.7984375 0.74296875 0.15 0.0453125
0 0.2796875 0.8484375 0.290625 0.078125
0 0.59453125 0.81796875 0.2609375 0.0609375
0 0.81328125 0.796875 0.1015625 0.0390625
0 0.26328125 0.909375 0.215625 0.053125
0 0.58359375 0.890625 0.3234375 0.0625
0 0.81015625 0.87734375 0.071875 0.0375
0 0.38125 0.078125 0.05 0.03125
0 0.76171875 0.1390625 0.0484375 0.034375
0 0.32265625 0.2625 0.0453125 0.0375
0 0.38671875 0.25546875 0.06875 0.028125
0 0.4609375 0.2484375 0.0484375 0.0328125
0 0.50390625 0.24765625 0.0390625 0.0296875