0 0.16484375 0.03125 0.09375 0.046875
0 0.2359375 0.06796875 0.1921875 0.053125
0 0.50703125 0.0671875 0.1890625 0.05625
0 0.6765625 0.08125 0.134375 0.059375
0 0.83046875 0.10625 0.0140625 0.04375
0 0.14296875 0.1171875 0.08125 0.025
0 0.12890625 0.16796875 0.0640625 0.0234375
0 0.3765625 0.1265625 0.2140625 0.08125
0 0.3046875 0.18515625 0.1890625 0.0703125
0 0.54921875 0.21484375 0.06875 0.025
0 0.7140625 0.234375 0.1609375 0.0609375
0 0.15859375 0.225 0.109375 0.0359375
0 0.275 0.2390625 0.115625 0.025
0 0.19296875 0.26640625 0.08125 0.0515625
0 0.284375 0.2828125 0.0640625 0.046875
0 0.375 0.29609375 0.0515625 0.046875
0 0.4515625 0.2984375 0.0640625 0.0421875
0 0.12265625 0.32421875 0.0484375 0.028125
0 0.18046875 0.33046875 0.0640625 0.0296875
0 0.2375 0.334375 0.046875 0.0234375
0 0.29140625 0.340625 0.05625 0.025
0 0.23046875 0.37421875 0.175 0.0671875
0 0.39140625 0.38984375 0.1 0.0515625
0 0.56875 0.40703125 0.165625 0.059375
0 0.1390625 0.43203125 0.1296875 0.0578125
0 0.21328125 0.43671875 0.01875 0.03125
0 0.2609375 0.44296875 0.071875 0.0359375
0 0.3734375 0.4609375 0.15625 0.0484375
0 0.49921875 0.46875 0.09375 0.0375
0 0.16015625 0.50625 0.1359375 0.0578125
0 0.4671875 0.5234375 0.371875 0.0921875
0 0.7359375 0.55625 0.090625 0.0578125
0 0.28359375 0.59375 0.3640625 0.09375
0 0.54921875 0.61328125 0.0921875 0.0328125
0 0.709375 0.628125 0.1046875 0.0484375
0 0.17890625 0.65546875 0.1546875 0.0546875
0 0.371875 0.678125 0.125 0.0578125
0 0.628125 0.6875 0.2484375 0.0671875
0 0.79765625 0.70078125 0.0671875 0.0375
0 0.2609375 0.734375 0.3921875 0.0984375
0 0.521875 0.74765625 0.0890625 0.04375
0 0.71015625 0.759375 0.228125 0.0625
0 0.1234375 0.784375 0.0984375 0.053125
0 0.365625 0.79921875 0.315625 0.08125
0 0.5890625 0.81328125 0.0703125 0.0359375
0 0.72734375 0.82421875 0.140625 0.0484375
0 0.09453125 0.846875 0.1 0.0515625
0 0.29921875 0.85078125 0.1890625 0.0703125
0 0.4875 0.87109375 0.0984375 0.0453125
0 0.72578125 0.88046875 0.3015625 0.09375
0 0.06328125 0.93046875 0.11875 0.028125
0 0.15703125 0.93984375 0.0640625 0.0203125
0 0.21640625 0.94609375 0.053125 0.01875
0 0.2734375 0.04296875 0.046875 0.028125
0 0.384375 0.34921875 0.1203125 0.034375