0 0.36640625 0.03828125 0.2953125 0.0765625
0 0.57890625 0.08828125 0.128125 0.096875
0 0.73515625 0.1171875 0.1671875 0.090625
0 0.85078125 0.14453125 0.065625 0.0546875
0 0.95703125 0.18515625 0.0859375 0.0890625
0 0.2765625 0.08046875 0.259375 0.153125
0 0.4875 0.121875 0.13125 0.065625
0 0.603125 0.14609375 0.1234375 0.078125
0 0.82734375 0.23671875 0.3453125 0.2046875
0 0.3046875 0.1484375 0.3609375 0.2
0 0.56796875 0.2140625 0.1375 0.0984375
0 0.67421875 0.23203125 0.0859375 0.05
0 0.87109375 0.2875 0.2578125 0.1125
0 0.271875 0.18828125 0.29375 0.1296875
0 0.68828125 0.29609375 0.1515625 0.084375
0 0.87265625 0.3484375 0.2546875 0.1375
0 0.165625 0.2265625 0.1125 0.065625
0 0.29921875 0.26484375 0.0953125 0.05625
0 0.3921875 0.28828125 0.0828125 0.065625
0 0.55625 0.35390625 0.2828125 0.1421875
0 0.76171875 0.396875 0.1140625 0.0859375
0 0.91171875 0.41328125 0.14375 0.0734375
0 0.15703125 0.3078125 0.1796875 0.0953125
0 0.47421875 0.36875 0.0953125 0.06875
0 0.58125 0.40703125 0.0828125 0.0625
0 0.7328125 0.446875 0.171875 0.071875
0 0.91640625 0.47265625 0.1671875 0.0984375
0 0.1203125 0.3765625 0.1078125 0.0734375
0 0.275 0.390625 0.1328125 0.0796875
0 0.43046875 0.44140625 0.1671875 0.1109375
0 0.66015625 0.4953125 0.2734375 0.103125
0 0.84140625 0.53203125 0.0765625 0.05625
0 0.1765625 0.46328125 0.296875 0.15
0 0.37421875 0.50625 0.109375 0.075
0 0.4734375 0.5296875 0.090625 0.0671875
0 0.640625 0.57109375 0.2125 0.09375
0 0.84453125 0.6171875 0.2046875 0.090625
0 0.040625 0.5015625 0.053125 0.0578125
0 0.14140625 0.540625 0.11875 0.0578125
0 0.3484375 0.5875 0.2171875 0.1046875
0 0.5265625 0.65 0.14375 0.0890625
0 0.66875 0.6515625 0.1078125 0.078125
0 0.79765625 0.68046875 0.1046875 0.0625
0 0.05859375 0.5796875 0.1171875 0.078125
0 0.1890625 0.65 0.1421875 0.0953125
0 0.375 0.6640625 0.1796875 0.0984375
0 0.48828125 0.7890625 0.5484375 0.2125
0 0.33671875 0.33671875 0.1796875 0.0921875
0 0.51484375 0.28046875 0.2015625 0.128125