0 0.15390625 0.0609375 0.078125 0.0421875
0 0.2140625 0.07890625 0.0515625 0.0359375
0 0.509375 0.08359375 0.1015625 0.0703125
0 0.6140625 0.09921875 0.1046875 0.0390625
0 0.13984375 0.18125 0.0828125 0.046875
0 0.20234375 0.2 0.053125 0.0375
0 0.4953125 0.20625 0.1859375 0.071875
0 0.61640625 0.21015625 0.0625 0.0453125
0 0.78125 0.253125 0.2453125 0.1234375
0 0.128125 0.30546875 0.075 0.0421875
0 0.1890625 0.328125 0.0515625 0.0453125
0 0.446875 0.31953125 0.153125 0.0625
0 0.63046875 0.32578125 0.2015625 0.078125
0 0.77890625 0.34453125 0.0859375 0.053125
0 0.865625 0.35703125 0.0953125 0.0859375
0 0.4265625 0.44453125 0.1234375 0.065625
0 0.5828125 0.44921875 0.1578125 0.0609375
0 0.10234375 0.55390625 0.0625 0.046875
0 0.1625 0.57421875 0.059375 0.0484375
0 0.45078125 0.590625 0.1625 0.1109375
0 0.5796875 0.57734375 0.065625 0.05
0 0.74765625 0.6015625 0.246875 0.1
0 0.10546875 0.68828125 0.084375 0.04375
0 0.165625 0.70390625 0.0484375 0.0390625
0 0.4375 0.690625 0.165625 0.0703125
0 0.56640625 0.703125 0.0640625 0.053125
0 0.76015625 0.73125 0.2828125 0.1125