0 0.47578125 0.07265625 0.259375 0.125
0 0.72421875 0.10859375 0.225 0.1234375
0 0.35390625 0.190625 0.03125 0.0546875
0 0.4578125 0.2078125 0.1828125 0.115625
0 0.36875 0.29921875 0.021875 0.040625
0 0.4859375 0.31796875 0.175 0.0953125
0 0.63046875 0.33671875 0.103125 0.0890625
0 0.55234375 0.4203125 0.203125 0.1140625
0 0.703125 0.4265625 0.1125 0.0875
0 0.8421875 0.46171875 0.1578125 0.084375
0 0.3234375 0.490625 0.0296875 0.0390625
0 0.41953125 0.4984375 0.1109375 0.0859375
0 0.59140625 0.5203125 0.20625 0.0953125
0 0.3296875 0.59609375 0.0640625 0.0578125
0 0.396875 0.615625 0.0828125 0.1203125
0 0.50234375 0.61015625 0.13125 0.084375
0 0.6796875 0.63203125 0.203125 0.1171875
0 0.82265625 0.653125 0.0578125 0.0765625
0 0.39765625 0.69609375 0.1078125 0.09375
0 0.55234375 0.70859375 0.215625 0.128125
0 0.24453125 0.8234375 0.059375 0.071875
0 0.375 0.82578125 0.2015625 0.1375
0 0.21953125 0.9171875 0.0359375 0.0234375
0 0.31796875 0.92109375 0.1609375 0.1078125
0 0.49375 0.9203125 0.175 0.1203125
0 0.6875 0.93828125 0.1984375 0.1203125