0 0.14296875 0.1421875 0.10625 0.0703125
0 0.23203125 0.109375 0.0546875 0.0421875
0 0.28828125 0.065625 0.05625 0.04375
0 0.3984375 0.08671875 0.0171875 0.015625
0 0.4203125 0.08203125 0.021875 0.0171875
0 0.44609375 0.0765625 0.03125 0.0203125
0 0.53984375 0.0390625 0.05625 0.0296875
0 0.590625 0.02734375 0.046875 0.025
0 0.253125 0.13984375 0.009375 0.015625
0 0.16171875 0.1953125 0.1078125 0.06875
0 0.26171875 0.17734375 0.0109375 0.0140625
0 0.16015625 0.228125 0.078125 0.053125
0 0.6609375 0.1015625 0.0171875 0.0171875
0 0.71015625 0.0828125 0.0671875 0.0453125
0 0.77890625 0.07109375 0.065625 0.0453125
0 0.68828125 0.20546875 0.0171875 0.015625
0 0.73828125 0.184375 0.0765625 0.05
0 0.69609375 0.246875 0.0109375 0.015625
0 0.75234375 0.23359375 0.1078125 0.0875
0 0.8453125 0.21953125 0.0859375 0.0796875
0 0.715625 0.28515625 0.01875 0.0171875
0 0.74296875 0.2828125 0.034375 0.0265625
0 0.71796875 0.321875 0.0109375 0.015625
0 0.78515625 0.30390625 0.0953125 0.071875
0 0.8546875 0.2828125 0.05625 0.04375
0 0.7578125 0.3484375 0.0328125 0.021875
0 0.7921875 0.34375 0.0359375 0.025
0 0.240625 0.43828125 0.0203125 0.01875
0 0.26796875 0.43515625 0.0359375 0.0296875
0 0.2421875 0.49921875 0.034375 0.0234375
0 0.27890625 0.4921875 0.0375 0.028125
0 0.234375 0.5734375 0.0375 0.025
0 0.27109375 0.56640625 0.0375 0.028125
0 0.74296875 0.415625 0.0109375 0.015625
0 0.784375 0.40703125 0.0546875 0.065625
0 0.86171875 0.38046875 0.1 0.0640625
0 0.22578125 0.6171875 0.0765625 0.06875
0 0.3015625 0.59609375 0.08125 0.059375
0 0.34765625 0.5921875 0.0140625 0.0203125
0 0.23203125 0.69453125 0.1140625 0.0890625
0 0.30625 0.6640625 0.0546875 0.0484375
0 0.3484375 0.63203125 0.0546875 0.0484375
0 0.3625 0.6671875 0.0125 0.0171875
0 0.80546875 0.62421875 0.01875 0.01875
0 0.85859375 0.6 0.0890625 0.0734375
0 0.95859375 0.521875 0.08125 0.06875
0 0.81953125 0.675 0.0171875 0.0171875
0 0.86171875 0.6671875 0.053125 0.0703125
0 0.94296875 0.63125 0.1140625 0.071875
0 0.29140625 0.95390625 0.1171875 0.0921875
0 0.3765625 0.9125 0.06875 0.05625
0 0.41484375 0.92421875 0.0125 0.0203125
0 0.484375 0.90234375 0.09375 0.0828125
0 0.56875 0.86875 0.1 0.06875
0 0.60859375 0.875 0.0140625 0.0203125
0 0.39765625 0.978125 0.05 0.0296875
0 0.4421875 0.96796875 0.0390625 0.028125
0 0.47421875 0.9609375 0.025 0.0234375
0 0.503125 0.95234375 0.034375 0.025
0 0.546875 0.940625 0.0546875 0.0296875
0 0.7828125 0.878125 0.0390625 0.025
0 0.81953125 0.86796875 0.0359375 0.0234375
0 0.84765625 0.859375 0.025 0.021875
0 0.875 0.85078125 0.03125 0.0234375
0 0.91484375 0.840625 0.05 0.028125