0 0.29609375 0.05078125 0.0109375 0.025
0 0.32578125 0.06015625 0.0484375 0.0375
0 0.3953125 0.0765625 0.090625 0.04375
0 0.4578125 0.09140625 0.03125 0.028125
0 0.31171875 0.125 0.2 0.084375
0 0.234375 0.2140625 0.06875 0.0390625
0 0.2734375 0.22265625 0.0078125 0.0171875
0 0.3 0.228125 0.0390625 0.025
0 0.3578125 0.246875 0.084375 0.0375
0 0.26953125 0.2734375 0.2109375 0.1046875
0 0.17734375 0.29921875 0.0421875 0.0375
0 0.3046875 0.33359375 0.2140625 0.0953125
0 0.48671875 0.38203125 0.1421875 0.06875
0 0.6015625 0.40703125 0.059375 0.053125
0 0.6921875 0.4328125 0.090625 0.059375
0 0.24453125 0.36953125 0.1390625 0.08125
0 0.45078125 0.42578125 0.278125 0.1171875
0 0.178125 0.484375 0.0875 0.0453125
0 0.5625 0.56484375 0.065625 0.0375
0 0.6984375 0.5953125 0.15625 0.0765625
0 0.209375 0.5375 0.16875 0.0640625
0 0.4359375 0.59375 0.18125 0.08125
0 0.6328125 0.6265625 0.1359375 0.0640625
0 0.2171875 0.5828125 0.19375 0.0875
0 0.4984375 0.64375 0.25 0.1046875
0 0.665625 0.6796875 0.065625 0.0453125
0 0.1515625 0.6234375 0.053125 0.040625
0 0.2625 0.6421875 0.09375 0.053125
0 0.35390625 0.671875 0.046875 0.046875
0 0.490625 0.69296875 0.1671875 0.0765625
0 0.2515625 0.0421875 0.075 0.04375
0 0.4265625 0.26171875 0.0578125 0.0328125
0 0.37109375 0.52421875 0.228125 0.0890625
0 0.23125 0.440625 0.1796875 0.0828125