0 0.08515625 0.15546875 0.0828125 0.03125
0 0.1546875 0.175 0.1625 0.0296875
0 0.06953125 0.23046875 0.0703125 0.015625
0 0.38828125 0.14609375 0.16875 0.03125
0 0.5421875 0.14140625 0.11875 0.0375
0 0.71484375 0.15625 0.09375 0.034375
0 0.4078125 0.21171875 0.14375 0.034375
0 0.63828125 0.2640625 0.1375 0.040625
0 0.4453125 0.26796875 0.065625 0.015625
0 0.059375 0.27578125 0.0625 0.015625
0 0.27578125 0.27265625 0.134375 0.046875
0 0.09296875 0.32109375 0.0953125 0.01875
0 0.2 0.3203125 0.1046875 0.0125
0 0.34765625 0.35234375 0.0859375 0.028125
0 0.4953125 0.35390625 0.0671875 0.0328125
0 0.06484375 0.4140625 0.04375 0.021875
0 0.12265625 0.4125 0.059375 0.021875
0 0.178125 0.4109375 0.040625 0.01875
0 0.22578125 0.409375 0.046875 0.0171875
0 0.3078125 0.40859375 0.1046875 0.01875
0 0.36640625 0.4421875 0.134375 0.040625
0 0.5984375 0.4515625 0.2 0.040625
0 0.090625 0.51171875 0.1125 0.034375
0 0.165625 0.50703125 0.015625 0.03125
0 0.209375 0.50546875 0.06875 0.028125
0 0.31171875 0.50859375 0.14375 0.03125
0 0.43046875 0.503125 0.08125 0.03125
0 0.19609375 0.57890625 0.1890625 0.05625
0 0.4171875 0.56640625 0.16875 0.0640625
0 0.61953125 0.57890625 0.125 0.1125
0 0.125 0.66953125 0.0515625 0.03125
0 0.30859375 0.67109375 0.25625 0.075
0 0.58828125 0.66015625 0.209375 0.0828125
0 0.1859375 0.7359375 0.18125 0.05625
0 0.4421875 0.71875 0.2453125 0.0609375
0 0.70625 0.72109375 0.20625 0.0875
0 0.12265625 0.81796875 0.0875 0.046875
0 0.23203125 0.79921875 0.078125 0.046875
0 0.3390625 0.7921875 0.096875 0.0578125
0 0.53046875 0.79765625 0.1875 0.1046875
0 0.7203125 0.775 0.0453125 0.04375
0 0.25390625 0.90234375 0.340625 0.1171875
0 0.575 0.8671875 0.26875 0.109375
0 0.078125 0.9890625 0.1109375 0.015625
0 0.16640625 0.98828125 0.0609375 0.0125
0 0.2234375 0.98828125 0.05 0.0140625
0 0.18203125 0.15234375 0.040625 0.0171875