0 0.1546875 0.0921875 0.15625 0.109375
0 0.35 0.16171875 0.178125 0.146875
0 0.503125 0.1375 0.096875 0.075
0 0.6203125 0.16328125 0.10625 0.090625
0 0.75546875 0.13515625 0.1453125 0.1015625
0 0.88203125 0.1515625 0.065625 0.0625
0 0.95859375 0.14921875 0.0828125 0.1265625
0 0.953125 0.26328125 0.0609375 0.0484375
0 0.84609375 0.29375 0.1375 0.1234375
0 0.71171875 0.27265625 0.1046875 0.071875
0 0.5328125 0.27109375 0.2046875 0.065625
0 0.375 0.26328125 0.0578125 0.0796875
0 0.26640625 0.24921875 0.13125 0.0734375
0 0.12109375 0.22734375 0.1109375 0.1015625
0 0.134375 0.36015625 0.1609375 0.0828125
0 0.3734375 0.38515625 0.28125 0.1125
0 0.55546875 0.37890625 0.0640625 0.0828125
0 0.62421875 0.38359375 0.046875 0.0828125
0 0.68046875 0.3875 0.071875 0.078125
0 0.9515625 0.50078125 0.096875 0.0734375
0 0.83984375 0.4921875 0.1171875 0.06875
0 0.621875 0.50234375 0.2890625 0.0953125
0 0.33984375 0.5234375 0.2109375 0.1796875
0 0.16875 0.45546875 0.0890625 0.1125
0 0.1265625 0.59609375 0.1421875 0.084375
0 0.2703125 0.590625 0.121875 0.1109375
0 0.37734375 0.60703125 0.084375 0.09375
0 0.48515625 0.6203125 0.125 0.0640625
0 0.60234375 0.6109375 0.059375 0.0890625
0 0.7171875 0.60703125 0.1640625 0.0875
0 0.83046875 0.621875 0.0609375 0.06875
0 0.91953125 0.63984375 0.1 0.1046875
0 0.18515625 0.71640625 0.10625 0.090625
0 0.090625 0.72265625 0.096875 0.090625
0 0.13125 0.8421875 0.1859375 0.09375
0 0.328125 0.85390625 0.1703125 0.0984375
0 0.5078125 0.8796875 0.153125 0.1265625
0 0.7390625 0.88359375 0.28125 0.134375
0 0.9015625 0.8515625 0.0359375 0.0828125
0 0.95546875 0.85234375 0.078125 0.075
0 0.70859375 0.96328125 0.0890625 0.0703125
0 0.6390625 0.9609375 0.0375 0.078125
0 0.45625 0.96015625 0.265625 0.0796875
0 0.28125 0.96875 0.0484375 0.05625
0 0.0421875 0.953125 0.0140625 0.078125
0 0.146875 0.959375 0.19375 0.071875