0 0.48125 0.05859375 0.1734375 0.065625
0 0.67578125 0.10234375 0.2078125 0.0828125
0 0.38984375 0.09609375 0.1671875 0.0703125
0 0.6390625 0.15546875 0.315625 0.1171875
0 0.853125 0.18125 0.071875 0.0390625
0 0.284375 0.1296875 0.259375 0.084375
0 0.49609375 0.1671875 0.10625 0.053125
0 0.66640625 0.19453125 0.1765625 0.0765625
0 0.24609375 0.1765625 0.221875 0.090625
0 0.4625 0.1984375 0.15625 0.0859375
0 0.6234375 0.2359375 0.15 0.0625
0 0.7703125 0.26328125 0.134375 0.0625
0 0.178125 0.2265625 0.1328125 0.0515625
0 0.3484375 0.253125 0.1734375 0.0578125
0 0.65390625 0.3015625 0.4171875 0.125
0 0.2453125 0.2953125 0.265625 0.0921875
0 0.48125 0.3328125 0.16875 0.059375
0 0.7265625 0.36328125 0.2890625 0.0984375
0 0.12265625 0.334375 0.0828125 0.0453125
0 0.328125 0.36328125 0.2796875 0.096875
0 0.55546875 0.40546875 0.1171875 0.0609375
0 0.70234375 0.43203125 0.178125 0.075
0 0.2015625 0.39921875 0.2296875 0.096875
0 0.36328125 0.42578125 0.08125 0.0390625
0 0.49921875 0.446875 0.125 0.04375
0 0.7109375 0.47109375 0.30625 0.1078125
0 0.11796875 0.43203125 0.0953125 0.0453125
0 0.2484375 0.45625 0.121875 0.0515625
0 0.45234375 0.4796875 0.246875 0.084375
0 0.74296875 0.534375 0.3078125 0.10625
0 0.15234375 0.49140625 0.1859375 0.0703125
0 0.33125 0.5234375 0.1921875 0.0765625
0 0.50078125 0.55390625 0.1171875 0.065625
0 0.27109375 0.57578125 0.4203125 0.1328125
0 0.58671875 0.6265625 0.184375 0.065625
0 0.22265625 0.6046875 0.3796875 0.1203125
0 0.48125 0.65546875 0.128125 0.071875
0 0.678125 0.6828125 0.253125 0.0953125
0 0.075 0.6484375 0.1046875 0.04375
0 0.1546875 0.659375 0.0484375 0.0296875
0 0.21328125 0.67421875 0.0703125 0.0359375
0 0.478125 0.7203125 0.2046875 0.05625
0 0.73984375 0.76953125 0.0890625 0.0375
0 0.06875 0.72265625 0.13125 0.0625
0 0.14765625 0.73046875 0.0265625 0.0359375
0 0.19609375 0.74140625 0.071875 0.0375
0 0.30703125 0.759375 0.146875 0.053125
0 0.403125 0.78125 0.0515625 0.0515625
0 0.6046875 0.809375 0.2125 0.09375
0 0.00625 0.7703125 0.0125 0.034375
0 0.08046875 0.78515625 0.1359375 0.053125
0 0.21953125 0.809375 0.1421875 0.05625
0 0.34296875 0.83203125 0.11875 0.0515625
0 0.43203125 0.85234375 0.071875 0.0484375
0 0.03828125 0.8265625 0.0765625 0.090625
0 0.12578125 0.84921875 0.0984375 0.0875
0 0.225 0.86640625 0.090625 0.0828125
0 0.3234375 0.88671875 0.09375 0.096875
0 0.41015625 0.89921875 0.04375 0.0296875
0 0.5203125 0.91171875 0.0625 0.04375
0 0.375 0.9484375 0.1734375 0.0578125
0 0.2515625 0.92578125 0.0765625 0.0375