0 0.11796875 0.53671875 0.0984375 0.0765625
0 0.2734375 0.578125 0.19375 0.1234375
0 0.41953125 0.59140625 0.0671875 0.0578125
0 0.503125 0.61640625 0.0875 0.090625
0 0.60859375 0.63828125 0.1375 0.09375
0 0.7015625 0.64609375 0.046875 0.0421875
0 0.7609375 0.65234375 0.05625 0.0515625
0 0.85859375 0.6734375 0.1171875 0.084375
0 0.1671875 0.603125 0.184375 0.08125
0 0.3453125 0.63671875 0.15 0.0703125
0 0.46015625 0.65546875 0.0703125 0.0578125
0 0.5578125 0.66953125 0.1 0.065625
0 0.665625 0.684375 0.1 0.06875
0 0.76171875 0.71953125 0.09375 0.040625
0 0.88828125 0.73671875 0.15625 0.109375
0 0.09921875 0.64921875 0.078125 0.0671875
0 0.1734375 0.6796875 0.0953125 0.103125
0 0.26875 0.67578125 0.0828125 0.0640625
0 0.35 0.69453125 0.0671875 0.0703125
0 0.409375 0.71640625 0.0296875 0.0296875
0 0.49453125 0.72734375 0.1234375 0.090625
0 0.63515625 0.75078125 0.1421875 0.1015625
0 0.7125 0.75234375 0.078125 0.065625
0 0.8453125 0.784375 0.1796875 0.0984375
0 0.0703125 0.71328125 0.0421875 0.046875
0 0.14375 0.73046875 0.0734375 0.04375
0 0.2109375 0.72890625 0.05625 0.065625
0 0.315625 0.74921875 0.13125 0.06875
0 0.45546875 0.7609375 0.1234375 0.0796875
0 0.5828125 0.80390625 0.1421875 0.1125
0 0.71171875 0.81015625 0.0859375 0.0625
0 0.8109375 0.83828125 0.10625 0.0421875
0 0.90625 0.84375 0.0671875 0.05625
0 0.0796875 0.7703125 0.0921875 0.0625
0 0.23359375 0.80234375 0.215625 0.1328125
0 0.43828125 0.825 0.1703125 0.084375
0 0.60234375 0.85859375 0.1328125 0.0640625
0 0.75703125 0.884375 0.1859375 0.1109375
0 0.89140625 0.8953125 0.0609375 0.0609375
0 0.084375 0.8203125 0.1375 0.1
0 0.23984375 0.8375 0.1265625 0.10625