0 0.56875 0.0515625 0.28125 0.103125
0 0.67109375 0.13671875 0.3359375 0.121875
0 0.5453125 0.22265625 0.075 0.0359375
0 0.64765625 0.23203125 0.128125 0.0359375
0 0.74453125 0.24609375 0.05625 0.0328125
0 0.49921875 0.33515625 0.175 0.0921875
0 0.68671875 0.36015625 0.2296875 0.0921875
0 0.36953125 0.3734375 0.08125 0.0359375
0 0.43046875 0.3796875 0.028125 0.0234375
0 0.5390625 0.3875 0.078125 0.0375
0 0.68203125 0.4203125 0.2125 0.084375
0 0.35078125 0.42890625 0.0515625 0.0265625
0 0.478125 0.45390625 0.153125 0.0734375
0 0.6 0.453125 0.1484375 0.05
0 0.78125 0.4859375 0.1953125 0.08125
0 0.35546875 0.4890625 0.08125 0.034375
0 0.41484375 0.49609375 0.0296875 0.025
0 0.575 0.52421875 0.1765625 0.078125
0 0.328125 0.5484375 0.0359375 0.021875
0 0.37421875 0.55234375 0.04375 0.0328125
0 0.46640625 0.54921875 0.096875 0.0546875
0 0.55078125 0.57109375 0.053125 0.034375
0 0.59296875 0.575 0.0296875 0.0265625
0 0.80078125 0.59921875 0.0328125 0.0265625
0 0.33046875 0.61015625 0.0625 0.028125
0 0.4234375 0.61953125 0.1171875 0.0421875
0 0.503125 0.628125 0.0453125 0.028125
0 0.57578125 0.6296875 0.084375 0.0546875
0 0.62265625 0.640625 0.059375 0.0359375
0 0.66640625 0.6453125 0.0328125 0.025
0 0.70546875 0.66328125 0.1046875 0.08125
0 0.796875 0.6609375 0.034375 0.0234375
0 0.31015625 0.6671875 0.0359375 0.025
0 0.45234375 0.6734375 0.15 0.053125
0 0.62265625 0.6921875 0.146875 0.065625
0 0.80078125 0.7203125 0.10625 0.0375
0 0.30703125 0.728125 0.0328125 0.0234375
0 0.4828125 0.74375 0.1828125 0.0578125
0 0.30625 0.79140625 0.053125 0.0359375
0 0.40078125 0.8015625 0.1421875 0.040625
0 0.5703125 0.821875 0.171875 0.0796875
0 0.7390625 0.84921875 0.178125 0.096875
0 0.46484375 0.8734375 0.0828125 0.0328125
0 0.5484375 0.8796875 0.0921875 0.0390625
0 0.67109375 0.8875 0.1390625 0.0546875
0 0.55546875 0.94296875 0.13125 0.0546875
0 0.7140625 0.96640625 0.19375 0.0671875
0 0.69296875 0.59140625 0.1796875 0.06875
0 0.83203125 0.61015625 0.040625 0.0421875
0 0.8328125 0.66171875 0.0515625 0.034375
0 0.34609375 0.85859375 0.1484375 0.04375
0 0.7953125 0.91953125 0.0953125 0.071875