0 0.10234375 0.13046875 0.2046875 0.0796875
0 0.2703125 0.1 0.1375 0.0546875
0 0.06328125 0.2171875 0.1265625 0.065625
0 0.0859375 0.275 0.03125 0.03125
0 0.19296875 0.24375 0.115625 0.059375
0 0.34296875 0.20546875 0.1453125 0.059375
0 0.45 0.17890625 0.01875 0.0171875
0 0.48671875 0.165625 0.0296875 0.0296875
0 0.59375 0.14609375 0.1390625 0.0578125
0 0.103125 0.31640625 0.028125 0.0296875
0 0.134375 0.31015625 0.0328125 0.0265625
0 0.22578125 0.29375 0.0875 0.0546875
0 0.3515625 0.2546875 0.1203125 0.059375
0 0.44609375 0.22890625 0.01875 0.015625
0 0.48125 0.2265625 0.0453125 0.0375
0 0.60703125 0.1921875 0.153125 0.0703125
0 0.16875 0.36640625 0.225 0.0828125
0 0.1265625 0.42890625 0.0625 0.04375
0 0.2265625 0.403125 0.0703125 0.0359375
0 0.28359375 0.390625 0.0140625 0.0125
0 0.2921875 0.38359375 0.0296875 0.0296875
0 0.36796875 0.36640625 0.121875 0.053125
0 0.1453125 0.4640625 0.0578125 0.0359375
0 0.24375 0.446875 0.071875 0.0453125
0 0.28515625 0.42578125 0.01875 0.015625
0 0.30625 0.42265625 0.040625 0.0390625
0 0.39453125 0.39609375 0.13125 0.05625
0 0.18203125 0.50078125 0.0890625 0.0453125
0 0.27734375 0.47734375 0.0140625 0.0171875
0 0.2859375 0.4734375 0.0359375 0.0390625
0 0.35390625 0.459375 0.1125 0.046875
0 0.1984375 0.53828125 0.1 0.05
0 0.27890625 0.515625 0.015625 0.0140625
0 0.29296875 0.509375 0.0359375 0.0359375
0 0.35859375 0.4875 0.1125 0.0515625
0 0.2296875 0.56015625 0.115625 0.0546875
0 0.30078125 0.546875 0.01875 0.0171875
0 0.32265625 0.534375 0.0328125 0.0328125
0 0.39375 0.52578125 0.1234375 0.0546875
0 0.20703125 0.615625 0.2046875 0.0828125
0 0.190625 0.671875 0.11875 0.0515625
0 0.31328125 0.6390625 0.025 0.0203125
0 0.3609375 0.625 0.040625 0.034375
0 0.44609375 0.60234375 0.1140625 0.046875
0 0.21640625 0.71171875 0.1421875 0.0625
0 0.33203125 0.678125 0.0234375 0.021875
0 0.3671875 0.66640625 0.03125 0.0375
0 0.44453125 0.64375 0.11875 0.05
0 0.22890625 0.76015625 0.184375 0.0796875
0 0.2234375 0.82109375 0.09375 0.053125
0 0.3640625 0.77421875 0.1578125 0.075
0 0.459375 0.75 0.0203125 0.015625
0 0.49609375 0.7390625 0.040625 0.0421875
0 0.609375 0.71875 0.1515625 0.0640625
0 0.6578125 0.80546875 0.146875 0.0625
0 0.771875 0.8265625 0.2171875 0.084375
0 0.675 0.9046875 0.0484375 0.040625
0 0.8046875 0.875 0.1765625 0.065625