0 0.075 0.03203125 0.096875 0.0359375
0 0.15546875 0.04375 0.146875 0.0359375
0 0.296875 0.02734375 0.0984375 0.0375
0 0.22734375 0.1046875 0.1890625 0.028125
0 0.19921875 0.14453125 0.10625 0.0421875
0 0.21171875 0.165625 0.1484375 0.034375
0 0.390625 0.16328125 0.125 0.0328125
0 0.5796875 0.1578125 0.1796875 0.0375
0 0.7453125 0.153125 0.1046875 0.0359375
0 0.228125 0.21015625 0.1828125 0.053125
0 0.428125 0.20703125 0.18125 0.053125
0 0.62109375 0.190625 0.134375 0.0328125
0 0.75703125 0.19453125 0.0484375 0.040625
0 0.86640625 0.1921875 0.1328125 0.0453125
0 0.6328125 0.225 0.2203125 0.0359375
0 0.86171875 0.2171875 0.1796875 0.0390625
0 0.19609375 0.26328125 0.1625 0.034375
0 0.40234375 0.2671875 0.16875 0.0453125
0 0.53828125 0.259375 0.046875 0.0328125
0 0.63125 0.259375 0.0609375 0.028125
0 0.74296875 0.25546875 0.1234375 0.0296875
0 0.21484375 0.29765625 0.1765625 0.0328125
0 0.40859375 0.30703125 0.20625 0.05
0 0.6171875 0.28984375 0.1328125 0.03125
0 0.84296875 0.278125 0.24375 0.0484375
0 0.178125 0.43359375 0.11875 0.0671875
0 0.2046875 0.51953125 0.1234375 0.0421875
0 0.3046875 0.5171875 0.0171875 0.0046875
0 0.1859375 0.596875 0.103125 0.0453125
0 0.16796875 0.67421875 0.15 0.0390625
0 0.2078125 0.75234375 0.2109375 0.084375
0 0.21015625 0.82109375 0.2171875 0.059375
0 0.44140625 0.8015625 0.1625 0.0671875
0 0.77265625 0.43046875 0.19375 0.08125
0 0.684375 0.04140625 0.05625 0.0140625
0 0.3421875 0.4390625 0.1484375 0.0265625
0 0.328125 0.5875 0.115625 0.0390625
0 0.05078125 0.4609375 0.0640625 0.0578125
0 0.046875 0.534375 0.0484375 0.0640625
0 0.0515625 0.6046875 0.05625 0.0625
0 0.040625 0.66484375 0.0640625 0.0484375
0 0.040625 0.74609375 0.0546875 0.0546875
0 0.04140625 0.8171875 0.0609375 0.0609375
0 0.36796875 0.66953125 0.196875 0.0328125
0 0.80625 0.03359375 0.0671875 0.0203125
0 0.63828125 0.484375 0.146875 0.0625
0 0.9546875 0.43359375 0.04375 0.0421875