0 0.98203125 0.0453125 0.0359375 0.028125
0 0.1078125 0.15546875 0.03125 0.0421875
0 0.2390625 0.1625 0.121875 0.071875
0 0.37109375 0.16953125 0.1046875 0.065625
0 0.46171875 0.1703125 0.05625 0.0625
0 0.54375 0.18125 0.0640625 0.05625
0 0.67421875 0.1828125 0.1703125 0.0828125
0 0.08984375 0.31796875 0.028125 0.040625
0 0.2140625 0.32421875 0.05625 0.0390625
0 0.30234375 0.31640625 0.109375 0.0703125
0 0.4734375 0.33515625 0.1671875 0.0703125
0 0.603125 0.33828125 0.0546875 0.065625
0 0.69296875 0.35078125 0.05 0.040625
0 0.78828125 0.3578125 0.1046875 0.0578125
0 0.95234375 0.3796875 0.0953125 0.046875
0 0.10234375 0.47109375 0.0390625 0.0375
0 0.18203125 0.475 0.053125 0.0453125
0 0.37578125 0.48984375 0.259375 0.096875
0 0.34140625 0.56484375 0.0609375 0.05
0 0.44140625 0.56953125 0.0984375 0.0578125
0 0.6125 0.60234375 0.20625 0.0984375
0 0.3546875 0.64140625 0.1015625 0.0578125
0 0.41875 0.6546875 0.0203125 0.015625
0 0.5078125 0.653125 0.125 0.06875
0 0.71015625 0.66328125 0.2453125 0.0875
0 0.396875 0.734375 0.1765625 0.1015625
0 0.4171875 0.81640625 0.221875 0.1
0 0.4015625 0.90234375 0.2 0.10625