0 0.35625 0.04765625 0.171875 0.0953125
0 0.56328125 0.07734375 0.1984375 0.1203125
0 0.725 0.11484375 0.1375 0.09375
0 0.2890625 0.1125 0.05625 0.0703125
0 0.40546875 0.17265625 0.20625 0.115625
0 0.57265625 0.225 0.1171875 0.0875
0 0.6875 0.24375 0.1 0.0546875
0 0.78359375 0.2796875 0.0859375 0.05625
0 0.27734375 0.2140625 0.0765625 0.05
0 0.36171875 0.24375 0.0875 0.053125
0 0.46640625 0.28046875 0.0921875 0.0546875
0 0.54296875 0.29765625 0.0453125 0.0484375
0 0.6421875 0.34453125 0.1265625 0.1015625
0 0.7796875 0.36796875 0.115625 0.0671875
0 0.31328125 0.3125 0.175 0.0890625
0 0.45703125 0.36875 0.1125 0.06875
0 0.5734375 0.41796875 0.090625 0.0609375
0 0.6390625 0.43359375 0.0359375 0.0390625
0 0.7 0.44765625 0.0484375 0.0484375
0 0.25390625 0.390625 0.0796875 0.0515625
0 0.4 0.44765625 0.178125 0.0875
0 0.6046875 0.5125 0.1859375 0.1046875
0 0.2609375 0.49765625 0.1484375 0.090625
0 0.39453125 0.534375 0.1078125 0.0671875
0 0.50546875 0.571875 0.075 0.05
0 0.6515625 0.6265625 0.2046875 0.1
0 0.25625 0.58046875 0.171875 0.0984375
0 0.4453125 0.65234375 0.2015625 0.096875
0 0.609375 0.70390625 0.0890625 0.05625
0 0.69921875 0.69921875 0.0203125 0.025
0 0.18984375 0.64375 0.0421875 0.0375
0 0.26640625 0.6703125 0.0671875 0.04375
0 0.340625 0.7015625 0.0546875 0.059375
0 0.4375 0.7484375 0.1609375 0.1078125
0 0.5796875 0.7875 0.1296875 0.0890625
0 0.66328125 0.82421875 0.034375 0.0390625
0 0.18203125 0.73203125 0.05625 0.046875
0 0.28125 0.78125 0.1296875 0.078125
0 0.4125 0.834375 0.11875 0.0859375