0 0.1 0.1453125 0.1 0.2453125
0 0.16875 0.19375 0.0875 0.0921875
0 0.253125 0.25 0.1234375 0.2421875
0 0.471875 0.20703125 0.365625 0.4140625
0 0.66796875 0.25546875 0.134375 0.325
0 0.7578125 0.34765625 0.2140625 0.3171875
0 0.92734375 0.2328125 0.1453125 0.21875
0 0.09140625 0.33515625 0.13125 0.28125
0 0.2078125 0.353125 0.159375 0.2859375
0 0.396875 0.3828125 0.2765625 0.3046875
0 0.57734375 0.4328125 0.096875 0.1796875
0 0.659375 0.46484375 0.14375 0.2859375
0 0.8171875 0.40625 0.175 0.2515625
0 0.08828125 0.63515625 0.1765625 0.2515625
0 0.40703125 0.5734375 0.4515625 0.29375
0 0.665625 0.72734375 0.1796875 0.2859375
0 0.8453125 0.63515625 0.2015625 0.25
0 0.93984375 0.6609375 0.075 0.221875
0 0.07421875 0.70859375 0.1328125 0.1625
0 0.2234375 0.725 0.1703125 0.228125
0 0.35625 0.790625 0.1125 0.1359375
0 0.46796875 0.76640625 0.1390625 0.2140625
0 0.63046875 0.82109375 0.21875 0.2328125
0 0.8171875 0.84296875 0.2203125 0.25