0 0.06015625 0.1546875 0.1203125 0.065625
0 0.15859375 0.11953125 0.0625 0.0453125
0 0.0734375 0.19140625 0.146875 0.0640625
0 0.08515625 0.22109375 0.1484375 0.065625
0 0.090625 0.2453125 0.1203125 0.053125
0 0.08828125 0.2453125 0.1203125 0.053125
0 0.09296875 0.275 0.1203125 0.0640625
0 0.1125 0.28046875 0.1140625 0.0546875
0 0.08203125 0.3125 0.075 0.0375
0 0.10390625 0.328125 0.10625 0.0453125
0 0.11796875 0.346875 0.1078125 0.0453125
0 0.11171875 0.36953125 0.1015625 0.040625
0 0.13984375 0.38828125 0.1421875 0.05625
0 0.15078125 0.41015625 0.1640625 0.078125
0 0.26015625 0.37890625 0.08125 0.0453125
0 0.15078125 0.42265625 0.1375 0.0515625
0 0.31640625 0.4015625 0.1875 0.08125
0 0.19140625 0.4578125 0.228125 0.0765625
0 0.38515625 0.4171875 0.2109375 0.0703125
0 0.1765625 0.484375 0.1140625 0.046875
0 0.30234375 0.459375 0.1453125 0.0546875
0 0.465625 0.42890625 0.1609375 0.0609375
0 0.17890625 0.50234375 0.10625 0.0515625
0 0.30078125 0.4859375 0.11875 0.05625
0 0.2203125 0.52265625 0.165625 0.0640625
0 0.2375 0.5390625 0.1890625 0.0640625
0 0.19296875 0.5609375 0.08125 0.0390625
0 0.28359375 0.54921875 0.0953125 0.0390625
0 0.36875 0.540625 0.06875 0.0515625
0 0.2234375 0.58046875 0.1296875 0.0578125
0 0.22890625 0.60234375 0.1265625 0.046875
0 0.34609375 0.584375 0.0796875 0.0375
0 0.24296875 0.62265625 0.1421875 0.0546875
0 0.25078125 0.646875 0.1609375 0.059375
0 0.4109375 0.61875 0.1625 0.0625
0 0.2859375 0.6609375 0.2046875 0.071875
0 0.2265625 0.69609375 0.090625 0.0484375
0 0.27734375 0.71015625 0.1484375 0.059375
0 0.44296875 0.67890625 0.16875 0.059375
0 0.265625 0.73125 0.1125 0.05
0 0.2390625 0.7609375 0.05625 0.0421875
0 0.3265625 0.74765625 0.1125 0.0453125
0 0.2640625 0.7828125 0.090625 0.04375
0 0.3703125 0.76640625 0.1 0.05
0 0.3140625 0.80390625 0.2609375 0.0828125
0 0.28671875 0.83828125 0.115625 0.04375
0 0.44296875 0.80703125 0.16875 0.0640625
0 0.28984375 0.859375 0.1109375 0.0390625
0 0.4375 0.8328125 0.1546875 0.05625
0 0.25703125 0.88046875 0.040625 0.0265625
0 0.378125 0.8640625 0.1921875 0.0625
0 0.559375 0.82578125 0.153125 0.0609375
0 0.3 0.89140625 0.1125 0.040625
0 0.3046875 0.90625 0.1109375 0.040625
0 0.353125 0.91796875 0.175 0.0578125
0 0.35 0.9328125 0.171875 0.0609375
0 0.34375 0.95234375 0.10625 0.040625
0 0.3828125 0.96015625 0.2046875 0.0609375
0 0.46015625 0.0734375 0.2390625 0.0875
0 0.43203125 0.10859375 0.08125 0.05
0 0.540625 0.07890625 0.1515625 0.0671875
0 0.471875 0.1265625 0.146875 0.0625
0 0.50078125 0.153125 0.1890625 0.084375
0 0.52265625 0.19921875 0.2625 0.0828125
0 0.77265625 0.14921875 0.20625 0.0703125
0 0.55703125 0.21640625 0.2015625 0.0671875
0 0.5671875 0.23828125 0.215625 0.0734375
0 0.73203125 0.2015625 0.1171875 0.0609375
0 0.84375 0.18046875 0.146875 0.065625
0 0.51171875 0.2734375 0.0796875 0.04375
0 0.559375 0.2828125 0.1546875 0.0640625
0 0.6796875 0.25234375 0.0859375 0.0421875
0 0.55859375 0.30859375 0.1484375 0.0625
0 0.71015625 0.2765625 0.1359375 0.0625
0 0.5671875 0.3265625 0.1265625 0.0546875
0 0.59609375 0.34375 0.16875 0.06875
0 0.6203125 0.3625 0.2 0.0734375
0 0.63671875 0.38359375 0.1109375 0.0453125
0 0.65390625 0.403125 0.0984375 0.05
0 0.70078125 0.40703125 0.1984375 0.0671875
0 0.70390625 0.4359375 0.2015625 0.06875
0 0.659375 0.4578125 0.1078125 0.0421875
0 0.75859375 0.43203125 0.084375 0.0375
0 0.68125 0.46875 0.1296875 0.053125
0 0.8078125 0.44296875 0.1140625 0.0578125
0 0.6671875 0.49609375 0.1015625 0.04375
0 0.79609375 0.46875 0.1515625 0.065625
0 0.68515625 0.51796875 0.1140625 0.046875
0 0.78671875 0.82109375 0.0984375 0.0984375
0 0.91640625 0.8328125 0.0640625 0.0328125