0 0.2 0.00546875 0.05625 0.0109375
0 0.4875 0.059375 0.1125 0.0484375
0 0.5578125 0.07421875 0.021875 0.025
0 0.58984375 0.08671875 0.0390625 0.0296875
0 0.6484375 0.09453125 0.0734375 0.0390625
0 0.69765625 0.1078125 0.025 0.021875
0 0.7671875 0.11875 0.10625 0.04375
0 0.2640625 0.053125 0.0828125 0.0578125
0 0.1890625 0.08984375 0.1625 0.0828125
0 0.3453125 0.10078125 0.125 0.08125
0 0.42578125 0.140625 0.03125 0.0296875
0 0.51796875 0.18515625 0.1859375 0.1265625
0 0.6734375 0.184375 0.1140625 0.0734375
0 0.753125 0.19921875 0.059375 0.06875
0 0.8484375 0.2453125 0.171875 0.1171875
0 0.19921875 0.1453125 0.0796875 0.0625
0 0.2984375 0.18125 0.0921875 0.0625
0 0.4109375 0.20703125 0.1375 0.0875
0 0.54453125 0.21875 0.1359375 0.0765625
0 0.7234375 0.2546875 0.20625 0.090625
0 0.89921875 0.3015625 0.14375 0.1015625
0 0.25625 0.23125 0.0453125 0.0375
0 0.33828125 0.2625 0.121875 0.0984375
0 0.44140625 0.265625 0.0640625 0.05625
0 0.54453125 0.28046875 0.15 0.078125
0 0.70625 0.32109375 0.1578125 0.0796875
0 0.84453125 0.3515625 0.1375 0.078125
0 0.2921875 0.31953125 0.171875 0.1328125
0 0.3875 0.33046875 0.03125 0.0359375
0 0.4484375 0.33515625 0.078125 0.059375
0 0.5578125 0.35 0.125 0.078125
0 0.659375 0.38359375 0.06875 0.040625
0 0.7828125 0.3984375 0.159375 0.075
0 0.27734375 0.3609375 0.1421875 0.0703125
0 0.40859375 0.403125 0.128125 0.0703125
0 0.521875 0.4125 0.0828125 0.065625
0 0.56953125 0.43203125 0.025 0.03125
0 0.61328125 0.45234375 0.053125 0.078125
0 0.68671875 0.47265625 0.1234375 0.109375
0 0.803125 0.471875 0.14375 0.08125
0 0.2484375 0.44609375 0.109375 0.0984375
0 0.3703125 0.45546875 0.0859375 0.0609375
0 0.4546875 0.47265625 0.0609375 0.040625
0 0.5375 0.48125 0.1375 0.0859375
0 0.6203125 0.51015625 0.05 0.0328125
0 0.71875 0.51640625 0.153125 0.090625
0 0.28828125 0.51328125 0.19375 0.109375
0 0.425 0.52109375 0.05 0.059375
0 0.4828125 0.5703125 0.1171875 0.10625
0 0.5671875 0.55 0.040625 0.059375
0 0.6421875 0.58046875 0.1328125 0.09375
0 0.74140625 0.5890625 0.06875 0.0828125
0 0.84375 0.6109375 0.11875 0.0640625
0 0.19609375 0.54296875 0.0421875 0.0546875
0 0.246875 0.5578125 0.0515625 0.0578125
0 0.328125 0.59140625 0.1078125 0.1
0 0.44375 0.59453125 0.10625 0.0671875
0 0.575 0.64375 0.13125 0.1109375
0 0.6859375 0.64375 0.0484375 0.0546875
0 0.77734375 0.67578125 0.13125 0.109375
0 0.18671875 0.6125 0.121875 0.0921875
0 0.34765625 0.646875 0.15625 0.0765625
0 0.4609375 0.659375 0.0453125 0.059375
0 0.53671875 0.70234375 0.109375 0.09375
0 0.6921875 0.7265625 0.2109375 0.1375
0 0.20234375 0.6765625 0.103125 0.078125
0 0.27734375 0.69375 0.0359375 0.0515625
0 0.38046875 0.7375 0.153125 0.1234375
0 0.4890625 0.7390625 0.08125 0.0859375
0 0.55390625 0.7546875 0.0359375 0.0359375
0 0.6828125 0.79765625 0.2125 0.1234375
0 0.140625 0.75390625 0.0390625 0.0484375
0 0.22734375 0.759375 0.15 0.084375
0 0.3375 0.78359375 0.0453125 0.0328125
0 0.49140625 0.82578125 0.2125 0.1109375
0 0.63046875 0.82421875 0.084375 0.0734375
0 0.740625 0.87734375 0.125 0.08125
0 0.140625 0.81015625 0.0921875 0.0546875
0 0.29453125 0.83515625 0.1859375 0.078125
0 0.43359375 0.853125 0.1234375 0.0953125
0 0.53984375 0.87421875 0.0796875 0.0703125
0 0.6078125 0.890625 0.034375 0.0578125
0 0.63359375 0.88828125 0.01875 0.0125
0 0.66015625 0.89921875 0.0453125 0.0671875
0 0.7375 0.91875 0.1234375 0.071875
0 0.0203125 0.8265625 0.040625 0.04375
0 0.08046875 0.8421875 0.075 0.04375
0 0.13671875 0.85546875 0.03125 0.03125
0 0.1859375 0.8625 0.0609375 0.0359375
0 0.240625 0.8734375 0.040625 0.0296875
0 0.29921875 0.8875 0.071875 0.046875