0 0.2234375 0.05390625 0.30625 0.1078125
0 0.51484375 0.0921875 0.2484375 0.09375
0 0.721875 0.11953125 0.0703125 0.0859375
0 0.46328125 0.20078125 0.1734375 0.096875
0 0.43828125 0.2875 0.1296875 0.0921875
0 0.6296875 0.3171875 0.2328125 0.1265625
0 0.115625 0.3359375 0.19375 0.096875
0 0.37890625 0.38515625 0.221875 0.0859375
0 0.51015625 0.41171875 0.0421875 0.0328125
0 0.6546875 0.446875 0.23125 0.103125
0 0.5421875 0.53203125 0.153125 0.06875
0 0.67890625 0.559375 0.0796875 0.0578125
0 0.95703125 0.6765625 0.05 0.075
0 0.5921875 0.63671875 0.2703125 0.1
0 0.15390625 0.66875 0.3078125 0.121875
0 0.38515625 0.72109375 0.159375 0.075
0 0.5203125 0.7375 0.08125 0.0671875
0 0.63125 0.75703125 0.1453125 0.0875
0 0.784375 0.79375 0.15625 0.0828125
0 0.91640625 0.8171875 0.0734375 0.0765625
0 0.3734375 0.82890625 0.15625 0.0796875
0 0.50546875 0.84375 0.08125 0.0703125
0 0.628125 0.8671875 0.1328125 0.0703125
0 0.771875 0.8875 0.1515625 0.09375
0 0.88828125 0.94375 0.0859375 0.1125
0 0.4421875 0.93828125 0.271875 0.1078125
0 0.8578125 0.59140625 0.2328125 0.0953125
0 0.60390625 0.21328125 0.0328125 0.05625
0 0.68125 0.23203125 0.1359375 0.090625
0 0.9359375 0.590625 0.125 0.2421875
0 0.83046875 0.9359375 0.0859375 0.128125