0 0.634375 0.08046875 0.1640625 0.15
0 0.87421875 0.10625 0.2125 0.1125
0 0.26953125 0.03515625 0.1234375 0.0703125
0 0.4546875 0.0359375 0.08125 0.071875
0 0.72734375 0.13203125 0.1765625 0.1453125
0 0.93203125 0.190625 0.1359375 0.10625
0 0.2203125 0.10859375 0.1359375 0.11875
0 0.44453125 0.115625 0.2359375 0.153125
0 0.19140625 0.23125 0.23125 0.1828125
0 0.409375 0.25859375 0.146875 0.13125
0 0.6109375 0.2484375 0.16875 0.1125
0 0.815625 0.26875 0.1171875 0.09375
0 0.95 0.290625 0.1 0.109375
0 0.0921875 0.3109375 0.1390625 0.115625
0 0.30625 0.3734375 0.1890625 0.1703125
0 0.48984375 0.353125 0.0375 0.0875
0 0.65546875 0.38125 0.19375 0.1171875
0 0.87578125 0.40703125 0.125 0.1078125
0 0.98359375 0.446875 0.0328125 0.0625
0 0.0984375 0.45 0.196875 0.18125
0 0.365625 0.46640625 0.15625 0.1125
0 0.6109375 0.5328125 0.2859375 0.2484375
0 0.87578125 0.58515625 0.16875 0.1609375
0 0.06875 0.5421875 0.1375 0.11875
0 0.36328125 0.59609375 0.33125 0.25625
0 0.65078125 0.63828125 0.1328125 0.1390625
0 0.84765625 0.6765625 0.115625 0.1125
0 0.94765625 0.7109375 0.0546875 0.0984375
0 0.0453125 0.71328125 0.090625 0.1734375
0 0.3234375 0.734375 0.3671875 0.1765625
0 0.671875 0.79140625 0.21875 0.13125
0 0.87578125 0.8359375 0.1421875 0.14375
0 0.04453125 0.81640625 0.0890625 0.1578125
0 0.2734375 0.8625 0.196875 0.1234375
0 0.48203125 0.89921875 0.15625 0.1546875
0 0.7046875 0.9390625 0.25 0.121875
0 0.88828125 0.9625 0.0578125 0.075