0 0.4796875 0.1234375 0.140625 0.065625
0 0.7359375 0.18828125 0.1796875 0.0734375
0 0.5734375 0.078125 0.2140625 0.09375
0 0.859375 0.146875 0.28125 0.11875
0 0.49296875 0.16953125 0.203125 0.0796875
0 0.70703125 0.22265625 0.1671875 0.0734375
0 0.9734375 0.29921875 0.053125 0.0484375
0 0.4765625 0.20703125 0.1875 0.084375
0 0.70703125 0.26875 0.171875 0.0703125
0 0.9625 0.34375 0.075 0.053125
0 0.43984375 0.24140625 0.153125 0.065625
0 0.71953125 0.31796875 0.18125 0.075
0 0.96015625 0.38203125 0.0796875 0.0609375
0 0.42734375 0.2828125 0.121875 0.0625
0 0.7109375 0.35546875 0.1671875 0.0765625
0 0.96171875 0.42265625 0.0765625 0.0453125
0 0.4109375 0.328125 0.1328125 0.0625
0 0.7203125 0.4015625 0.19375 0.08125
0 0.96328125 0.46640625 0.0734375 0.0453125
0 0.403125 0.36875 0.1046875 0.05625
0 0.703125 0.4453125 0.184375 0.0703125
0 0.83984375 0.4828125 0.0765625 0.0453125
0 0.95703125 0.51015625 0.0859375 0.0453125
0 0.3375 0.40078125 0.0890625 0.0578125
0 0.39453125 0.41640625 0.046875 0.034375
0 0.4765625 0.4375 0.09375 0.0390625
0 0.71796875 0.49453125 0.2453125 0.1
0 0.9421875 0.55078125 0.115625 0.0515625
0 0.3484375 0.45 0.11875 0.0609375
0 0.47109375 0.484375 0.1046875 0.0625
0 0.70546875 0.540625 0.221875 0.1
0 0.3546875 0.49609375 0.1390625 0.059375
0 0.6515625 0.5640625 0.2015625 0.08125
0 0.33515625 0.54140625 0.13125 0.071875
0 0.33984375 0.58359375 0.1453125 0.05625
0 0.61796875 0.64609375 0.271875 0.1046875
0 0.34765625 0.63203125 0.165625 0.0734375
0 0.27265625 0.665625 0.1046875 0.053125
0 0.3859375 0.69609375 0.11875 0.0609375
0 0.6109375 0.7390625 0.2984375 0.1125
0 0.37109375 0.7328125 0.134375 0.0703125
0 0.51640625 0.76796875 0.1125 0.0578125
0 0.35390625 0.78203125 0.1078125 0.0484375
0 0.5640625 0.82890625 0.1640625 0.06875
0 0.24609375 0.796875 0.109375 0.0546875
0 0.359375 0.8328125 0.103125 0.0484375
0 0.4484375 0.8515625 0.0328125 0.025
0 0.53515625 0.8703125 0.121875 0.05625
0 0.31953125 0.8703125 0.1171875 0.05
0 0.4859375 0.90625 0.109375 0.0515625
0 0.24140625 0.87890625 0.1453125 0.0546875
0 0.35 0.9203125 0.078125 0.065625
0 0.2296875 0.903125 0.175 0.078125
0 0.45703125 0.94609375 0.08125 0.0609375
0 0.53046875 0.96171875 0.0375 0.053125
0 0.2453125 0.9390625 0.18125 0.06875