0 0.259375 0.13046875 0.0828125 0.03125
0 0.51484375 0.18359375 0.2359375 0.065625
0 0.78046875 0.23359375 0.1125 0.040625
0 0.2359375 0.17109375 0.184375 0.0515625
0 0.484375 0.20859375 0.0609375 0.0234375
0 0.571875 0.22421875 0.084375 0.0328125
0 0.49609375 0.22421875 0.1328125 0.0390625
0 0.6734375 0.25859375 0.1953125 0.0625
0 0.47578125 0.27734375 0.2734375 0.090625
0 0.1921875 0.2671875 0.0609375 0.0203125
0 0.2640625 0.27890625 0.040625 0.01875
0 0.3546875 0.3 0.1 0.0375
0 0.4375 0.3140625 0.0328125 0.0203125
0 0.55390625 0.340625 0.165625 0.0609375
0 0.18828125 0.29296875 0.0578125 0.03125
0 0.30234375 0.31640625 0.128125 0.0484375
0 0.45703125 0.346875 0.1578125 0.053125
0 0.65078125 0.38515625 0.196875 0.0625
0 0.61796875 0.39921875 0.14375 0.040625
0 0.565625 0.41328125 0.0484375 0.021875
0 0.76015625 0.45234375 0.303125 0.084375
0 0.75390625 0.47421875 0.2421875 0.071875
0 0.12109375 0.35 0.0703125 0.025
0 0.20703125 0.36875 0.0859375 0.0296875
0 0.3328125 0.39453125 0.1375 0.0421875
0 0.275 0.40546875 0.2015625 0.0578125
0 0.5625 0.465625 0.05 0.0234375
0 0.72421875 0.4984375 0.1859375 0.059375
0 0.65703125 0.50859375 0.096875 0.034375
0 0.81953125 0.5421875 0.21875 0.06875
0 0.628125 0.53046875 0.203125 0.0578125
0 0.1609375 0.490625 0.2015625 0.059375
0 0.321875 0.52109375 0.084375 0.0296875
0 0.46640625 0.55390625 0.0875 0.0390625
0 0.5578125 0.5703125 0.0625 0.03125
0 0.64609375 0.5859375 0.0671875 0.028125
0 0.740625 0.60703125 0.0921875 0.0296875
0 0.08984375 0.51328125 0.071875 0.03125
0 0.31953125 0.55859375 0.1703125 0.05
0 0.475 0.58984375 0.121875 0.04375
0 0.60859375 0.61875 0.1078125 0.0375
0 0.80234375 0.65703125 0.159375 0.053125
0 0.2984375 0.58046875 0.053125 0.025
0 0.1671875 0.6 0.28125 0.078125
0 0.43125 0.6515625 0.04375 0.028125
0 0.51796875 0.6703125 0.040625 0.0296875
0 0.66171875 0.70078125 0.0609375 0.028125
0 0.16328125 0.6265625 0.28125 0.078125
0 0.42578125 0.6765625 0.0390625 0.0265625
0 0.52109375 0.696875 0.0390625 0.0265625
0 0.65703125 0.725 0.0640625 0.0265625
0 0.11015625 0.6671875 0.0859375 0.034375
0 0.353125 0.7203125 0.1 0.0421875
0 0.50078125 0.74921875 0.134375 0.04375
0 0.64453125 0.7796875 0.11875 0.0375
0 0.44609375 0.77890625 0.1765625 0.0578125
0 0.5671875 0.8015625 0.0546875 0.0328125
0 0.6421875 0.81796875 0.0640625 0.0359375
0 0.121875 0.740625 0.234375 0.06875
0 0.3546875 0.78828125 0.203125 0.0671875
0 0.65859375 0.85 0.209375 0.0640625
0 0.58828125 0.85859375 0.146875 0.04375
0 0.7875 0.89765625 0.221875 0.065625
0 0.78359375 0.4328125 0.1609375 0.046875
0 0.33359375 0.14765625 0.0390625 0.0203125
0 0.13359375 0.2484375 0.0171875 0.00625
0 0.1265625 0.27421875 0.0265625 0.0109375
0 0.61640625 0.4765625 0.0203125 0.009375
0 0.396875 0.53515625 0.03125 0.0125
0 0.34921875 0.58984375 0.0296875 0.01875
0 0.41015625 0.60234375 0.05 0.0234375
0 0.34140625 0.634375 0.0265625 0.0125
0 0.33671875 0.66015625 0.0203125 0.009375
0 0.18984375 0.68515625 0.0671875 0.034375
0 0.271875 0.70234375 0.0203125 0.015625
0 0.19453125 0.115625 0.0421875 0.028125
0 0.678125 0.21328125 0.0546875 0.025
0 0.378125 0.19609375 0.0734375 0.028125
0 0.17890625 0.5328125 0.0859375 0.0375
0 0.390625 0.64140625 0.0375 0.0328125
0 0.48359375 0.659375 0.0296875 0.025
0 0.603125 0.68671875 0.0375 0.0265625
0 0.38671875 0.67109375 0.040625 0.0265625
0 0.48515625 0.68671875 0.0375 0.025
0 0.59765625 0.7125 0.0390625 0.025
0 0.49609375 0.81484375 0.078125 0.0375
0 0.31875 0.74453125 0.065625 0.04375
0 0.6921875 0.63359375 0.0390625 0.0203125