0 0.1390625 0.1515625 0.2 0.1984375
0 0.25 0.16171875 0.075 0.0796875
0 0.35859375 0.121875 0.1234375 0.128125
0 0.534375 0.1296875 0.25625 0.259375
0 0.7421875 0.04765625 0.0875 0.0953125
0 0.10234375 0.33515625 0.15625 0.184375
0 0.265625 0.31484375 0.18125 0.16875
0 0.43203125 0.30703125 0.15 0.1421875
0 0.5734375 0.25703125 0.1203125 0.15
0 0.6984375 0.2046875 0.10625 0.0984375
0 0.846875 0.17109375 0.2203125 0.2234375
0 0.1265625 0.446875 0.14375 0.1390625
0 0.26796875 0.44296875 0.1625 0.1140625
0 0.521875 0.3265625 0.31875 0.2578125
0 0.1078125 0.59765625 0.0984375 0.1046875
0 0.3828125 0.5546875 0.303125 0.2140625
0 0.60234375 0.478125 0.1421875 0.15625
0 0.30546875 0.67578125 0.1125 0.1078125
0 0.44296875 0.63984375 0.184375 0.1546875
0 0.1390625 0.85078125 0.13125 0.16875
0 0.26484375 0.821875 0.128125 0.125
0 0.39453125 0.778125 0.1078125 0.146875
0 0.575 0.73515625 0.2453125 0.1875
0 0.74375 0.709375 0.0921875 0.134375
0 0.88203125 0.6609375 0.1421875 0.1640625
0 0.20546875 0.9375 0.2015625 0.125
0 0.45546875 0.9046875 0.3046875 0.190625
0 0.61875 0.89765625 0.034375 0.034375
0 0.696875 0.87734375 0.134375 0.1046875
0 0.8453125 0.81875 0.140625 0.146875