0 0.20703125 0.20390625 0.125 0.2734375
0 0.31953125 0.2625 0.1296875 0.1671875
0 0.38359375 0.375 0.10625 0.3359375
0 0.51796875 0.2890625 0.1875 0.271875
0 0.6421875 0.26015625 0.046875 0.16875
0 0.7109375 0.2640625 0.090625 0.165625
0 0.7890625 0.271875 0.0578125 0.1421875
0 0.1890625 0.6 0.1375 0.3015625
0 0.3171875 0.540625 0.1203125 0.190625
0 0.40546875 0.584375 0.0703125 0.0828125
0 0.50234375 0.55625 0.1140625 0.2109375
0 0.603125 0.53203125 0.0859375 0.153125
0 0.6671875 0.54921875 0.0453125 0.1140625
0 0.74453125 0.58515625 0.1421875 0.34375
0 0.17265625 0.80078125 0.1046875 0.1546875
0 0.26171875 0.83046875 0.0640625 0.075
0 0.3453125 0.79609375 0.075 0.16875
0 0.41015625 0.7890625 0.05625 0.159375
0 0.47734375 0.8015625 0.06875 0.1234375