0 0.1484375 0.2328125 0.0125 0.0109375
0 0.3 0.2234375 0.1640625 0.0671875
0 0.4796875 0.19296875 0.109375 0.040625
0 0.5875 0.17421875 0.078125 0.03125
0 0.6859375 0.1625 0.071875 0.0375
0 0.75546875 0.15546875 0.0328125 0.015625
0 0.83359375 0.140625 0.090625 0.0453125
0 0.328125 0.2484375 0.215625 0.08125
0 0.521875 0.209375 0.1296875 0.0421875
0 0.60625 0.19609375 0.0171875 0.025
0 0.6890625 0.1890625 0.1140625 0.0328125
0 0.1515625 0.28203125 0.009375 0.009375
0 0.2890625 0.26640625 0.1609375 0.0453125
0 0.50546875 0.23359375 0.15 0.04375
0 0.61171875 0.2234375 0.0375 0.021875
0 0.74453125 0.21484375 0.1953125 0.065625
0 0.9 0.18828125 0.10625 0.0421875
0 0.26875 0.29453125 0.1484375 0.0515625
0 0.47109375 0.26484375 0.1515625 0.0453125
0 0.275 0.33828125 0.1984375 0.0625
0 0.396875 0.325 0.015625 0.0234375
0 0.16484375 0.38203125 0.0203125 0.0125
0 0.24765625 0.375 0.11875 0.0375
0 0.40546875 0.3640625 0.121875 0.053125
0 0.259375 0.3984375 0.128125 0.04375
0 0.39765625 0.378125 0.1296875 0.0421875
0 0.4921875 0.3625 0.0203125 0.025
0 0.5625 0.353125 0.0953125 0.0328125
0 0.27421875 0.4234375 0.121875 0.0453125
0 0.4984375 0.3890625 0.01875 0.0203125
0 0.5671875 0.378125 0.0921875 0.0328125
0 0.2609375 0.44609375 0.159375 0.04375
0 0.44375 0.4203125 0.1125 0.0390625
0 0.23984375 0.478125 0.1203125 0.0421875
0 0.35625 0.4609375 0.0546875 0.0234375
0 0.46015625 0.446875 0.13125 0.04375
0 0.3921875 0.52890625 0.1375 0.0515625
0 0.53359375 0.509375 0.11875 0.0359375
0 0.421875 0.55 0.0890625 0.040625
0 0.54140625 0.534375 0.1109375 0.0328125
0 0.4015625 0.58046875 0.1078125 0.0328125
0 0.55234375 0.55546875 0.1265625 0.0359375
0 0.42734375 0.6 0.08125 0.0390625
0 0.56015625 0.57890625 0.1140625 0.034375
0 0.42734375 0.6265625 0.0703125 0.0296875
0 0.56875 0.603125 0.1125 0.03125
0 0.43359375 0.65078125 0.06875 0.0375
0 0.584375 0.625 0.125 0.034375
0 0.43984375 0.675 0.075 0.0265625
0 0.5984375 0.65 0.121875 0.0328125
0 0.4453125 0.69765625 0.084375 0.0359375
0 0.60390625 0.6734375 0.1203125 0.0375
0 0.44765625 0.7203125 0.0828125 0.0390625
0 0.61171875 0.69609375 0.11875 0.034375
0 0.46171875 0.7484375 0.0703125 0.0265625
0 0.61796875 0.721875 0.125 0.0375
0 0.47578125 0.77109375 0.06875 0.0359375
0 0.62265625 0.7453125 0.125 0.034375
0 0.45234375 0.79453125 0.1109375 0.0453125
0 0.63046875 0.77109375 0.1234375 0.0359375
0 0.64140625 0.7953125 0.1125 0.0328125
0 0.6390625 0.82265625 0.1359375 0.0390625
0 0.16796875 0.159375 0.06875 0.021875
0 0.5625 0.0671875 0.1296875 0.0671875
0 0.54765625 0.10703125 0.1671875 0.0421875
0 0.70078125 0.0875 0.0703125 0.021875
0 0.72265625 0.01796875 0.3328125 0.0359375
0 0.16171875 0.33203125 0.021875 0.0125
0 0.69375 0.2609375 0.025 0.0140625
0 0.69765625 0.31015625 0.0171875 0.0109375
0 0.703125 0.36015625 0.021875 0.0109375
0 0.17265625 0.43125 0.021875 0.0140625
0 0.17109375 0.48359375 0.009375 0.0109375
0 0.70078125 0.41015625 0.0078125 0.009375
0 0.178125 0.5328125 0.0203125 0.0140625
0 0.70546875 0.45859375 0.0171875 0.0140625
0 0.18125 0.5828125 0.015625 0.0109375
0 0.184375 0.634375 0.0140625 0.009375
0 0.1890625 0.684375 0.0140625 0.0125
0 0.71171875 0.5078125 0.015625 0.0125
0 0.71640625 0.55703125 0.0109375 0.009375
0 0.2515625 0.89765625 0.0921875 0.025
0 0.203125 0.83828125 0.0171875 0.0109375
0 0.19765625 0.7875 0.0125 0.0109375
0 0.72265625 0.60625 0.0109375 0.009375
0 0.728125 0.65546875 0.0109375 0.009375
0 0.73515625 0.70546875 0.0125 0.009375
0 0.7390625 0.7546875 0.0125 0.0109375
0 0.64921875 0.84765625 0.1296875 0.0421875
0 0.5046875 0.9078125 0.078125 0.0328125
0 0.653125 0.88125 0.153125 0.04375
0 0.19375 0.73671875 0.0125 0.0109375
0 0.81328125 0.2671875 0.1359375 0.0421875
0 0.478125 0.821875 0.0609375 0.0328125
0 0.48515625 0.85234375 0.06875 0.03125
0 0.5171875 0.8765625 0.046875 0.028125