0 0.10078125 0.08203125 0.1578125 0.0625
0 0.25 0.06796875 0.1203125 0.046875
0 0.38203125 0.0546875 0.1171875 0.0453125
0 0.490625 0.0390625 0.0625 0.034375
0 0.60234375 0.02890625 0.1390625 0.053125
0 0.7703125 0.01875 0.146875 0.0375
0 0.77421875 0.05234375 0.171875 0.0609375
0 0.5671875 0.0734375 0.1765625 0.0609375
0 0.446875 0.08046875 0.0640625 0.0328125
0 0.25546875 0.109375 0.25 0.0703125
0 0.06796875 0.128125 0.0984375 0.0421875
0 0.15625 0.1578125 0.28125 0.0765625
0 0.359375 0.1328125 0.0828125 0.040625
0 0.49453125 0.11796875 0.140625 0.053125
0 0.703125 0.09609375 0.1875 0.05625
0 0.790625 0.12578125 0.128125 0.0515625
0 0.66796875 0.13359375 0.1296875 0.0484375
0 0.48359375 0.15703125 0.2484375 0.0734375
0 0.29296875 0.17890625 0.071875 0.034375
0 0.18515625 0.19375 0.1109375 0.0421875
0 0.06484375 0.2078125 0.0984375 0.0390625
0 0.13671875 0.2390625 0.2375 0.071875
0 0.31796875 0.21796875 0.065625 0.034375
0 0.4015625 0.20546875 0.0625 0.034375
0 0.51640625 0.1921875 0.13125 0.0546875
0 0.65 0.178125 0.09375 0.0453125
0 0.81328125 0.1578125 0.1875 0.065625
0 0.1859375 0.26796875 0.16875 0.0578125
0 0.05625 0.2796875 0.0765625 0.0390625
0 0.09453125 0.35078125 0.1125 0.0578125
0 0.2140625 0.3453125 0.0640625 0.0390625
0 0.3984375 0.321875 0.2515625 0.08125
0 0.58515625 0.3 0.065625 0.04375
0 0.64296875 0.29140625 0.0546875 0.034375
0 0.72890625 0.28203125 0.0671875 0.0375
0 0.8515625 0.26875 0.1609375 0.05625
0 0.915625 0.30625 0.1234375 0.053125
0 0.8 0.3125 0.10625 0.0421875
0 0.64140625 0.3359375 0.16875 0.059375
0 0.4953125 0.35234375 0.103125 0.040625
0 0.3734375 0.36328125 0.1171875 0.0484375
0 0.16328125 0.384375 0.2828125 0.0875
0 0.14921875 0.43671875 0.25 0.0859375
0 0.11953125 0.5109375 0.1765625 0.0703125
0 0.24375 0.4953125 0.071875 0.0359375
0 0.39375 0.471875 0.2296875 0.0765625
0 0.59609375 0.453125 0.0921875 0.04375
0 0.7890625 0.4359375 0.2390625 0.0859375
0 0.87890625 0.45703125 0.1328125 0.0484375
0 0.74296875 0.475 0.1 0.0390625
0 0.62265625 0.48984375 0.1171875 0.05
0 0.50625 0.5046875 0.0953125 0.0390625
0 0.36015625 0.5296875 0.1671875 0.071875
0 0.14453125 0.55625 0.2078125 0.0671875
0 0.16171875 0.58828125 0.26875 0.0796875
0 0.3625 0.5609375 0.1203125 0.0515625
0 0.565625 0.546875 0.26875 0.09375
0 0.0953125 0.7140625 0.0546875 0.0484375
0 0.15234375 0.7125 0.0484375 0.0328125
0 0.2625 0.69609375 0.1125 0.0421875
0 0.37109375 0.67890625 0.08125 0.046875
0 0.52109375 0.66328125 0.19375 0.0625
0 0.675 0.646875 0.0671875 0.0359375
0 0.79609375 0.63125 0.121875 0.046875
0 0.9265625 0.615625 0.1203125 0.0484375
0 0.15859375 0.75390625 0.21875 0.0703125
0 0.365625 0.7265625 0.115625 0.04375
0 0.5125 0.7109375 0.1375 0.046875
0 0.665625 0.69140625 0.0953125 0.0390625
0 0.79609375 0.67265625 0.125 0.04375
0 0.9265625 0.65546875 0.109375 0.0453125
0 0.11640625 0.79375 0.125 0.05
0 0.22734375 0.7921875 0.0484375 0.0359375
0 0.3171875 0.7765625 0.096875 0.0375
0 0.07265625 0.88125 0.0375 0.028125
0 0.10859375 0.87734375 0.03125 0.034375
0 0.18984375 0.87109375 0.1015625 0.040625
0 0.32734375 0.85390625 0.109375 0.0453125
0 0.44140625 0.83984375 0.0921875 0.04375
0 0.6171875 0.82421875 0.240625 0.0875