0 0.24765625 0.1609375 0.0953125 0.1078125
0 0.31015625 0.14375 0.0453125 0.0703125
0 0.39140625 0.13359375 0.121875 0.0984375
0 0.54609375 0.13515625 0.1390625 0.134375
0 0.64140625 0.17734375 0.259375 0.1484375
0 0.265625 0.3296875 0.06875 0.0875
0 0.346875 0.31875 0.09375 0.075
0 0.45390625 0.30078125 0.125 0.090625
0 0.6203125 0.27890625 0.2125 0.1265625
0 0.3796875 0.3734375 0.128125 0.0734375
0 0.26875 0.45703125 0.078125 0.0859375
0 0.37265625 0.44140625 0.1328125 0.0921875
0 0.5828125 0.40078125 0.240625 0.109375
0 0.3 0.690625 0.1125 0.1765625
0 0.4046875 0.6359375 0.090625 0.125
0 0.57734375 0.57578125 0.2765625 0.14375