0 0.46796875 0.22890625 0.0875 0.034375
0 0.5953125 0.23671875 0.159375 0.0421875
0 0.06171875 0.30703125 0.059375 0.025
0 0.1203125 0.3125 0.05625 0.025
0 0.2078125 0.30859375 0.0625 0.04375
0 0.29765625 0.315625 0.09375 0.0421875
0 0.065625 0.36953125 0.0734375 0.03125
0 0.18828125 0.3828125 0.090625 0.06875
0 0.30859375 0.38671875 0.096875 0.05
0 0.0515625 0.45859375 0.05 0.025
0 0.12421875 0.4625 0.0921875 0.028125
0 0.1171875 0.49921875 0.071875 0.0375
0 0.18828125 0.50078125 0.05 0.04375
0 0.240625 0.503125 0.034375 0.040625
0 0.3171875 0.50390625 0.075 0.05
0 0.3953125 0.5046875 0.04375 0.0484375
0 0.44140625 0.51171875 0.0171875 0.028125
0 0.48359375 0.525 0.0546875 0.05
0 0.53515625 0.51796875 0.028125 0.0328125
0 0.57890625 0.5109375 0.04375 0.053125
0 0.65078125 0.51953125 0.075 0.053125
0 0.74453125 0.5234375 0.075 0.0421875
0 0.82109375 0.52421875 0.065625 0.046875
0 0.878125 0.52109375 0.0328125 0.0421875
0 0.115625 0.559375 0.078125 0.0421875
0 0.17421875 0.55703125 0.040625 0.028125
0 0.215625 0.55546875 0.021875 0.028125
0 0.3125 0.5609375 0.1140625 0.0625
0 0.409375 0.5546875 0.0625 0.040625
0 0.496875 0.56640625 0.078125 0.05625
0 0.58671875 0.57421875 0.071875 0.0625
0 0.68125 0.57421875 0.084375 0.059375
0 0.75234375 0.56796875 0.03125 0.0375
0 0.8046875 0.5671875 0.071875 0.053125
0 0.86484375 0.57578125 0.046875 0.0375
0 0.90703125 0.571875 0.0359375 0.040625
0 0.10859375 0.61328125 0.0578125 0.0421875
0 0.17421875 0.6125 0.05625 0.04375
0 0.2296875 0.62265625 0.03125 0.065625
0 0.27109375 0.61953125 0.0375 0.046875
0 0.30703125 0.6234375 0.025 0.0296875
0 0.36796875 0.615625 0.065625 0.0421875
0 0.46328125 0.61953125 0.075 0.046875
0 0.5328125 0.62734375 0.021875 0.025
0 0.5890625 0.6265625 0.0640625 0.05
0 0.65546875 0.6265625 0.046875 0.05
0 0.728125 0.63125 0.0953125 0.0515625
0 0.825 0.6296875 0.065625 0.0515625
0 0.87734375 0.63515625 0.034375 0.05625
0 0.11015625 0.67421875 0.078125 0.0625
0 0.18828125 0.68046875 0.05625 0.021875
0 0.2515625 0.6828125 0.0390625 0.0265625
0 0.303125 0.67421875 0.040625 0.040625
0 0.37578125 0.6828125 0.084375 0.05625
0 0.4765625 0.68671875 0.08125 0.0625
0 0.56328125 0.678125 0.0734375 0.04375
0 0.64140625 0.68984375 0.06875 0.05625
0 0.73359375 0.69609375 0.0796875 0.06875
0 0.80078125 0.68828125 0.04375 0.046875
0 0.8828125 0.6953125 0.0921875 0.0515625
0 0.1015625 0.734375 0.0625 0.046875
0 0.1734375 0.73359375 0.071875 0.053125
0 0.315625 0.73671875 0.0671875 0.046875
0 0.4015625 0.7421875 0.08125 0.0421875
0 0.47890625 0.740625 0.059375 0.0421875
0 0.56015625 0.75546875 0.075 0.0515625
0 0.6265625 0.746875 0.0453125 0.040625
0 0.69296875 0.75546875 0.0734375 0.046875
0 0.7875 0.74921875 0.071875 0.053125
0 0.84609375 0.759375 0.03125 0.034375
0 0.92421875 0.765625 0.090625 0.071875
0 0.0921875 0.784375 0.04375 0.0421875
0 0.17890625 0.78828125 0.0875 0.046875
0 0.259375 0.78984375 0.0421875 0.040625
0 0.33828125 0.7875 0.09375 0.040625
0 0.44609375 0.790625 0.0984375 0.05625
0 0.521875 0.79140625 0.053125 0.04375
0 0.59296875 0.809375 0.0921875 0.0625
0 0.684375 0.7984375 0.078125 0.04375
0 0.76953125 0.79609375 0.071875 0.046875
0 0.84296875 0.79921875 0.05 0.04375
0 0.91015625 0.815625 0.059375 0.053125
0 0.96171875 0.809375 0.0390625 0.0390625
0 0.04140625 0.82734375 0.059375 0.03125
0 0.121875 0.8296875 0.10625 0.028125
0 0.18671875 0.828125 0.028125 0.025
0 0.2125 0.83046875 0.021875 0.01875
0 0.23359375 0.82890625 0.0203125 0.01875
0 0.29296875 0.8328125 0.090625 0.0265625
0 0.35 0.83203125 0.015625 0.0203125
0 0.3953125 0.834375 0.065625 0.021875
0 0.45078125 0.83515625 0.040625 0.025
0 0.49375 0.83203125 0.040625 0.021875
0 0.55 0.83359375 0.0625 0.021875
0 0.14140625 0.884375 0.0875 0.06875
0 0.21328125 0.87890625 0.028125 0.03125
0 0.30078125 0.88359375 0.1 0.0625
0 0.39609375 0.87109375 0.0625 0.05
0 0.46015625 0.86875 0.046875 0.046875
0 0.53984375 0.871875 0.090625 0.053125
0 0.61875 0.88359375 0.046875 0.025
0 0.96328125 0.85234375 0.040625 0.0421875
0 0.240625 0.73671875 0.0578125 0.053125