0 0.3296875 0.178125 0.1078125 0.0421875
0 0.50703125 0.209375 0.1171875 0.0546875
0 0.6390625 0.2453125 0.109375 0.0546875
0 0.75546875 0.29609375 0.159375 0.0546875
0 0.2625 0.1984375 0.1796875 0.084375
0 0.49375 0.26484375 0.1125 0.0484375
0 0.6875 0.31796875 0.1375 0.0625
0 0.878125 0.371875 0.1859375 0.0828125
0 0.29140625 0.2578125 0.1640625 0.078125
0 0.4765625 0.31953125 0.16875 0.078125
0 0.64296875 0.365625 0.1421875 0.0828125
0 0.81328125 0.40859375 0.16875 0.0828125
0 0.840625 0.384375 0.084375 0.04375
0 0.90703125 0.4140625 0.0765625 0.0484375
0 0.40390625 0.315625 0.146875 0.065625
0 0.5390625 0.35546875 0.1265625 0.0625
0 0.3125 0.31640625 0.2171875 0.0953125
0 0.48359375 0.36328125 0.0796875 0.040625
0 0.71171875 0.42890625 0.3109375 0.1296875
0 0.18203125 0.33203125 0.1046875 0.06875
0 0.3296875 0.36796875 0.1515625 0.06875
0 0.47421875 0.40078125 0.1171875 0.053125
0 0.640625 0.44296875 0.1828125 0.0765625
0 0.82734375 0.49453125 0.15625 0.065625
0 0.15546875 0.36015625 0.153125 0.0625
0 0.33203125 0.40859375 0.1359375 0.0609375
0 0.49609375 0.44609375 0.1234375 0.05625
0 0.659375 0.5 0.2 0.0875
0 0.85 0.53671875 0.175 0.090625
0 0.12578125 0.39453125 0.1203125 0.0671875
0 0.24765625 0.42109375 0.1265625 0.059375
0 0.375 0.4671875 0.1 0.05625
0 0.49140625 0.49453125 0.140625 0.0765625
0 0.6015625 0.51171875 0.065625 0.04375
0 0.70234375 0.55078125 0.09375 0.053125
0 0.80078125 0.57265625 0.0703125 0.034375
0 0.2890625 0.4765625 0.440625 0.1421875
0 0.58671875 0.56015625 0.090625 0.040625
0 0.69765625 0.59140625 0.0765625 0.0375
0 0.77109375 0.6203125 0.05625 0.0453125
0 0.10625 0.45625 0.0921875 0.0515625
0 0.228125 0.484375 0.09375 0.0390625
0 0.31875 0.5125 0.0671875 0.034375
0 0.425 0.53984375 0.08125 0.0375
0 0.621875 0.60234375 0.2734375 0.1046875
0 0.840625 0.665625 0.1390625 0.0625
0 0.225 0.5015625 0.1296875 0.046875
0 0.6515625 0.625 0.10625 0.0453125
0 0.1 0.48125 0.0703125 0.04375
0 0.2734375 0.54296875 0.221875 0.1015625
0 0.45703125 0.58828125 0.0765625 0.0515625
0 0.58515625 0.628125 0.146875 0.078125
0 0.234375 0.57109375 0.24375 0.109375
0 0.5546875 0.65390625 0.3234375 0.1234375
0 0.17265625 0.59453125 0.128125 0.0734375
0 0.31953125 0.63515625 0.1171875 0.05625
0 0.5546875 0.703125 0.3265625 0.1359375
0 0.10859375 0.6140625 0.16875 0.075
0 0.26875 0.665625 0.084375 0.0421875
0 0.44765625 0.71484375 0.18125 0.078125
0 0.61640625 0.76328125 0.0828125 0.046875
0 0.7171875 0.78828125 0.0578125 0.04375
0 0.1140625 0.66328125 0.171875 0.071875
0 0.36796875 0.74296875 0.24375 0.109375
0 0.6859375 0.8296875 0.3328125 0.1328125
0 0.12265625 0.71484375 0.075 0.0484375
0 0.38828125 0.79609375 0.3984375 0.15625
0 0.64921875 0.8609375 0.0734375 0.0515625
0 0.7734375 0.89609375 0.15625 0.078125
0 0.26953125 0.81015625 0.2609375 0.109375
0 0.496875 0.871875 0.0734375 0.053125
0 0.63828125 0.90859375 0.159375 0.071875
0 0.2734375 0.86015625 0.290625 0.1078125
0 0.4921875 0.90234375 0.075 0.053125
0 0.63671875 0.946875 0.1421875 0.0671875
0 0.22421875 0.87578125 0.1265625 0.0609375
0 0.43359375 0.93359375 0.2328125 0.0921875
0 0.690625 0.96953125 0.25625 0.0609375
0 0.5875 0.290625 0.0359375 0.01875