0 0.16875 0.0875 0.0578125 0.075
0 0.2484375 0.11328125 0.0515625 0.034375
0 0.3546875 0.1140625 0.1078125 0.046875
0 0.09296875 0.20859375 0.025 0.0375
0 0.1484375 0.20546875 0.059375 0.05
0 0.2515625 0.21171875 0.071875 0.053125
0 0.37421875 0.21796875 0.0953125 0.053125
0 0.465625 0.22421875 0.034375 0.05
0 0.509375 0.221875 0.025 0.025
0 0.61484375 0.228125 0.1640625 0.0625
0 0.74375 0.23828125 0.05 0.06875
0 0.80859375 0.22890625 0.0265625 0.0484375
0 0.8703125 0.2375 0.0484375 0.0390625
0 0.95078125 0.2390625 0.0875 0.0671875
0 0.109375 0.2578125 0.0765625 0.0546875
0 0.21015625 0.259375 0.103125 0.0640625
0 0.296875 0.26796875 0.0328125 0.0453125
0 0.39453125 0.27734375 0.08125 0.04375
0 0.525 0.29296875 0.1171875 0.0625
0 0.6265625 0.278125 0.0421875 0.0453125
0 0.68984375 0.284375 0.05 0.0578125
0 0.7734375 0.284375 0.05625 0.0359375
0 0.84609375 0.27734375 0.0796875 0.0640625
0 0.9125 0.28359375 0.0296875 0.0484375
0 0.9625 0.28671875 0.0453125 0.040625
0 0.07578125 0.37265625 0.034375 0.0359375
0 0.16171875 0.3625 0.1015625 0.075
0 0.278125 0.37421875 0.10625 0.046875
0 0.365625 0.375 0.040625 0.05
0 0.4328125 0.3796875 0.0515625 0.0328125
0 0.50546875 0.37578125 0.03125 0.03125
0 0.5796875 0.3828125 0.0921875 0.065625
0 0.70234375 0.371875 0.096875 0.0734375
0 0.78828125 0.390625 0.053125 0.0296875
0 0.8828125 0.39609375 0.090625 0.06875
0 0.971875 0.3875 0.05625 0.046875
0 0.121875 0.44453125 0.1140625 0.078125
0 0.221875 0.42265625 0.025 0.0421875
0 0.35 0.44296875 0.184375 0.0765625
0 0.06953125 0.52578125 0.0359375 0.0375
0 0.128125 0.53203125 0.06875 0.0859375
0 0.2375 0.540625 0.0828125 0.0359375
0 0.328125 0.5390625 0.04375 0.0390625
0 0.434375 0.54765625 0.1203125 0.075
0 0.53984375 0.55234375 0.0453125 0.0625
0 0.5953125 0.53671875 0.0546875 0.0609375
0 0.684375 0.5390625 0.096875 0.065625
0 0.79375 0.5640625 0.0734375 0.071875
0 0.896875 0.55 0.096875 0.0578125
0 0.98046875 0.55 0.0375 0.0453125
0 0.08671875 0.5875 0.0453125 0.0359375
0 0.05546875 0.68359375 0.0359375 0.04375
0 0.11796875 0.68125 0.065625 0.0734375
0 0.23515625 0.69921875 0.1296875 0.065625
0 0.39375 0.70078125 0.1296875 0.0703125
0 0.55546875 0.7140625 0.14375 0.06875
0 0.6828125 0.69921875 0.0640625 0.053125
0 0.7890625 0.71328125 0.134375 0.071875
0 0.890625 0.70078125 0.0265625 0.046875
0 0.95703125 0.709375 0.0734375 0.0421875
0 0.09921875 0.75546875 0.1 0.0546875
0 0.22890625 0.77109375 0.078125 0.0890625
0 0.31953125 0.7828125 0.040625 0.084375
0 0.45390625 0.76875 0.16875 0.05625
0 0.04375 0.8421875 0.0375 0.04375
0 0.0953125 0.85078125 0.0546875 0.078125
0 0.17734375 0.88984375 0.0734375 0.0703125
0 0.2484375 0.88125 0.00625 0.0328125
0 0.3078125 0.8796875 0.065625 0.0421875
0 0.38671875 0.86953125 0.05 0.059375
0 0.4625 0.88515625 0.03125 0.0625
0 0.5234375 0.88125 0.0671875 0.0609375
0 0.62578125 0.86171875 0.1015625 0.0578125
0 0.7140625 0.865625 0.0484375 0.0515625
0 0.83671875 0.865625 0.134375 0.0546875
0 0.95546875 0.884375 0.0640625 0.059375
0 0.103125 0.93828125 0.078125 0.06875
0 0.22109375 0.94609375 0.0765625 0.0859375
0 0.3109375 0.94453125 0.05 0.0625
0 0.40078125 0.9265625 0.071875 0.065625
0 0.503125 0.92734375 0.0640625 0.0625
0 0.6125 0.921875 0.0890625 0.05625