0 0.05859375 0.1078125 0.00625 0.04375
0 0.12890625 0.1015625 0.0609375 0.059375
0 0.24609375 0.1140625 0.1 0.0671875
0 0.340625 0.103125 0.021875 0.028125
0 0.44765625 0.10625 0.125 0.1078125
0 0.57109375 0.090625 0.084375 0.04375
0 0.6609375 0.0921875 0.034375 0.04375
0 0.73359375 0.08671875 0.0625 0.075
0 0.88125 0.07578125 0.184375 0.06875
0 0.1015625 0.17109375 0.078125 0.090625
0 0.19453125 0.15546875 0.0375 0.04375
0 0.24765625 0.1546875 0.021875 0.034375
0 0.34609375 0.1421875 0.0953125 0.0625
0 0.4328125 0.1515625 0.03125 0.0375
0 0.51171875 0.14296875 0.084375 0.040625
0 0.61640625 0.15 0.08125 0.04375
0 0.71796875 0.1484375 0.071875 0.0375
0 0.83359375 0.14609375 0.1125 0.0546875
0 0.94140625 0.13359375 0.0625 0.05625
0 0.09296875 0.20546875 0.0640625 0.05
0 0.25 0.21171875 0.1875 0.0953125
0 0.0625 0.3 0.0234375 0.0375
0 0.1171875 0.3015625 0.05625 0.059375
0 0.22421875 0.3015625 0.1203125 0.0921875
0 0.3421875 0.3 0.0828125 0.0328125
0 0.44765625 0.30546875 0.084375 0.0375
0 0.5875 0.3 0.14375 0.11875
0 0.71015625 0.28515625 0.05 0.06875
0 0.7890625 0.28203125 0.084375 0.0578125
0 0.87578125 0.29453125 0.05 0.065625
0 0.93984375 0.3046875 0.06875 0.059375
0 0.121875 0.36328125 0.1796875 0.084375
0 0.05625 0.4671875 0.0171875 0.0328125
0 0.14375 0.4546875 0.1109375 0.084375
0 0.28046875 0.46328125 0.1 0.0375
0 0.390625 0.459375 0.0875 0.053125
0 0.4703125 0.45078125 0.03125 0.03125
0 0.55234375 0.45078125 0.09375 0.078125
0 0.68046875 0.45234375 0.1109375 0.0984375
0 0.78359375 0.44296875 0.084375 0.040625
0 0.90390625 0.4296875 0.109375 0.071875
0 0.09765625 0.52265625 0.0875 0.040625
0 0.20625 0.5140625 0.09375 0.0625
0 0.2921875 0.5109375 0.053125 0.053125
0 0.37421875 0.51171875 0.059375 0.078125
0 0.4609375 0.50625 0.0828125 0.046875
0 0.58359375 0.49921875 0.071875 0.04375
0 0.6875 0.50703125 0.0828125 0.084375
0 0.8484375 0.49140625 0.175 0.05625
0 0.0609375 0.62734375 0.021875 0.046875
0 0.11171875 0.62421875 0.046875 0.05625
0 0.22109375 0.6296875 0.125 0.096875
0 0.3765625 0.60390625 0.1390625 0.0734375
0 0.5 0.5984375 0.0375 0.046875
0 0.571875 0.6046875 0.025 0.03125
0 0.66328125 0.60546875 0.1140625 0.1078125
0 0.78828125 0.5984375 0.0875 0.04375
0 0.859375 0.58515625 0.028125 0.05
0 0.90703125 0.5875 0.0265625 0.03125
0 0.95546875 0.609375 0.0609375 0.065625
0 0.1 0.6703125 0.075 0.05
0 0.22421875 0.67421875 0.1125 0.053125
0 0.059375 0.78359375 0.0234375 0.03125
0 0.18125 0.784375 0.203125 0.059375
0 0.3375 0.78046875 0.034375 0.05
0 0.40234375 0.778125 0.025 0.03125
0 0.51796875 0.76875 0.125 0.096875
0 0.62578125 0.7625 0.0796875 0.04375
0 0.73984375 0.7578125 0.1 0.046875
0 0.87890625 0.74453125 0.125 0.0625
0 0.97578125 0.7515625 0.0375 0.08125
0 0.08671875 0.84375 0.059375 0.0421875
0 0.25078125 0.8625 0.2125 0.13125
0 0.41953125 0.8265625 0.075 0.084375
0 0.5140625 0.81171875 0.059375 0.046875
0 0.58046875 0.82109375 0.0625 0.075
0 0.65625 0.80390625 0.0265625 0.0515625
0 0.7421875 0.8 0.096875 0.059375