0 0.19765625 0.1046875 0.1734375 0.0578125
0 0.18515625 0.0515625 0.1640625 0.0453125
0 0.846875 0.1109375 0.0875 0.071875
0 0.41015625 0.08125 0.1359375 0.0359375
0 0.6390625 0.11328125 0.09375 0.03125
0 0.86953125 0.14609375 0.1359375 0.0359375
0 0.2984375 0.115625 0.0546875 0.05
0 0.44921875 0.15703125 0.2609375 0.0984375
0 0.190625 0.1640625 0.20625 0.0734375
0 0.32109375 0.1796875 0.0421875 0.04375
0 0.18828125 0.21640625 0.20625 0.059375
0 0.45078125 0.26328125 0.2796875 0.1140625
0 0.70390625 0.2953125 0.221875 0.06875
0 0.16953125 0.29609375 0.1953125 0.071875
0 0.11484375 0.3421875 0.021875 0.0078125
0 0.23671875 0.353125 0.209375 0.0859375
0 0.41796875 0.37890625 0.065625 0.034375
0 0.56640625 0.396875 0.2203125 0.1
0 0.72421875 0.4109375 0.0484375 0.0359375
0 0.79375 0.42109375 0.0328125 0.01875
0 0.09765625 0.38125 0.103125 0.0484375
0 0.20078125 0.4078125 0.0546875 0.0546875
0 0.3296875 0.4109375 0.1421875 0.053125
0 0.43984375 0.42734375 0.0453125 0.0421875
0 0.521875 0.43125 0.075 0.0484375
0 0.60703125 0.4484375 0.0828125 0.05
0 0.76484375 0.46640625 0.1796875 0.0859375
0 0.175 0.44140625 0.2625 0.0796875
0 0.3828125 0.465625 0.0890625 0.0484375
0 0.5375 0.4796875 0.165625 0.053125
0 0.67578125 0.5140625 0.0546875 0.0546875
0 0.7671875 0.51171875 0.0859375 0.04375
0 0.89140625 0.53359375 0.134375 0.05
0 0.121875 0.49375 0.1359375 0.05
0 0.225 0.5078125 0.015625 0.00625
0 0.3734375 0.5234375 0.2390625 0.065625
0 0.54296875 0.553125 0.0359375 0.025
0 0.68359375 0.5703125 0.2078125 0.06875
0 0.1140625 0.5421875 0.146875 0.0515625
0 0.24609375 0.55859375 0.078125 0.0421875
0 0.38671875 0.571875 0.1765625 0.078125
0 0.6140625 0.60703125 0.2296875 0.08125
0 0.78125 0.62734375 0.0828125 0.0578125
0 0.10078125 0.58125 0.140625 0.059375
0 0.30234375 0.61875 0.175 0.0796875
0 0.45703125 0.6453125 0.08125 0.0703125
0 0.53359375 0.6421875 0.08125 0.053125
0 0.65 0.66640625 0.1234375 0.0484375
0 0.04375 0.65546875 0.034375 0.0359375
0 0.12734375 0.66796875 0.1359375 0.059375
0 0.2796875 0.696875 0.046875 0.0421875
0 0.40078125 0.71171875 0.1421875 0.0515625
0 0.54921875 0.7375 0.103125 0.0515625
0 0.7140625 0.75546875 0.1984375 0.065625
0 0.86484375 0.78046875 0.0515625 0.028125
0 0.09375 0.71640625 0.1140625 0.0453125
0 0.2828125 0.75234375 0.1734375 0.0578125
0 0.54375 0.78828125 0.1484375 0.05625