0 0.14296875 0.22734375 0.159375 0.08125
0 0.79140625 0.1484375 0.1484375 0.09375
0 0.1421875 0.2984375 0.1515625 0.06875
0 0.3125 0.2765625 0.165625 0.08125
0 0.44609375 0.271875 0.0609375 0.0515625
0 0.528125 0.26015625 0.1 0.0703125
0 0.67421875 0.24765625 0.1671875 0.0859375
0 0.80546875 0.23125 0.0703125 0.065625
0 0.1609375 0.3859375 0.1859375 0.090625
0 0.2875 0.35625 0.0578125 0.05
0 0.36484375 0.36171875 0.0828125 0.0546875
0 0.46328125 0.33828125 0.109375 0.0640625
0 0.575 0.3296875 0.0984375 0.0671875
0 0.6828125 0.33125 0.1078125 0.096875
0 0.81640625 0.3078125 0.1453125 0.090625
0 0.1265625 0.45078125 0.0984375 0.0609375
0 0.246875 0.44140625 0.115625 0.0703125
0 0.34140625 0.41875 0.05625 0.0703125
0 0.44765625 0.4109375 0.15 0.0890625
0 0.603125 0.40078125 0.1203125 0.078125
0 0.703125 0.390625 0.075 0.0734375
0 0.78671875 0.3765625 0.0921875 0.059375
0 0.12890625 0.5234375 0.08125 0.0640625
0 0.2171875 0.51640625 0.1109375 0.0765625
0 0.3328125 0.51640625 0.1328125 0.109375
0 0.44140625 0.48671875 0.090625 0.05625
0 0.5671875 0.45703125 0.1390625 0.071875
0 0.68515625 0.44765625 0.1 0.0578125
0 0.76640625 0.4359375 0.084375 0.059375
0 0.85859375 0.43125 0.0890625 0.0859375
0 0.13515625 0.5859375 0.0828125 0.053125
0 0.271875 0.571875 0.171875 0.1203125
0 0.40234375 0.5421875 0.0953125 0.0578125
0 0.5125 0.51796875 0.1203125 0.0671875
0 0.63671875 0.51796875 0.1328125 0.0890625
0 0.75390625 0.4953125 0.109375 0.075
0 0.85625 0.48359375 0.115625 0.06875
0 0.16640625 0.63046875 0.1109375 0.059375
0 0.28046875 0.6078125 0.0890625 0.05625
0 0.3578125 0.596875 0.0609375 0.0671875
0 0.43671875 0.57890625 0.096875 0.0609375
0 0.56015625 0.5703125 0.14375 0.0765625