0 0.08671875 0.115625 0.1734375 0.125
0 0.34375 0.10078125 0.3125 0.13125
0 0.5125 0.07265625 0.0375 0.015625
0 0.07421875 0.178125 0.146875 0.0921875
0 0.27734375 0.1765625 0.2375 0.13125
0 0.440625 0.153125 0.1078125 0.0734375
0 0.5671875 0.13359375 0.1375 0.0765625
0 0.715625 0.11953125 0.1796875 0.1140625
0 0.82578125 0.09921875 0.0453125 0.021875
0 0.06171875 0.2578125 0.1234375 0.096875
0 0.1421875 0.25078125 0.0484375 0.0296875
0 0.32109375 0.240625 0.309375 0.1203125
0 0.5671875 0.19375 0.1671875 0.09375
0 0.75625 0.190625 0.20625 0.084375
0 0.8953125 0.16015625 0.0734375 0.0640625
0 0.08359375 0.325 0.1671875 0.1
0 0.25234375 0.3421875 0.1859375 0.121875
0 0.37265625 0.30703125 0.0953125 0.046875
0 0.50078125 0.278125 0.153125 0.0921875
0 0.7546875 0.25390625 0.3328125 0.11875
0 0.08359375 0.403125 0.1203125 0.078125
0 0.3 0.39765625 0.365625 0.146875
0 0.5359375 0.3640625 0.0640625 0.0390625
0 0.66328125 0.33828125 0.165625 0.0703125
0 0.78671875 0.3171875 0.065625 0.0578125
0 0.89296875 0.32265625 0.1203125 0.0984375
0 0.87109375 0.39140625 0.21875 0.10625
0 0.67265625 0.396875 0.165625 0.0875
0 0.534375 0.41796875 0.103125 0.0734375
0 0.40234375 0.44296875 0.134375 0.06875
0 0.3 0.45546875 0.0609375 0.05
0 0.20078125 0.46796875 0.121875 0.0734375
0 0.0859375 0.471875 0.09375 0.0765625
0 0.084375 0.5640625 0.0796875 0.04375
0 0.228125 0.559375 0.15 0.0921875
0 0.3203125 0.54609375 0.053125 0.0734375
0 0.3890625 0.521875 0.0828125 0.05
0 0.5 0.49453125 0.1390625 0.08125
0 0.6546875 0.47578125 0.1359375 0.075
0 0.77890625 0.46328125 0.1046875 0.05625
0 0.890625 0.43984375 0.08125 0.065625
0 0.18828125 0.6046875 0.30625 0.115625
0 0.37109375 0.5953125 0.05 0.0375
0 0.46640625 0.58359375 0.15 0.0984375
0 0.60625 0.559375 0.15 0.0796875
0 0.7875 0.546875 0.1890625 0.125
0 0.92265625 0.5046875 0.103125 0.1
0 0.94296875 0.60703125 0.1140625 0.1109375
0 0.82890625 0.6015625 0.0921875 0.0640625
0 0.72578125 0.61328125 0.1265625 0.0765625
0 0.56953125 0.61953125 0.15625 0.0953125
0 0.37578125 0.665625 0.2671875 0.0890625
0 0.14609375 0.7125 0.175 0.1265625
0 0.14765625 0.77109375 0.1515625 0.071875
0 0.30546875 0.74609375 0.15625 0.078125
0 0.48828125 0.72734375 0.2109375 0.109375
0 0.6734375 0.7046875 0.1734375 0.103125
0 0.8734375 0.67578125 0.253125 0.1390625
0 0.84609375 0.74375 0.075 0.059375
0 0.94375 0.74453125 0.1125 0.0703125
0 0.7453125 0.7625 0.109375 0.08125
0 0.60390625 0.78125 0.1921875 0.078125
0 0.4609375 0.79765625 0.1015625 0.0671875
0 0.246875 0.84921875 0.3109375 0.1375
0 0.21640625 0.90859375 0.171875 0.0828125
0 0.37265625 0.89453125 0.0984375 0.0484375
0 0.515625 0.89296875 0.1625 0.0921875
0 0.6359375 0.85390625 0.059375 0.065625
0 0.7546875 0.8390625 0.1578125 0.06875
0 0.8640625 0.82578125 0.0578125 0.053125
0 0.95078125 0.81484375 0.0984375 0.0703125
0 0.9015625 0.90703125 0.15 0.0921875
0 0.73984375 0.915625 0.1484375 0.0828125
0 0.4375 0.9609375 0.1625 0.078125
0 0.578125 0.9375 0.1421875 0.0703125
0 0.303125 0.97109375 0.103125 0.0578125
0 0.1625 0.98125 0.140625 0.0375