0 0.20859375 0.2265625 0.2078125 0.284375
0 0.29921875 0.36953125 0.1578125 0.3671875
0 0.253125 0.58984375 0.0921875 0.2796875
0 0.40859375 0.28046875 0.0875 0.2125
0 0.54609375 0.26171875 0.1828125 0.2796875
0 0.6546875 0.34296875 0.1546875 0.3671875
0 0.7578125 0.3171875 0.1171875 0.2453125
0 0.89296875 0.296875 0.2140625 0.45625
0 0.34921875 0.59609375 0.1375 0.2625
0 0.53359375 0.653125 0.2671875 0.2703125
0 0.840625 0.759375 0.3125 0.48125
0 0.13828125 0.57265625 0.2171875 0.3453125
0 0.6921875 0.7015625 0.13125 0.3609375