0 0.72890625 0.03203125 0.015625 0.00625
0 0.28984375 0.07421875 0.3203125 0.1484375
0 0.4484375 0.08828125 0.04375 0.025
0 0.61953125 0.1296875 0.3140625 0.2453125
0 0.91171875 0.13359375 0.1765625 0.1703125
0 0.2109375 0.2328125 0.284375 0.16875
0 0.47734375 0.26875 0.1984375 0.15
0 0.25859375 0.39765625 0.4140625 0.1921875
0 0.18046875 0.57734375 0.3203125 0.1859375
0 0.525 0.609375 0.2546875 0.14375
0 0.146875 0.8015625 0.29375 0.21875
0 0.49765625 0.82265625 0.3046875 0.1859375
0 0.496875 0.0171875 0.184375 0.034375