0 0.23125 0.08046875 0.0671875 0.0359375
0 0.2734375 0.08828125 0.0109375 0.021875
0 0.3015625 0.09453125 0.0421875 0.0296875
0 0.36640625 0.109375 0.0828125 0.0375
0 0.42578125 0.12109375 0.03125 0.028125
0 0.2640625 0.1640625 0.1515625 0.078125
0 0.22109375 0.24453125 0.0625 0.034375
0 0.25859375 0.25078125 0.0078125 0.015625
0 0.28359375 0.25625 0.0359375 0.0234375
0 0.33984375 0.2734375 0.075 0.0359375
0 0.403125 0.28203125 0.05 0.0265625
0 0.22109375 0.2828125 0.0875 0.0515625
0 0.33828125 0.31171875 0.1125 0.05625
0 0.52265625 0.33828125 0.21875 0.084375
0 0.3046875 0.35625 0.2953125 0.10625
0 0.20078125 0.3921875 0.065625 0.05
0 0.31015625 0.4140625 0.140625 0.0640625
0 0.48515625 0.453125 0.184375 0.0671875
0 0.62578125 0.47734375 0.0609375 0.05
0 0.28828125 0.46328125 0.246875 0.09375
0 0.284375 0.5109375 0.3078125 0.1046875
0 0.521875 0.5609375 0.11875 0.0671875
0 0.71796875 0.59296875 0.2453125 0.090625
0 0.2390625 0.55234375 0.2578125 0.103125
0 0.48828125 0.58984375 0.1703125 0.071875
0 0.6546875 0.62265625 0.103125 0.0546875
0 0.20078125 0.59140625 0.184375 0.0890625
0 0.43046875 0.6296875 0.234375 0.09375
0 0.18515625 0.65078125 0.196875 0.0765625
0 0.37109375 0.69609375 0.13125 0.05625
0 0.45859375 0.71015625 0.028125 0.021875
0 0.546875 0.7234375 0.1328125 0.065625
0 0.153125 0.7078125 0.0609375 0.0515625
0 0.29140625 0.74609375 0.1859375 0.0703125
0 0.52109375 0.7828125 0.2078125 0.090625
0 0.2125 0.77421875 0.175 0.075
0 0.390625 0.8125 0.1234375 0.0546875
0 0.5515625 0.8421875 0.159375 0.0734375
0 0.32421875 0.85 0.071875 0.059375
0 0.44296875 0.8703125 0.0828125 0.0484375