0 0.26796875 0.02890625 0.1015625 0.0578125
0 0.39765625 0.04375 0.1375 0.0515625
0 0.51640625 0.05703125 0.0421875 0.034375
0 0.60078125 0.0671875 0.078125 0.046875
0 0.7015625 0.07890625 0.0796875 0.053125
0 0.7875 0.0828125 0.0640625 0.0484375
0 0.890625 0.0828125 0.0734375 0.0625
0 0.9609375 0.1078125 0.040625 0.04375
0 0.109375 0.13671875 0.0078125 0.0140625
0 0.17421875 0.23671875 0.0609375 0.0546875
0 0.26328125 0.2484375 0.08125 0.059375
0 0.3453125 0.2515625 0.059375 0.0484375
0 0.4 0.259375 0.0453125 0.05
0 0.525 0.26953125 0.165625 0.0609375
0 0.6375 0.2828125 0.0296875 0.0515625
0 0.7234375 0.29921875 0.08125 0.0765625
0 0.80234375 0.29609375 0.0296875 0.053125
0 0.86875 0.303125 0.1 0.059375
0 0.325 0.3390625 0.2015625 0.075
0 0.47109375 0.3546875 0.040625 0.04375
0 0.55390625 0.3765625 0.103125 0.0734375
0 0.69296875 0.3921875 0.1234375 0.0609375
0 0.25390625 0.48515625 0.1125 0.065625