0 0.17109375 0.13046875 0.1359375 0.046875
0 0.2921875 0.15 0.0828125 0.05
0 0.3734375 0.14609375 0.075 0.040625
0 0.5078125 0.1515625 0.1671875 0.090625
0 0.6421875 0.15390625 0.1125 0.05625
0 0.734375 0.178125 0.071875 0.084375
0 0.8484375 0.16953125 0.134375 0.0625
0 0.14140625 0.18984375 0.09375 0.04375
0 0.2515625 0.2 0.115625 0.0515625
0 0.39765625 0.2109375 0.128125 0.053125
0 0.51875 0.21953125 0.065625 0.0390625
0 0.61171875 0.21875 0.096875 0.053125
0 0.70625 0.234375 0.078125 0.0375
0 0.80703125 0.23984375 0.103125 0.0484375
0 0.175 0.26953125 0.171875 0.046875
0 0.30703125 0.28046875 0.0484375 0.078125
0 0.39609375 0.275 0.103125 0.046875
0 0.534375 0.29609375 0.128125 0.053125
0 0.67734375 0.2984375 0.1375 0.046875
0 0.8015625 0.3 0.0875 0.05
0 0.215625 0.3296875 0.26875 0.125
0 0.1140625 0.39296875 0.0671875 0.046875
0 0.26328125 0.40546875 0.2 0.071875
0 0.39765625 0.4046875 0.071875 0.046875
0 0.4859375 0.40703125 0.084375 0.05
0 0.6296875 0.42265625 0.171875 0.071875
0 0.7671875 0.41796875 0.096875 0.05625
0 0.17578125 0.4734375 0.2015625 0.0828125
0 0.353125 0.4703125 0.1046875 0.04375
0 0.471875 0.47109375 0.115625 0.04375
0 0.58671875 0.46953125 0.11875 0.05
0 0.69765625 0.47890625 0.0875 0.0375
0 0.81875 0.4859375 0.11875 0.0578125
0 0.109375 0.5 0.078125 0.040625
0 0.21953125 0.5078125 0.1328125 0.05
0 0.35546875 0.521875 0.1125 0.040625
0 0.68203125 0.54453125 0.19375 0.05