0 0.1015625 0.11328125 0.1390625 0.0953125
0 0.28046875 0.090625 0.159375 0.078125
0 0.4140625 0.1234375 0.0953125 0.0609375
0 0.540625 0.12109375 0.125 0.0921875
0 0.6640625 0.12421875 0.0703125 0.021875
0 0.81875 0.109375 0.1734375 0.1203125
0 0.9328125 0.12578125 0.0875 0.059375
0 0.0875 0.20625 0.1046875 0.0796875
0 0.278125 0.203125 0.2046875 0.0984375
0 0.41015625 0.2046875 0.0625 0.0640625
0 0.5078125 0.21015625 0.1171875 0.0671875
0 0.65234375 0.23125 0.1109375 0.053125
0 0.78515625 0.21015625 0.0796875 0.053125
0 0.89609375 0.20703125 0.1125 0.046875
0 0.0515625 0.28125 0.0328125 0.0203125
0 0.2390625 0.284375 0.26875 0.0890625
0 0.453125 0.284375 0.14375 0.0734375
0 0.6375 0.28515625 0.1796875 0.075
0 0.80625 0.28203125 0.1015625 0.0390625
0 0.90859375 0.2875 0.05 0.040625
0 0.07734375 0.35859375 0.1046875 0.04375
0 0.22265625 0.353125 0.0828125 0.0296875
0 0.35 0.35546875 0.1265625 0.0703125
0 0.51953125 0.34765625 0.175 0.0734375
0 0.17890625 0.4296875 0.103125 0.0484375
0 0.32578125 0.42421875 0.1015625 0.0484375
0 0.46171875 0.43359375 0.125 0.0765625
0 0.4953125 0.5578125 0.2390625 0.1296875
0 0.4859375 0.59921875 0.115625 0.0390625