0 0.36640625 0.02734375 0.1578125 0.0546875
0 0.4921875 0.046875 0.0859375 0.0640625
0 0.59609375 0.08671875 0.1203125 0.075
0 0.74453125 0.14375 0.1890625 0.1484375
0 0.915625 0.18515625 0.16875 0.1078125
0 0.19140625 0.01953125 0.015625 0.0265625
0 0.321875 0.0796875 0.2046875 0.1078125
0 0.45859375 0.10078125 0.0984375 0.08125
0 0.57421875 0.1609375 0.1703125 0.090625
0 0.73359375 0.21640625 0.1265625 0.084375
0 0.9046875 0.27578125 0.190625 0.1140625
0 0.9703125 0.3828125 0.059375 0.0875
0 0.85546875 0.32421875 0.0546875 0.0578125
0 0.915625 0.33984375 0.075 0.0625
0 0.77890625 0.3203125 0.1125 0.096875
0 0.72109375 0.28515625 0.04375 0.040625
0 0.6453125 0.25234375 0.1015625 0.0796875
0 0.515625 0.21328125 0.1515625 0.0859375
0 0.3796875 0.1375 0.096875 0.0640625
0 0.2609375 0.12578125 0.1265625 0.0828125
0 0.16015625 0.1671875 0.0328125 0.0484375
0 0.23671875 0.1953125 0.128125 0.1109375
0 0.34140625 0.2296875 0.0796875 0.065625
0 0.4140625 0.26875 0.096875 0.084375
0 0.5109375 0.2828125 0.0921875 0.0703125
0 0.6125 0.3109375 0.090625 0.084375
0 0.73125 0.35546875 0.14375 0.0921875
0 0.8421875 0.403125 0.090625 0.0578125
0 0.94375 0.43515625 0.1125 0.0671875
0 0.8296875 0.46796875 0.0796875 0.0578125
0 0.91875 0.5015625 0.1265625 0.0875
0 0.7484375 0.45 0.0921875 0.0703125
0 0.68984375 0.41953125 0.0515625 0.0546875
0 0.62265625 0.403125 0.0796875 0.0578125
0 0.52421875 0.36953125 0.128125 0.071875
0 0.43203125 0.3359375 0.0640625 0.05625
0 0.35234375 0.30859375 0.1078125 0.078125
0 0.2734375 0.284375 0.05625 0.0671875
0 0.1984375 0.259375 0.0875 0.071875
0 0.15 0.3234375 0.0515625 0.0546875
0 0.19765625 0.36640625 0.090625 0.0890625
0 0.2828125 0.37265625 0.0828125 0.075
0 0.42734375 0.43203125 0.2109375 0.115625
0 0.06796875 0.3875 0.0328125 0.0484375
0 0.165625 0.41015625 0.125 0.0875
0 0.2609375 0.44296875 0.0703125 0.0546875
0 0.40234375 0.50625 0.2265625 0.1234375
0 0.528125 0.53046875 0.0453125 0.0515625
0 0.57734375 0.54609375 0.0609375 0.0546875
0 0.68671875 0.5828125 0.153125 0.0890625
0 0.80703125 0.63984375 0.10625 0.1078125
0 0.915625 0.64453125 0.1265625 0.071875
0 0.890625 0.72265625 0.046875 0.0515625
0 0.81640625 0.69765625 0.096875 0.0828125
0 0.69765625 0.66171875 0.096875 0.0734375
0 0.61640625 0.6296875 0.08125 0.0734375
0 0.52890625 0.61015625 0.10625 0.0796875
0 0.40859375 0.56875 0.1609375 0.096875
0 0.28125 0.52578125 0.1 0.0640625
0 0.20625 0.50703125 0.0546875 0.0546875
0 0.12734375 0.48046875 0.084375 0.06875
0 0.12421875 0.56171875 0.128125 0.0734375
0 0.24140625 0.59296875 0.0890625 0.0765625
0 0.3203125 0.6265625 0.084375 0.071875
0 0.4234375 0.65234375 0.1328125 0.0734375
0 0.121875 0.6578125 0.19375 0.1390625
0 0.01328125 0.590625 0.0265625 0.05
0 0.26015625 0.68046875 0.1015625 0.0703125
0 0.39375 0.7265625 0.159375 0.08125
0 0.5359375 0.7671875 0.134375 0.0703125
0 0.659375 0.82578125 0.15 0.1125
0 0.8046875 0.865625 0.140625 0.1
0 0.84140625 0.93671875 0.0890625 0.05625
0 0.7125 0.903125 0.1625 0.09375
0 0.61171875 0.85625 0.0453125 0.0453125
0 0.51875 0.85 0.140625 0.075
0 0.41796875 0.83359375 0.078125 0.103125
0 0.321875 0.79765625 0.146875 0.14375
0 0.23046875 0.7453125 0.08125 0.0609375
0 0.13125 0.74453125 0.0875 0.090625
0 0.0546875 0.69609375 0.0734375 0.0640625
0 0.03671875 0.76796875 0.0734375 0.0796875
0 0.1203125 0.79921875 0.10625 0.065625
0 0.2171875 0.82265625 0.0828125 0.0625
0 0.30859375 0.85625 0.0953125 0.0703125
0 0.3953125 0.89453125 0.0953125 0.0578125
0 0.49453125 0.93515625 0.13125 0.10625
0 0.5953125 0.9484375 0.075 0.071875
0 0.74765625 0.97734375 0.2234375 0.0453125
0 0.04375 0.8546875 0.0875 0.075
0 0.13984375 0.9046875 0.1 0.0609375
0 0.26875 0.934375 0.128125 0.071875