0 0.35 0.0953125 0.1640625 0.1390625
0 0.4671875 0.075 0.0234375 0.040625
0 0.89296875 0.1046875 0.14375 0.096875
0 0.971875 0.0859375 0.0234375 0.028125
0 0.80390625 0.159375 0.1734375 0.0578125
0 0.81328125 0.2078125 0.146875 0.0546875
0 0.3234375 0.1671875 0.1703125 0.0671875
0 0.1703125 0.26328125 0.0640625 0.046875
0 0.45 0.3140625 0.1578125 0.0578125
0 0.16640625 0.40078125 0.1078125 0.0546875
0 0.45703125 0.4296875 0.0921875 0.04375
0 0.81171875 0.35703125 0.1078125 0.071875
0 0.6890625 0.39765625 0.1078125 0.05
0 0.78515625 0.4140625 0.0296875 0.0171875
0 0.871875 0.41953125 0.15 0.05625
0 0.41328125 0.5328125 0.1484375 0.0546875
0 0.80625 0.4796875 0.1390625 0.0484375
0 0.37265625 0.6203125 0.078125 0.0390625
0 0.62890625 0.58359375 0.1359375 0.078125
0 0.78671875 0.59453125 0.1484375 0.09375
0 0.13515625 0.71796875 0.1625 0.053125
0 0.265625 0.73203125 0.04375 0.04375
0 0.35703125 0.73671875 0.1046875 0.05
0 0.14765625 0.7640625 0.1046875 0.0328125
0 0.3109375 0.78125 0.1515625 0.0390625
0 0.66484375 0.775 0.1328125 0.0453125
0 0.56484375 0.8046875 0.0796875 0.0453125
0 0.77265625 0.82734375 0.1203125 0.0625
0 0.090625 0.8484375 0.04375 0.046875
0 0.1421875 0.834375 0.05625 0.053125
0 0.18671875 0.85703125 0.015625 0.00625
0 0.2640625 0.865625 0.1375 0.0609375
0 0.5546875 0.875 0.11875 0.0609375
0 0.81640625 0.90546875 0.0734375 0.0421875