0 0.1140625 0.27734375 0.14375 0.06875
0 0.20546875 0.24296875 0.0453125 0.0359375
0 0.30078125 0.22265625 0.15 0.0734375
0 0.06484375 0.321875 0.0296875 0.0328125
0 0.13125 0.3046875 0.0921875 0.0453125
0 0.20390625 0.284375 0.05 0.034375
0 0.30703125 0.26015625 0.1484375 0.075
0 0.4 0.2328125 0.046875 0.0359375
0 0.11484375 0.38671875 0.1296875 0.0796875
0 0.2203125 0.35703125 0.0703125 0.04375
0 0.30703125 0.33203125 0.0875 0.040625
0 0.19921875 0.4109375 0.2171875 0.09375
0 0.1578125 0.45078125 0.05 0.028125
0 0.2515625 0.434375 0.1171875 0.0703125
0 0.34453125 0.3984375 0.0890625 0.053125
0 0.13984375 0.5375 0.1609375 0.0796875
0 0.13515625 0.56640625 0.0328125 0.0296875
0 0.19765625 0.55390625 0.05 0.0265625
0 0.30234375 0.5234375 0.146875 0.0765625
0 0.16484375 0.59296875 0.0640625 0.040625
0 0.253125 0.57734375 0.0796875 0.059375
0 0.3546875 0.5453125 0.134375 0.05625
0 0.2171875 0.61875 0.1609375 0.0734375
0 0.34296875 0.6046875 0.05625 0.046875
0 0.421875 0.56796875 0.078125 0.0421875
0 0.51171875 0.55390625 0.0921875 0.071875
0 0.1546875 0.70859375 0.1203125 0.0671875
0 0.3015625 0.67421875 0.1578125 0.0640625
0 0.178125 0.734375 0.1078125 0.0546875
0 0.26015625 0.7265625 0.05625 0.040625
0 0.328125 0.7125 0.05625 0.046875
0 0.396875 0.70234375 0.0890625 0.0578125
0 0.4796875 0.678125 0.0953125 0.0625
0 0.603125 0.6515625 0.125 0.065625
0 0.73828125 0.60859375 0.153125 0.0640625
0 0.85625 0.578125 0.0390625 0.0265625
0 0.9265625 0.55625 0.0890625 0.0640625
0 0.159375 0.78125 0.04375 0.0375
0 0.228125 0.75859375 0.0515625 0.0296875
0 0.3109375 0.7421875 0.059375 0.0296875
0 0.41328125 0.7234375 0.134375 0.0609375
0 0.534375 0.70703125 0.0703125 0.053125
0 0.62265625 0.68671875 0.0765625 0.0453125
0 0.11953125 0.8296875 0.01875 0.009375
0 0.26484375 0.8015625 0.1625 0.0796875
0 0.39453125 0.77578125 0.0515625 0.0453125
0 0.46484375 0.76328125 0.075 0.04375
0 0.546875 0.746875 0.0828125 0.053125
0 0.64921875 0.721875 0.11875 0.0609375
0 0.775 0.6875 0.1171875 0.0515625
0 0.86796875 0.66640625 0.0375 0.0265625
0 0.93671875 0.6390625 0.0890625 0.0703125
0 0.21484375 0.853125 0.0484375 0.0421875
0 0.29609375 0.825 0.1 0.046875
0 0.4015625 0.7984375 0.0703125 0.034375
0 0.50234375 0.79140625 0.0703125 0.0515625
0 0.63203125 0.7578125 0.1671875 0.071875
0 0.6609375 0.8140625 0.05 0.046875
0 0.74296875 0.79375 0.078125 0.053125
0 0.83671875 0.75859375 0.1046875 0.05625
0 0.946875 0.7359375 0.0609375 0.05
0 0.26484375 0.928125 0.18125 0.09375
0 0.07421875 0.43359375 0.015625 0.009375
0 0.078125 0.46484375 0.01875 0.0109375
0 0.0421875 0.32890625 0.0171875 0.009375
0 0.10234375 0.571875 0.0171875 0.009375
0 0.10703125 0.60859375 0.015625 0.0078125
0 0.1203125 0.6453125 0.021875 0.0109375
0 0.10859375 0.74609375 0.0234375 0.0109375
0 0.321875 0.48203125 0.184375 0.0734375
0 0.1046875 0.4609375 0.0328125 0.0296875
0 0.03125 0.290625 0.028125 0.021875
0 0.0453125 0.3984375 0.025 0.025
0 0.04765625 0.553125 0.0203125 0.0203125
0 0.95 0.30234375 0.0265625 0.0265625
0 0.89921875 0.1125 0.025 0.0265625
0 0.06953125 0.7234375 0.0265625 0.025
0 0.13828125 0.9140625 0.0171875 0.0109375
0 0.20078125 0.8890625 0.01875 0.015625
0 0.3109375 0.865625 0.015625 0.0125
0 0.4359375 0.83671875 0.0328125 0.0171875
0 0.57109375 0.8078125 0.084375 0.0328125