0 0.03203125 0.0828125 0.0328125 0.0171875
0 0.78046875 0.05625 0.025 0.0078125
0 0.78125 0.075 0.025 0.0078125
0 0.9125 0.0515625 0.046875 0.0109375
0 0.80546875 0.05390625 0.0203125 0.0078125
0 0.24765625 0.13359375 0.0375 0.025
0 0.31953125 0.1359375 0.05 0.0234375
0 0.35546875 0.13203125 0.0125 0.0125
0 0.4125 0.134375 0.0484375 0.021875
0 0.503125 0.13828125 0.0796875 0.0265625
0 0.60390625 0.13984375 0.1 0.05
0 0.69453125 0.1390625 0.034375 0.0203125
0 0.809375 0.1328125 0.1453125 0.0296875
0 0.3578125 0.2078125 0.0375 0.0171875
0 0.39765625 0.20703125 0.01875 0.0171875
0 0.45859375 0.20703125 0.075 0.021875
0 0.6234375 0.20703125 0.040625 0.0125
0 0.67109375 0.20546875 0.01875 0.015625
0 0.7375 0.2046875 0.0578125 0.0171875
0 0.81171875 0.2015625 0.0625 0.0203125
0 0.775 0.20546875 0.009375 0.003125
0 0.26171875 0.2625 0.0109375 0.003125
0 0.29765625 0.26328125 0.0421875 0.0171875
0 0.37890625 0.26171875 0.06875 0.021875
0 0.5078125 0.26484375 0.1234375 0.028125
0 0.25546875 0.31875 0.0390625 0.0234375
0 0.32265625 0.321875 0.0484375 0.0203125
0 0.38125 0.31875 0.0078125 0.0125
0 0.39453125 0.31796875 0.0078125 0.0046875
0 0.45390625 0.3171875 0.0484375 0.015625
0 0.5140625 0.315625 0.0125 0.0140625
0 0.5453125 0.31875 0.0375 0.0125
0 0.621875 0.31484375 0.06875 0.0234375
0 0.5296875 0.33671875 0.0265625 0.0171875
0 0.54140625 0.3609375 0.0734375 0.0234375
0 0.253125 0.40625 0.034375 0.021875
0 0.334375 0.40078125 0.0578125 0.0203125
0 0.3953125 0.403125 0.0125 0.0109375
0 0.49609375 0.396875 0.0875 0.0265625
0 0.58046875 0.40078125 0.0515625 0.0328125
0 0.67421875 0.39296875 0.1015625 0.0328125
0 0.48515625 0.43203125 0.0890625 0.04375
0 0.56875 0.428125 0.0390625 0.028125
0 0.60859375 0.42734375 0.0328125 0.03125
0 0.67109375 0.4171875 0.040625 0.01875
0 0.753125 0.41484375 0.0640625 0.0203125
0 0.47890625 0.45 0.021875 0.0171875
0 0.6125 0.44765625 0.159375 0.0234375
0 0.26328125 0.51015625 0.0359375 0.0265625
0 0.353125 0.5140625 0.0171875 0.015625
0 0.409375 0.50546875 0.0359375 0.021875
0 0.490625 0.50703125 0.0640625 0.0328125
0 0.58671875 0.4953125 0.0765625 0.0234375
0 0.67265625 0.490625 0.0546875 0.0203125
0 0.76015625 0.48984375 0.0640625 0.0375
0 0.83046875 0.4828125 0.034375 0.0203125
0 0.86015625 0.4828125 0.01875 0.01875
0 0.39140625 0.5328125 0.05625 0.01875
0 0.4953125 0.52734375 0.084375 0.01875
0 0.32578125 0.5640625 0.0265625 0.0171875
0 0.38671875 0.5625 0.034375 0.0125
0 0.4546875 0.55859375 0.0328125 0.0125
0 0.51640625 0.553125 0.034375 0.015625
0 0.58046875 0.55234375 0.065625 0.0234375
0 0.65234375 0.54921875 0.025 0.028125
0 0.71015625 0.5375 0.06875 0.03125
0 0.7890625 0.540625 0.059375 0.025
0 0.853125 0.5328125 0.0375 0.0140625
0 0.9 0.47890625 0.0203125 0.015625
0 0.2734375 0.61796875 0.0328125 0.0203125
0 0.31796875 0.621875 0.0234375 0.03125
0 0.37109375 0.61796875 0.034375 0.0125
0 0.42265625 0.6125 0.0359375 0.01875
0 0.47734375 0.60859375 0.0265625 0.015625
0 0.49921875 0.60625 0.009375 0.003125
0 0.5140625 0.60390625 0.0296875 0.0171875
0 0.565625 0.6015625 0.0390625 0.0203125
0 0.628125 0.59453125 0.028125 0.0203125
0 0.6890625 0.5984375 0.0625 0.0296875
0 0.7375 0.590625 0.0140625 0.0125
0 0.7765625 0.58671875 0.0265625 0.0140625
0 0.84765625 0.57890625 0.1015625 0.0265625
0 0.39609375 0.63828125 0.0578125 0.025
0 0.46640625 0.63359375 0.0453125 0.0171875
0 0.540625 0.6296875 0.0515625 0.0171875
0 0.59921875 0.62265625 0.01875 0.0109375
0 0.6296875 0.62265625 0.015625 0.0125
0 0.66328125 0.6203125 0.0140625 0.0125
0 0.73046875 0.615625 0.0875 0.0203125
0 0.27421875 0.67421875 0.0421875 0.01875
0 0.259375 0.70546875 0.0296875 0.0328125
0 0.3140625 0.7015625 0.0390625 0.015625
0 0.38125 0.69609375 0.040625 0.0125
0 0.45 0.69375 0.0625 0.03125
0 0.52890625 0.67890625 0.0265625 0.025
0 0.6078125 0.66953125 0.075 0.03125
0 0.7078125 0.6640625 0.0671875 0.025
0 0.78515625 0.65859375 0.0625 0.0203125
0 0.85859375 0.6546875 0.05625 0.0234375
0 0.90625 0.65625 0.015625 0.0109375
0 0.92734375 0.6546875 0.0203125 0.0109375
0 0.971875 0.65546875 0.05625 0.0171875
0 0.31484375 0.728125 0.0609375 0.028125
0 0.40546875 0.71875 0.0515625 0.021875
0 0.484375 0.7140625 0.04375 0.028125
0 0.5484375 0.7046875 0.0328125 0.01875
0 0.58984375 0.7015625 0.015625 0.0140625
0 0.63828125 0.703125 0.0609375 0.034375
0 0.70078125 0.69140625 0.0234375 0.0171875
0 0.7703125 0.6859375 0.0765625 0.0203125
0 0.88203125 0.68203125 0.0765625 0.021875
0 0.9453125 0.68359375 0.0328125 0.0296875
0 0.26328125 0.7515625 0.03125 0.0296875
0 0.3234375 0.753125 0.040625 0.0140625
0 0.29921875 0.83359375 0.05625 0.0296875
0 0.3375 0.8296875 0.0140625 0.00625
0 0.3640625 0.82734375 0.0234375 0.01875
0 0.42578125 0.828125 0.0203125 0.01875
0 0.4828125 0.8171875 0.0390625 0.01875
0 0.5828125 0.80234375 0.078125 0.0265625
0 0.2890625 0.86171875 0.015625 0.0140625
0 0.5 0.84375 0.08125 0.0265625
0 0.2078125 0.89140625 0.0640625 0.025
0 0.27265625 0.890625 0.025 0.025
0 0.503125 0.86015625 0.084375 0.0328125
0 0.196875 0.9171875 0.03125 0.0203125
0 0.2609375 0.9125 0.0765625 0.0203125
0 0.54140625 0.88046875 0.15625 0.0359375
0 0.29765625 0.93125 0.134375 0.021875
0 0.51875 0.9109375 0.11875 0.0375
0 0.5421875 0.92890625 0.165625 0.04375