0 0.2671875 0.13125 0.3359375 0.171875
0 0.55390625 0.1359375 0.21875 0.225
0 0.65078125 0.18203125 0.0703125 0.0859375
0 0.82890625 0.15625 0.278125 0.2328125
0 0.18828125 0.35703125 0.1953125 0.125
0 0.15859375 0.603125 0.18125 0.1796875
0 0.33515625 0.56953125 0.171875 0.20625
0 0.52109375 0.58984375 0.1828125 0.1859375
0 0.68984375 0.63984375 0.171875 0.1453125
0 0.875 0.5953125 0.20625 0.24375
0 0.17109375 0.81171875 0.2203125 0.184375
0 0.39375 0.778125 0.215625 0.209375
0 0.43671875 0.3703125 0.2703125 0.1796875
0 0.6234375 0.859375 0.246875 0.1390625