0 0.515625 0.19609375 0.2015625 0.046875
0 0.1203125 0.21015625 0.240625 0.0359375
0 0.75546875 0.475 0.1 0.059375
0 0.89375 0.6828125 0.2125 0.028125
0 0.553125 0.75859375 0.134375 0.028125
0 0.34765625 0.71171875 0.109375 0.034375
0 0.2359375 0.74453125 0.0953125 0.0359375
0 0.7734375 0.72265625 0.1140625 0.0359375
0 0.86328125 0.46953125 0.0609375 0.046875
0 0.49375 0.36640625 0.1296875 0.0203125
0 0.328125 0.3046875 0.1328125 0.01875
0 0.26640625 0.36015625 0.121875 0.0171875
0 0.4921875 0.684375 0.0890625 0.025
0 0.72109375 0.684375 0.08125 0.025
0 0.75078125 0.36875 0.0890625 0.021875
0 0.38515625 0.7515625 0.06875 0.0265625
0 0.13984375 0.27734375 0.1078125 0.01875
0 0.22890625 0.38984375 0.1046875 0.021875
0 0.3765625 0.27109375 0.1203125 0.015625
0 0.515625 0.715625 0.06875 0.028125
0 0.35 0.68203125 0.0703125 0.025
0 0.4140625 0.3921875 0.1046875 0.015625
0 0.09921875 0.30625 0.0859375 0.015625
0 0.19375 0.4828125 0.096875 0.0140625
0 0.1390625 0.359375 0.0828125 0.0140625
0 0.5171875 0.39296875 0.084375 0.015625
0 0.84296875 0.36640625 0.078125 0.0171875
0 0.746875 0.28359375 0.08125 0.0140625
0 0.2546875 0.275 0.0765625 0.0203125
0 0.3390625 0.21328125 0.0484375 0.0296875
0 0.83828125 0.3875 0.0640625 0.01875
0 0.759375 0.38984375 0.065625 0.0140625
0 0.8359375 0.28359375 0.06875 0.0140625
0 0.7953125 0.3125 0.05625 0.0171875
0 0.21171875 0.45390625 0.0703125 0.015625
0 0.49921875 0.30234375 0.06875 0.0140625
0 0.8546875 0.2546875 0.0625 0.0140625
0 0.63046875 0.7203125 0.046875 0.0203125
0 0.20546875 0.51171875 0.0875 0.0109375
0 0.7390625 0.25703125 0.05625 0.015625
0 0.146875 0.546875 0.0609375 0.0140625
0 0.8234375 0.33671875 0.05 0.015625
0 0.72578125 0.340625 0.0546875 0.0109375
0 0.1984375 0.71015625 0.0359375 0.0171875
0 0.25546875 0.4796875 0.04375 0.0140625
0 0.225 0.54765625 0.065625 0.009375
0 0.61640625 0.68359375 0.0265625 0.0203125
0 0.5328125 0.26640625 0.040625 0.0109375
0 0.85234375 0.3125 0.0390625 0.0109375
0 0.74375 0.3125 0.021875 0.0171875
0 0.22265625 0.30390625 0.0390625 0.0109375
0 0.39921875 0.36484375 0.034375 0.0140625
0 0.0796875 0.3890625 0.0328125 0.0125
0 0.1359375 0.3859375 0.0375 0.0109375
0 0.43125 0.30703125 0.0265625 0.0125
0 0.32265625 0.39375 0.025 0.0140625
0 0.471875 0.2671875 0.0265625 0.0109375
0 0.1703125 0.30625 0.025 0.0125
0 0.35625 0.36484375 0.025 0.0125
0 0.79765625 0.25546875 0.0203125 0.0125
0 0.059375 0.36171875 0.01875 0.0125
0 0.05703125 0.28203125 0.0109375 0.0125
0 0.725 0.3125 0.009375 0.015625
0 0.77890625 0.3390625 0.00625 0.0109375
0 0.2125 0.671875 0.0796875 0.025