0 0.35078125 0.084375 0.1921875 0.1
0 0.1203125 0.18515625 0.0734375 0.04375
0 0.23671875 0.16328125 0.13125 0.053125
0 0.36171875 0.1390625 0.13125 0.06875
0 0.47265625 0.115625 0.103125 0.0546875
0 0.5578125 0.09453125 0.075 0.05
0 0.653125 0.07890625 0.109375 0.0484375
0 0.15390625 0.215625 0.115625 0.0625
0 0.234375 0.19609375 0.0390625 0.03125
0 0.28984375 0.190625 0.03125 0.0171875
0 0.41328125 0.15703125 0.209375 0.0734375
0 0.5796875 0.12890625 0.1203125 0.0703125
0 0.1234375 0.2515625 0.0734375 0.04375
0 0.1828125 0.246875 0.0578125 0.05
0 0.24765625 0.22109375 0.0875 0.0515625
0 0.3375 0.21328125 0.09375 0.059375
0 0.40390625 0.19453125 0.0421875 0.0375
0 0.43515625 0.1859375 0.028125 0.040625
0 0.4859375 0.18515625 0.0875 0.05
0 0.1546875 0.28359375 0.134375 0.071875
0 0.27421875 0.25234375 0.10625 0.0515625
0 0.3890625 0.22578125 0.1234375 0.0546875
0 0.484375 0.209375 0.0890625 0.0484375
0 0.56953125 0.1890625 0.09375 0.05
0 0.115625 0.31484375 0.0421875 0.0359375
0 0.16640625 0.3078125 0.0609375 0.034375
0 0.24375 0.2921875 0.0625 0.0546875
0 0.2984375 0.2875 0.0453125 0.0359375
0 0.3390625 0.26796875 0.0484375 0.0390625
0 0.43515625 0.24921875 0.1171875 0.05
0 0.5390625 0.22734375 0.0796875 0.04375
0 0.73984375 0.18828125 0.16875 0.0671875
0 0.13515625 0.3390625 0.0640625 0.0453125
0 0.21328125 0.33125 0.046875 0.028125
0 0.29453125 0.3125 0.0921875 0.034375
0 0.1515625 0.36875 0.1046875 0.0515625
0 0.25 0.35625 0.0625 0.03125
0 0.3171875 0.34375 0.0359375 0.0234375
0 0.3921875 0.3375 0.0984375 0.0640625
0 0.515625 0.3015625 0.1171875 0.05625
0 0.63046875 0.28828125 0.1203125 0.059375
0 0.1828125 0.39609375 0.1390625 0.05625
0 0.2984375 0.3765625 0.1078125 0.0578125
0 0.3671875 0.3609375 0.04375 0.0328125
0 0.428125 0.35078125 0.05 0.0265625
0 0.5109375 0.3296875 0.0921875 0.046875
0 0.625 0.31328125 0.128125 0.0703125
0 0.45234375 0.5984375 0.1828125 0.078125
0 0.2046875 0.71484375 0.0796875 0.04375
0 0.33046875 0.69140625 0.1015625 0.0515625
0 0.415625 0.67265625 0.0546875 0.0421875
0 0.4828125 0.6609375 0.0625 0.0421875
0 0.5578125 0.646875 0.0875 0.0421875
0 0.20859375 0.7484375 0.0671875 0.0453125
0 0.26328125 0.734375 0.0453125 0.040625
0 0.38046875 0.7125 0.196875 0.0796875
0 0.5375 0.68671875 0.1234375 0.065625
0 0.21640625 0.78125 0.0921875 0.0484375
0 0.30078125 0.7609375 0.084375 0.0515625
0 0.38125 0.753125 0.0890625 0.0640625
0 0.44453125 0.73828125 0.034375 0.028125
0 0.48125 0.7296875 0.03125 0.0375
0 0.5421875 0.7296875 0.084375 0.0453125
0 0.215625 0.81328125 0.078125 0.0453125
0 0.290625 0.8046875 0.0484375 0.0390625
0 0.3640625 0.7828125 0.08125 0.053125
0 0.47109375 0.76640625 0.125 0.0609375
0 0.575 0.746875 0.08125 0.0546875
0 0.66953125 0.72890625 0.1 0.05625
0 0.20625 0.85 0.059375 0.0453125
0 0.27421875 0.84453125 0.0640625 0.0375
0 0.33203125 0.83125 0.0515625 0.0421875
0 0.41328125 0.81171875 0.1234375 0.0625
0 0.22265625 0.88515625 0.0640625 0.0421875
0 0.296875 0.871875 0.0359375 0.0265625
0 0.39375 0.85546875 0.1140625 0.0421875
0 0.22578125 0.9125 0.0703125 0.0421875
0 0.30859375 0.90078125 0.046875 0.0296875
0 0.40078125 0.89140625 0.096875 0.05625
0 0.23359375 0.9578125 0.0953125 0.0609375
0 0.36171875 0.925 0.1421875 0.05625
0 0.45703125 0.91328125 0.03125 0.0234375
0 0.51171875 0.896875 0.0703125 0.046875
0 0.625 0.2125 0.06875 0.0390625