0 0.20546875 0.24140625 0.278125 0.121875
0 0.18046875 0.08828125 0.228125 0.125
0 0.771875 0.31796875 0.2390625 0.096875
0 0.53125 0.2625 0.16875 0.0890625
0 0.69453125 0.17734375 0.10625 0.065625
0 0.4546875 0.546875 0.090625 0.059375
0 0.5796875 0.146875 0.0890625 0.04375
0 0.71328125 0.42890625 0.1125 0.0375
0 0.55625 0.57421875 0.078125 0.040625
0 0.6875 0.45078125 0.096875 0.0359375
0 0.6125 0.40859375 0.071875 0.0328125
0 0.49375 0.1265625 0.05625 0.0453125
0 0.7765625 0.4671875 0.05625 0.028125
0 0.5984375 0.434375 0.05625 0.0234375
0 0.546875 0.42265625 0.0296875 0.0171875
0 0.69140625 0.59375 0.125 0.0640625
0 0.4703125 0.6203125 0.159375 0.0703125
0 0.60078125 0.6390625 0.04375 0.03125
0 0.759375 0.67109375 0.203125 0.078125
0 0.41171875 0.7015625 0.1078125 0.0609375
0 0.5375 0.72578125 0.1203125 0.0578125
0 0.64609375 0.82421875 0.1484375 0.0765625
0 0.734375 0.8390625 0.028125 0.0265625
0 0.8140625 0.8421875 0.109375 0.0546875
0 0.8203125 0.890625 0.125 0.0453125