0 0.25390625 0.0234375 0.184375 0.03125
0 0.40703125 0.0109375 0.053125 0.0171875
0 0.528125 0.00625 0.140625 0.0125
0 0.1234375 0.0796875 0.1671875 0.0453125
0 0.26875 0.07265625 0.0578125 0.0328125
0 0.42890625 0.07421875 0.159375 0.06875
0 0.525 0.06796875 0.0109375 0.0125
0 0.6046875 0.0546875 0.09375 0.040625
0 0.7421875 0.04453125 0.14375 0.040625
0 0.1265625 0.159375 0.1421875 0.075
0 0.30546875 0.1359375 0.1328125 0.040625
0 0.44453125 0.13046875 0.08125 0.0328125
0 0.67265625 0.13046875 0.2890625 0.0953125
0 0.13671875 0.2171875 0.1875 0.0609375
0 0.34375 0.20390625 0.13125 0.053125
0 0.5171875 0.1953125 0.1453125 0.059375
0 0.64140625 0.1984375 0.0484375 0.0171875
0 0.7765625 0.18359375 0.159375 0.0578125
0 0.13984375 0.30390625 0.1828125 0.0515625
0 0.30078125 0.29453125 0.0765625 0.040625
0 0.453125 0.2890625 0.1109375 0.0453125
0 0.5234375 0.2921875 0.01875 0.0125
0 0.621875 0.27734375 0.13125 0.05
0 0.7671875 0.296875 0.146875 0.078125
0 0.10859375 0.384375 0.096875 0.04375
0 0.2546875 0.375 0.125 0.0546875
0 0.48203125 0.35390625 0.2578125 0.0671875
0 0.73125 0.36328125 0.2 0.090625
0 0.12890625 0.45078125 0.16875 0.0609375
0 0.3046875 0.4671875 0.16875 0.0765625
0 0.58125 0.4234375 0.3390625 0.0703125
0 0.86328125 0.4203125 0.2 0.0609375
0 0.12421875 0.52421875 0.1453125 0.0671875
0 0.2734375 0.52265625 0.09375 0.0453125
0 0.48828125 0.52265625 0.2703125 0.0984375
0 0.77265625 0.4921875 0.2828125 0.06875
0 0.0734375 0.609375 0.0796875 0.0453125
0 0.20859375 0.603125 0.1390625 0.046875
0 0.44375 0.6015625 0.228125 0.0828125
0 0.76953125 0.5875 0.3171875 0.10625
0 0.1234375 0.70390625 0.1703125 0.0921875
0 0.28984375 0.6828125 0.096875 0.0578125
0 0.46171875 0.68203125 0.1421875 0.05
0 0.61171875 0.69140625 0.1234375 0.0765625
0 0.75390625 0.65546875 0.0796875 0.04375
0 0.91796875 0.65546875 0.1640625 0.0546875
0 0.11953125 0.7734375 0.159375 0.0796875
0 0.33359375 0.76484375 0.171875 0.059375
0 0.53125 0.77890625 0.153125 0.084375
0 0.7015625 0.74453125 0.1328125 0.059375
0 0.8921875 0.734375 0.1375 0.0671875
0 0.1375 0.88203125 0.171875 0.065625
0 0.3640625 0.878125 0.153125 0.0859375
0 0.6390625 0.83984375 0.309375 0.065625
0 0.825 0.83359375 0.0375 0.0578125
0 0.92734375 0.834375 0.1453125 0.053125
0 0.12265625 0.953125 0.121875 0.040625
0 0.3140625 0.95078125 0.2 0.059375
0 0.5796875 0.93671875 0.1890625 0.0578125
0 0.85546875 0.91328125 0.2890625 0.0765625
0 0.99296875 0.9515625 0.0140625 0.01875