0 0.33359375 0.0109375 0.2046875 0.021875
0 0.5078125 0.025 0.0796875 0.0484375
0 0.56015625 0.03515625 0.0390625 0.0328125
0 0.63984375 0.05 0.1109375 0.0578125
0 0.78359375 0.08203125 0.171875 0.0671875
0 0.36875 0.0703125 0.0921875 0.0421875
0 0.13125 0.0234375 0.0625 0.046875
0 0.1640625 0.0265625 0.0625 0.040625
0 0.25859375 0.04453125 0.134375 0.0546875
0 0.10546875 0.08203125 0.071875 0.0734375
0 0.14296875 0.10078125 0.09375 0.0640625
0 0.26875 0.125 0.1625 0.0578125
0 0.43984375 0.15703125 0.1671875 0.065625
0 0.59765625 0.19609375 0.1375 0.0578125
0 0.71875 0.2109375 0.0921875 0.046875
0 0.83984375 0.2421875 0.209375 0.0765625
0 0.49296875 0.26796875 0.1890625 0.1078125
0 0.3203125 0.21015625 0.146875 0.0578125
0 0.16875 0.178125 0.1375 0.0625
0 0.08359375 0.153125 0.0546875 0.0546875
0 0.065625 0.23359375 0.0546875 0.0625
0 0.1703125 0.26640625 0.1609375 0.090625
0 0.325 0.28828125 0.128125 0.053125
0 0.4546875 0.32109375 0.1 0.040625
0 0.57890625 0.33984375 0.103125 0.046875
0 0.7328125 0.37109375 0.1890625 0.0765625
0 0.90703125 0.415625 0.15 0.0828125
0 0.15625 0.32109375 0.1625 0.06875
0 0.2875 0.359375 0.1265625 0.065625
0 0.52109375 0.40546875 0.2921875 0.0828125
0 0.8125 0.471875 0.2453125 0.096875
0 0.92578125 0.55546875 0.146875 0.0671875
0 0.78046875 0.52890625 0.140625 0.071875
0 0.621875 0.5 0.1546875 0.059375
0 0.45859375 0.46796875 0.175 0.0609375
0 0.29765625 0.4328125 0.1296875 0.053125
0 0.1375 0.39765625 0.18125 0.071875
0 0.059375 0.46953125 0.11875 0.0796875
0 0.1796875 0.4828125 0.0875 0.05
0 0.296875 0.51484375 0.1625 0.0609375
0 0.05859375 0.56171875 0.1171875 0.1140625
0 0.18046875 0.58046875 0.125 0.078125
0 0.309375 0.58828125 0.1296875 0.0671875
0 0.42890625 0.63046875 0.125 0.096875
0 0.56171875 0.6375 0.1328125 0.0640625
0 0.696875 0.675 0.1609375 0.06875
0 0.8640625 0.6890625 0.13125 0.084375
0 0.81875 0.6953125 0.1078125 0.06875
0 0.71015625 0.76171875 0.0921875 0.071875
0 0.8515625 0.7921875 0.2078125 0.103125
0 0.615625 0.74140625 0.1 0.0609375
0 0.4328125 0.7125 0.2328125 0.109375
0 0.3046875 0.66328125 0.096875 0.0609375
0 0.22578125 0.66015625 0.078125 0.0875
0 0.09609375 0.61640625 0.1609375 0.0796875
0 0.0640625 0.70859375 0.128125 0.1171875
0 0.23671875 0.73125 0.2109375 0.0859375
0 0.53203125 0.11015625 0.19375 0.0703125
0 0.03984375 0.36015625 0.05625 0.0765625
0 0.05703125 0.290625 0.0609375 0.06875
0 0.00859375 0.509375 0.0171875 0.065625
0 0.00859375 0.5921875 0.0171875 0.084375