0 0.13515625 0.22265625 0.11875 0.0609375
0 0.24296875 0.2109375 0.0828125 0.0640625
0 0.3125 0.19765625 0.071875 0.05
0 0.4265625 0.178125 0.153125 0.1078125
0 0.54296875 0.14921875 0.096875 0.0609375
0 0.6234375 0.14765625 0.071875 0.071875
0 0.7234375 0.12265625 0.1265625 0.071875
0 0.12109375 0.278125 0.0921875 0.053125
0 0.21953125 0.2640625 0.1 0.0609375
0 0.34140625 0.24765625 0.11875 0.0625
0 0.4484375 0.23359375 0.0625 0.04375
0 0.52890625 0.21484375 0.0875 0.059375
0 0.6109375 0.2078125 0.0703125 0.04375
0 0.7 0.19140625 0.0890625 0.0546875
0 0.16484375 0.3375 0.1515625 0.0609375
0 0.2828125 0.32265625 0.0578125 0.071875
0 0.35546875 0.30390625 0.0953125 0.05625
0 0.471875 0.29453125 0.109375 0.0640625
0 0.59453125 0.26953125 0.128125 0.0578125
0 0.7015625 0.24765625 0.08125 0.0546875
0 0.2109375 0.3984375 0.2296875 0.10625
0 0.1390625 0.4546875 0.0625 0.05
0 0.2640625 0.4375 0.18125 0.09375
0 0.38046875 0.41875 0.065625 0.0546875
0 0.45234375 0.4 0.0765625 0.0546875
0 0.5734375 0.3828125 0.153125 0.0734375
0 0.6859375 0.3609375 0.09375 0.065625
0 0.2109375 0.51171875 0.1875 0.1
0 0.35078125 0.48046875 0.0953125 0.0578125
0 0.45546875 0.459375 0.109375 0.0640625
0 0.55078125 0.43359375 0.090625 0.0546875
0 0.63984375 0.42109375 0.078125 0.046875
0 0.7421875 0.40546875 0.1078125 0.0609375
0 0.15703125 0.5453125 0.0703125 0.0421875
0 0.25 0.534375 0.115625 0.059375
0 0.36328125 0.51953125 0.0953125 0.05
0 0.6359375 0.47734375 0.1671875 0.06875