0 0.6328125 0.04453125 0.2875 0.0890625
0 0.62890625 0.0984375 0.1421875 0.1796875
0 0.51953125 0.21640625 0.23125 0.203125
0 0.684375 0.23671875 0.0859375 0.1078125
0 0.18203125 0.30703125 0.128125 0.1375
0 0.33125 0.32734375 0.18125 0.1828125
0 0.44609375 0.3765625 0.121875 0.1640625
0 0.54140625 0.36640625 0.1078125 0.125
0 0.66796875 0.42109375 0.209375 0.203125
0 0.821875 0.43125 0.15 0.153125
0 0.92890625 0.44921875 0.1421875 0.1953125
0 0.9921875 0.48671875 0.015625 0.0953125
0 0.6234375 0.5921875 0.159375 0.171875
0 0.75703125 0.58125 0.115625 0.1140625
0 0.83984375 0.61171875 0.0421875 0.0953125
0 0.5625 0.76171875 0.1140625 0.1375
0 0.65546875 0.77890625 0.0875 0.1171875
0 0.771875 0.80390625 0.1359375 0.13125