0 0.46953125 0.11171875 0.0796875 0.053125
0 0.53984375 0.1375 0.0375 0.034375
0 0.6125 0.1578125 0.08125 0.0546875
0 0.73984375 0.18671875 0.1484375 0.0671875
0 0.18828125 0.09296875 0.0171875 0.0265625
0 0.2796875 0.1171875 0.0765625 0.05625
0 0.36796875 0.1546875 0.0234375 0.0140625
0 0.46796875 0.17578125 0.1375 0.0890625
0 0.6109375 0.2109375 0.084375 0.0671875
0 0.7625 0.24453125 0.171875 0.084375
0 0.18203125 0.14921875 0.03125 0.04375
0 0.24296875 0.17109375 0.053125 0.053125
0 0.3078125 0.1984375 0.04375 0.0390625
0 0.35859375 0.2171875 0.0625 0.0640625
0 0.475 0.24140625 0.134375 0.065625
0 0.11484375 0.265625 0.0265625 0.0375
0 0.21484375 0.29296875 0.1078125 0.0640625
0 0.31015625 0.325 0.021875 0.0125
0 0.3953125 0.3328125 0.13125 0.078125
0 0.54609375 0.38046875 0.1328125 0.0890625
0 0.665625 0.40546875 0.065625 0.0546875
0 0.790625 0.43203125 0.159375 0.0859375
0 0.1578125 0.3453125 0.0625 0.0515625
0 0.25859375 0.3578125 0.078125 0.075
0 0.31796875 0.38671875 0.0234375 0.0328125
0 0.37421875 0.40625 0.0515625 0.0453125
0 0.42734375 0.42265625 0.0296875 0.034375
0 0.503125 0.44140625 0.1015625 0.06875
0 0.571875 0.44921875 0.034375 0.04375
0 0.63984375 0.46328125 0.0625 0.0625
0 0.04453125 0.4484375 0.01875 0.0359375
0 0.14765625 0.475 0.0859375 0.059375
0 0.2171875 0.49140625 0.01875 0.0109375
0 0.30390625 0.51328125 0.1171875 0.0703125
0 0.46015625 0.5453125 0.1328125 0.0796875
0 0.615625 0.59375 0.153125 0.103125
0 0.803125 0.63125 0.19375 0.0875
0 0.13984375 0.53828125 0.0546875 0.0421875
0 0.22734375 0.55703125 0.065625 0.05
0 0.29140625 0.57421875 0.025 0.028125
0 0.37578125 0.59296875 0.10625 0.059375
0 0.4828125 0.61953125 0.065625 0.05625
0 0.0953125 0.66640625 0.0921875 0.0625
0 0.1671875 0.68515625 0.01875 0.0109375
0 0.25 0.69296875 0.0984375 0.075
0 0.396875 0.7328125 0.1421875 0.0890625
0 0.55703125 0.78671875 0.15625 0.109375
0 0.7515625 0.8140625 0.2 0.0921875
0 0.0578125 0.809375 0.1 0.0640625
0 0.1296875 0.81953125 0.01875 0.0109375
0 0.22734375 0.83359375 0.1 0.071875
0 0.35703125 0.85859375 0.13125 0.0921875
0 0.49453125 0.8984375 0.1046875 0.0765625
0 0.64609375 0.93515625 0.153125 0.0953125