0 0.05 0.29375 0.1 0.18125
0 0.1453125 0.2765625 0.121875 0.2109375
0 0.215625 0.21171875 0.0375 0.0453125
0 0.2859375 0.24765625 0.0671875 0.153125
0 0.43671875 0.17265625 0.28125 0.2859375
0 0.62421875 0.1203125 0.1296875 0.0796875
0 0.72890625 0.10390625 0.071875 0.084375
0 0.78203125 0.0796875 0.034375 0.1140625
0 0.87265625 0.06796875 0.1671875 0.1359375
0 0.065625 0.47578125 0.13125 0.1671875
0 0.15703125 0.39453125 0.0390625 0.078125
0 0.2015625 0.390625 0.0390625 0.0453125
0 0.334375 0.34375 0.2296875 0.259375
0 0.5125 0.3484375 0.09375 0.1375
0 0.66640625 0.27421875 0.2984375 0.3546875
0 0.8203125 0.21328125 0.0703125 0.1078125
0 0.07265625 0.540625 0.0859375 0.10625
0 0.19296875 0.521875 0.1296875 0.0921875
0 0.5515625 0.6390625 0.2609375 0.2296875