0 0.17421875 0.3078125 0.115625 0.08125
0 0.27578125 0.2828125 0.078125 0.096875
0 0.384375 0.26640625 0.1328125 0.0828125
0 0.475 0.2484375 0.0296875 0.0546875
0 0.55078125 0.25234375 0.103125 0.0609375
0 0.63125 0.225 0.034375 0.0703125
0 0.71875 0.21875 0.1234375 0.071875
0 0.2015625 0.403125 0.121875 0.0875
0 0.30703125 0.384375 0.0734375 0.0796875
0 0.3859375 0.359375 0.078125 0.075
0 0.48203125 0.35390625 0.1015625 0.078125
0 0.55703125 0.3359375 0.0296875 0.0546875
0 0.66875 0.3296875 0.1765625 0.128125
0 0.171875 0.5109375 0.0546875 0.071875
0 0.28046875 0.50703125 0.15625 0.096875
0 0.37578125 0.46796875 0.03125 0.05625
0 0.45234375 0.46328125 0.1 0.0859375
0 0.53125 0.45078125 0.0515625 0.0671875
0 0.60390625 0.4390625 0.0734375 0.0578125
0 0.6859375 0.4421875 0.0734375 0.0796875
0 0.78515625 0.415625 0.1109375 0.1015625
0 0.16171875 0.61328125 0.053125 0.06875
0 0.22734375 0.59921875 0.065625 0.075
0 0.30859375 0.61015625 0.0765625 0.078125
0 0.40078125 0.57265625 0.0953125 0.090625
0 0.490625 0.54453125 0.0796875 0.084375
0 0.6078125 0.5515625 0.1359375 0.0828125
0 0.7125 0.51484375 0.0671875 0.0796875
0 0.775 0.5078125 0.0546875 0.0640625
0 0.84453125 0.48984375 0.071875 0.084375
0 0.94296875 0.48203125 0.1125 0.11875
0 0.26015625 0.703125 0.209375 0.0828125
0 0.41015625 0.66875 0.0703125 0.0828125
0 0.49140625 0.67734375 0.075 0.075
0 0.54453125 0.6421875 0.03125 0.0640625
0 0.61015625 0.6328125 0.084375 0.0796875
0 0.7421875 0.60625 0.165625 0.1078125
0 0.28984375 0.79765625 0.053125 0.0671875
0 0.35703125 0.803125 0.0640625 0.06875
0 0.47421875 0.76484375 0.165625 0.090625
0 0.728125 0.71640625 0.0703125 0.0765625
0 0.853125 0.7140625 0.1640625 0.10625
0 0.6296875 0.73125 0.128125 0.090625
0 0.2109375 0.809375 0.0984375 0.0859375