0 0.1328125 0.30390625 0.153125 0.0890625
0 0.4125 0.21796875 0.2046875 0.0921875
0 0.65 0.16171875 0.0953125 0.0609375
0 0.15 0.46015625 0.140625 0.0734375
0 0.31875 0.40546875 0.165625 0.0734375
0 0.50390625 0.33828125 0.15 0.0953125
0 0.703125 0.30078125 0.1578125 0.0734375
0 0.17890625 0.5625 0.134375 0.0859375
0 0.35078125 0.52421875 0.146875 0.0984375
0 0.53515625 0.459375 0.1734375 0.08125
0 0.721875 0.421875 0.15 0.09375
0 0.31953125 0.6265625 0.378125 0.1390625
0 0.8265625 0.3890625 0.1140625 0.06875