0 0.18125 0.1671875 0.090625 0.0421875
0 0.3453125 0.18203125 0.0953125 0.04375
0 0.5359375 0.2015625 0.1171875 0.0453125
0 0.728125 0.221875 0.21875 0.0625
0 0.228125 0.234375 0.21875 0.0515625
0 0.24921875 0.27890625 0.2078125 0.0546875
0 0.42890625 0.29453125 0.1125 0.0421875
0 0.6359375 0.31953125 0.1984375 0.0625
0 0.80859375 0.33203125 0.15 0.0484375
0 0.271875 0.33515625 0.2359375 0.06875
0 0.41484375 0.3453125 0.0390625 0.0296875
0 0.515625 0.35390625 0.1875 0.0546875
0 0.78359375 0.3828125 0.21875 0.05625
0 0.925 0.3984375 0.075 0.04375
0 0.4296875 0.18671875 0.0328125 0.0234375