0 0.2125 0.10703125 0.1484375 0.0609375
0 0.18671875 0.18046875 0.1140625 0.05
0 0.125 0.22265625 0.025 0.03125
0 0.19609375 0.21328125 0.1203125 0.0578125
0 0.18984375 0.25546875 0.1 0.034375
0 0.125 0.303125 0.0375 0.0484375
0 0.21484375 0.29296875 0.1484375 0.0515625
0 0.22578125 0.33046875 0.16875 0.05625
0 0.215625 0.3875 0.140625 0.034375
0 0.34765625 0.384375 0.1109375 0.0359375
0 0.215625 0.44140625 0.134375 0.0390625
0 0.4421875 0.12578125 0.1578125 0.059375
0 0.46015625 0.1671875 0.2140625 0.05625
0 0.53515625 0.21796875 0.315625 0.071875
0 0.459375 0.28671875 0.159375 0.0421875
0 0.490625 0.3265625 0.1984375 0.059375
0 0.51796875 0.36328125 0.2015625 0.0671875
0 0.4765625 0.42265625 0.1609375 0.065625
0 0.41328125 0.4703125 0.1078125 0.034375
0 0.48984375 0.4703125 0.01875 0.009375
0 0.5515625 0.4703125 0.0890625 0.03125
0 0.78046875 0.15078125 0.175 0.040625
0 0.81953125 0.21015625 0.1625 0.0484375
0 0.78515625 0.26015625 0.221875 0.059375
0 0.7609375 0.31328125 0.190625 0.053125
0 0.72890625 0.3671875 0.134375 0.0328125
0 0.22578125 0.559375 0.18125 0.065625
0 0.22265625 0.6078125 0.15625 0.065625
0 0.184375 0.66328125 0.125 0.034375
0 0.37890625 0.6515625 0.19375 0.0484375
0 0.16796875 0.70078125 0.0515625 0.01875
0 0.25546875 0.70546875 0.096875 0.021875
0 0.16015625 0.71953125 0.05625 0.0203125
0 0.21640625 0.725 0.0515625 0.01875
0 0.18125 0.74453125 0.0890625 0.0203125
0 0.2796875 0.7453125 0.075 0.0203125
0 0.17421875 0.7640625 0.0671875 0.0296875
0 0.26484375 0.76640625 0.075 0.028125
0 0.34765625 0.7640625 0.059375 0.0140625
0 0.21328125 0.77734375 0.134375 0.021875
0 0.3578125 0.78125 0.1265625 0.028125
0 0.19609375 0.7953125 0.10625 0.0234375
0 0.28515625 0.796875 0.05625 0.01875
0 0.35 0.79609375 0.04375 0.0171875
0 0.41640625 0.8015625 0.0609375 0.03125
0 0.16640625 0.8078125 0.015625 0.015625
0 0.2328125 0.8109375 0.075 0.01875
0 0.3234375 0.8125 0.071875 0.01875
0 0.215625 0.82578125 0.13125 0.021875
0 0.33359375 0.82734375 0.0765625 0.025
0 0.15859375 0.83828125 0.01875 0.0171875
0 0.21484375 0.8453125 0.0609375 0.0234375
0 0.26875 0.84921875 0.0234375 0.0109375
0 0.32109375 0.8484375 0.0671875 0.0265625
0 0.175 0.85390625 0.0421875 0.0203125
0 0.22734375 0.8640625 0.0375 0.0125
0 0.19453125 0.875 0.090625 0.0265625
0 0.29375 0.88359375 0.071875 0.021875
0 0.19765625 0.8921875 0.090625 0.0265625
0 0.2921875 0.89921875 0.0453125 0.0125
0 0.36875 0.89609375 0.059375 0.021875
0 0.19765625 0.9109375 0.05 0.01875
0 0.2859375 0.91953125 0.109375 0.0265625
0 0.18359375 0.9375 0.0640625 0.0359375
0 0.2578125 0.93671875 0.05625 0.01875
0 0.3375 0.9375 0.075 0.015625
0 0.2015625 0.946875 0.1078125 0.0328125
0 0.18203125 0.959375 0.053125 0.028125
0 0.2625 0.975 0.0671875 0.025
0 0.45546875 0.7109375 0.0171875 0.0171875
0 0.50078125 0.709375 0.0640625 0.0265625
0 0.57578125 0.7046875 0.065625 0.025
0 0.48046875 0.7296875 0.0515625 0.0265625
0 0.5421875 0.72109375 0.04375 0.0203125
0 0.61015625 0.72578125 0.0328125 0.0375
0 0.66015625 0.721875 0.0625 0.0296875
0 0.7390625 0.71015625 0.0703125 0.021875
0 0.48203125 0.74453125 0.040625 0.01875
0 0.559375 0.73828125 0.084375 0.021875
0 0.66640625 0.728125 0.059375 0.021875
0 0.51640625 0.75859375 0.065625 0.0296875
0 0.5828125 0.74921875 0.0578125 0.0203125
0 0.51328125 0.7765625 0.0484375 0.0265625
0 0.5984375 0.76953125 0.09375 0.028125
0 0.66640625 0.76328125 0.03125 0.01875
0 0.73125 0.759375 0.0734375 0.0203125
0 0.821875 0.753125 0.0921875 0.0296875
0 0.5046875 0.7953125 0.0296875 0.021875
0 0.5546875 0.790625 0.0453125 0.0203125
0 0.603125 0.7890625 0.040625 0.0140625
0 0.65390625 0.79609375 0.046875 0.028125
0 0.71875 0.77578125 0.040625 0.0171875
0 0.7890625 0.76796875 0.0671875 0.0265625
0 0.5125 0.809375 0.0921875 0.025
0 0.50078125 0.82734375 0.0453125 0.021875
0 0.5640625 0.8171875 0.059375 0.025
0 0.64921875 0.8140625 0.0640625 0.01875
0 0.49296875 0.83984375 0.0453125 0.021875
0 0.5578125 0.83671875 0.0609375 0.0203125
0 0.6109375 0.83125 0.0296875 0.0203125
0 0.6609375 0.8296875 0.0453125 0.0203125
0 0.703125 0.8234375 0.0296875 0.01875
0 0.7671875 0.81796875 0.08125 0.034375
0 0.5015625 0.8609375 0.0546875 0.01875
0 0.57109375 0.8609375 0.06875 0.0296875
0 0.53359375 0.875 0.13125 0.0296875
0 0.653125 0.86171875 0.08125 0.025
0 0.496875 0.89609375 0.0640625 0.0234375
0 0.62421875 0.89296875 0.1671875 0.05
0 0.48125 0.915625 0.053125 0.01875
0 0.53828125 0.9109375 0.034375 0.0171875
0 0.60390625 0.903125 0.09375 0.025
0 0.484375 0.9296875 0.0703125 0.0234375
0 0.54296875 0.92421875 0.0328125 0.01875
0 0.4765625 0.9515625 0.0671875 0.0234375
0 0.52890625 0.94296875 0.0171875 0.009375
0 0.58515625 0.94140625 0.06875 0.0296875
0 0.49140625 0.9671875 0.096875 0.0375
0 0.796875 0.91171875 0.059375 0.025