0 0.02734375 0.12734375 0.046875 0.0296875
0 0.6109375 0.0328125 0.0359375 0.0265625
0 0.7328125 0.01015625 0.034375 0.0203125
0 0.0671875 0.15625 0.0625 0.0359375
0 0.1125 0.153125 0.0171875 0.015625
0 0.20703125 0.13515625 0.0671875 0.034375
0 0.32109375 0.11640625 0.159375 0.0515625
0 0.61171875 0.0640625 0.128125 0.0484375
0 0.28125 0.15703125 0.103125 0.040625
0 0.3734375 0.13984375 0.0640625 0.034375
0 0.4796875 0.125 0.1453125 0.05
0 0.74609375 0.07265625 0.0984375 0.0453125
0 0.3046875 0.18515625 0.1296875 0.0453125
0 0.4171875 0.16953125 0.06875 0.0375
0 0.77109375 0.10546875 0.140625 0.0578125
0 0.065625 0.30390625 0.071875 0.0328125
0 0.11796875 0.29921875 0.0265625 0.0171875
0 0.25078125 0.275 0.1109375 0.0546875
0 0.359375 0.25 0.0765625 0.040625
0 0.47109375 0.2296875 0.140625 0.0484375
0 0.646875 0.20390625 0.0953125 0.04375
0 0.31328125 0.2984375 0.0640625 0.0328125
0 0.8078125 0.2109375 0.1109375 0.0515625
0 0.059375 0.4203125 0.065625 0.0390625
0 0.1078125 0.415625 0.021875 0.01875
0 0.27734375 0.38125 0.071875 0.0375
0 0.378125 0.3640625 0.1296875 0.05
0 0.67109375 0.31484375 0.109375 0.0484375
0 0.31953125 0.41328125 0.06875 0.040625
0 0.421875 0.39453125 0.13125 0.0515625
0 0.54375 0.384375 0.0984375 0.0453125
0 0.846875 0.31953125 0.11875 0.0484375
0 0.5 0.42421875 0.3109375 0.0890625
0 0.67421875 0.39140625 0.0453125 0.0265625
0 0.09140625 0.5828125 0.0859375 0.046875
0 0.15 0.5734375 0.034375 0.03125
0 0.11171875 0.72265625 0.0921875 0.0671875
0 0.16875 0.70390625 0.0234375 0.01875
0 0.33125 0.6734375 0.0859375 0.0421875
0 0.4625 0.65 0.1421875 0.053125
0 0.60703125 0.6296875 0.1125 0.053125
0 0.75390625 0.590625 0.1125 0.046875
0 0.421875 0.70390625 0.090625 0.0453125
0 0.9375 0.5921875 0.1109375 0.0484375
0 0.11171875 0.86328125 0.0671875 0.0484375
0 0.165625 0.85859375 0.03125 0.0234375
0 0.3765625 0.8140625 0.078125 0.0421875
0 0.509375 0.78828125 0.18125 0.0640625
0 0.7890625 0.72421875 0.128125 0.0546875
0 0.4609375 0.85390625 0.140625 0.071875
0 0.5765625 0.82265625 0.0828125 0.0390625
0 0.70625 0.79453125 0.175 0.0734375
0 0.95234375 0.73515625 0.0953125 0.0703125
0 0.44921875 0.89765625 0.0765625 0.0453125
0 0.5109375 0.8875 0.0359375 0.03125
0 0.60078125 0.87578125 0.1375 0.065625
0 0.96171875 0.7828125 0.0765625 0.0625
0 0.7265625 0.85078125 0.1265625 0.0703125
0 0.828125 0.81640625 0.078125 0.0421875
0 0.465625 0.1609375 0.0390625 0.025
0 0.534375 0.153125 0.09375 0.0484375