0 0.24140625 0.02109375 0.0609375 0.0265625
0 0.3046875 0.0328125 0.05625 0.03125
0 0.36640625 0.04921875 0.065625 0.028125
0 0.440625 0.0625 0.078125 0.0359375
0 0.39765625 0.08671875 0.1515625 0.04375
0 0.51171875 0.10625 0.0375 0.0203125
0 0.55546875 0.115625 0.021875 0.0140625
0 0.63203125 0.12890625 0.0875 0.03125
0 0.74375 0.15390625 0.10625 0.0328125
0 0.3203125 0.1015625 0.0828125 0.03125
0 0.39453125 0.11328125 0.0375 0.01875
0 0.484375 0.12890625 0.115625 0.0421875
0 0.59453125 0.14921875 0.075 0.028125
0 0.6890625 0.171875 0.08125 0.0296875
0 0.23046875 0.10859375 0.0265625 0.021875
0 0.2984375 0.125 0.040625 0.0171875
0 0.36328125 0.13671875 0.071875 0.025
0 0.446875 0.15234375 0.071875 0.0296875
0 0.54765625 0.1703125 0.0984375 0.0328125
0 0.6296875 0.18671875 0.0359375 0.0171875
0 0.67578125 0.196875 0.046875 0.021875
0 0.75546875 0.21171875 0.0734375 0.0265625
0 0.8265625 0.2265625 0.0515625 0.021875
0 0.8765625 0.23671875 0.028125 0.0171875
0 0.9171875 0.246875 0.0171875 0.0125
0 0.35625 0.16015625 0.1609375 0.0484375
0 0.4875 0.18671875 0.084375 0.0375
0 0.59609375 0.20703125 0.1078125 0.034375
0 0.71484375 0.22890625 0.109375 0.034375
0 0.80234375 0.2484375 0.0296875 0.01875
0 0.840625 0.2578125 0.0453125 0.021875
0 0.90234375 0.2734375 0.0765625 0.034375
0 0.97265625 0.2921875 0.0546875 0.028125
0 0.29921875 0.17734375 0.046875 0.01875
0 0.35625 0.1921875 0.05 0.021875
0 0.47265625 0.21484375 0.1515625 0.0515625
0 0.596875 0.23828125 0.053125 0.021875
0 0.65859375 0.25078125 0.059375 0.025
0 0.72265625 0.26328125 0.0328125 0.01875
0 0.8078125 0.28203125 0.0984375 0.03125
0 0.8953125 0.30078125 0.065625 0.0265625
0 0.30390625 0.20859375 0.0671875 0.0234375
0 0.4140625 0.23046875 0.128125 0.040625
0 0.52734375 0.25234375 0.0703125 0.028125
0 0.5953125 0.265625 0.0453125 0.021875
0 0.6703125 0.28203125 0.078125 0.0265625
0 0.746875 0.29609375 0.0375 0.01875
0 0.82265625 0.31328125 0.0765625 0.0296875
0 0.90390625 0.33125 0.0375 0.0171875
0 0.33671875 0.2453125 0.1359375 0.04375
0 0.22578125 0.25625 0.034375 0.025
0 0.2828125 0.26640625 0.0578125 0.0234375
0 0.33203125 0.27578125 0.0328125 0.0203125
0 0.390625 0.28671875 0.053125 0.021875
0 0.44296875 0.29921875 0.03125 0.01875
0 0.503125 0.309375 0.0703125 0.0265625
0 0.5828125 0.32578125 0.053125 0.025
0 0.7 0.346875 0.1375 0.0421875
0 0.8671875 0.3859375 0.171875 0.0515625
0 0.2375 0.28515625 0.025 0.0140625
0 0.375 0.3109375 0.196875 0.05
0 0.50859375 0.33984375 0.0390625 0.021875
0 0.60546875 0.36015625 0.1234375 0.040625
0 0.746875 0.38828125 0.1375 0.0390625
0 0.86171875 0.4140625 0.0703125 0.0296875
0 0.27578125 0.31796875 0.0859375 0.028125
0 0.36328125 0.3390625 0.071875 0.028125
0 0.43203125 0.35546875 0.03125 0.0203125
0 0.53671875 0.37578125 0.1453125 0.0421875
0 0.64296875 0.39609375 0.05 0.021875
0 0.7484375 0.41484375 0.128125 0.0375
0 0.196875 0.33359375 0.0359375 0.025
0 0.26015625 0.34375 0.0546875 0.0234375
0 0.32578125 0.36015625 0.0578125 0.028125
0 0.4140625 0.37578125 0.09375 0.034375
0 0.50546875 0.39453125 0.059375 0.0234375
0 0.56796875 0.409375 0.0359375 0.0203125
0 0.6578125 0.425 0.1078125 0.034375
0 0.7546875 0.44765625 0.0796875 0.0328125
0 0.81328125 0.46015625 0.021875 0.0140625
0 0.8953125 0.478125 0.1234375 0.046875
0 0.28671875 0.378125 0.1265625 0.0390625
0 0.28203125 0.41640625 0.075 0.0296875
0 0.34765625 0.42734375 0.04375 0.0234375
0 0.43046875 0.440625 0.115625 0.0359375
0 0.5140625 0.46015625 0.0484375 0.0203125
0 0.5953125 0.475 0.0921875 0.0296875
0 0.71640625 0.50078125 0.1171875 0.040625
0 0.86484375 0.53046875 0.1421875 0.0421875
0 0.18125 0.41640625 0.028125 0.01875
0 0.24140625 0.43046875 0.078125 0.0265625
0 0.3203125 0.446875 0.0484375 0.0203125
0 0.41171875 0.4625 0.1203125 0.034375
0 0.528125 0.4875 0.096875 0.034375
0 0.60546875 0.50390625 0.0390625 0.0234375
0 0.725 0.528125 0.178125 0.053125
0 0.84375 0.55234375 0.053125 0.0265625
0 0.23359375 0.45703125 0.0875 0.03125
0 0.35390625 0.48046875 0.134375 0.046875
0 0.459375 0.5 0.0484375 0.021875
0 0.55859375 0.521875 0.046875 0.021875
0 0.62109375 0.5375 0.046875 0.021875
0 0.734375 0.559375 0.1515625 0.0515625
0 0.2484375 0.4875 0.140625 0.046875
0 0.384375 0.5171875 0.096875 0.0328125
0 0.4578125 0.52578125 0.03125 0.0203125
0 0.503125 0.546875 0.0453125 0.0234375
0 0.61875 0.56328125 0.165625 0.0453125
0 0.72578125 0.58828125 0.05 0.021875
0 0.80234375 0.60078125 0.0703125 0.0265625
0 0.89609375 0.62265625 0.0921875 0.03125
0 0.1921875 0.503125 0.0328125 0.015625
0 0.26796875 0.5171875 0.0953125 0.0296875
0 0.3640625 0.53671875 0.0703125 0.028125
0 0.43125 0.55390625 0.04375 0.0203125
0 0.50703125 0.56953125 0.08125 0.03125
0 0.57265625 0.58125 0.03125 0.021875
0 0.66484375 0.60234375 0.1234375 0.040625
0 0.8046875 0.63046875 0.1296875 0.0390625
0 0.2 0.53203125 0.0546875 0.021875
0 0.340625 0.56484375 0.209375 0.0625
0 0.14765625 0.5515625 0.0359375 0.0234375
0 0.2015625 0.565625 0.0671875 0.0265625
0 0.30078125 0.5828125 0.096875 0.034375
0 0.42890625 0.6078125 0.153125 0.04375
0 0.553125 0.63359375 0.06875 0.0265625
0 0.61640625 0.6484375 0.0359375 0.01875
0 0.7140625 0.671875 0.0875 0.0296875
0 0.8203125 0.6921875 0.121875 0.040625
0 0.90859375 0.7125 0.05625 0.0265625
0 0.23828125 0.6046875 0.0828125 0.034375
0 0.30703125 0.61640625 0.040625 0.0234375
0 0.4046875 0.6359375 0.1390625 0.040625
0 0.51640625 0.659375 0.05625 0.0234375
0 0.59140625 0.6734375 0.0734375 0.028125
0 0.1625 0.6125 0.0296875 0.0234375
0 0.23203125 0.628125 0.0875 0.03125
0 0.3515625 0.653125 0.134375 0.0390625
0 0.446875 0.671875 0.03125 0.0203125
0 0.51171875 0.6828125 0.0796875 0.028125
0 0.57578125 0.703125 0.040625 0.0234375
0 0.646875 0.715625 0.0796875 0.0328125
0 0.74140625 0.7296875 0.1015625 0.0359375
0 0.83046875 0.74921875 0.0671875 0.03125
0 0.209375 0.6484375 0.0375 0.015625
0 0.30625 0.67109375 0.1078125 0.034375
0 0.440625 0.696875 0.159375 0.0515625
0 0.5390625 0.7171875 0.034375 0.0171875
0 0.6265625 0.7328125 0.1296875 0.0390625
0 0.14296875 0.665625 0.03125 0.0203125
0 0.21484375 0.68046875 0.090625 0.028125
0 0.30078125 0.69921875 0.05 0.0234375
0 0.14765625 0.69609375 0.025 0.015625
0 0.19921875 0.7078125 0.046875 0.0203125
0 0.28125 0.72265625 0.1 0.0359375
0 0.35859375 0.7390625 0.03125 0.0171875
0 0.40078125 0.74921875 0.046875 0.021875
0 0.46484375 0.7640625 0.065625 0.0265625
0 0.14140625 0.7203125 0.0203125 0.0140625
0 0.20703125 0.7359375 0.10625 0.0328125
0 0.2859375 0.7546875 0.0328125 0.015625
0 0.346875 0.76796875 0.0671875 0.0265625
0 0.4390625 0.78671875 0.1078125 0.034375
0 0.54921875 0.809375 0.1046875 0.0359375
0 0.6375 0.83125 0.0625 0.0234375
0 0.72109375 0.84765625 0.0796875 0.028125
0 0.8015625 0.86484375 0.0640625 0.0296875
0 0.203125 0.76640625 0.0875 0.03125
0 0.36484375 0.7984375 0.2 0.0625
0 0.11875 0.775 0.01875 0.0140625
0 0.1875 0.790625 0.0734375 0.0265625
0 0.246875 0.8015625 0.0296875 0.0171875
0 0.3296875 0.8203125 0.1140625 0.0359375
0 0.41484375 0.8359375 0.059375 0.0296875
0 0.49296875 0.85703125 0.09375 0.0328125
0 0.59453125 0.8765625 0.1046875 0.0375
0 0.68828125 0.8953125 0.0828125 0.0296875
0 0.77265625 0.9078125 0.0640625 0.03125
0 0.1140625 0.80078125 0.021875 0.0171875
0 0.24375 0.8265625 0.2046875 0.05625
0 0.109375 0.828125 0.0203125 0.0140625
0 0.20078125 0.85 0.13125 0.04375
0 0.40390625 0.86328125 0.021875 0.015625
0 0.48203125 0.88046875 0.1265625 0.040625
0 0.4015625 0.8921875 0.0171875 0.015625
0 0.45 0.90078125 0.065625 0.0265625
0 0.54375 0.92421875 0.10625 0.0375
0 0.1046875 0.87578125 0.1078125 0.0390625