0 0.09921875 0.24375 0.1484375 0.046875
0 0.090625 0.26171875 0.1390625 0.04375
0 0.06328125 0.30703125 0.075 0.0328125
0 0.12109375 0.3 0.040625 0.0203125
0 0.296875 0.2609375 0.128125 0.0421875
0 0.115625 0.3234375 0.196875 0.0640625
0 0.2734375 0.2875 0.0984375 0.0359375
0 0.471875 0.246875 0.2828125 0.0765625
0 0.04453125 0.353125 0.0453125 0.025
0 0.2984375 0.30703125 0.1859375 0.05
0 0.05390625 0.371875 0.0578125 0.028125
0 0.2921875 0.33359375 0.15 0.05
0 0.059375 0.39453125 0.0859375 0.0375
0 0.27578125 0.35078125 0.0875 0.03125
0 0.05546875 0.4171875 0.0765625 0.0328125
0 0.3046875 0.36640625 0.1578125 0.05
0 0.071875 0.4390625 0.1078125 0.0484375
0 0.29921875 0.39921875 0.0765625 0.034375
0 0.44609375 0.36875 0.19375 0.0609375
0 0.13125 0.478125 0.225 0.071875
0 0.31171875 0.4390625 0.1109375 0.0390625
0 0.4671875 0.409375 0.1484375 0.05
0 0.0984375 0.503125 0.1390625 0.05
0 0.19765625 0.48515625 0.040625 0.0234375
0 0.4140625 0.4453125 0.1015625 0.0359375
0 0.1515625 0.5171875 0.240625 0.06875
0 0.3609375 0.47421875 0.1359375 0.05
0 0.46953125 0.4578125 0.05625 0.0296875
0 0.55390625 0.4421875 0.1 0.034375
0 0.85546875 0.38359375 0.2515625 0.075
0 0.06015625 0.55859375 0.053125 0.0265625
0 0.13203125 0.55234375 0.065625 0.0375
0 0.19921875 0.53203125 0.05 0.03125
0 0.434375 0.48828125 0.1578125 0.0484375
0 0.559375 0.46640625 0.046875 0.025
0 0.6453125 0.446875 0.0875 0.0375
0 0.1359375 0.5953125 0.209375 0.0671875
0 0.31328125 0.56171875 0.1046875 0.040625
0 0.63046875 0.50234375 0.4875 0.1234375
0 0.096875 0.62421875 0.1 0.0375
0 0.2796875 0.59453125 0.2171875 0.0640625
0 0.4984375 0.55546875 0.190625 0.065625
0 0.64296875 0.5203125 0.0625 0.0328125
0 0.73359375 0.50859375 0.0890625 0.028125
0 0.84453125 0.484375 0.090625 0.0359375
0 0.103125 0.6484375 0.09375 0.0359375
0 0.19765625 0.63125 0.046875 0.025
0 0.284375 0.6234375 0.0828125 0.040625
0 0.42734375 0.5875 0.175 0.05625
0 0.59375 0.55625 0.1140625 0.040625
0 0.76875 0.4234375 0.1453125 0.046875
0 0.7234375 0.53125 0.096875 0.0359375
0 0.9609375 0.484375 0.078125 0.034375
0 0.10703125 0.6734375 0.1 0.0453125
0 0.19921875 0.65859375 0.0515625 0.0265625
0 0.28046875 0.65 0.0765625 0.0390625
0 0.4234375 0.61484375 0.1578125 0.05
0 0.61875 0.57734375 0.165625 0.0546875
0 0.76328125 0.553125 0.0953125 0.040625
0 0.971875 0.50859375 0.05625 0.0328125
0 0.159375 0.7203125 0.2328125 0.0765625
0 0.32578125 0.6859375 0.10625 0.0390625
0 0.4640625 0.65859375 0.1421875 0.0453125
0 0.56171875 0.63984375 0.0453125 0.0234375
0 0.634375 0.628125 0.05625 0.0234375
0 0.7453125 0.60390625 0.1515625 0.046875
0 0.89296875 0.57890625 0.1125 0.0359375
0 0.0953125 0.75703125 0.075 0.0296875
0 0.18046875 0.746875 0.0734375 0.0359375
0 0.3109375 0.715625 0.1515625 0.05625
0 0.65546875 0.6515625 0.0578125 0.0265625
0 0.84765625 0.6140625 0.3046875 0.09375
0 0.13203125 0.77421875 0.140625 0.046875
0 0.315625 0.7453125 0.2203125 0.075
0 0.515625 0.70078125 0.159375 0.0484375
0 0.09921875 0.8078125 0.075 0.0359375
0 0.21796875 0.78671875 0.15 0.0546875
0 0.59296875 0.71328125 0.115625 0.0421875
0 0.79453125 0.67421875 0.2640625 0.0734375
0 0.975 0.6421875 0.05 0.03125
0 0.07890625 0.84140625 0.040625 0.021875
0 0.25625 0.80703125 0.29375 0.0734375
0 0.14140625 0.88125 0.1515625 0.053125
0 0.28203125 0.85625 0.096875 0.0484375
0 0.396875 0.8328125 0.1046875 0.0484375
0 0.534375 0.809375 0.1390625 0.0640625
0 0.6484375 0.784375 0.0734375 0.0390625
0 0.75 0.7625 0.1046875 0.0453125
0 0.9015625 0.7390625 0.159375 0.053125
0 0.0890625 0.91875 0.0375 0.03125
0 0.1625 0.90390625 0.09375 0.0421875
0 0.30078125 0.8890625 0.171875 0.0625
0 0.20078125 0.93203125 0.2484375 0.084375
0 0.828125 0.903125 0.34375 0.109375
0 0.1859375 0.28515625 0.0765625 0.03125
0 0.6359375 0.8578125 0.0171875 0.01875
0 0.93671875 0.8 0.0203125 0.01875
0 0.94453125 0.82890625 0.0203125 0.0171875
0 0.6375 0.890625 0.025 0.01875
0 0.30234375 0.953125 0.0328125 0.01875
0 0.3671875 0.975 0.0328125 0.0203125
0 0.6203125 0.95546875 0.0203125 0.0171875
0 0.7578125 0.95390625 0.025 0.015625
0 0.075 0.09375 0.0328125 0.01875
0 0.19765625 0.06875 0.0328125 0.01875
0 0.3171875 0.04296875 0.021875 0.0171875
0 0.4390625 0.01875 0.025 0.0171875
0 0.66875 0.00859375 0.0375 0.0171875
0 0.71796875 0.0234375 0.10625 0.0359375