0 0.16484375 0.0625 0.14375 0.0734375
0 0.425 0.08125 0.296875 0.15
0 0.6765625 0.184375 0.190625 0.0515625
0 0.85 0.18359375 0.084375 0.0546875
0 0.92890625 0.17890625 0.046875 0.08125
0 0.11953125 0.26171875 0.1625 0.0703125
0 0.27734375 0.24140625 0.10625 0.071875
0 0.38046875 0.25859375 0.046875 0.059375
0 0.509375 0.25625 0.121875 0.053125
0 0.66875 0.26875 0.14375 0.0625
0 0.82421875 0.30859375 0.10625 0.078125
0 0.92890625 0.271875 0.0875 0.04375
0 0.18203125 0.35859375 0.2953125 0.071875
0 0.3984375 0.34296875 0.0875 0.0703125
0 0.55390625 0.390625 0.153125 0.0859375
0 0.71640625 0.384375 0.1375 0.10625
0 0.8078125 0.3890625 0.0125 0.025
0 0.9109375 0.3890625 0.1703125 0.08125
0 0.08359375 0.44375 0.0984375 0.059375
0 0.27890625 0.4484375 0.2265625 0.05625
0 0.4296875 0.52578125 0.0515625 0.0953125
0 0.6125 0.54375 0.259375 0.1
0 0.83671875 0.53203125 0.121875 0.06875
0 0.1421875 0.62734375 0.2140625 0.078125
0 0.3328125 0.63828125 0.103125 0.034375
0 0.44140625 0.640625 0.0375 0.028125
0 0.55859375 0.628125 0.109375 0.059375
0 0.7375 0.659375 0.184375 0.10625
0 0.90703125 0.62890625 0.0828125 0.05625
0 0.10859375 0.728125 0.165625 0.0890625
0 0.3140625 0.71171875 0.1875 0.05625
0 0.48984375 0.75078125 0.1046875 0.0796875
0 0.60078125 0.75546875 0.053125 0.10625
0 0.72578125 0.76640625 0.125 0.078125
0 0.87421875 0.765625 0.14375 0.1046875
0 0.06171875 0.8015625 0.06875 0.040625
0 0.2828125 0.8109375 0.2875 0.0703125
0 0.4921875 0.88828125 0.15625 0.0515625
0 0.646875 0.91171875 0.1078125 0.0625
0 0.75703125 0.89375 0.08125 0.09375
0 0.87734375 0.90703125 0.1203125 0.0625
0 0.07109375 0.93046875 0.115625 0.0609375
0 0.2328125 0.94296875 0.159375 0.05625
0 0.41796875 0.9515625 0.1578125 0.059375
0 0.56328125 0.9765625 0.0765625 0.046875
0 0.75390625 0.97265625 0.265625 0.05