0 0.08515625 0.09296875 0.090625 0.065625
0 0.165625 0.0859375 0.065625 0.059375
0 0.27421875 0.0734375 0.115625 0.059375
0 0.415625 0.0515625 0.1390625 0.0640625
0 0.509375 0.03671875 0.078125 0.0609375
0 0.61953125 0.04296875 0.1625 0.08125
0 0.78828125 0.0171875 0.1453125 0.034375
0 0.09453125 0.18515625 0.1890625 0.0671875
0 0.353125 0.14921875 0.3265625 0.10625
0 0.58828125 0.1296875 0.1640625 0.0859375
0 0.78125 0.08125 0.1796875 0.0671875
0 0.05234375 0.2640625 0.0640625 0.053125
0 0.15234375 0.25625 0.1 0.0515625
0 0.35 0.21796875 0.2484375 0.0796875
0 0.5640625 0.19375 0.13125 0.0625
0 0.7421875 0.17578125 0.20625 0.096875
0 0.0875 0.32890625 0.125 0.065625
0 0.3078125 0.30078125 0.3375 0.109375
0 0.578125 0.259375 0.1828125 0.0671875
0 0.77578125 0.24921875 0.2046875 0.0765625
0 0.1421875 0.39375 0.2 0.084375
0 0.3203125 0.375 0.1765625 0.0796875
0 0.509375 0.3609375 0.19375 0.0734375
0 0.696875 0.31484375 0.1765625 0.071875
0 0.86484375 0.2953125 0.1359375 0.0625
0 0.08125 0.48359375 0.065625 0.0453125
0 0.18984375 0.46796875 0.178125 0.1046875
0 0.3984375 0.4375 0.2140625 0.075
0 0.628125 0.403125 0.203125 0.0828125
0 0.78984375 0.38125 0.059375 0.0546875
0 0.9078125 0.37109375 0.165625 0.05625
0 0.1921875 0.54609375 0.26875 0.1046875
0 0.39296875 0.51796875 0.13125 0.0484375
0 0.61171875 0.49296875 0.3109375 0.1
0 0.8609375 0.46171875 0.165625 0.0734375
0 0.1328125 0.62265625 0.109375 0.0453125
0 0.2546875 0.6 0.0703125 0.0328125
0 0.403125 0.60390625 0.1796875 0.0828125
0 0.584375 0.55703125 0.134375 0.0625
0 0.753125 0.54765625 0.2078125 0.0625
0 0.91171875 0.54375 0.16875 0.0796875
0 0.1375 0.70859375 0.1109375 0.046875
0 0.3296875 0.67578125 0.29375 0.0828125
0 0.5578125 0.6609375 0.1671875 0.0875
0 0.73125 0.64609375 0.190625 0.0859375
0 0.92734375 0.61484375 0.1453125 0.0765625
0 0.134375 0.77578125 0.059375 0.04375
0 0.240625 0.76015625 0.0703125 0.059375
0 0.403125 0.740625 0.2375 0.0796875
0 0.5984375 0.721875 0.2 0.0859375
0 0.7859375 0.71171875 0.175 0.078125
0 0.92421875 0.6890625 0.1515625 0.065625
0 0.16875 0.84453125 0.128125 0.046875
0 0.340625 0.8265625 0.1796875 0.06875
0 0.5421875 0.8109375 0.1484375 0.0703125
0 0.68515625 0.81328125 0.1765625 0.103125
0 0.86015625 0.784375 0.1859375 0.078125
0 0.225 0.90234375 0.2171875 0.0828125
0 0.38828125 0.9125 0.090625 0.075
0 0.51796875 0.9046875 0.203125 0.0796875
0 0.69609375 0.890625 0.0984375 0.08125
0 0.834375 0.8640625 0.1921875 0.0828125
0 0.93203125 0.928125 0.1359375 0.05