0 0.12421875 0.62578125 0.175 0.0671875
0 0.11875 0.77890625 0.2015625 0.0671875
0 0.3359375 0.71015625 0.165625 0.075
0 0.57578125 0.7703125 0.2046875 0.059375
0 0.16953125 0.55078125 0.19375 0.0609375
0 0.1546875 0.50546875 0.203125 0.05
0 0.17734375 0.8203125 0.15 0.06875
0 0.76796875 0.821875 0.178125 0.053125
0 0.29296875 0.6359375 0.1453125 0.059375
0 0.13828125 0.57890625 0.15625 0.053125
0 0.34296875 0.30859375 0.15 0.0640625
0 0.15546875 0.14765625 0.1421875 0.05625
0 0.61640625 0.57890625 0.225 0.0484375
0 0.58671875 0.890625 0.16875 0.0640625
0 0.3609375 0.68203125 0.16875 0.053125
0 0.18203125 0.4 0.171875 0.0484375
0 0.77734375 0.63125 0.153125 0.0671875
0 0.19296875 0.4328125 0.171875 0.0484375
0 0.59765625 0.659375 0.1546875 0.059375
0 0.353125 0.2765625 0.146875 0.0546875
0 0.61484375 0.4328125 0.2 0.046875
0 0.15546875 0.65546875 0.125 0.0640625
0 0.27890625 0.11328125 0.1609375 0.046875
0 0.36953125 0.3421875 0.165625 0.0546875
0 0.1515625 0.19296875 0.115625 0.075
0 0.30390625 0.78984375 0.1421875 0.0546875
0 0.62421875 0.30078125 0.1671875 0.0515625
0 0.34140625 0.45078125 0.109375 0.0625
0 0.6421875 0.11875 0.1421875 0.0484375
0 0.73515625 0.23828125 0.153125 0.0453125
0 0.24765625 0.859375 0.1640625 0.0453125
0 0.34296875 0.4171875 0.1296875 0.053125
0 0.725 0.2015625 0.146875 0.05
0 0.21953125 0.25859375 0.1296875 0.0453125
0 0.66328125 0.15390625 0.1703125 0.0453125
0 0.809375 0.1015625 0.121875 0.0515625
0 0.35078125 0.81875 0.140625 0.0484375
0 0.803125 0.13203125 0.15625 0.04375
0 0.109375 0.69140625 0.1390625 0.0453125
0 0.5359375 0.803125 0.1265625 0.0484375
0 0.73203125 0.9578125 0.1453125 0.0421875
0 0.284375 0.18515625 0.134375 0.04375
0 0.42109375 0.09296875 0.1140625 0.05
0 0.225 0.36953125 0.146875 0.04375
0 0.18828125 0.071875 0.1296875 0.040625
0 0.66953125 0.375 0.10625 0.0484375
0 0.2921875 0.04609375 0.1515625 0.0390625
0 0.546875 0.846875 0.125 0.0390625
0 0.22421875 0.73671875 0.13125 0.0421875
0 0.784375 0.74609375 0.1046875 0.05625
0 0.33515625 0.56328125 0.1453125 0.0375
0 0.5703125 0.95234375 0.128125 0.04375
0 0.84140625 0.671875 0.1203125 0.040625
0 0.78125 0.34453125 0.1203125 0.040625
0 0.1421875 0.0234375 0.1125 0.046875
0 0.21484375 0.29296875 0.10625 0.0390625
0 0.5359375 0.6109375 0.1046875 0.0375
0 0.09140625 0.73203125 0.0984375 0.046875
0 0.83203125 0.28359375 0.0828125 0.0453125
0 0.59765625 0.21875 0.1 0.0375
0 0.34921875 0.15859375 0.0953125 0.0390625
0 0.54453125 0.7296875 0.128125 0.046875
0 0.875 0.7890625 0.1171875 0.0375
0 0.5765625 0.3640625 0.0953125 0.053125
0 0.12265625 0.328125 0.0828125 0.053125
0 0.79140625 0.309375 0.103125 0.034375
0 0.5921875 0.471875 0.1078125 0.0328125
0 0.26953125 0.590625 0.078125 0.0375
0 0.69375 0.69765625 0.1046875 0.0328125
0 0.8734375 0.89375 0.109375 0.0328125
0 0.11328125 0.2421875 0.071875 0.040625
0 0.571875 0.91796875 0.0703125 0.046875
0 0.596875 0.07578125 0.084375 0.0390625
0 0.1390625 0.10703125 0.0703125 0.0390625
0 0.42109375 0.596875 0.071875 0.04375
0 0.72734375 0.7828125 0.053125 0.053125
0 0.52421875 0.68515625 0.078125 0.0390625
0 0.6890625 0.08515625 0.096875 0.03125
0 0.84765625 0.38828125 0.0890625 0.0296875
0 0.2703125 0.15546875 0.0546875 0.046875
0 0.73984375 0.48515625 0.075 0.0390625
0 0.67109375 0.921875 0.078125 0.0390625
0 0.525 0.50859375 0.059375 0.05
0 0.125 0.28828125 0.046875 0.0453125
0 0.7453125 0.6640625 0.0703125 0.03125
0 0.640625 0.72890625 0.0421875 0.0453125
0 0.3234375 0.753125 0.0453125 0.0453125
0 0.88359375 0.7078125 0.06875 0.0390625
0 0.7796875 0.78671875 0.0625 0.0375
0 0.40703125 0.12890625 0.078125 0.0328125
0 0.6359375 0.80078125 0.065625 0.03125
0 0.22421875 0.6921875 0.0546875 0.0390625
0 0.70546875 0.72421875 0.0671875 0.028125
0 0.07421875 0.80625 0.0515625 0.0375
0 0.73515625 0.8796875 0.05625 0.028125
0 0.75546875 0.275 0.053125 0.0359375
0 0.68203125 0.26328125 0.0640625 0.0265625
0 0.66640625 0.48125 0.034375 0.0359375
0 0.80859375 0.7078125 0.06875 0.0203125
0 0.8328125 0.49765625 0.0625 0.0234375
0 0.3578125 0.60078125 0.0484375 0.028125
0 0.4125 0.17109375 0.0390625 0.0296875
0 0.61484375 0.68671875 0.034375 0.0296875
0 0.86875 0.7546875 0.05 0.0296875
0 0.49765625 0.91796875 0.04375 0.025
0 0.30234375 0.08671875 0.0421875 0.0234375
0 0.67109375 0.62265625 0.0453125 0.0203125
0 0.7578125 0.92578125 0.034375 0.0234375
0 0.77578125 0.38359375 0.0421875 0.0171875
0 0.6 0.61796875 0.0328125 0.0234375
0 0.403125 0.63828125 0.0328125 0.021875
0 0.06328125 0.6515625 0.03125 0.021875
0 0.56875 0.51015625 0.0265625 0.0203125
0 0.79921875 0.9234375 0.0265625 0.0171875
0 0.2546875 0.34140625 0.025 0.01875
0 0.78828125 0.88671875 0.04375 0.0234375
0 0.62734375 0.51796875 0.0875 0.0546875
0 0.21171875 0.33046875 0.0640625 0.0421875
0 0.8203125 0.1671875 0.125 0.040625