0 0.125 0.0765625 0.0875 0.034375
0 0.196875 0.1015625 0.1703125 0.0359375
0 0.44296875 0.08515625 0.178125 0.0390625
0 0.6046875 0.08828125 0.1234375 0.04375
0 0.1046875 0.15234375 0.0765625 0.0203125
0 0.271875 0.15234375 0.18125 0.0390625
0 0.521875 0.1609375 0.2890625 0.0515625
0 0.09296875 0.20078125 0.065625 0.01875
0 0.26484375 0.20390625 0.221875 0.0484375
0 0.4953125 0.2140625 0.06875 0.021875
0 0.6265625 0.22265625 0.0578125 0.0375
0 0.4703125 0.2875 0.0390625 0.0296875
0 0.421875 0.28671875 0.0390625 0.025
0 0.34765625 0.28828125 0.06875 0.0296875
0 0.12578125 0.25078125 0.1 0.025
0 0.23515625 0.2546875 0.1125 0.021875
0 0.26875 0.29140625 0.0640625 0.0328125
0 0.0921875 0.3453125 0.0421875 0.0234375
0 0.15 0.346875 0.0625 0.025
0 0.2078125 0.346875 0.0421875 0.0234375
0 0.2578125 0.35 0.0515625 0.0234375
0 0.34453125 0.353125 0.1109375 0.0234375
0 0.153125 0.38984375 0.1578125 0.0421875
0 0.28984375 0.3890625 0.1 0.0421875
0 0.44140625 0.39140625 0.1734375 0.04375
0 0.70078125 0.41484375 0.29375 0.053125
0 0.11171875 0.45 0.1171875 0.0453125
0 0.18828125 0.44609375 0.01875 0.03125
0 0.2328125 0.44765625 0.0671875 0.03125
0 0.340625 0.45703125 0.1546875 0.040625
0 0.46640625 0.45703125 0.09375 0.03125
0 0.2484375 0.50546875 0.378125 0.1015625
0 0.584375 0.515625 0.2984375 0.075
0 0.1328125 0.61953125 0.1703125 0.059375
0 0.30859375 0.60390625 0.1453125 0.0578125
0 0.4296875 0.61171875 0.0640625 0.0328125
0 0.5328125 0.6078125 0.1515625 0.065625
0 0.30546875 0.65 0.5 0.0859375
0 0.64453125 0.63828125 0.15 0.05
0 0.15078125 0.7015625 0.1234375 0.059375
0 0.32734375 0.69765625 0.1625 0.0734375
0 0.4625 0.68046875 0.071875 0.0546875
0 0.6234375 0.67578125 0.221875 0.0578125
0 0.76796875 0.66796875 0.08125 0.034375
0 0.153125 0.74296875 0.2234375 0.053125
0 0.3171875 0.74453125 0.075 0.0453125
0 0.46953125 0.7328125 0.1828125 0.053125
0 0.6640625 0.71796875 0.18125 0.0484375
0 0.1375 0.79296875 0.1296875 0.046875
0 0.06953125 0.84609375 0.0484375 0.04375
0 0.384375 0.7859375 0.3359375 0.0734375
0 0.16171875 0.846875 0.1078125 0.0375
0 0.29296875 0.8484375 0.1453125 0.0484375
0 0.56875 0.83671875 0.334375 0.0828125
0 0.58203125 0.8796875 0.246875 0.059375
0 0.77734375 0.86796875 0.121875 0.0390625
0 0.0703125 0.93515625 0.1125 0.0171875
0 0.159375 0.94140625 0.0625 0.015625
0 0.21796875 0.94453125 0.0484375 0.015625
0 0.225 0.078125 0.0453125 0.021875