0 0.215625 0.0546875 0.30625 0.109375
0 0.5078125 0.0921875 0.246875 0.090625
0 0.71484375 0.115625 0.06875 0.0859375
0 0.4578125 0.2015625 0.1734375 0.09375
0 0.434375 0.2890625 0.128125 0.090625
0 0.6265625 0.31484375 0.2328125 0.121875
0 0.1125 0.34296875 0.19375 0.09375
0 0.37734375 0.3875 0.221875 0.0828125
0 0.50859375 0.4109375 0.0421875 0.0328125
0 0.65390625 0.44453125 0.2296875 0.1
0 0.5421875 0.53125 0.153125 0.0671875
0 0.68046875 0.55625 0.0796875 0.05625
0 0.959375 0.66875 0.05 0.0734375
0 0.59453125 0.63515625 0.2703125 0.096875
0 0.15546875 0.675 0.3109375 0.115625
0 0.3890625 0.72265625 0.159375 0.071875
0 0.52421875 0.7375 0.0796875 0.065625
0 0.6359375 0.7546875 0.1453125 0.0859375
0 0.78984375 0.7890625 0.15625 0.08125
0 0.921875 0.809375 0.071875 0.0765625
0 0.3796875 0.83125 0.1546875 0.0765625
0 0.5109375 0.84375 0.0796875 0.0703125
0 0.634375 0.86484375 0.1328125 0.0671875
0 0.77890625 0.8828125 0.1515625 0.090625
0 0.896875 0.940625 0.084375 0.11875
0 0.44921875 0.9390625 0.271875 0.1046875
0 0.859375 0.58515625 0.23125 0.0921875
0 0.5984375 0.21171875 0.0328125 0.05625
0 0.6765625 0.22890625 0.134375 0.0890625
0 0.9375 0.5828125 0.121875 0.240625
0 0.8390625 0.93125 0.084375 0.1296875