0 0.734375 0.3234375 0.121875 0.0796875
0 0.39375 0.23203125 0.1125 0.075
0 0.52265625 0.29453125 0.1125 0.084375
0 0.11484375 0.44609375 0.1203125 0.0625
0 0.521875 0.3265625 0.1265625 0.0625
0 0.3609375 0.40078125 0.0984375 0.0765625
0 0.58515625 0.37734375 0.1109375 0.0609375
0 0.64921875 0.34140625 0.1015625 0.0578125
0 0.11953125 0.3453125 0.11875 0.0625
0 0.11484375 0.39765625 0.1171875 0.059375
0 0.4171875 0.3125 0.09375 0.05625
0 0.1375 0.253125 0.1078125 0.0515625
0 0.4421875 0.4234375 0.08125 0.0796875
0 0.49921875 0.2375 0.084375 0.0515625
0 0.64765625 0.20859375 0.1046875 0.0515625
0 0.621875 0.29609375 0.0828125 0.0515625
0 0.3921875 0.26171875 0.075 0.05625
0 0.73046875 0.26484375 0.0921875 0.053125
0 0.809375 0.2734375 0.065625 0.05
0 0.36875 0.17265625 0.0671875 0.0484375
0 0.534375 0.07109375 0.0890625 0.0328125
0 0.81875 0.31796875 0.053125 0.0484375
0 0.57890625 0.25390625 0.0671875 0.03125
0 0.48046875 0.14921875 0.084375 0.0359375
0 0.74375 0.359375 0.071875 0.046875
0 0.453125 0.19296875 0.075 0.0359375
0 0.44140625 0.3625 0.0421875 0.046875
0 0.14765625 0.30546875 0.053125 0.04375
0 0.64609375 0.26171875 0.05 0.0375
0 0.334375 0.26171875 0.0296875 0.03125
0 0.33984375 0.3109375 0.040625 0.040625
0 0.70859375 0.09140625 0.0484375 0.021875
0 0.35859375 0.13125 0.04375 0.0234375
0 0.58203125 0.20078125 0.0296875 0.034375
0 0.453125 0.2828125 0.028125 0.025
0 0.6703125 0.08671875 0.028125 0.01875
0 0.59453125 0.07578125 0.03125 0.0265625
0 0.3953125 0.13828125 0.03125 0.0171875
0 0.5484375 0.159375 0.009375 0.0125
0 0.5953125 0.32890625 0.0265625 0.03125
0 0.3703125 0.3484375 0.1015625 0.0625
0 0.83671875 0.196875 0.0046875 0.0125
0 0.63203125 0.08359375 0.0453125 0.0265625
0 0.425 0.14453125 0.025 0.01875
0 0.5328125 0.1578125 0.015625 0.0140625
0 0.62890625 0.15859375 0.103125 0.053125
0 0.53359375 0.2109375 0.0671875 0.065625
0 0.72578125 0.2296875 0.0328125 0.0265625
0 0.78984375 0.234375 0.084375 0.0390625
0 0.4984375 0.3765625 0.0578125 0.0328125
0 0.67109375 0.390625 0.0421875 0.046875
0 0.7328125 0.40703125 0.078125 0.0359375