0 0.1625 0.03984375 0.175 0.0796875
0 0.3 0.05078125 0.0203125 0.0453125
0 0.45078125 0.08125 0.175 0.1609375
0 0.6453125 0.0640625 0.1125 0.096875
0 0.821875 0.08984375 0.14375 0.1
0 0.37890625 0.15546875 0.096875 0.084375
0 0.62734375 0.159375 0.25 0.1046875
0 0.85390625 0.18515625 0.1875 0.11875
0 0.41484375 0.20859375 0.6796875 0.209375
0 0.71328125 0.378125 0.4359375 0.1203125
0 0.2125 0.4390625 0.3046875 0.1171875
0 0.43515625 0.45625 0.103125 0.025
0 0.50546875 0.575 0.71875 0.1671875
0 0.55703125 0.65625 0.3953125 0.121875
0 0.103125 0.74453125 0.1984375 0.1125
0 0.2875 0.7453125 0.1203125 0.053125
0 0.5609375 0.8671875 0.59375 0.140625