0 0.25390625 0.0671875 0.0671875 0.0375
0 0.2953125 0.07734375 0.0125 0.021875
0 0.3234375 0.084375 0.04375 0.03125
0 0.3875 0.10234375 0.0828125 0.0421875
0 0.4453125 0.1171875 0.0328125 0.0296875
0 0.28203125 0.15234375 0.153125 0.084375
0 0.23515625 0.2296875 0.0625 0.0359375
0 0.271875 0.23828125 0.0078125 0.015625
0 0.296875 0.24453125 0.0359375 0.025
0 0.3515625 0.265625 0.0765625 0.040625
0 0.41484375 0.27734375 0.05 0.0296875
0 0.2328125 0.26796875 0.0890625 0.0546875
0 0.3484375 0.303125 0.1125 0.0609375
0 0.53046875 0.33984375 0.2171875 0.0953125
0 0.3125 0.34609375 0.29375 0.1203125
0 0.20703125 0.37734375 0.0671875 0.0515625
0 0.31484375 0.40390625 0.140625 0.0703125
0 0.4875 0.45234375 0.1828125 0.0765625
0 0.6265625 0.48359375 0.0625 0.053125
0 0.290625 0.4515625 0.246875 0.1046875
0 0.284375 0.49921875 0.30625 0.1203125
0 0.51875 0.56171875 0.1203125 0.0734375
0 0.71328125 0.60390625 0.24375 0.1015625
0 0.23671875 0.53828125 0.2578125 0.115625
0 0.48359375 0.5890625 0.1703125 0.08125
0 0.64765625 0.63046875 0.103125 0.059375
0 0.196875 0.57578125 0.184375 0.096875
0 0.4234375 0.62578125 0.234375 0.1046875
0 0.17734375 0.634375 0.196875 0.0859375
0 0.3609375 0.6890625 0.13125 0.0625
0 0.44765625 0.7078125 0.028125 0.0234375
0 0.53515625 0.725 0.1328125 0.071875
0 0.14296875 0.68984375 0.0625 0.053125
0 0.278125 0.73515625 0.1859375 0.0796875
0 0.50625 0.78359375 0.2078125 0.1
0 0.1984375 0.75859375 0.175 0.0828125
0 0.37421875 0.80625 0.1234375 0.059375
0 0.53359375 0.84453125 0.1609375 0.08125
0 0.30625 0.840625 0.0734375 0.0625
0 0.4234375 0.8671875 0.0828125 0.0515625