0 0.33125 0.10703125 0.2609375 0.1328125
0 0.5765625 0.06015625 0.228125 0.1203125
0 0.25625 0.259375 0.0328125 0.0546875
0 0.36015625 0.23984375 0.1859375 0.121875
0 0.3078125 0.35546875 0.0234375 0.040625
0 0.425 0.33359375 0.1765625 0.1
0 0.56640625 0.3015625 0.1046875 0.090625
0 0.521875 0.40703125 0.2046875 0.1203125
0 0.665625 0.36171875 0.115625 0.090625
0 0.80859375 0.346875 0.159375 0.0890625
0 0.33125 0.5515625 0.03125 0.040625
0 0.42421875 0.52578125 0.1125 0.0890625
0 0.59296875 0.4875 0.2078125 0.1015625
0 0.37265625 0.64921875 0.065625 0.059375
0 0.44296875 0.64375 0.0859375 0.121875
0 0.53984375 0.603125 0.1328125 0.0890625
0 0.7140625 0.5625 0.2046875 0.1234375
0 0.85625 0.53359375 0.059375 0.0765625
0 0.47109375 0.71875 0.1109375 0.096875
0 0.6203125 0.678125 0.2171875 0.134375
0 0.37109375 0.89140625 0.0609375 0.071875
0 0.49375 0.84921875 0.2046875 0.14375
0 0.37890625 0.9875 0.0359375 0.025
0 0.471875 0.95078125 0.1625 0.0984375
0 0.6375 0.89765625 0.178125 0.125
0 0.8265625 0.84765625 0.2 0.1265625