0 0.25625 0.1984375 0.1328125 0.275
0 0.32265625 0.290625 0.1703125 0.3
0 0.4453125 0.23203125 0.1109375 0.159375
0 0.5515625 0.23046875 0.128125 0.1640625
0 0.67421875 0.24609375 0.11875 0.159375
0 0.7359375 0.38984375 0.1515625 0.2796875
0 0.853125 0.33515625 0.1734375 0.2796875
0 0.1484375 0.5375 0.1515625 0.3234375
0 0.26328125 0.53828125 0.1484375 0.240625
0 0.43515625 0.5328125 0.25 0.2015625
0 0.6109375 0.4828125 0.084375 0.1515625
0 0.6484375 0.4984375 0.0578125 0.1140625
0 0.7296875 0.5046875 0.1109375 0.1421875
0 0.79140625 0.621875 0.125 0.215625
0 0.1125 0.75234375 0.1703125 0.290625
0 0.18671875 0.7859375 0.134375 0.2921875
0 0.3078125 0.803125 0.2 0.2953125
0 0.45390625 0.734375 0.1328125 0.165625
0 0.521875 0.8375 0.134375 0.2375
0 0.640625 0.80859375 0.1578125 0.2671875
0 0.7234375 0.84296875 0.2125 0.3140625