0 0.05390625 0.18671875 0.0703125 0.0421875
0 0.20390625 0.1828125 0.15625 0.053125
0 0.35703125 0.17265625 0.059375 0.04375
0 0.4734375 0.15625 0.0859375 0.0609375
0 0.58125 0.1453125 0.034375 0.0203125
0 0.63671875 0.13515625 0.0734375 0.034375
0 0.059375 0.2625 0.01875 0.0171875
0 0.1859375 0.25546875 0.1234375 0.0515625
0 0.3421875 0.2328125 0.103125 0.034375
0 0.45546875 0.21953125 0.046875 0.0296875
0 0.60625 0.20546875 0.1609375 0.040625
0 0.7875 0.12734375 0.165625 0.0515625
0 0.9203125 0.1140625 0.0453125 0.028125
0 0.81640625 0.18046875 0.1015625 0.0375
0 0.8953125 0.171875 0.0390625 0.0296875
0 0.72109375 0.1984375 0.0546875 0.0390625