0 0.11953125 0.23984375 0.065625 0.040625
0 0.2375 0.2453125 0.1109375 0.04375
0 0.38828125 0.5421875 0.109375 0.0265625
0 0.4703125 0.5421875 0.0515625 0.025
0 0.5109375 0.5375 0.01875 0.0140625
0 0.58984375 0.53203125 0.1359375 0.028125
0 0.6890625 0.53125 0.046875 0.0328125
0 0.290625 0.6 0.165625 0.0453125
0 0.5 0.5953125 0.2375 0.0640625
0 0.4015625 0.6796875 0.09375 0.0390625
0 0.49375 0.67734375 0.065625 0.05
0 0.60234375 0.66953125 0.1125 0.034375
0 0.56484375 0.7703125 0.2359375 0.0484375
0 0.7859375 0.746875 0.146875 0.0484375
0 0.3859375 0.83046875 0.0578125 0.0390625
0 0.5359375 0.8265625 0.2375 0.04375
0 0.69609375 0.83046875 0.0421875 0.01875
0 0.33828125 0.8640625 0.040625 0.0171875
0 0.29140625 0.77890625 0.25625 0.05625