0 0.1875 0.1390625 0.190625 0.05
0 0.21015625 0.16796875 0.28125 0.0671875
0 0.178125 0.19921875 0.1671875 0.0515625
0 0.15546875 0.2078125 0.065625 0.0203125
0 0.26875 0.22734375 0.028125 0.0140625
0 0.3359375 0.221875 0.096875 0.0265625
0 0.440625 0.20390625 0.1640625 0.0390625
0 0.575 0.19765625 0.0734375 0.0328125
0 0.6625 0.184375 0.0875 0.0296875
0 0.75078125 0.17734375 0.065625 0.03125
0 0.8390625 0.17734375 0.0921875 0.0421875
0 0.721875 0.21171875 0.2375 0.0703125
0 0.06875 0.2921875 0.0796875 0.03125
0 0.13984375 0.2875 0.0453125 0.0234375
0 0.246875 0.27109375 0.1484375 0.0453125
0 0.06484375 0.3234375 0.0796875 0.0359375
0 0.146875 0.31953125 0.0671875 0.03125
0 0.25 0.3078125 0.11875 0.0390625
0 0.35703125 0.29609375 0.0734375 0.0390625
0 0.42890625 0.29140625 0.0515625 0.0328125
0 0.484375 0.2875 0.0265625 0.0234375
0 0.540625 0.28671875 0.0640625 0.0328125
0 0.6171875 0.27421875 0.0703125 0.0328125
0 0.6953125 0.26484375 0.05625 0.03125
0 0.78671875 0.2625 0.103125 0.040625
0 0.8734375 0.25390625 0.06875 0.03125
0 0.07890625 0.35078125 0.0765625 0.0359375
0 0.16796875 0.34296875 0.0796875 0.0359375
0 0.259375 0.33203125 0.1078125 0.040625
0 0.346875 0.32890625 0.0390625 0.0296875
0 0.390625 0.32265625 0.03125 0.0234375
0 0.48515625 0.31640625 0.128125 0.053125
0 0.64921875 0.30078125 0.18125 0.0484375
0 0.8 0.28671875 0.1125 0.040625
0 0.8859375 0.28125 0.0734375 0.0328125
0 0.0921875 0.3828125 0.1015625 0.0453125
0 0.1765625 0.3703125 0.0328125 0.0265625
0 0.22578125 0.36484375 0.0265625 0.0234375
0 0.31015625 0.35703125 0.0984375 0.0359375
0 0.45078125 0.34453125 0.1515625 0.040625
0 0.5609375 0.33984375 0.04375 0.025
0 0.63984375 0.3296875 0.096875 0.0359375
0 0.7609375 0.32109375 0.128125 0.0484375
0 0.09375 0.43359375 0.0734375 0.0328125
0 0.24375 0.41953125 0.1828125 0.046875
0 0.38359375 0.4078125 0.0640625 0.0328125
0 0.48125 0.396875 0.103125 0.0359375
0 0.28671875 0.44921875 0.1078125 0.0390625
0 0.475 0.43359375 0.2296875 0.05
0 0.16953125 0.50234375 0.0578125 0.0203125
0 0.22109375 0.4984375 0.028125 0.0125
0 0.2765625 0.4921875 0.0671875 0.0203125
0 0.33125 0.50625 0.1984375 0.0484375
0 0.53125 0.48671875 0.1703125 0.05
0 0.3140625 0.534375 0.1828125 0.05
0 0.46796875 0.51796875 0.0921875 0.034375
0 0.58046875 0.509375 0.1140625 0.0359375
0 0.7125 0.496875 0.121875 0.040625
0 0.275 0.5671875 0.103125 0.0390625
0 0.37109375 0.55859375 0.0453125 0.028125
0 0.48125 0.5484375 0.121875 0.0375
0 0.6015625 0.53671875 0.0828125 0.034375
0 0.46015625 0.56328125 0.0328125 0.01875
0 0.51875 0.55703125 0.0671875 0.021875
0 0.5859375 0.55234375 0.0546875 0.0171875
0 0.6546875 0.5515625 0.06875 0.0234375
0 0.32578125 0.59375 0.1859375 0.05
0 0.47421875 0.578125 0.0875 0.0328125
0 0.5984375 0.56796875 0.128125 0.0421875
0 0.29765625 0.625 0.103125 0.0359375
0 0.41875 0.615625 0.0859375 0.0359375
0 0.521875 0.60625 0.0953125 0.0375
0 0.58984375 0.59921875 0.028125 0.021875
0 0.6703125 0.590625 0.1 0.0328125
0 0.3 0.6578125 0.0921875 0.0328125
0 0.41171875 0.64609375 0.1 0.034375
0 0.53046875 0.63359375 0.1234375 0.040625
0 0.0984375 0.7765625 0.021875 0.015625
0 0.15234375 0.76953125 0.065625 0.021875
0 0.21953125 0.765625 0.0515625 0.0171875
0 0.29296875 0.75859375 0.0765625 0.0203125
0 0.165625 0.81796875 0.184375 0.0515625
0 0.40859375 0.79453125 0.2328125 0.0515625
0 0.5671875 0.77890625 0.0734375 0.0296875
0 0.7046875 0.8015625 0.0234375 0.0171875
0 0.7359375 0.80078125 0.0234375 0.0140625
0 0.78046875 0.79296875 0.0515625 0.01875
0 0.85 0.784375 0.0828125 0.0296875
0 0.334375 0.4765625 0.2015625 0.0515625
0 0.49921875 0.459375 0.090625 0.034375
0 0.58203125 0.45234375 0.0421875 0.0296875
0 0.67890625 0.4421875 0.128125 0.0390625