0 0.57734375 0.109375 0.121875 0.1
0 0.2578125 0.209375 0.1640625 0.096875
0 0.86796875 0.38515625 0.1171875 0.0921875
0 0.10234375 0.34296875 0.13125 0.1046875
0 0.3359375 0.41171875 0.10625 0.090625
0 0.63203125 0.5 0.1078125 0.09375
0 0.9046875 0.5640625 0.1015625 0.0890625
0 0.06171875 0.5015625 0.1140625 0.0859375
0 0.45859375 0.64453125 0.1 0.08125
0 0.684375 0.6890625 0.096875 0.0859375
0 0.10390625 0.6953125 0.1875 0.1171875
0 0.2609375 0.73046875 0.10625 0.075
0 0.37421875 0.76171875 0.115625 0.1015625
0 0.48203125 0.7921875 0.1234375 0.1171875
0 0.57734375 0.81328125 0.05625 0.0546875
0 0.6828125 0.8453125 0.1515625 0.1203125
0 0.54375 0.2890625 0.096875 0.084375