0 0.9265625 0.153125 0.115625 0.0328125
0 0.20859375 0.1125 0.128125 0.0375
0 0.36328125 0.12890625 0.1125 0.0296875
0 0.1578125 0.12578125 0.009375 0.0078125
0 0.19609375 0.134375 0.0234375 0.0125
0 0.28671875 0.14765625 0.0953125 0.03125
0 0.4328125 0.1625 0.1421875 0.0359375
0 0.5671875 0.16875 0.0546875 0.0234375
0 0.64609375 0.1765625 0.05 0.0203125
0 0.7109375 0.18125 0.0359375 0.0234375
0 0.81953125 0.1921875 0.11875 0.0296875
0 0.921875 0.20390625 0.025 0.01875
0 0.21796875 0.15625 0.0703125 0.021875
0 0.31015625 0.1734375 0.028125 0.0234375
0 0.3828125 0.17265625 0.03125 0.021875
0 0.4765625 0.1828125 0.0890625 0.0234375
0 0.59609375 0.196875 0.0734375 0.0265625
0 0.15 0.16640625 0.0109375 0.009375
0 0.228125 0.18125 0.1046875 0.0359375
0 0.33671875 0.18984375 0.0265625 0.0203125
0 0.4328125 0.196875 0.0984375 0.0296875
0 0.5375 0.2078125 0.0421875 0.0203125
0 0.62265625 0.21640625 0.0703125 0.01875
0 0.7046875 0.22734375 0.0359375 0.0203125
0 0.79765625 0.234375 0.0890625 0.03125
0 0.93515625 0.2515625 0.121875 0.0390625
0 0.1953125 0.19765625 0.0328125 0.0171875
0 0.27734375 0.20390625 0.0453125 0.021875
0 0.41328125 0.22109375 0.121875 0.0328125
0 0.509375 0.225 0.0234375 0.0234375
0 0.57109375 0.234375 0.0609375 0.028125
0 0.64765625 0.24375 0.03125 0.021875
0 0.71640625 0.240625 0.0453125 0.01875
0 0.80078125 0.253125 0.0515625 0.021875
0 0.878125 0.26328125 0.0703125 0.0328125
0 0.21875 0.215625 0.0796875 0.021875
0 0.32265625 0.228125 0.0625 0.0234375
0 0.45 0.24296875 0.121875 0.0328125
0 0.5953125 0.25234375 0.090625 0.0265625
0 0.70234375 0.2640625 0.059375 0.0234375
0 0.80078125 0.27109375 0.0453125 0.0234375
0 0.13046875 0.228125 0.0109375 0.009375
0 0.20234375 0.2359375 0.06875 0.025
0 0.3078125 0.25 0.0890625 0.03125
0 0.42890625 0.25625 0.075 0.028125
0 0.50546875 0.2671875 0.0265625 0.015625
0 0.59375 0.2765625 0.0515625 0.0265625
0 0.6390625 0.27734375 0.0125 0.00625
0 0.71171875 0.2859375 0.115625 0.03125
0 0.83671875 0.29921875 0.1 0.034375
0 0.925 0.31171875 0.05625 0.021875
0 0.19765625 0.25625 0.059375 0.0234375
0 0.26875 0.2640625 0.03125 0.01875
0 0.353125 0.2734375 0.0453125 0.0140625
0 0.459375 0.28046875 0.10625 0.0265625
0 0.5984375 0.3 0.1078125 0.028125
0 0.70546875 0.3046875 0.06875 0.0234375
0 0.8078125 0.315625 0.0890625 0.0265625
0 0.89765625 0.32421875 0.028125 0.0234375
0 0.9515625 0.33515625 0.05 0.0234375
0 0.21953125 0.28359375 0.1140625 0.0359375
0 0.3265625 0.2953125 0.0375 0.0234375
0 0.41484375 0.3 0.0484375 0.021875
0 0.50390625 0.30546875 0.0703125 0.0265625
0 0.6234375 0.32265625 0.1 0.034375
0 0.75625 0.33203125 0.115625 0.0265625
0 0.88359375 0.346875 0.0765625 0.0296875
0 0.96640625 0.3578125 0.040625 0.01875
0 0.2109375 0.303125 0.1 0.03125
0 0.31484375 0.3078125 0.05 0.025
0 0.409375 0.3234375 0.1078125 0.0375
0 0.50625 0.33515625 0.034375 0.025
0 0.5859375 0.3359375 0.0453125 0.021875
0 0.68203125 0.34609375 0.0609375 0.0234375
0 0.79296875 0.3578125 0.0890625 0.028125
0 0.9171875 0.37734375 0.1109375 0.0359375
0 0.1015625 0.33046875 0.0109375 0.0078125
0 0.1640625 0.33828125 0.0484375 0.0234375
0 0.25078125 0.3484375 0.0640625 0.0375
0 0.33203125 0.3609375 0.034375 0.0234375
0 0.42265625 0.36484375 0.09375 0.0359375
0 0.54296875 0.3734375 0.1171875 0.0328125
0 0.64765625 0.390625 0.025 0.01875
0 0.70625 0.39453125 0.0328125 0.01875
0 0.8171875 0.4015625 0.10625 0.0265625
0 0.9078125 0.415625 0.021875 0.0296875
0 0.1984375 0.36640625 0.09375 0.034375
0 0.3265625 0.38046875 0.065625 0.028125
0 0.4046875 0.38125 0.0546875 0.028125
0 0.49375 0.396875 0.08125 0.0390625
0 0.6296875 0.409375 0.1015625 0.0359375
0 0.71875 0.415625 0.025 0.0140625
0 0.83125 0.4328125 0.1375 0.0359375
0 0.92734375 0.4390625 0.0203125 0.021875
0 0.1859375 0.384375 0.084375 0.0265625
0 0.28828125 0.39375 0.0875 0.028125
0 0.40703125 0.40859375 0.125 0.04375
0 0.5171875 0.42421875 0.0328125 0.0234375
0 0.59765625 0.42578125 0.04375 0.0234375
0 0.6875 0.43515625 0.06875 0.025
0 0.1171875 0.4203125 0.128125 0.03125
0 0.084375 0.44375 0.0203125 0.0140625
0 0.1484375 0.45078125 0.0546875 0.025
0 0.2140625 0.45859375 0.021875 0.0171875
0 0.27421875 0.46171875 0.040625 0.0234375
0 0.37265625 0.47265625 0.0921875 0.028125
0 0.50390625 0.48515625 0.1203125 0.0328125
0 0.653125 0.50234375 0.121875 0.0375
0 0.7265625 0.50546875 0.025 0.025
0 0.084375 0.4671875 0.0296875 0.01875
0 0.14453125 0.4734375 0.0515625 0.0234375
0 0.21171875 0.478125 0.0328125 0.0234375
0 0.30390625 0.4875 0.0984375 0.028125
0 0.44921875 0.5046875 0.103125 0.03125
0 0.54453125 0.51953125 0.0390625 0.0265625
0 0.62109375 0.5234375 0.0484375 0.0265625
0 0.70625 0.52890625 0.065625 0.025
0 0.8375 0.55390625 0.1234375 0.0390625
0 0.9265625 0.55546875 0.0421875 0.028125
0 0.1828125 0.50390625 0.1125 0.0453125
0 0.071875 0.5109375 0.03125 0.01875
0 0.1375 0.51484375 0.04375 0.025
0 0.21328125 0.521875 0.05625 0.025
0 0.2828125 0.53125 0.0421875 0.0234375
0 0.396875 0.54453125 0.1078125 0.03125
0 0.5328125 0.5609375 0.0859375 0.0328125
0 0.65859375 0.571875 0.090625 0.0328125
0 0.753125 0.5875 0.0265625 0.0140625
0 0.85078125 0.60078125 0.1078125 0.040625
0 0.13359375 0.540625 0.046875 0.0234375
0 0.228125 0.54921875 0.090625 0.03125
0 0.38046875 0.5703125 0.1296875 0.0421875
0 0.45078125 0.5796875 0.0234375 0.03125
0 0.06328125 0.55390625 0.028125 0.028125
0 0.13671875 0.5640625 0.0421875 0.028125
0 0.2109375 0.56796875 0.0375 0.0203125
0 0.2875 0.57890625 0.053125 0.0234375
0 0.40390625 0.59375 0.1 0.03125
0 0.55078125 0.61171875 0.1234375 0.03125
0 0.68828125 0.6265625 0.109375 0.03125
0 0.7796875 0.63671875 0.0328125 0.0234375
0 0.87890625 0.65078125 0.0984375 0.034375
0 0.12265625 0.59296875 0.025 0.0140625
0 0.23671875 0.603125 0.1046875 0.0390625
0 0.37421875 0.61328125 0.0875 0.0296875
0 0.428125 0.621875 0.0265625 0.0296875
0 0.01875 0.6265625 0.0375 0.021875
0 0.1578125 0.6453125 0.1609375 0.04375
0 0.33125 0.66328125 0.1171875 0.040625
0 0.00625 0.65078125 0.0078125 0.0078125
0 0.0796875 0.6578125 0.0828125 0.0296875
0 0.18671875 0.6703125 0.1046875 0.03125
0 0.2953125 0.6890625 0.0765625 0.0390625
0 0.34921875 0.68828125 0.0140625 0.0125
0 0.45078125 0.7 0.1375 0.0375
0 0.5703125 0.71640625 0.028125 0.015625
0 0.65625 0.72421875 0.05 0.028125
0 0.7859375 0.74375 0.1390625 0.0375
0 0.90078125 0.76484375 0.0390625 0.0328125
0 0.08671875 0.68984375 0.0640625 0.01875
0 0.20859375 0.69609375 0.0921875 0.034375
0 0.2703125 0.709375 0.0203125 0.0171875
0 0.365625 0.725 0.0859375 0.0390625
0 0.4890625 0.73203125 0.084375 0.03125
0 0.64140625 0.753125 0.13125 0.04375
0 0.09921875 0.71328125 0.11875 0.034375
0 0.215625 0.72734375 0.05625 0.025
0 0.3390625 0.7421875 0.096875 0.03125
0 0.440625 0.75390625 0.0515625 0.025
0 0.56015625 0.771875 0.10625 0.0421875
0 0.6734375 0.79140625 0.040625 0.03125
0 0.7546875 0.78828125 0.059375 0.03125
0 0.84296875 0.80078125 0.078125 0.0328125
0 0.93828125 0.80859375 0.053125 0.0265625
0 0.071875 0.73515625 0.0640625 0.025
0 0.15390625 0.7515625 0.03125 0.025
0 0.28125 0.7609375 0.115625 0.034375
0 0.41796875 0.78125 0.0578125 0.021875
0 0.55390625 0.7921875 0.1046875 0.03125
0 0.0578125 0.7671875 0.0546875 0.0328125
0 0.2 0.7796875 0.121875 0.0359375
0 0.3359375 0.7953125 0.05625 0.028125
0 0.4328125 0.815625 0.059375 0.028125
0 0.534375 0.82109375 0.034375 0.0265625
0 0.6390625 0.83203125 0.0875 0.034375
0 0.74296875 0.8421875 0.0578125 0.0265625
0 0.8515625 0.85703125 0.0734375 0.028125
0 0.08359375 0.79921875 0.1078125 0.0390625
0 0.1953125 0.80703125 0.0421875 0.0296875
0 0.31875 0.8265625 0.109375 0.0421875
0 0.384375 0.83671875 0.009375 0.009375
0 0.45390625 0.83828125 0.0578125 0.0296875
0 0.54453125 0.85078125 0.05625 0.0328125
0 0.659375 0.86484375 0.06875 0.0265625
0 0.73359375 0.8671875 0.03125 0.028125
0 0.8625 0.8890625 0.15 0.046875