0 0.29453125 0.121875 0.1640625 0.071875
0 0.48046875 0.0796875 0.203125 0.096875
0 0.2078125 0.20859375 0.140625 0.071875
0 0.390625 0.159375 0.103125 0.0546875
0 0.56328125 0.13046875 0.171875 0.1265625
0 0.11171875 0.321875 0.1703125 0.121875
0 0.26484375 0.25859375 0.0609375 0.0546875
0 0.38515625 0.22265625 0.0765625 0.0546875
0 0.5921875 0.175 0.2359375 0.1171875
0 0.12578125 0.365625 0.1765625 0.0859375
0 0.3109375 0.30625 0.084375 0.059375
0 0.42578125 0.2828125 0.0734375 0.046875
0 0.534375 0.2609375 0.0703125 0.075
0 0.6453125 0.22265625 0.0875 0.06875
0 0.1140625 0.42578125 0.15625 0.078125
0 0.3234375 0.3828125 0.1765625 0.0921875
0 0.57578125 0.30546875 0.2109375 0.1171875
0 0.7359375 0.2703125 0.0890625 0.0578125
0 0.0671875 0.4875 0.065625 0.0640625
0 0.2328125 0.45390625 0.178125 0.08125
0 0.5046875 0.4125 0.2859375 0.140625
0 0.16171875 0.5296875 0.1765625 0.090625
0 0.33359375 0.50546875 0.115625 0.0625
0 0.48046875 0.478125 0.09375 0.06875
0 0.61796875 0.43125 0.1328125 0.0671875
0 0.7734375 0.4171875 0.1375 0.121875
0 0.13203125 0.60390625 0.0890625 0.0625
0 0.23359375 0.571875 0.0796875 0.0421875
0 0.3890625 0.5546875 0.1640625 0.1078125
0 0.6859375 0.49140625 0.2734375 0.146875
0 0.1390625 0.65625 0.09375 0.0796875
0 0.2796875 0.60390625 0.115625 0.05625
0 0.4421875 0.57890625 0.0984375 0.053125
0 0.63984375 0.5421875 0.1984375 0.1109375
0 0.1546875 0.684375 0.1 0.053125
0 0.26171875 0.6515625 0.0953125 0.0546875
0 0.4421875 0.6171875 0.1328125 0.05625
0 0.61015625 0.58125 0.1015625 0.0546875
0 0.7484375 0.55 0.159375 0.0671875
0 0.178125 0.721875 0.1171875 0.0578125
0 0.33125 0.6859375 0.1328125 0.065625
0 0.44765625 0.65390625 0.040625 0.0390625
0 0.5859375 0.6234375 0.1921875 0.075
0 0.17578125 0.79453125 0.0953125 0.04375
0 0.24765625 0.7734375 0.0421875 0.028125
0 0.30390625 0.7625 0.0640625 0.0359375
0 0.5515625 0.69921875 0.19375 0.065625
0 0.80546875 0.6390625 0.0828125 0.0375
0 0.19765625 0.86171875 0.1171875 0.071875
0 0.26796875 0.83671875 0.025 0.034375
0 0.3171875 0.82890625 0.065625 0.0390625
0 0.4234375 0.79921875 0.1421875 0.0625
0 0.5109375 0.78203125 0.053125 0.046875
0 0.734375 0.72578125 0.315625 0.1578125
0 0.159375 0.9265625 0.0234375 0.034375
0 0.23671875 0.90859375 0.125 0.05625
0 0.3625 0.87734375 0.1328125 0.0609375
0 0.48125 0.8484375 0.103125 0.0546875
0 0.56875 0.83515625 0.0703125 0.05
0 0.225 0.9625 0.0703125 0.05
0 0.33203125 0.92890625 0.06875 0.046875
0 0.4390625 0.90390625 0.05 0.04375
0 0.52265625 0.88046875 0.046875 0.0453125
0 0.728125 0.8125 0.065625 0.0703125
0 0.353125 0.97421875 0.175 0.0515625
0 0.50859375 0.9484375 0.0859375 0.0390625
0 0.65078125 0.915625 0.165625 0.0609375