0 0.02421875 0.159375 0.0484375 0.034375
0 0.309375 0.103125 0.1125 0.0484375
0 0.3796875 0.0875 0.021875 0.025
0 0.4140625 0.0859375 0.0390625 0.0296875
0 0.47109375 0.06953125 0.0734375 0.0390625
0 0.52109375 0.0609375 0.025 0.021875
0 0.5890625 0.04375 0.10625 0.04375
0 0.103125 0.1875 0.0828125 0.0578125
0 0.06484375 0.25078125 0.1296875 0.0828125
0 0.19609375 0.19765625 0.125 0.08125
0 0.2859375 0.20234375 0.03125 0.0296875
0 0.38828125 0.2046875 0.1859375 0.1265625
0 0.5296875 0.14140625 0.1140625 0.0734375
0 0.609375 0.121875 0.059375 0.06875
0 0.7140625 0.125 0.171875 0.1171875
0 0.08125 0.2984375 0.0796875 0.0625
0 0.18671875 0.29140625 0.0921875 0.0625
0 0.3 0.26875 0.1375 0.0875
0 0.4265625 0.225 0.1359375 0.0765625
0 0.60390625 0.18515625 0.20625 0.090625
0 0.78359375 0.15625 0.14375 0.1015625
0 0.16796875 0.353125 0.0453125 0.0375
0 0.25546875 0.34921875 0.121875 0.0984375
0 0.35078125 0.309375 0.0640625 0.05625
0 0.45078125 0.28125 0.15 0.078125
0 0.615625 0.25234375 0.1578125 0.0796875
0 0.7546875 0.22421875 0.1375 0.078125
0 0.23671875 0.41953125 0.171875 0.1328125
0 0.328125 0.39140625 0.03125 0.0359375
0 0.38515625 0.3703125 0.078125 0.059375
0 0.49140625 0.33984375 0.125 0.078125
0 0.5984375 0.32890625 0.06875 0.040625
0 0.7171875 0.2921875 0.159375 0.075
0 0.23984375 0.46328125 0.1421875 0.0703125
0 0.37734375 0.4484375 0.128125 0.0703125
0 0.484375 0.41171875 0.0828125 0.065625
0 0.5359375 0.409375 0.025 0.03125
0 0.58359375 0.41015625 0.053125 0.078125
0 0.659375 0.39921875 0.1234375 0.109375
0 0.765625 0.35078125 0.14375 0.08125
0 0.2484375 0.55234375 0.109375 0.0984375
0 0.36328125 0.5125 0.0859375 0.0609375
0 0.44765625 0.49375 0.0609375 0.040625
0 0.5265625 0.46796875 0.1375 0.0859375
0 0.6140625 0.4609375 0.05 0.0328125
0 0.70625 0.42578125 0.153125 0.090625
0 0.31171875 0.5984375 0.19375 0.109375
0 0.43984375 0.54921875 0.05 0.059375
0 0.5125 0.571875 0.1171875 0.10625
0 0.58125 0.51875 0.040625 0.059375
0 0.6625 0.515625 0.1328125 0.09375
0 0.75703125 0.4828125 0.06875 0.0828125
0 0.859375 0.4609375 0.11875 0.0640625
0 0.23984375 0.66328125 0.0421875 0.0546875
0 0.29296875 0.65625 0.0515625 0.0578125
0 0.3796875 0.653125 0.1078125 0.1
0 0.4875 0.60859375 0.10625 0.0671875
0 0.6265625 0.60078125 0.13125 0.1109375
0 0.728125 0.55546875 0.0484375 0.0546875
0 0.825 0.54765625 0.13125 0.109375
0 0.259375 0.7296875 0.121875 0.0921875
0 0.4203125 0.69609375 0.15625 0.0765625
0 0.5296875 0.66171875 0.0453125 0.059375
0 0.61640625 0.6703125 0.109375 0.09375
0 0.76796875 0.628125 0.2109375 0.1375
0 0.29921875 0.78203125 0.103125 0.078125
0 0.37578125 0.76796875 0.0359375 0.0515625
0 0.4875 0.765625 0.153125 0.1234375
0 0.5875 0.72265625 0.08125 0.0859375
0 0.65234375 0.7109375 0.0359375 0.0359375
0 0.78828125 0.69765625 0.2125 0.1234375
0 0.275 0.87734375 0.0390625 0.0484375
0 0.35625 0.84765625 0.15 0.084375
0 0.4671875 0.825 0.0453125 0.0328125
0 0.625 0.80078125 0.2125 0.1109375
0 0.7515625 0.74296875 0.084375 0.0734375
0 0.8734375 0.746875 0.125 0.08125
0 0.2984375 0.9296875 0.0921875 0.0546875
0 0.4484375 0.88984375 0.1859375 0.078125
0 0.5828125 0.85 0.1234375 0.0953125
0 0.6890625 0.82578125 0.0796875 0.0703125
0 0.75703125 0.8125 0.034375 0.0578125
0 0.78046875 0.80078125 0.01875 0.0125
0 0.80859375 0.79921875 0.0453125 0.0671875
0 0.8875 0.7859375 0.1234375 0.071875
0 0.17890625 0.9890625 0.0765625 0.021875
0 0.25625 0.98046875 0.075 0.0390625
0 0.31328125 0.97265625 0.03125 0.03125
0 0.36015625 0.959375 0.0609375 0.0359375
0 0.41484375 0.94609375 0.040625 0.0296875
0 0.47421875 0.9359375 0.071875 0.046875