0 0.034375 0.23515625 0.06875 0.0546875
0 0.159375 0.215625 0.09375 0.053125
0 0.278125 0.19609375 0.0375 0.021875
0 0.4125 0.1703125 0.1796875 0.0859375
0 0.5859375 0.1375 0.096875 0.0640625
0 0.67421875 0.11484375 0.028125 0.0234375
0 0.7984375 0.0921875 0.159375 0.0765625
0 0.11015625 0.3046875 0.175 0.0734375
0 0.26328125 0.27109375 0.06875 0.0390625
0 0.3421875 0.25390625 0.03125 0.025
0 0.453125 0.23515625 0.1234375 0.059375
0 0.56640625 0.20859375 0.021875 0.0203125
0 0.67578125 0.18828125 0.15 0.0703125
0 0.82265625 0.15390625 0.125 0.06875
0 0.06015625 0.36875 0.0453125 0.028125
0 0.1296875 0.35078125 0.0546875 0.040625
0 0.25546875 0.33203125 0.115625 0.05625