0 0.3703125 0.0515625 0.175 0.0484375
0 0.571875 0.04453125 0.20625 0.0609375
0 0.10546875 0.1640625 0.1078125 0.040625
0 0.25703125 0.14921875 0.0859375 0.0359375
0 0.4046875 0.146875 0.090625 0.040625
0 0.5734375 0.153125 0.1703125 0.0453125
0 0.69609375 0.14375 0.053125 0.021875
0 0.08203125 0.2140625 0.075 0.04375
0 0.1546875 0.21015625 0.053125 0.0390625
0 0.33125 0.19921875 0.1859375 0.0484375
0 0.4765625 0.1984375 0.0484375 0.03125
0 0.60078125 0.1890625 0.1265625 0.0390625
0 0.74375 0.19765625 0.128125 0.0546875
0 0.18125 0.27265625 0.2609375 0.05
0 0.3953125 0.25703125 0.071875 0.0484375
0 0.5359375 0.25078125 0.1296875 0.04375
0 0.6625 0.2484375 0.0875 0.0390625
0 0.071875 0.3359375 0.040625 0.0234375
0 0.15703125 0.321875 0.0578125 0.0375
0 0.265625 0.33203125 0.0671875 0.0625
0 0.3734375 0.325 0.040625 0.0265625
0 0.45 0.3078125 0.078125 0.0421875
0 0.5484375 0.29921875 0.059375 0.0265625
0 0.65 0.303125 0.0796875 0.0375
0 0.06875 0.39375 0.046875 0.0390625
0 0.2125 0.3921875 0.1140625 0.065625
0 0.36953125 0.37421875 0.08125 0.040625
0 0.47734375 0.37265625 0.0828125 0.0546875
0 0.60390625 0.35546875 0.103125 0.034375
0 0.71015625 0.35390625 0.0609375 0.028125
0 0.096875 0.45078125 0.096875 0.040625
0 0.2421875 0.4515625 0.1015625 0.0703125
0 0.371875 0.434375 0.078125 0.0328125
0 0.52890625 0.4203125 0.1578125 0.0359375
0 0.69609375 0.40703125 0.0671875 0.0328125
0 0.7640625 0.396875 0.0640625 0.0375
0 0.825 0.4078125 0.053125 0.0359375
0 0.09609375 0.5265625 0.065625 0.040625
0 0.225 0.53671875 0.078125 0.046875
0 0.37265625 0.51796875 0.1140625 0.0421875
0 0.515625 0.50390625 0.1140625 0.034375
0 0.60859375 0.49609375 0.0453125 0.0203125
0 0.7296875 0.48125 0.0890625 0.040625
0 0.09296875 0.596875 0.0453125 0.0421875
0 0.18671875 0.596875 0.0734375 0.03125
0 0.35859375 0.58203125 0.1234375 0.04375
0 0.496875 0.5671875 0.071875 0.046875
0 0.6203125 0.5609375 0.121875 0.0609375
0 0.1078125 0.74296875 0.1078125 0.0359375
0 0.190625 0.734375 0.0484375 0.025
0 0.25390625 0.7328125 0.0703125 0.0296875
0 0.53984375 0.7109375 0.221875 0.0390625
0 0.8265625 0.69140625 0.0890625 0.0265625
0 0.11796875 0.81796875 0.13125 0.0515625
0 0.20234375 0.80859375 0.0234375 0.0359375
0 0.25390625 0.80859375 0.071875 0.0375
0 0.3734375 0.79921875 0.1609375 0.0484375
0 0.4796875 0.79765625 0.053125 0.0515625
0 0.603125 0.78359375 0.1515625 0.05625
0 0.06875 0.884375 0.025 0.0375
0 0.146875 0.88359375 0.140625 0.04375
0 0.29921875 0.8734375 0.1484375 0.0453125
0 0.43203125 0.8640625 0.1171875 0.0421875
0 0.5328125 0.8640625 0.084375 0.046875
0 0.1109375 0.9328125 0.059375 0.059375
0 0.18828125 0.93515625 0.0453125 0.0515625
0 0.24921875 0.93515625 0.0546875 0.0453125
0 0.3046875 0.93203125 0.040625 0.0234375
0 0.3609375 0.93203125 0.04375 0.046875
0 0.33984375 0.728125 0.04375 0.040625
0 0.6859375 0.70859375 0.059375 0.046875
0 0.90625 0.68125 0.0484375 0.0328125