0 0.16171875 0.025 0.1171875 0.05
0 0.79140625 0.10625 0.03125 0.0140625
0 0.79296875 0.12265625 0.040625 0.01875
0 0.99296875 0.16015625 0.0140625 0.0140625
0 0.428125 0.08984375 0.19375 0.0828125
0 0.59140625 0.1046875 0.0796875 0.05
0 0.7015625 0.12421875 0.1359375 0.0875
0 0.83203125 0.140625 0.0390625 0.0234375
0 0.9375 0.17578125 0.125 0.1046875
0 0.259375 0.08515625 0.10625 0.04375
0 0.4421875 0.1203125 0.13125 0.0578125
0 0.5828125 0.13984375 0.0546875 0.0421875
0 0.65390625 0.14375 0.075 0.0375
0 0.16953125 0.0734375 0.084375 0.05
0 0.259375 0.19375 0.11875 0.0625
0 0.4109375 0.2125 0.0578125 0.03125
0 0.5734375 0.2421875 0.153125 0.075
0 0.77578125 0.26328125 0.125 0.0578125
0 0.3828125 0.23359375 0.1421875 0.053125
0 0.1046875 0.21796875 0.10625 0.0375
0 0.11171875 0.24453125 0.090625 0.04375
0 0.28359375 0.265625 0.078125 0.04375
0 0.353125 0.27890625 0.0234375 0.03125
0 0.4078125 0.2859375 0.0640625 0.0375
0 0.51640625 0.30390625 0.1234375 0.053125
0 0.64375 0.32578125 0.096875 0.0421875
0 0.234375 0.28046875 0.084375 0.0375
0 0.45546875 0.33046875 0.128125 0.0625
0 0.72265625 0.3609375 0.090625 0.0453125
0 0.18984375 0.2984375 0.0328125 0.03125
0 0.24140625 0.31640625 0.0765625 0.0515625
0 0.4046875 0.34140625 0.0875 0.040625
0 0.58984375 0.37265625 0.21875 0.084375
0 0.740625 0.396875 0.025 0.0125
0 0.21328125 0.38515625 0.109375 0.0421875
0 0.4328125 0.4296875 0.125 0.06875
0 0.6578125 0.47734375 0.1765625 0.09375
0 0.84140625 0.49140625 0.1546875 0.0734375
0 0.1234375 0.3953125 0.0328125 0.0328125
0 0.19609375 0.41796875 0.11875 0.05625
0 0.16875 0.50390625 0.078125 0.0421875
0 0.37734375 0.55859375 0.1671875 0.0828125
0 0.134375 0.5296875 0.028125 0.028125
0 0.1796875 0.54765625 0.071875 0.0453125
0 0.784375 0.6234375 0.2546875 0.0890625
0 0.40546875 0.58515625 0.115625 0.0453125
0 0.57265625 0.61796875 0.153125 0.0578125
0 0.259375 0.58671875 0.0984375 0.040625
0 0.35546875 0.60703125 0.05 0.03125
0 0.4796875 0.64609375 0.134375 0.078125
0 0.62421875 0.65859375 0.075 0.0359375
0 0.74453125 0.6859375 0.1578125 0.08125
0 0.13515625 0.64375 0.1015625 0.0484375
0 0.31484375 0.68203125 0.1015625 0.05
0 0.10078125 0.66953125 0.028125 0.03125
0 0.16796875 0.68828125 0.0953125 0.053125
0 0.43984375 0.740625 0.190625 0.0609375
0 0.74453125 0.78125 0.13125 0.0625
0 0.89453125 0.8015625 0.103125 0.053125
0 0.384375 0.96015625 0.0296875 0.0203125
0 0.421875 0.96953125 0.0515625 0.0234375
0 0.26953125 0.04296875 0.075 0.0390625