0 0.05703125 0.19765625 0.059375 0.06875
0 0.0984375 0.20078125 0.028125 0.0875
0 0.15859375 0.2015625 0.0734375 0.05625
0 0.24765625 0.31484375 0.096875 0.0875
0 0.3375 0.2984375 0.05625 0.05
0 0.42890625 0.31015625 0.1 0.05625
0 0.53359375 0.3125 0.05625 0.04375
0 0.6046875 0.30859375 0.0375 0.0375
0 0.65078125 0.3328125 0.028125 0.075
0 0.7484375 0.32578125 0.134375 0.0625
0 0.85 0.31328125 0.0609375 0.05625
0 0.896875 0.328125 0.015625 0.021875
0 0.03125 0.42421875 0.015625 0.028125
0 0.09765625 0.43125 0.065625 0.075
0 0.175 0.41171875 0.0671875 0.078125
0 0.29140625 0.42265625 0.1296875 0.090625
0 0.40078125 0.39453125 0.05 0.059375
0 0.4703125 0.415625 0.0625 0.0625
0 0.56875 0.40625 0.0890625 0.09375
0 0.64765625 0.4015625 0.0625 0.03125
0 0.72578125 0.39921875 0.071875 0.0296875
0 0.809375 0.39609375 0.0625 0.034375
0 0.91484375 0.41171875 0.125 0.05625
0 0.0328125 0.5 0.01875 0.034375
0 0.11875 0.4890625 0.121875 0.0625
0 0.20078125 0.49296875 0.034375 0.046875
0 0.26328125 0.51484375 0.0640625 0.059375
0 0.36796875 0.50625 0.103125 0.071875
0 0.5109375 0.48671875 0.125 0.0375
0 0.615625 0.49375 0.0578125 0.078125
0 0.734375 0.4984375 0.140625 0.09375
0 0.5484375 0.62109375 0.10625 0.109375
0 0.68515625 0.62421875 0.11875 0.084375