0 0.01875 0.30078125 0.0375 0.0328125
0 0.06015625 0.29140625 0.0453125 0.0328125
0 0.1015625 0.28125 0.0390625 0.034375
0 0.17578125 0.271875 0.1078125 0.059375
0 0.28046875 0.2484375 0.1078125 0.0453125
0 0.38828125 0.21171875 0.1421875 0.09375
0 0.5546875 0.19453125 0.1828125 0.1296875
0 0.63671875 0.1703125 0.015625 0.009375
0 0.71484375 0.1453125 0.1375 0.0828125
0 0.809375 0.14375 0.06875 0.084375
0 0.09765625 0.371875 0.178125 0.1203125
0 0.2421875 0.346875 0.1 0.0890625
0 0.328125 0.3234375 0.10625 0.075
0 0.39765625 0.3359375 0.1875 0.14375
0 0.53671875 0.29765625 0.1640625 0.134375
0 0.63359375 0.25234375 0.078125 0.075
0 0.71875 0.23828125 0.1140625 0.078125
0 0.7859375 0.2359375 0.01875 0.009375
0 0.865625 0.20546875 0.15625 0.1265625
0 0.0796875 0.61171875 0.03125 0.028125
0 0.1078125 0.609375 0.0140625 0.0171875
0 0.14765625 0.5953125 0.0640625 0.0375
0 0.20390625 0.58984375 0.0453125 0.03125
0 0.25234375 0.571875 0.0546875 0.034375
0 0.29453125 0.56328125 0.025 0.0234375
0 0.33984375 0.5515625 0.0671875 0.0359375
0 0.403125 0.525 0.0859375 0.0796875
0 0.4890625 0.53359375 0.096875 0.08125
0 0.58828125 0.4796875 0.125 0.075
0 0.66640625 0.45859375 0.0796875 0.0671875
0 0.73828125 0.44453125 0.0515625 0.04375
0 0.86640625 0.42734375 0.190625 0.109375
0 0.1578125 0.6890625 0.1046875 0.1171875
0 0.2640625 0.6859375 0.0984375 0.075
0 0.60625 0.575 0.090625 0.0828125
0 0.69609375 0.5546875 0.1109375 0.078125
0 0.8296875 0.521875 0.165625 0.084375
0 0.934375 0.50546875 0.0375 0.0390625
0 0.14375 0.79453125 0.0703125 0.09375
0 0.24765625 0.7671875 0.134375 0.103125
0 0.35703125 0.74921875 0.1265625 0.0859375
0 0.48203125 0.70859375 0.1078125 0.08125
0 0.61328125 0.678125 0.153125 0.0828125
0 0.7078125 0.65625 0.0640625 0.071875
0 0.7890625 0.625 0.1078125 0.0796875
0 0.859375 0.64296875 0.09375 0.1125
0 0.9375 0.62265625 0.0671875 0.0625
0 0.1734375 0.84375 0.1078125 0.078125
0 0.28203125 0.83046875 0.1359375 0.0953125
0 0.3875 0.78984375 0.1546875 0.1015625
0 0.49140625 0.771875 0.0171875 0.009375
0 0.55234375 0.75859375 0.1046875 0.0671875
0 0.6203125 0.74296875 0.015625 0.009375
0 0.6875 0.72421875 0.1265625 0.0609375
0 0.15703125 0.91484375 0.04375 0.0328125
0 0.20859375 0.91171875 0.0546875 0.0359375
0 0.28515625 0.8890625 0.1046875 0.0546875
0 0.36171875 0.865625 0.05 0.0328125
0 0.4078125 0.8515625 0.04375 0.0328125
0 0.446875 0.84375 0.0328125 0.0296875
0 0.22890625 0.99375 0.0671875 0.0125
0 0.28359375 0.98671875 0.0421875 0.0265625
0 0.340625 0.97734375 0.06875 0.0390625
0 0.396875 0.9640625 0.0421875 0.03125
0 0.41953125 0.62734375 0.2796875 0.1671875