0 0.46484375 0.0390625 0.1625 0.0625
0 0.1328125 0.0328125 0.046875 0.065625
0 0.2578125 0.08515625 0.1578125 0.1046875
0 0.396875 0.0953125 0.0875 0.059375
0 0.4921875 0.11171875 0.0375 0.0515625
0 0.59765625 0.13671875 0.1609375 0.0828125
0 0.7640625 0.1578125 0.140625 0.0796875
0 0.921875 0.19140625 0.15625 0.1078125
0 0.75 0.22578125 0.0484375 0.040625
0 0.89296875 0.25078125 0.2140625 0.1015625
0 0.64140625 0.21484375 0.125 0.0953125
0 0.54296875 0.18828125 0.078125 0.0625
0 0.46953125 0.190625 0.0515625 0.078125
0 0.35625 0.1609375 0.1578125 0.065625
0 0.2 0.1296875 0.125 0.0703125
0 0.23359375 0.20703125 0.2046875 0.084375
0 0.37890625 0.2421875 0.053125 0.0625
0 0.47421875 0.25078125 0.1296875 0.075
0 0.58125 0.26328125 0.0734375 0.0546875
0 0.721875 0.29140625 0.1796875 0.096875
0 0.84609375 0.31640625 0.0421875 0.05625
0 0.934375 0.32421875 0.13125 0.0546875
0 0.9515625 0.4109375 0.0546875 0.065625
0 0.81171875 0.3671875 0.2078125 0.0875
0 0.66875 0.353125 0.0828125 0.05
0 0.58984375 0.34453125 0.0421875 0.03125
0 0.5078125 0.32421875 0.090625 0.05625
0 0.39921875 0.30625 0.0765625 0.053125
0 0.27578125 0.29453125 0.125 0.05625
0 0.1578125 0.26875 0.0625 0.0546875
0 0.13828125 0.34609375 0.0578125 0.059375
0 0.2453125 0.3546875 0.1078125 0.0640625
0 0.44453125 0.39609375 0.24375 0.1140625
0 0.62578125 0.41328125 0.078125 0.0578125
0 0.69765625 0.4390625 0.04375 0.0734375
0 0.809375 0.4421875 0.14375 0.0765625
0 0.9375 0.471875 0.1015625 0.065625
0 0.91875 0.528125 0.0359375 0.04375
0 0.84765625 0.5234375 0.0890625 0.0421875
0 0.7109375 0.49453125 0.153125 0.075
0 0.5890625 0.48046875 0.0640625 0.05625
0 0.48515625 0.465625 0.0921875 0.0609375
0 0.33671875 0.45625 0.1703125 0.09375
0 0.19296875 0.41796875 0.06875 0.0515625
0 0.13125 0.409375 0.0390625 0.0484375
0 0.2265625 0.4953125 0.0859375 0.059375
0 0.12421875 0.47734375 0.065625 0.0546875
0 0.31953125 0.5078125 0.0890625 0.0609375
0 0.40390625 0.52578125 0.0671875 0.0578125
0 0.5234375 0.546875 0.1625 0.0828125
0 0.66640625 0.56640625 0.071875 0.0515625
0 0.7546875 0.571875 0.0640625 0.053125
0 0.84609375 0.590625 0.103125 0.0515625
0 0.121875 0.54609375 0.0890625 0.0671875
0 0.22265625 0.57109375 0.1296875 0.08125
0 0.36328125 0.59375 0.121875 0.0640625
0 0.50625 0.60390625 0.146875 0.078125
0 0.62265625 0.61796875 0.0609375 0.05625
0 0.71484375 0.63984375 0.1046875 0.0578125
0 0.8125 0.65234375 0.034375 0.0375
0 0.87734375 0.65 0.0671875 0.0515625
0 0.0921875 0.62734375 0.0453125 0.04375
0 0.22890625 0.64296875 0.190625 0.1
0 0.38359375 0.66640625 0.1234375 0.078125
0 0.478125 0.6765625 0.040625 0.0421875
0 0.596875 0.69609375 0.1875 0.0890625
0 0.74140625 0.71953125 0.1359375 0.0703125
0 0.8828125 0.73515625 0.1484375 0.078125
0 0.775 0.7890625 0.059375 0.05
0 0.86953125 0.80859375 0.1421875 0.0953125
0 0.6875 0.7796875 0.0984375 0.0765625
0 0.57421875 0.7640625 0.090625 0.065625
0 0.4171875 0.7359375 0.1734375 0.075
0 0.2546875 0.72734375 0.096875 0.065625
0 0.15625 0.7046875 0.0625 0.053125
0 0.075 0.69375 0.04375 0.046875
0 0.0921875 0.7765625 0.1078125 0.0671875
0 0.24140625 0.78828125 0.115625 0.06875
0 0.4046875 0.8078125 0.1515625 0.075
0 0.5203125 0.82421875 0.04375 0.0484375
0 0.58515625 0.8296875 0.059375 0.05
0 0.67578125 0.8484375 0.0828125 0.071875
0 0.82421875 0.875 0.23125 0.1078125
0 0.84765625 0.946875 0.0453125 0.0453125
0 0.7546875 0.934375 0.1484375 0.071875
0 0.596875 0.9109375 0.14375 0.0796875
0 0.90546875 0.95859375 0.0640625 0.0609375
0 0.453125 0.8828125 0.1328125 0.0703125
0 0.35 0.8828125 0.040625 0.04375
0 0.24296875 0.86015625 0.13125 0.0625
0 0.1359375 0.8515625 0.0515625 0.05
0 0.06015625 0.8375 0.071875 0.053125
0 0.08984375 0.9171875 0.153125 0.0703125