0 0.02265625 0.1875 0.0453125 0.06875
0 0.16796875 0.20390625 0.178125 0.2046875
0 0.359375 0.1453125 0.1296875 0.1328125
0 0.5109375 0.1546875 0.0875 0.0640625
0 0.646875 0.18046875 0.1078125 0.1265625
0 0.834375 0.10390625 0.2390625 0.146875
0 0.09375 0.3609375 0.1359375 0.140625
0 0.259375 0.40234375 0.10625 0.1484375
0 0.4625 0.30390625 0.203125 0.1484375
0 0.65078125 0.30390625 0.078125 0.103125
0 0.7984375 0.28046875 0.1640625 0.1359375
0 0.08515625 0.540625 0.1125 0.1125
0 0.25703125 0.5453125 0.1125 0.0609375
0 0.39765625 0.50546875 0.0609375 0.121875
0 0.52578125 0.48046875 0.109375 0.1046875
0 0.68203125 0.54921875 0.1921875 0.20625
0 0.865625 0.50546875 0.178125 0.2546875
0 0.08984375 0.75859375 0.134375 0.1484375
0 0.31875 0.68203125 0.24375 0.1421875
0 0.57265625 0.66171875 0.178125 0.140625
0 0.734375 0.65234375 0.0765625 0.1125
0 0.871875 0.696875 0.1421875 0.1484375
0 0.09140625 0.89609375 0.109375 0.065625
0 0.2390625 0.84765625 0.1265625 0.1359375
0 0.39296875 0.8671875 0.1125 0.0734375
0 0.63125 0.84375 0.3609375 0.2703125
0 0.8359375 0.83203125 0.05 0.0796875
0 0.92578125 0.88125 0.1484375 0.165625