0 0.10859375 0.13125 0.078125 0.0390625
0 0.15 0.125 0.0171875 0.0296875
0 0.18203125 0.121875 0.0515625 0.0296875
0 0.25546875 0.11484375 0.0890625 0.0390625
0 0.31796875 0.1078125 0.04375 0.0390625
0 0.284375 0.1890625 0.190625 0.090625
0 0.51328125 0.24296875 0.1328125 0.04375
0 0.61640625 0.23359375 0.071875 0.03125
0 0.77265625 0.215625 0.2453125 0.0578125
0 0.146875 0.30390625 0.06875 0.03125
0 0.18828125 0.2984375 0.0171875 0.0234375
0 0.21484375 0.29453125 0.046875 0.0265625
0 0.28203125 0.290625 0.0859375 0.0359375
0 0.34765625 0.28125 0.059375 0.0265625
0 0.6140625 0.26875 0.2140625 0.0515625
0 0.821875 0.25078125 0.19375 0.0578125
0 0.17890625 0.34375 0.1453125 0.05
0 0.7125 0.3015625 0.31875 0.084375
0 0.1703125 0.3890625 0.128125 0.040625
0 0.2984375 0.3734375 0.1046875 0.040625
0 0.4203125 0.359375 0.128125 0.04375
0 0.53828125 0.3484375 0.1125 0.0515625
0 0.659375 0.3296875 0.1359375 0.0515625
0 0.7484375 0.325 0.046875 0.0328125
0 0.19609375 0.43359375 0.15 0.0578125
0 0.35703125 0.41328125 0.15625 0.0453125
0 0.46171875 0.40390625 0.0421875 0.034375
0 0.5765625 0.39765625 0.153125 0.05625
0 0.753125 0.37265625 0.16875 0.0546875
0 0.23046875 0.47265625 0.1984375 0.0578125
0 0.41875 0.459375 0.14375 0.0640625
0 0.5109375 0.44453125 0.0328125 0.0328125
0 0.625 0.43828125 0.1859375 0.0484375
0 0.81484375 0.4171875 0.1796875 0.0515625
0 0.15703125 0.525 0.0578125 0.034375
0 0.2609375 0.51953125 0.128125 0.04375
0 0.3671875 0.5109375 0.0953125 0.0359375
0 0.484375 0.49765625 0.109375 0.040625
0 0.6296875 0.49453125 0.1953125 0.06875
0 0.75234375 0.4734375 0.0640625 0.0375
0 0.821875 0.4671875 0.05 0.034375
0 0.23125 0.56796875 0.1875 0.0625
0 0.4953125 0.54296875 0.2890625 0.059375
0 0.7015625 0.5265625 0.109375 0.04375
0 0.815625 0.5109375 0.10625 0.0359375
0 0.25859375 0.6171875 0.20625 0.053125
0 0.4 0.6046875 0.0640625 0.0296875
0 0.509375 0.59375 0.1234375 0.0390625
0 0.653125 0.58125 0.146875 0.0453125
0 0.84765625 0.56015625 0.215625 0.059375
0 0.21953125 0.67109375 0.1171875 0.046875
0 0.4265625 0.653125 0.271875 0.0671875
0 0.59453125 0.63515625 0.0609375 0.0453125
0 0.68359375 0.625 0.103125 0.0390625
0 0.80234375 0.6125 0.096875 0.0375
0 0.253125 0.72109375 0.1640625 0.04375
0 0.3859375 0.70703125 0.096875 0.0421875
0 0.61953125 0.68125 0.334375 0.075
0 0.28046875 0.76640625 0.1875 0.0515625
0 0.55859375 0.74296875 0.3015625 0.0671875
0 0.77421875 0.72109375 0.1125 0.05
0 0.2703125 0.82421875 0.1234375 0.040625
0 0.40546875 0.81171875 0.1265625 0.04375
0 0.546875 0.8015625 0.1484375 0.0453125
0 0.7046875 0.78515625 0.13125 0.0453125
0 0.31796875 0.87109375 0.2265625 0.059375
0 0.52265625 0.8578125 0.1546875 0.065625
0 0.6515625 0.83828125 0.103125 0.0390625
0 0.50625 0.89765625 0.2421875 0.06875