0 0.590625 0.06953125 0.175 0.0734375
0 0.2359375 0.0375 0.1234375 0.0625
0 0.31953125 0.05859375 0.021875 0.021875
0 0.35078125 0.06484375 0.0171875 0.0171875
0 0.4140625 0.07734375 0.0921875 0.0421875
0 0.51875 0.09765625 0.084375 0.05
0 0.61640625 0.125 0.0890625 0.04375
0 0.6875 0.14453125 0.03125 0.025
0 0.73984375 0.16015625 0.075 0.04375
0 0.8140625 0.18125 0.0546875 0.0390625
0 0.8765625 0.18984375 0.05625 0.0328125
0 0.95546875 0.21484375 0.0890625 0.0546875
0 0.13046875 0.059375 0.025 0.0234375
0 0.17734375 0.0703125 0.053125 0.0328125
0 0.2359375 0.084375 0.05 0.0328125
0 0.32578125 0.11015625 0.1265625 0.0609375
0 0.42265625 0.125 0.021875 0.01875
0 0.46328125 0.1265625 0.04375 0.0359375
0 0.52734375 0.146875 0.0828125 0.0453125
0 0.44375 0.17421875 0.103125 0.05
0 0.53046875 0.19296875 0.0359375 0.0234375
0 0.62265625 0.22578125 0.15 0.0671875
0 0.15625 0.1546875 0.1171875 0.0515625
0 0.24140625 0.171875 0.0359375 0.0265625
0 0.3265625 0.19296875 0.1234375 0.0546875
0 0.44921875 0.22578125 0.096875 0.05
0 0.1328125 0.19921875 0.10625 0.065625
0 0.11796875 0.234375 0.10625 0.0625
0 0.203125 0.2484375 0.0578125 0.059375
0 0.290625 0.275 0.10625 0.05625
0 0.37265625 0.28984375 0.03125 0.0265625
0 0.43203125 0.31484375 0.0703125 0.05625
0 0.534375 0.33828125 0.09375 0.05625
0 0.47890625 0.31640625 0.009375 0.00625
0 0.6171875 0.36015625 0.053125 0.0390625
0 0.725 0.38046875 0.1296875 0.0546875
0 0.10546875 0.2828125 0.1046875 0.0703125
0 0.18984375 0.28984375 0.0296875 0.0296875
0 0.2484375 0.303125 0.0734375 0.0421875
0 0.33984375 0.3328125 0.075 0.053125
0 0.39765625 0.34140625 0.025 0.025
0 0.4625 0.3640625 0.0703125 0.059375
0 0.571875 0.3859375 0.13125 0.05625
0 0.2046875 0.38203125 0.0765625 0.0515625
0 0.27890625 0.40859375 0.0421875 0.0375
0 0.38984375 0.4359375 0.1515625 0.0703125
0 0.5 0.4625 0.03125 0.0203125
0 0.540625 0.471875 0.05 0.0296875
0 0.61796875 0.49453125 0.0953125 0.0625
0 0.10078125 0.40625 0.16875 0.0734375
0 0.2359375 0.453125 0.0859375 0.0734375
0 0.33203125 0.46640625 0.08125 0.0421875
0 0.43671875 0.49921875 0.1296875 0.075
0 0.5453125 0.53515625 0.08125 0.05625
0 0.61796875 0.5375 0.0390625 0.0375
0 0.69296875 0.56171875 0.0953125 0.0578125
0 0.03828125 0.4390625 0.0546875 0.040625
0 0.10625 0.475 0.090625 0.0765625
0 0.20703125 0.48515625 0.0828125 0.059375
0 0.3265625 0.51484375 0.1375 0.06875
0 0.4390625 0.53828125 0.0546875 0.034375
0 0.5453125 0.575 0.1671875 0.0828125
0 0.05625 0.48828125 0.1125 0.0546875
0 0.2125 0.52578125 0.1734375 0.0765625
0 0.31875 0.56484375 0.04375 0.0375
0 0.41328125 0.5828125 0.13125 0.0703125
0 0.30234375 0.66875 0.159375 0.1140625
0 0.02578125 0.60625 0.0515625 0.046875
0 0.0796875 0.6234375 0.0640625 0.0484375
0 0.1734375 0.67109375 0.1125 0.0734375
0 0.28671875 0.69453125 0.103125 0.0625
0 0.390625 0.7140625 0.0953125 0.053125
0 0.48359375 0.73828125 0.0640625 0.04375
0 0.5890625 0.77421875 0.1296875 0.065625
0 0.68984375 0.7984375 0.05625 0.04375
0 0.74375 0.8046875 0.0421875 0.0296875
0 0.84375 0.83984375 0.1375 0.075
0 0.02265625 0.66171875 0.0453125 0.0390625
0 0.12890625 0.69296875 0.1578125 0.0734375
0 0.26015625 0.73203125 0.11875 0.059375
0 0.35625 0.74921875 0.0515625 0.0375
0 0.43125 0.76953125 0.096875 0.0671875
0 0.50703125 0.79609375 0.025 0.025
0 0.57890625 0.82578125 0.1265625 0.1