0 0.1515625 0.05 0.175 0.03125
0 0.1765625 0.09140625 0.015625 0.015625
0 0.28125 0.090625 0.1546875 0.0375
0 0.475 0.08671875 0.203125 0.046875
0 0.65625 0.08515625 0.134375 0.0296875
0 0.76328125 0.08828125 0.0625 0.034375
0 0.834375 0.0953125 0.0375 0.0234375
0 0.2421875 0.13515625 0.05625 0.025
0 0.38515625 0.13125 0.215625 0.040625
0 0.57578125 0.125 0.140625 0.0359375
0 0.18359375 0.1796875 0.025 0.021875
0 0.32578125 0.175 0.1875 0.0375
0 0.46953125 0.1734375 0.0484375 0.028125
0 0.56796875 0.17890625 0.1359375 0.0359375
0 0.71953125 0.17734375 0.134375 0.0390625
0 0.83359375 0.1875 0.0390625 0.028125
0 0.31171875 0.21796875 0.159375 0.046875
0 0.49296875 0.2265625 0.16875 0.0375
0 0.62890625 0.21953125 0.05625 0.0296875
0 0.69296875 0.221875 0.05625 0.0265625
0 0.80234375 0.22578125 0.1375 0.0390625
0 0.26484375 0.27265625 0.05625 0.025
0 0.39609375 0.26484375 0.184375 0.040625
0 0.53125 0.26953125 0.034375 0.025
0 0.584375 0.2734375 0.0359375 0.01875
0 0.68671875 0.271875 0.14375 0.034375
0 0.7984375 0.278125 0.0453125 0.021875
0 0.3390625 0.309375 0.1765625 0.040625
0 0.2078125 0.3625 0.01875 0.021875
0 0.31875 0.359375 0.134375 0.034375
0 0.4515625 0.359375 0.096875 0.0375
0 0.56171875 0.3671875 0.08125 0.034375
0 0.63828125 0.36015625 0.05625 0.028125
0 0.70625 0.365625 0.06875 0.03125
0 0.81875 0.371875 0.121875 0.0390625
0 0.915625 0.37734375 0.0546875 0.0328125
0 0.31640625 0.40625 0.140625 0.0390625
0 0.4234375 0.40234375 0.040625 0.03125
0 0.53671875 0.403125 0.16875 0.0296875
0 0.69375 0.41328125 0.090625 0.028125
0 0.771875 0.41015625 0.0515625 0.028125
0 0.86953125 0.4171875 0.128125 0.0296875
0 0.2109375 0.44765625 0.021875 0.01875
0 0.28359375 0.44375 0.090625 0.03125
0 0.42890625 0.43984375 0.1609375 0.034375
0 0.6109375 0.45234375 0.13125 0.040625
0 0.71640625 0.4515625 0.0390625 0.028125
0 0.8078125 0.4609375 0.128125 0.0453125
0 0.265625 0.4890625 0.04375 0.028125
0 0.32421875 0.48984375 0.071875 0.028125
0 0.409375 0.48984375 0.08125 0.025
0 0.13828125 0.53125 0.0703125 0.03125
0 0.27890625 0.5375 0.1875 0.025
0 0.4671875 0.53984375 0.178125 0.040625
0 0.6296875 0.5375 0.1375 0.034375
0 0.73359375 0.54453125 0.0625 0.0328125
0 0.86640625 0.55625 0.1796875 0.05
0 0.2265625 0.57265625 0.0703125 0.028125
0 0.2984375 0.57578125 0.053125 0.0296875
0 0.35 0.575 0.034375 0.025
0 0.40625 0.57890625 0.059375 0.03125
0 0.5765625 0.5828125 0.23125 0.034375
0 0.2578125 0.628125 0.078125 0.0375
0 0.371875 0.6328125 0.1375 0.034375
0 0.59375 0.634375 0.18125 0.034375
0 0.71171875 0.6359375 0.0375 0.021875
0 0.7671875 0.63984375 0.059375 0.028125
0 0.84296875 0.63359375 0.071875 0.0359375
0 0.25625 0.6796875 0.071875 0.0390625
0 0.38125 0.6734375 0.175 0.04375
0 0.51015625 0.6859375 0.09375 0.0265625
0 0.64609375 0.68984375 0.175 0.03125
0 0.77734375 0.69375 0.040625 0.0296875
0 0.8390625 0.69375 0.065625 0.034375
0 0.51796875 0.73046875 0.1453125 0.034375
0 0.63046875 0.73203125 0.05625 0.025
0 0.70390625 0.7390625 0.0453125 0.03125
0 0.75078125 0.734375 0.0375 0.034375
0 0.12421875 0.80234375 0.11875 0.0375
0 0.2203125 0.8046875 0.040625 0.0234375
0 0.33671875 0.8109375 0.175 0.025
0 0.528125 0.81640625 0.1765625 0.028125
0 0.64453125 0.8203125 0.05 0.025
0 0.78046875 0.82421875 0.215625 0.0328125
0 0.20625 0.85078125 0.1734375 0.0234375
0 0.39921875 0.9 0.090625 0.0296875
0 0.5140625 0.90234375 0.13125 0.0328125
0 0.640625 0.909375 0.10625 0.0296875
0 0.721875 0.9125 0.03125 0.034375
0 0.82265625 0.91953125 0.1640625 0.0453125
0 0.1609375 0.934375 0.040625 0.028125
0 0.21328125 0.94140625 0.0515625 0.028125
0 0.33984375 0.94609375 0.1625 0.0375
0 0.50859375 0.9515625 0.1484375 0.03125
0 0.4484375 0.9875 0.05 0.025
0 0.534375 0.44921875 0.015625 0.00625
0 0.46953125 0.6390625 0.0125 0.009375
0 0.33828125 0.89609375 0.01875 0.00625