0 0.240625 0.1359375 0.08125 0.0140625
0 0.346875 0.1359375 0.11875 0.0171875
0 0.24921875 0.159375 0.059375 0.0140625
0 0.3203125 0.16015625 0.04375 0.0125
0 0.20703125 0.178125 0.0125 0.0046875
0 0.2484375 0.18203125 0.0515625 0.015625
0 0.28671875 0.18203125 0.0296875 0.0125
0 0.3328125 0.184375 0.065625 0.015625
0 0.40234375 0.1828125 0.046875 0.0171875
0 0.25703125 0.209375 0.065625 0.0140625
0 0.33359375 0.2078125 0.0625 0.0140625
0 0.2 0.225 0.0078125 0.0046875
0 0.28828125 0.2375 0.1359375 0.028125
0 0.39765625 0.2375 0.0953125 0.0203125
0 0.265625 0.2578125 0.0765625 0.015625
0 0.353125 0.26015625 0.065625 0.0171875
0 0.43515625 0.26171875 0.075 0.0140625
0 0.48984375 0.26171875 0.0453125 0.0140625
0 0.19921875 0.27578125 0.0140625 0.0046875
0 0.2578125 0.284375 0.0859375 0.01875
0 0.3265625 0.28359375 0.046875 0.0125
0 0.4015625 0.2875 0.090625 0.0203125
0 0.2421875 0.31171875 0.065625 0.0171875
0 0.3125 0.31171875 0.0875 0.0203125
0 0.209375 0.35703125 0.0578125 0.0203125
0 0.278125 0.36015625 0.0703125 0.01875
0 0.3453125 0.36171875 0.0203125 0.00625
0 0.41796875 0.36484375 0.071875 0.01875
0 0.47109375 0.36484375 0.0328125 0.0171875
0 0.528125 0.36640625 0.0796875 0.01875
0 0.61484375 0.3671875 0.075 0.01875
0 0.6640625 0.36640625 0.0140625 0.009375
0 0.7515625 0.36796875 0.1 0.021875
0 0.86796875 0.37265625 0.0953125 0.0203125
0 0.20390625 0.3890625 0.05 0.028125
0 0.27421875 0.3875 0.0359375 0.01875
0 0.31328125 0.38515625 0.0140625 0.009375
0 0.375 0.3890625 0.0609375 0.0171875
0 0.48828125 0.39296875 0.15 0.0234375
0 0.58828125 0.39296875 0.0171875 0.0046875
0 0.6359375 0.39375 0.0640625 0.0203125
0 0.7 0.39453125 0.05 0.0171875
0 0.746875 0.39609375 0.0203125 0.00625
0 0.80703125 0.3984375 0.0671875 0.01875
0 0.85625 0.4 0.025 0.0171875
0 0.91171875 0.403125 0.0703125 0.0234375
0 0.9265625 0.41875 0.040625 0.0125
0 0.20390625 0.459375 0.0609375 0.01875
0 0.275 0.46171875 0.0703125 0.0171875
0 0.35 0.4625 0.046875 0.015625
0 0.19375 0.48828125 0.0609375 0.0171875
0 0.23671875 0.48671875 0.0296875 0.015625
0 0.3046875 0.48828125 0.078125 0.01875
0 0.39609375 0.49140625 0.075 0.0203125
0 0.23515625 0.521875 0.0546875 0.025
0 0.2734375 0.52265625 0.009375 0.003125
0 0.36015625 0.53046875 0.1375 0.0390625
0 0.23984375 0.54375 0.059375 0.0140625
0 0.34296875 0.54921875 0.1453125 0.021875
0 0.25625 0.5703125 0.0734375 0.01875
0 0.31484375 0.57109375 0.053125 0.0234375
0 0.37421875 0.58125 0.0921875 0.028125
0 0.4984375 0.5796875 0.121875 0.0203125
0 0.2546875 0.628125 0.0828125 0.01875
0 0.3140625 0.62734375 0.040625 0.015625
0 0.37578125 0.6359375 0.090625 0.0265625
0 0.45703125 0.6296875 0.0515625 0.0171875
0 0.2203125 0.65390625 0.078125 0.01875
0 0.315625 0.6578125 0.0859375 0.021875
0 0.253125 0.6890625 0.146875 0.0375
0 0.4015625 0.690625 0.13125 0.025
0 0.19375 0.7109375 0.0546875 0.01875
0 0.321875 0.7125 0.1703125 0.021875
0 0.22890625 0.815625 0.0703125 0.0453125
0 0.51171875 0.72265625 0.0203125 0.0171875
0 0.24765625 0.84765625 0.0828125 0.05
0 0.39296875 0.7890625 0.171875 0.096875
0 0.26015625 0.87734375 0.0671875 0.0375
0 0.3140625 0.859375 0.0515625 0.0328125
0 0.36953125 0.8265625 0.0625 0.0421875
0 0.5265625 0.73828125 0.025 0.0171875
0 0.390625 0.86328125 0.19375 0.1203125
0 0.5421875 0.76015625 0.028125 0.0171875
0 0.60703125 0.76875 0.025 0.015625
0 0.25 0.5984375 0.0703125 0.025
0 0.35625 0.6078125 0.146875 0.0375