0 0.78125 0.0515625 0.08125 0.0359375
0 0.16015625 0.053125 0.1703125 0.10625
0 0.29296875 0.0578125 0.0765625 0.0859375
0 0.42421875 0.071875 0.14375 0.0859375
0 0.58046875 0.0953125 0.1828125 0.075
0 0.16171875 0.121875 0.046875 0.0390625
0 0.31953125 0.1296875 0.196875 0.0859375
0 0.54375 0.178125 0.2421875 0.109375
0 0.45078125 0.2 0.1875 0.084375
0 0.45625 0.25390625 0.2171875 0.1015625
0 0.50859375 0.2953125 0.2828125 0.1
0 0.7734375 0.3390625 0.2578125 0.1140625
0 0.4921875 0.3375 0.2640625 0.1109375
0 0.515625 0.3765625 0.3109375 0.0953125
0 0.725 0.40625 0.1453125 0.0703125
0 0.134375 0.3921875 0.0578125 0.040625
0 0.340625 0.4375 0.2890625 0.11875
0 0.1296875 0.47265625 0.0546875 0.0390625
0 0.32265625 0.503125 0.228125 0.0875
0 0.5546875 0.53828125 0.2171875 0.0828125
0 0.8171875 0.57890625 0.35 0.1234375
0 0.1203125 0.54921875 0.0625 0.05625
0 0.271875 0.56796875 0.1125 0.0578125
0 0.453125 0.6078125 0.21875 0.096875
0 0.10546875 0.62109375 0.08125 0.0515625
0 0.49296875 0.690625 0.1734375 0.10625
0 0.09921875 0.69921875 0.06875 0.04375
0 0.3 0.7203125 0.2109375 0.0859375
0 0.48046875 0.7484375 0.1203125 0.053125
0 0.63125 0.7875 0.2125 0.0984375
0 0.334375 0.190625 0.028125 0.0171875
0 0.296875 0.23125 0.0328125 0.0171875
0 0.30078125 0.278125 0.03125 0.015625
0 0.30625 0.31484375 0.0359375 0.0125
0 0.30078125 0.3484375 0.053125 0.021875
0 0.28828125 0.6578125 0.178125 0.0890625