0 0.48515625 0.08828125 0.1625 0.06875
0 0.66640625 0.1359375 0.190625 0.0890625
0 0.37890625 0.11015625 0.103125 0.05
0 0.54609375 0.15625 0.075 0.0375
0 0.6609375 0.18046875 0.065625 0.0359375
0 0.79140625 0.215625 0.1171875 0.05625
0 0.21171875 0.13203125 0.1125 0.065625
0 0.38671875 0.17890625 0.05625 0.0484375
0 0.55390625 0.21953125 0.1328125 0.065625
0 0.75390625 0.2625 0.1609375 0.065625
0 0.16953125 0.16875 0.0703125 0.0390625
0 0.3546875 0.215625 0.159375 0.065625
0 0.575 0.27421875 0.1796875 0.0671875
0 0.74140625 0.30546875 0.06875 0.0328125
0 0.840625 0.32734375 0.078125 0.0328125
0 0.2390625 0.246875 0.2234375 0.0921875
0 0.51875 0.309375 0.20625 0.0734375
0 0.740625 0.35 0.1109375 0.0453125
0 0.25 0.29453125 0.2515625 0.084375
0 0.5 0.35390625 0.0859375 0.0390625
0 0.6734375 0.39296875 0.1359375 0.0546875
0 0.153125 0.33203125 0.096875 0.0484375
0 0.31328125 0.37109375 0.078125 0.0359375
0 0.496875 0.415625 0.1 0.053125
0 0.66953125 0.43984375 0.09375 0.0421875
0 0.79765625 0.46171875 0.09375 0.040625
0 0.13203125 0.37734375 0.06875 0.040625
0 0.3609375 0.43671875 0.2 0.0765625
0 0.55234375 0.47734375 0.0625 0.034375
0 0.69765625 0.50625 0.1328125 0.0484375
0 0.1390625 0.4296875 0.10625 0.0453125
0 0.2828125 0.46328125 0.06875 0.0359375
0 0.52109375 0.5203125 0.26875 0.0875
0 0.73046875 0.57109375 0.0421875 0.0296875
0 0.09375 0.46875 0.0421875 0.0265625
0 0.20078125 0.49375 0.0859375 0.04375
0 0.3390625 0.5171875 0.0328125 0.03125
0 0.46640625 0.559375 0.1203125 0.0703125
0 0.67578125 0.603125 0.1890625 0.065625
0 0.15546875 0.53125 0.1875 0.071875
0 0.3734375 0.584375 0.1375 0.046875
0 0.5171875 0.6125 0.0171875 0.0234375
0 0.6390625 0.64375 0.1171875 0.0453125
0 0.09921875 0.5640625 0.103125 0.0453125
0 0.2421875 0.60234375 0.0921875 0.05
0 0.46015625 0.646875 0.209375 0.071875
0 0.65390625 0.6859375 0.0640625 0.04375
0 0.7546875 0.71171875 0.1109375 0.0546875
0 0.13984375 0.6140625 0.178125 0.0671875
0 0.40390625 0.67421875 0.253125 0.084375
0 0.0953125 0.6390625 0.096875 0.040625
0 0.165625 0.65078125 0.04375 0.0265625
0 0.221875 0.665625 0.0640625 0.034375
0 0.4734375 0.71640625 0.19375 0.0578125
0 0.72421875 0.76796875 0.0796875 0.034375
0 0.08203125 0.71015625 0.121875 0.0671875
0 0.159375 0.7171875 0.021875 0.0328125
0 0.20546875 0.73125 0.065625 0.0375
0 0.3125 0.74921875 0.1390625 0.05625
0 0.403125 0.7734375 0.05 0.0453125
0 0.51796875 0.7984375 0.1265625 0.0640625
0 0.021875 0.75234375 0.0234375 0.03125
0 0.09921875 0.76796875 0.125 0.053125
0 0.22890625 0.79609375 0.1328125 0.0578125
0 0.3453125 0.82109375 0.1015625 0.0515625
0 0.43203125 0.83984375 0.06875 0.046875
0 0.0375 0.79609375 0.0640625 0.040625
0 0.21328125 0.8296875 0.040625 0.040625
0 0.37109375 0.86796875 0.05625 0.034375
0 0.45078125 0.88359375 0.0421875 0.0375
0 0.584375 0.91640625 0.0828125 0.078125