0 0.35625 0.10078125 0.109375 0.1140625
0 0.45390625 0.0859375 0.0109375 0.0453125
0 0.31875 0.17421875 0.1390625 0.08125
0 0.4328125 0.15625 0.0765625 0.0609375
0 0.50703125 0.16953125 0.1171875 0.1296875
0 0.2609375 0.22890625 0.071875 0.05625
0 0.3546875 0.21796875 0.0453125 0.0484375
0 0.4296875 0.24140625 0.1109375 0.125
0 0.5421875 0.18515625 0.0421875 0.034375
0 0.24609375 0.296875 0.0921875 0.09375
0 0.33671875 0.31953125 0.0765625 0.146875
0 0.42890625 0.28046875 0.0265625 0.0234375
0 0.5375 0.25859375 0.1515625 0.1546875
0 0.66953125 0.15625 0.078125 0.071875
0 0.21875 0.3703125 0.0796875 0.0546875
0 0.33984375 0.39765625 0.103125 0.1296875
0 0.4703125 0.325 0.0859375 0.0578125
0 0.6203125 0.2890625 0.1515625 0.190625
0 0.171875 0.4671875 0.075 0.0734375
0 0.3109375 0.44296875 0.1578125 0.121875
0 0.4390625 0.39453125 0.0234375 0.0484375
0 0.49375 0.3953125 0.04375 0.021875
0 0.64296875 0.37109375 0.146875 0.140625
0 0.73515625 0.29296875 0.1015625 0.0921875
0 0.1328125 0.55390625 0.059375 0.0953125
0 0.21328125 0.5765625 0.096875 0.1359375
0 0.3328125 0.4984375 0.059375 0.0515625
0 0.4640625 0.45703125 0.103125 0.15625
0 0.5984375 0.403125 0.0625 0.0671875
0 0.6921875 0.359375 0.0296875 0.046875
0 0.803125 0.2953125 0.04375 0.04375
0 0.10703125 0.6953125 0.084375 0.1375
0 0.22890625 0.6171875 0.025 0.0234375
0 0.3609375 0.58671875 0.1515625 0.1421875
0 0.51640625 0.51328125 0.0390625 0.0640625
0 0.62109375 0.47109375 0.0609375 0.0703125
0 0.7328125 0.37578125 0.065625 0.0765625
0 0.84765625 0.2734375 0.01875 0.0375
0 0.1921875 0.72734375 0.1921875 0.14375
0 0.45703125 0.62578125 0.225 0.190625
0 0.484375 0.69453125 0.090625 0.0921875
0 0.66171875 0.66796875 0.1984375 0.259375
0 0.81171875 0.5375 0.04375 0.0421875
0 0.84921875 0.5296875 0.0328125 0.0375
0 0.41796875 0.83828125 0.153125 0.1234375
0 0.5640625 0.78828125 0.0234375 0.0328125
0 0.69609375 0.70234375 0.1421875 0.15625
0 0.5296875 0.87421875 0.0375 0.0578125
0 0.659375 0.8375 0.0453125 0.071875