0 0.33203125 0.0796875 0.053125 0.0671875
0 0.3828125 0.1171875 0.0640625 0.0671875
0 0.465625 0.1125 0.109375 0.0921875
0 0.56171875 0.12734375 0.084375 0.0765625
0 0.2625 0.225 0.0171875 0.04375
0 0.3171875 0.2359375 0.0671875 0.065625
0 0.40703125 0.246875 0.11875 0.0890625
0 0.253125 0.278125 0.0359375 0.040625
0 0.3390625 0.2921875 0.13125 0.0859375
0 0.43203125 0.29453125 0.0578125 0.0546875
0 0.25703125 0.31875 0.0625 0.0609375
0 0.30703125 0.34453125 0.05 0.05
0 0.3671875 0.3640625 0.0609375 0.05625
0 0.2453125 0.38671875 0.0671875 0.0640625
0 0.32421875 0.39609375 0.0859375 0.071875
0 0.39296875 0.43046875 0.0765625 0.0640625
0 0.2125 0.5 0.084375 0.08125
0 0.30703125 0.51328125 0.1046875 0.0859375
0 0.428125 0.5265625 0.1203125 0.0875
0 0.1765625 0.53359375 0.01875 0.0453125
0 0.21015625 0.5484375 0.0734375 0.0828125
0 0.278125 0.55546875 0.05625 0.05625
0 0.35 0.57734375 0.0890625 0.109375
0 0.4140625 0.59296875 0.0390625 0.0484375
0 0.4703125 0.603125 0.0734375 0.0640625
0 0.17109375 0.58515625 0.0703125 0.0765625
0 0.240625 0.6 0.0609375 0.065625
0 0.325 0.61796875 0.1234375 0.1078125
0 0.44453125 0.65546875 0.121875 0.075
0 0.15390625 0.67109375 0.08125 0.084375
0 0.2328125 0.6828125 0.0640625 0.071875
0 0.3234375 0.7078125 0.121875 0.1125
0 0.41875 0.71640625 0.08125 0.08125
0 0.14453125 0.75703125 0.0875 0.05625
0 0.22421875 0.78984375 0.053125 0.078125
0 0.30625 0.80078125 0.0984375 0.0734375
0 0.3640625 0.78046875 0.028125 0.0625
0 0.8171875 0.259375 0.190625 0.1328125
0 0.82109375 0.38515625 0.10625 0.0546875
0 0.73359375 0.4625 0.034375 0.0390625
0 0.78984375 0.48671875 0.078125 0.053125
0 0.86171875 0.50078125 0.059375 0.053125
0 0.721875 0.57421875 0.09375 0.059375
0 0.79609375 0.584375 0.0515625 0.0453125
0 0.85078125 0.6 0.0515625 0.034375
0 0.66640625 0.659375 0.0484375 0.0421875
0 0.7515625 0.68515625 0.125 0.071875
0 0.84765625 0.70390625 0.0609375 0.0453125
0 0.64921875 0.7609375 0.0640625 0.046875
0 0.72109375 0.7875 0.0796875 0.0484375
0 0.80703125 0.8 0.084375 0.0578125
0 0.678125 0.8765625 0.1140625 0.053125
0 0.77109375 0.890625 0.065625 0.0453125
0 0.6875 0.975 0.109375 0.05