0 0.17890625 0.06015625 0.0671875 0.03125
0 0.24140625 0.05546875 0.0359375 0.034375
0 0.31640625 0.03984375 0.084375 0.034375
0 0.4109375 0.028125 0.0859375 0.046875
0 0.48046875 0.0265625 0.040625 0.0375
0 0.16640625 0.10390625 0.04375 0.0390625
0 0.21796875 0.09921875 0.046875 0.0328125
0 0.28046875 0.08515625 0.059375 0.0484375
0 0.3796875 0.08046875 0.128125 0.0546875
0 0.4734375 0.06796875 0.0546875 0.0546875
0 0.5625 0.05859375 0.125 0.05625
0 0.23515625 0.134375 0.171875 0.0890625
0 0.38515625 0.115625 0.134375 0.084375
0 0.171875 0.25390625 0.09375 0.0421875
0 0.2734375 0.23984375 0.0734375 0.0375
0 0.86640625 0.1828125 0.08125 0.05
0 0.175 0.32109375 0.0625 0.03125
0 0.24296875 0.3078125 0.0421875 0.03125
0 0.3046875 0.30390625 0.0484375 0.03125
0 0.34921875 0.2984375 0.03125 0.025
0 0.4390625 0.29375 0.096875 0.0359375
0 0.1625 0.4328125 0.015625 0.0234375
0 0.26015625 0.421875 0.1671875 0.0625
0 0.4109375 0.40546875 0.09375 0.0390625
0 0.184375 0.47109375 0.0109375 0.00625
0 0.2296875 0.47578125 0.05625 0.0453125
0 0.29140625 0.46171875 0.0484375 0.0359375
0 0.3546875 0.4625 0.05 0.0390625
0 0.409375 0.45 0.0421875 0.0421875
0 0.4671875 0.44765625 0.0484375 0.0296875
0 0.56328125 0.4328125 0.1265625 0.0546875
0 0.68359375 0.42421875 0.078125 0.05
0 0.75078125 0.403125 0.0296875 0.0359375
0 0.79375 0.40546875 0.0171875 0.0203125
0 0.85859375 0.40546875 0.0734375 0.0421875
0 0.28671875 0.50234375 0.16875 0.0578125
0 0.41640625 0.48828125 0.0671875 0.034375
0 0.46171875 0.4859375 0.0078125 0.0171875
0 0.49765625 0.49296875 0.040625 0.0390625
0 0.55703125 0.48359375 0.06875 0.0546875
0 0.6203125 0.47578125 0.0296875 0.0453125
0 0.66875 0.46015625 0.040625 0.034375
0 0.7328125 0.45390625 0.0515625 0.0328125
0 0.8078125 0.446875 0.0671875 0.0359375
0 0.87890625 0.4390625 0.0375 0.0296875
0 0.921875 0.4375 0.03125 0.0296875
0 0.265625 0.534375 0.1140625 0.0453125
0 0.19453125 0.63671875 0.0171875 0.021875
0 0.2734375 0.62265625 0.1328125 0.0546875
0 0.4078125 0.60546875 0.09375 0.0375
0 0.209375 0.684375 0.009375 0.00625
0 0.24609375 0.68359375 0.0546875 0.0484375
0 0.30859375 0.6734375 0.0484375 0.0359375
0 0.36328125 0.66484375 0.0390625 0.0390625
0 0.43046875 0.66640625 0.06875 0.0609375
0 0.4921875 0.65625 0.01875 0.0234375
0 0.6046875 0.63984375 0.15 0.059375
0 0.73125 0.62109375 0.0734375 0.04375
0 0.775 0.63515625 0.00625 0.0140625
0 0.81171875 0.61015625 0.0421875 0.034375
0 0.8734375 0.60390625 0.059375 0.03125
0 0.9296875 0.59296875 0.028125 0.0328125
0 0.24296875 0.72734375 0.0515625 0.04375
0 0.325 0.71640625 0.0703125 0.0328125
0 0.3984375 0.7125 0.028125 0.0328125
0 0.5109375 0.69921875 0.1328125 0.05625
0 0.59140625 0.6953125 0.00625 0.015625
0 0.62578125 0.67890625 0.059375 0.0390625
0 0.70234375 0.67421875 0.08125 0.046875
0 0.7640625 0.6640625 0.021875 0.034375
0 0.7953125 0.6609375 0.03125 0.0359375
0 0.8421875 0.6578125 0.0359375 0.034375
0 0.88984375 0.6515625 0.0609375 0.0390625
0 0.93984375 0.63828125 0.0390625 0.0328125
0 0.24453125 0.778125 0.025 0.0359375
0 0.34375 0.7640625 0.1453125 0.0578125
0 0.44609375 0.75546875 0.03125 0.0265625
0 0.51171875 0.75 0.0640625 0.0515625
0 0.578125 0.73046875 0.0625 0.0421875
0 0.6515625 0.715625 0.0546875 0.0390625
0 0.7375 0.703125 0.1015625 0.053125
0 0.79609375 0.7078125 0.0078125 0.015625
0 0.825 0.70234375 0.0390625 0.03125
0 0.89609375 0.6953125 0.0765625 0.053125
0 0.946875 0.675 0.0234375 0.028125
0 0.25390625 0.81953125 0.03125 0.0375
0 0.2953125 0.81796875 0.0203125 0.0234375
0 0.34453125 0.8125 0.071875 0.0390625
0 0.45078125 0.8 0.096875 0.0515625
0 0.56640625 0.7796875 0.0921875 0.0390625
0 0.62109375 0.77734375 0.0046875 0.0046875
0 0.21484375 0.903125 0.015625 0.0296875
0 0.309375 0.88359375 0.1625 0.0734375
0 0.45703125 0.87421875 0.0984375 0.04375
0 0.24296875 0.94765625 0.015625 0.0109375
0 0.31171875 0.92734375 0.1078125 0.0671875
0 0.40234375 0.93046875 0.05625 0.0453125
0 0.48203125 0.91484375 0.08125 0.053125
0 0.59453125 0.9 0.1234375 0.053125
0 0.69765625 0.8953125 0.034375 0.034375
0 0.7515625 0.8765625 0.0578125 0.0390625
0 0.8640625 0.8609375 0.134375 0.06875
0 0.94921875 0.8359375 0.0328125 0.0421875