0 0.46796875 0.0109375 0.0609375 0.021875
0 0.16640625 0.13359375 0.171875 0.109375
0 0.34140625 0.07890625 0.06875 0.0390625
0 0.4734375 0.07421875 0.0890625 0.06875
0 0.59765625 0.03046875 0.1140625 0.0609375
0 0.7109375 0.00859375 0.0625 0.0171875
0 0.84921875 0.01484375 0.1578125 0.0296875
0 0.1015625 0.21484375 0.1203125 0.075
0 0.3 0.1796875 0.2015625 0.109375
0 0.48046875 0.17734375 0.090625 0.059375
0 0.66015625 0.1171875 0.1625 0.08125
0 0.83515625 0.07265625 0.140625 0.06875
0 0.11015625 0.309375 0.1390625 0.08125
0 0.41796875 0.27109375 0.3375 0.1453125
0 0.7265625 0.1953125 0.1484375 0.084375
0 0.89453125 0.15625 0.1203125 0.078125
0 0.1953125 0.4046875 0.3109375 0.1203125
0 0.45625 0.36015625 0.08125 0.0625
0 0.62890625 0.30859375 0.2125 0.0984375
0 0.87578125 0.25 0.178125 0.0890625
0 0.08515625 0.51796875 0.1703125 0.1140625
0 0.26015625 0.46875 0.121875 0.0859375
0 0.43125 0.43984375 0.1375 0.071875
0 0.6703125 0.39921875 0.19375 0.1171875
0 0.89609375 0.33515625 0.16875 0.0859375
0 0.115625 0.5859375 0.1796875 0.1046875
0 0.3625 0.5578125 0.1984375 0.103125
0 0.56484375 0.51484375 0.1109375 0.084375
0 0.70546875 0.50234375 0.0421875 0.0375
0 0.8796875 0.4484375 0.240625 0.090625
0 0.16875 0.69375 0.29375 0.125
0 0.4640625 0.6375 0.2359375 0.125
0 0.77578125 0.578125 0.325 0.1265625
0 0.103125 0.82734375 0.1203125 0.0703125
0 0.253125 0.77734375 0.1375 0.1078125
0 0.47578125 0.73046875 0.2046875 0.1125
0 0.75625 0.6859375 0.2515625 0.1390625
0 0.1453125 0.93125 0.1515625 0.0875
0 0.3953125 0.8671875 0.1703125 0.11875
0 0.60625 0.821875 0.1265625 0.0921875
0 0.7484375 0.8359375 0.1609375 0.109375
0 0.8890625 0.75625 0.1 0.0984375
0 0.99296875 0.73203125 0.0140625 0.0859375
0 0.26640625 0.99375 0.0484375 0.0125
0 0.49375 0.94921875 0.371875 0.1015625
0 0.75546875 0.91796875 0.0859375 0.0734375
0 0.9234375 0.88359375 0.153125 0.1234375