0 0.11015625 0.16015625 0.159375 0.0953125
0 0.2796875 0.1703125 0.103125 0.084375
0 0.39765625 0.11875 0.0578125 0.0328125
0 0.54921875 0.07734375 0.1484375 0.0765625
0 0.78671875 0.06328125 0.2703125 0.1265625
0 0.16171875 0.28984375 0.1140625 0.0984375
0 0.3640625 0.23828125 0.24375 0.153125
0 0.5328125 0.20078125 0.078125 0.0640625
0 0.6625 0.159375 0.1453125 0.078125
0 0.8109375 0.13125 0.1296875 0.071875
0 0.196875 0.37109375 0.0984375 0.04375
0 0.32890625 0.3265625 0.046875 0.0578125
0 0.409375 0.31328125 0.109375 0.06875
0 0.56796875 0.29921875 0.1328125 0.1046875
0 0.73203125 0.26171875 0.153125 0.0953125
0 0.203125 0.4640625 0.21875 0.121875
0 0.34765625 0.42109375 0.0421875 0.0296875
0 0.5140625 0.39375 0.265625 0.1375
0 0.1890625 0.54296875 0.0609375 0.065625
0 0.31875 0.51484375 0.1484375 0.0875
0 0.465625 0.50234375 0.0921875 0.065625
0 0.6484375 0.4375 0.14375 0.0765625
0 0.8390625 0.39765625 0.16875 0.078125
0 0.115625 0.6453125 0.0875 0.0578125
0 0.3640625 0.60546875 0.240625 0.0875
0 0.65078125 0.54296875 0.3 0.1578125
0 0.8515625 0.5109375 0.1578125 0.1109375
0 0.1875 0.71015625 0.0953125 0.065625
0 0.33828125 0.678125 0.1046875 0.0671875
0 0.46171875 0.6703125 0.1 0.1015625
0 0.584375 0.65390625 0.1140625 0.0828125
0 0.7375 0.60859375 0.1375 0.0921875
0 0.8953125 0.56640625 0.1453125 0.0765625
0 0.13046875 0.79296875 0.0484375 0.05
0 0.19453125 0.790625 0.06875 0.0359375
0 0.371875 0.7703125 0.1734375 0.1078125
0 0.521875 0.72421875 0.059375 0.0484375
0 0.67109375 0.68828125 0.1609375 0.078125
0 0.8484375 0.66171875 0.1625 0.134375
0 0.32421875 0.85859375 0.2640625 0.125
0 0.53671875 0.803125 0.0703125 0.0625
0 0.66171875 0.78828125 0.140625 0.0828125
0 0.82578125 0.74375 0.1125 0.0828125
0 0.915625 0.69375 0.0546875 0.0578125
0 0.328125 0.91796875 0.21875 0.0921875
0 0.56875 0.86171875 0.1390625 0.0859375
0 0.7421875 0.84765625 0.1046875 0.0734375
0 0.91171875 0.7765625 0.1609375 0.0859375
0 0.3078125 0.98671875 0.128125 0.0265625
0 0.49453125 0.975 0.1046875 0.05
0 0.73671875 0.928125 0.265625 0.115625
0 0.9296875 0.86796875 0.140625 0.1265625
0 0.9171875 0.9078125 0.0953125 0.05625
0 0.75859375 0.35 0.1796875 0.1375
0 0.88515625 0.30078125 0.0546875 0.0390625