0 0.17890625 0.040625 0.01875 0.01875
0 0.24921875 0.0390625 0.0578125 0.0265625
0 0.28984375 0.0359375 0.028125 0.01875
0 0.3296875 0.03046875 0.0296875 0.021875
0 0.3609375 0.02890625 0.0234375 0.021875
0 0.3171875 0.0953125 0.15625 0.053125
0 0.51875 0.08984375 0.1796875 0.0296875
0 0.31328125 0.1703125 0.153125 0.0609375
0 0.575 0.16171875 0.2828125 0.065625
0 0.221875 0.25859375 0.0765625 0.040625
0 0.3734375 0.24453125 0.171875 0.025
0 0.22578125 0.3 0.0484375 0.040625
0 0.228125 0.37578125 0.078125 0.0328125
0 0.33046875 0.37890625 0.0828125 0.0375
0 0.38671875 0.371875 0.0265625 0.015625
0 0.3609375 0.4359375 0.1296875 0.0390625
0 0.48671875 0.425 0.10625 0.0390625
0 0.44375 0.36953125 0.0703125 0.0296875
0 0.51328125 0.36953125 0.078125 0.03125
0 0.6140625 0.3890625 0.096875 0.0359375
0 0.903125 0.37890625 0.025 0.0328125
0 0.6109375 0.42890625 0.1171875 0.0546875
0 0.24140625 0.51015625 0.0796875 0.021875
0 0.30234375 0.50390625 0.0328125 0.03125
0 0.3796875 0.49921875 0.0984375 0.0265625
0 0.34375 0.5625 0.1015625 0.0265625
0 0.43984375 0.5609375 0.0859375 0.025
0 0.34765625 0.6 0.084375 0.028125
0 0.42890625 0.603125 0.0703125 0.015625
0 0.3515625 0.64375 0.084375 0.021875
0 0.44375 0.6484375 0.084375 0.0375
0 0.34375 0.68359375 0.075 0.0234375
0 0.4296875 0.6875 0.0734375 0.034375
0 0.35078125 0.72578125 0.084375 0.0234375
0 0.440625 0.72890625 0.071875 0.0375
0 0.3359375 0.7734375 0.0546875 0.0328125
0 0.39140625 0.7703125 0.040625 0.021875
0 0.4515625 0.76796875 0.0671875 0.0375
0 0.2875 0.8671875 0.159375 0.0328125
0 0.4171875 0.8640625 0.0578125 0.0359375
0 0.49765625 0.85234375 0.1015625 0.028125
0 0.2796875 0.29765625 0.0484375 0.034375
0 0.3828125 0.29609375 0.15625 0.05625
0 0.715625 0.4171875 0.06875 0.025
0 0.83359375 0.4234375 0.1609375 0.0640625