0 0.103125 0.08203125 0.0921875 0.040625
0 0.178125 0.10859375 0.190625 0.0390625
0 0.446875 0.0703125 0.1875 0.04375
0 0.61640625 0.06015625 0.13125 0.05
0 0.77265625 0.0640625 0.0109375 0.04375
0 0.09296875 0.1703125 0.0796875 0.01875
0 0.0859375 0.22265625 0.0640625 0.01875
0 0.32578125 0.14765625 0.2109375 0.0671875
0 0.2625 0.21484375 0.1859375 0.0578125
0 0.50859375 0.21015625 0.06875 0.0203125
0 0.675 0.20703125 0.159375 0.05
0 0.12421875 0.27578125 0.1078125 0.028125
0 0.24140625 0.27265625 0.115625 0.0171875
0 0.16328125 0.31171875 0.078125 0.046875
0 0.25625 0.31484375 0.0609375 0.0421875
0 0.3484375 0.315625 0.0484375 0.04375
0 0.4234375 0.30703125 0.0609375 0.0390625
0 0.1015625 0.37890625 0.0484375 0.025
0 0.16015625 0.3765625 0.0625 0.025
0 0.2171875 0.37265625 0.0453125 0.0203125
0 0.27109375 0.37109375 0.0546875 0.021875
0 0.215625 0.41328125 0.1734375 0.05625
0 0.37734375 0.40546875 0.0984375 0.0453125
0 0.5546875 0.39765625 0.1640625 0.0484375
0 0.1328125 0.4828125 0.1265625 0.0484375
0 0.2078125 0.47734375 0.0171875 0.03125
0 0.25546875 0.4765625 0.0703125 0.03125
0 0.36953125 0.47890625 0.1546875 0.0375
0 0.4953125 0.46875 0.0921875 0.0328125
0 0.1640625 0.553125 0.134375 0.0484375
0 0.4703125 0.52734375 0.3703125 0.0671875
0 0.74140625 0.52265625 0.0875 0.0515625
0 0.2984375 0.62265625 0.3625 0.06875
0 0.56484375 0.60546875 0.090625 0.0265625
0 0.72578125 0.59765625 0.103125 0.0421875
0 0.20390625 0.6984375 0.153125 0.04375
0 0.3984375 0.69453125 0.121875 0.05
0 0.653125 0.66796875 0.246875 0.05
0 0.82265625 0.6578125 0.065625 0.0328125
0 0.29609375 0.76484375 0.390625 0.071875
0 0.55625 0.7421875 0.0875 0.0375
0 0.74375 0.72734375 0.2265625 0.0484375
0 0.1671875 0.83359375 0.0953125 0.046875
0 0.40859375 0.81484375 0.3125 0.059375
0 0.63125 0.79765625 0.06875 0.0328125
0 0.7703125 0.7890625 0.1390625 0.0390625
0 0.146875 0.9 0.096875 0.0453125
0 0.35 0.875 0.1859375 0.0578125
0 0.53984375 0.86953125 0.096875 0.0390625
0 0.7765625 0.8453125 0.2984375 0.0734375
0 0.12734375 0.98671875 0.11875 0.0203125
0 0.22109375 0.98359375 0.0625 0.015625
0 0.28125 0.98125 0.0515625 0.015625
0 0.21171875 0.0796875 0.046875 0.0265625
0 0.36484375 0.36640625 0.11875 0.0265625