0 0.13984375 0.134375 0.046875 0.025
0 0.22421875 0.14296875 0.0625 0.025
0 0.1015625 0.16328125 0.0375 0.01875
0 0.15 0.18203125 0.0515625 0.0234375
0 0.2609375 0.1828125 0.046875 0.0171875
0 0.10234375 0.20625 0.0390625 0.01875
0 0.1609375 0.2234375 0.0625 0.0171875
0 0.225 0.2296875 0.0265625 0.0234375
0 0.2234375 0.18671875 0.0234375 0.0203125
0 0.27109375 0.22578125 0.04375 0.0203125
0 0.59921875 0.0953125 0.0609375 0.025
0 0.5578125 0.12734375 0.08125 0.0140625
0 0.67578125 0.11953125 0.115625 0.0265625
0 0.4890625 0.196875 0.0234375 0.0203125
0 0.546875 0.19375 0.0234375 0.0203125
0 0.63125 0.1890625 0.1046875 0.025
0 0.8171875 0.1078125 0.1046875 0.0296875
0 0.11640625 0.2578125 0.034375 0.0234375
0 0.1578125 0.27109375 0.0421875 0.021875
0 0.21015625 0.27265625 0.0203125 0.015625
0 0.246875 0.26796875 0.0359375 0.0140625
0 0.3484375 0.2703125 0.096875 0.028125
0 0.11484375 0.334375 0.0625 0.021875
0 0.125 0.3734375 0.0109375 0.0125
0 0.146875 0.37421875 0.0203125 0.015625
0 0.19453125 0.371875 0.0140625 0.0171875
0 0.23984375 0.36953125 0.0375 0.015625
0 0.31015625 0.36640625 0.0546875 0.01875
0 0.12421875 0.40625 0.0375 0.0171875
0 0.2 0.4 0.0375 0.0171875
0 0.24921875 0.4015625 0.01875 0.0140625
0 0.2984375 0.4015625 0.0265625 0.021875
0 0.37109375 0.39921875 0.028125 0.021875
0 0.425 0.39296875 0.04375 0.0171875
0 0.54296875 0.378125 0.0734375 0.01875
0 0.48046875 0.38046875 0.0203125 0.015625
0 0.4046875 0.41875 0.0375 0.0171875
0 0.478125 0.41640625 0.059375 0.021875
0 0.18203125 0.45859375 0.0765625 0.034375
0 0.3203125 0.4578125 0.0375 0.0203125
0 0.39765625 0.45703125 0.021875 0.0140625
0 0.5015625 0.4515625 0.0296875 0.01875
0 0.29140625 0.496875 0.06875 0.025
0 0.45546875 0.490625 0.0578125 0.025
0 0.53203125 0.49140625 0.0265625 0.021875
0 0.3046875 0.52734375 0.0828125 0.0171875
0 0.4078125 0.525 0.0375 0.0140625
0 0.30703125 0.55234375 0.121875 0.034375
0 0.3109375 0.59921875 0.1046875 0.03125
0 0.4234375 0.5921875 0.0953125 0.0328125
0 0.50859375 0.59375 0.0265625 0.03125
0 0.55625 0.58046875 0.0484375 0.0359375
0 0.60078125 0.5828125 0.028125 0.01875
0 0.78984375 0.5859375 0.05625 0.0421875
0 0.28046875 0.6625 0.05625 0.0265625
0 0.340625 0.65546875 0.0328125 0.015625
0 0.4171875 0.65234375 0.06875 0.01875
0 0.128125 0.725 0.025 0.0171875
0 0.178125 0.72109375 0.0359375 0.0125
0 0.225 0.7296875 0.0296875 0.021875
0 0.5296875 0.70546875 0.0796875 0.01875
0 0.38359375 0.71328125 0.0296875 0.015625
0 0.4328125 0.71015625 0.028125 0.0171875
0 0.3640625 0.75703125 0.05 0.03125
0 0.43359375 0.75078125 0.03125 0.0125
0 0.53203125 0.7421875 0.0890625 0.0265625
0 0.60234375 0.74453125 0.0203125 0.0109375
0 0.6390625 0.7453125 0.040625 0.025
0 0.71484375 0.74609375 0.0453125 0.0140625
0 0.4671875 0.78515625 0.0375 0.01875
0 0.5546875 0.78671875 0.0734375 0.0171875
0 0.32421875 0.83046875 0.0453125 0.0171875
0 0.41796875 0.83203125 0.0734375 0.01875
0 0.4796875 0.83671875 0.021875 0.021875
0 0.60234375 0.828125 0.06875 0.021875
0 0.6765625 0.82890625 0.040625 0.0234375
0 0.7546875 0.8234375 0.0546875 0.0203125
0 0.81484375 0.828125 0.0234375 0.015625
0 0.8546875 0.83125 0.0375 0.025
0 0.4078125 0.87734375 0.0265625 0.015625
0 0.5 0.5296875 0.0734375 0.0125
0 0.490625 0.56015625 0.0734375 0.0140625
0 0.6875 0.58359375 0.059375 0.0140625
0 0.5140625 0.878125 0.04375 0.021875
0 0.621875 0.8703125 0.053125 0.0296875
0 0.69140625 0.87265625 0.0390625 0.0140625
0 0.73828125 0.8703125 0.0203125 0.0140625
0 0.79609375 0.875 0.034375 0.0234375
0 0.83203125 0.8734375 0.0125 0.021875
0 0.584375 0.896875 0.0390625 0.01875
0 0.63515625 0.90234375 0.0546875 0.0375
0 0.5109375 0.128125 0.0171875 0.028125
0 0.87109375 0.1015625 0.0125 0.0203125
0 0.25390625 0.46640625 0.025 0.015625
0 0.37734375 0.42109375 0.015625 0.01875
0 0.52734375 0.41484375 0.01875 0.021875
0 0.4203125 0.49375 0.0171875 0.0265625
0 0.55 0.490625 0.0171875 0.025
0 0.38125 0.52265625 0.0140625 0.01875
0 0.43203125 0.52578125 0.0109375 0.015625
0 0.64921875 0.58203125 0.01875 0.0234375
0 0.82734375 0.58203125 0.0203125 0.025
0 0.27421875 0.715625 0.0359375 0.0203125
0 0.33046875 0.72109375 0.015625 0.0125
0 0.403125 0.78671875 0.015625 0.01875
0 0.49296875 0.7875 0.009375 0.009375
0 0.6765625 0.7453125 0.015625 0.015625
0 0.5328125 0.83515625 0.0171875 0.0125
0 0.4625 0.878125 0.021875 0.015625
0 0.4578125 0.453125 0.0234375 0.0234375
0 0.36953125 0.8796875 0.021875 0.01875
0 0.2859375 0.2671875 0.0234375 0.0140625
0 0.74375 0.58203125 0.0203125 0.0109375