0 0.2328125 0.0640625 0.3765625 0.075
0 0.49375 0.0609375 0.1171875 0.0453125
0 0.6203125 0.05234375 0.0828125 0.04375
0 0.753125 0.05625 0.1328125 0.059375
0 0.49765625 0.11484375 0.121875 0.034375
0 0.61796875 0.1125 0.0765625 0.03125
0 0.4203125 0.14609375 0.1078125 0.03125
0 0.52734375 0.14765625 0.071875 0.040625
0 0.61171875 0.14765625 0.065625 0.025
0 0.67734375 0.15078125 0.071875 0.04375
0 0.740625 0.1484375 0.0515625 0.0234375
0 0.409375 0.18515625 0.2390625 0.0515625
0 0.59453125 0.1765625 0.1203125 0.03125
0 0.69921875 0.17734375 0.078125 0.034375
0 0.771875 0.1796875 0.0578125 0.025
0 0.4890625 0.21484375 0.1296875 0.0328125
0 0.62734375 0.20859375 0.109375 0.03125
0 0.45546875 0.275 0.0671875 0.0359375
0 0.54609375 0.271875 0.075 0.034375
0 0.38046875 0.31953125 0.0765625 0.0421875
0 0.5171875 0.3125 0.1765625 0.04375
0 0.6734375 0.3078125 0.13125 0.040625
0 0.790625 0.30703125 0.0828125 0.0359375
0 0.34453125 0.35078125 0.090625 0.028125
0 0.41796875 0.3453125 0.0328125 0.0203125
0 0.4875 0.34453125 0.0875 0.0296875
0 0.5859375 0.3390625 0.0828125 0.028125
0 0.65546875 0.33671875 0.0328125 0.01875
0 0.75703125 0.3328125 0.1421875 0.0421875
0 0.48125 0.45390625 0.0609375 0.0484375
0 0.56796875 0.43828125 0.0640625 0.0328125
0 0.38359375 0.490625 0.09375 0.0453125
0 0.44296875 0.48671875 0.009375 0.0109375
0 0.48203125 0.4828125 0.0546875 0.04375
0 0.54140625 0.47578125 0.03125 0.01875
0 0.59296875 0.46875 0.05 0.0296875
0 0.69375 0.46484375 0.1234375 0.0375
0 0.7703125 0.47421875 0.0109375 0.0078125
0 0.8203125 0.46796875 0.0734375 0.0375
0 0.39921875 0.5171875 0.171875 0.0390625
0 0.49453125 0.51953125 0.0140625 0.0171875
0 0.54375 0.5078125 0.071875 0.025
0 0.6171875 0.503125 0.0578125 0.025
0 0.68046875 0.49921875 0.0421875 0.0203125
0 0.7390625 0.49609375 0.0640625 0.028125
0 0.8171875 0.4953125 0.0828125 0.03125
0 0.36171875 0.54921875 0.0828125 0.03125
0 0.45859375 0.55546875 0.06875 0.0375
0 0.57421875 0.54296875 0.1171875 0.0375
0 0.69453125 0.53984375 0.0953125 0.0375
0 0.48828125 0.64609375 0.1359375 0.0390625
0 0.60078125 0.640625 0.065625 0.0296875
0 0.4078125 0.6921875 0.1078125 0.04375
0 0.53515625 0.684375 0.1234375 0.040625
0 0.65625 0.67265625 0.115625 0.034375
0 0.7640625 0.67109375 0.08125 0.034375
0 0.853125 0.6609375 0.08125 0.028125
0 0.44921875 0.72265625 0.1875 0.0453125
0 0.5828125 0.71484375 0.0703125 0.03125
0 0.653125 0.71171875 0.053125 0.0328125
0 0.721875 0.70859375 0.0703125 0.0390625
0 0.52421875 0.825 0.2 0.0421875
0 0.684375 0.81640625 0.0734375 0.03125
0 0.41171875 0.8734375 0.05625 0.0359375
0 0.49296875 0.86640625 0.0953125 0.0296875
0 0.5609375 0.86953125 0.0125 0.015625
0 0.59609375 0.86171875 0.0515625 0.034375
0 0.671875 0.8515625 0.0875 0.03125
0 0.72734375 0.85625 0.009375 0.0109375
0 0.7765625 0.84140625 0.084375 0.0328125
0 0.64765625 0.87109375 0.021875 0.0171875
0 0.678125 0.86953125 0.028125 0.015625
0 0.7265625 0.86484375 0.05 0.0203125
0 0.796875 0.8609375 0.0828125 0.03125
0 0.37890625 0.91015625 0.046875 0.0234375
0 0.51015625 0.90078125 0.1875 0.040625
0 0.6609375 0.89375 0.09375 0.0328125
0 0.7515625 0.8875 0.0828125 0.0296875