0 0.13984375 0.0515625 0.040625 0.015625
0 0.14765625 0.08515625 0.059375 0.015625
0 0.2125 0.08359375 0.0546875 0.021875
0 0.27578125 0.08671875 0.0640625 0.0171875
0 0.3515625 0.084375 0.0765625 0.0234375
0 0.3140625 0.1171875 0.1515625 0.01875
0 0.42890625 0.1125 0.0359375 0.0140625
0 0.47421875 0.11171875 0.0203125 0.0109375
0 0.5515625 0.11015625 0.0875 0.015625
0 0.66640625 0.1109375 0.10625 0.0140625
0 0.24140625 0.14765625 0.08125 0.0171875
0 0.31640625 0.14375 0.0359375 0.0125
0 0.4078125 0.140625 0.1140625 0.021875
0 0.51953125 0.13671875 0.075 0.015625
0 0.61640625 0.13984375 0.0796875 0.015625
0 0.15546875 0.1734375 0.0234375 0.0171875
0 0.225 0.175 0.0390625 0.0109375
0 0.29140625 0.1734375 0.0703125 0.0140625
0 0.37578125 0.17109375 0.0703125 0.0171875
0 0.478125 0.1671875 0.096875 0.0171875
0 0.5625 0.1671875 0.034375 0.0109375
0 0.609375 0.16640625 0.0453125 0.015625
0 0.690625 0.16484375 0.0734375 0.0140625
0 0.76328125 0.16484375 0.0515625 0.0140625
0 0.8140625 0.1640625 0.0265625 0.0125
0 0.85546875 0.165625 0.015625 0.009375
0 0.28828125 0.19765625 0.1609375 0.021875
0 0.42265625 0.19609375 0.0828125 0.0234375
0 0.5328125 0.19296875 0.10625 0.0171875
0 0.65390625 0.18984375 0.1078125 0.0171875
0 0.74296875 0.19140625 0.028125 0.0140625
0 0.7828125 0.1921875 0.04375 0.0140625
0 0.84609375 0.19453125 0.075 0.021875
0 0.92265625 0.1984375 0.059375 0.01875
0 0.23671875 0.2265625 0.046875 0.0109375
0 0.2953125 0.22890625 0.0484375 0.0140625
0 0.4140625 0.2265625 0.15 0.025
0 0.540625 0.2234375 0.0515625 0.0140625
0 0.603125 0.2234375 0.0578125 0.015625
0 0.66875 0.221875 0.03125 0.0125
0 0.75625 0.22265625 0.0984375 0.0140625
0 0.8453125 0.22265625 0.0640625 0.015625
0 0.246875 0.25625 0.065625 0.0125
0 0.359375 0.25390625 0.128125 0.01875
0 0.475 0.25234375 0.06875 0.015625
0 0.54375 0.25078125 0.04375 0.0140625
0 0.62109375 0.25078125 0.0765625 0.0140625
0 0.6984375 0.25 0.0359375 0.0125
0 0.7765625 0.25078125 0.0765625 0.015625
0 0.86015625 0.25078125 0.0359375 0.0109375
0 0.2875 0.28515625 0.134375 0.0203125
0 0.18125 0.31875 0.0328125 0.01875
0 0.2390625 0.3171875 0.05625 0.0140625
0 0.2890625 0.315625 0.03125 0.015625
0 0.34921875 0.3140625 0.0515625 0.0140625
0 0.40234375 0.315625 0.0296875 0.0140625
0 0.46328125 0.31328125 0.0703125 0.0140625
0 0.5453125 0.3125 0.0515625 0.0171875
0 0.6640625 0.30859375 0.1375 0.01875
0 0.83515625 0.31171875 0.171875 0.021875
0 0.1984375 0.34453125 0.0234375 0.009375
0 0.33828125 0.34140625 0.1984375 0.0171875
0 0.475 0.3421875 0.0375 0.015625
0 0.5734375 0.34140625 0.1234375 0.0203125
0 0.71796875 0.3390625 0.1390625 0.015625
0 0.83671875 0.340625 0.06875 0.0171875
0 0.24296875 0.36875 0.0859375 0.0140625
0 0.3328125 0.37109375 0.0703125 0.015625
0 0.403125 0.37265625 0.0296875 0.015625
0 0.51015625 0.37109375 0.1453125 0.0171875
0 0.61796875 0.36875 0.0484375 0.0140625
0 0.725 0.36484375 0.128125 0.015625
0 0.16875 0.4 0.0328125 0.0203125
0 0.2328125 0.396875 0.0546875 0.0140625
0 0.30078125 0.39921875 0.0546875 0.01875
0 0.390625 0.39609375 0.0921875 0.01875
0 0.48359375 0.3953125 0.0578125 0.0140625
0 0.54765625 0.39765625 0.034375 0.0140625
0 0.6390625 0.39375 0.1078125 0.015625
0 0.73828125 0.39609375 0.078125 0.0203125
0 0.7984375 0.3953125 0.0203125 0.0109375
0 0.88203125 0.39609375 0.1203125 0.0265625
0 0.265625 0.425 0.1265625 0.0171875
0 0.26953125 0.46328125 0.0734375 0.0171875
0 0.3359375 0.4609375 0.0421875 0.015625
0 0.41953125 0.45625 0.115625 0.015625
0 0.50546875 0.4578125 0.0484375 0.0125
0 0.58828125 0.45546875 0.0921875 0.0140625
0 0.71171875 0.45546875 0.1171875 0.0203125
0 0.86328125 0.45390625 0.1421875 0.0171875
0 0.17109375 0.484375 0.0265625 0.0140625
0 0.2328125 0.4859375 0.078125 0.0125
0 0.31328125 0.48515625 0.0484375 0.0125
0 0.40625 0.48125 0.1203125 0.0140625
0 0.525 0.48125 0.096875 0.01875
0 0.60390625 0.48203125 0.0375 0.0171875
0 0.72578125 0.48046875 0.178125 0.021875
0 0.84765625 0.4796875 0.05 0.01875
0 0.23046875 0.51328125 0.0859375 0.015625
0 0.353125 0.5109375 0.1328125 0.025
0 0.46015625 0.50859375 0.046875 0.015625
0 0.56171875 0.509375 0.0453125 0.0140625
0 0.62578125 0.51171875 0.0453125 0.0140625
0 0.74140625 0.509375 0.1515625 0.025
0 0.2515625 0.540625 0.140625 0.0234375
0 0.390625 0.540625 0.096875 0.015625
0 0.4640625 0.534375 0.0296875 0.015625
0 0.5125 0.5453125 0.04375 0.015625
0 0.6296875 0.53671875 0.1671875 0.0171875
0 0.7390625 0.53984375 0.0484375 0.0140625
0 0.8171875 0.5359375 0.0703125 0.015625
0 0.91328125 0.5375 0.0921875 0.0171875
0 0.19921875 0.5671875 0.03125 0.0109375
0 0.2765625 0.56484375 0.0953125 0.0140625
0 0.37421875 0.5640625 0.06875 0.015625
0 0.44375 0.56640625 0.0421875 0.0125
0 0.52109375 0.5671875 0.08125 0.0171875
0 0.5875 0.5640625 0.0296875 0.0171875
0 0.6828125 0.565625 0.121875 0.01875
0 0.825 0.5640625 0.1296875 0.015625
0 0.21328125 0.59296875 0.0546875 0.0125
0 0.3578125 0.59609375 0.209375 0.0265625
0 0.16640625 0.6234375 0.0328125 0.0171875
0 0.221875 0.62578125 0.065625 0.015625
0 0.32265625 0.62265625 0.096875 0.0171875
0 0.453125 0.6203125 0.153125 0.01875
0 0.5796875 0.61953125 0.06875 0.0140625
0 0.64453125 0.62109375 0.034375 0.0125
0 0.7453125 0.62421875 0.0875 0.015625
0 0.853125 0.62109375 0.121875 0.01875
0 0.94375 0.62265625 0.0546875 0.0171875
0 0.265625 0.65625 0.08125 0.0203125
0 0.33515625 0.65390625 0.0390625 0.0171875
0 0.434375 0.65234375 0.1390625 0.0171875
0 0.54921875 0.65234375 0.0546875 0.015625
0 0.625 0.65078125 0.0734375 0.015625
0 0.19296875 0.68046875 0.028125 0.01875
0 0.26484375 0.68046875 0.0875 0.015625
0 0.38671875 0.68125 0.134375 0.015625
0 0.48359375 0.67890625 0.0296875 0.015625
0 0.54921875 0.6765625 0.0796875 0.015625
0 0.61640625 0.6828125 0.0390625 0.0171875
0 0.68828125 0.68046875 0.078125 0.01875
0 0.78359375 0.675 0.1 0.01875
0 0.875 0.675 0.065625 0.0203125
0 0.246875 0.70625 0.0359375 0.009375
0 0.34609375 0.70703125 0.10625 0.0171875
0 0.4828125 0.7046875 0.1578125 0.0234375
0 0.58359375 0.70390625 0.0328125 0.0125
0 0.67265625 0.7015625 0.1296875 0.0171875
0 0.18515625 0.7359375 0.0296875 0.015625
0 0.25859375 0.73515625 0.090625 0.0140625
0 0.34609375 0.7359375 0.0484375 0.015625
0 0.19609375 0.76484375 0.0234375 0.0125
0 0.24921875 0.76640625 0.0453125 0.0125
0 0.33203125 0.76328125 0.0984375 0.01875
0 0.41171875 0.76328125 0.0296875 0.0125
0 0.4546875 0.7640625 0.0453125 0.0140625
0 0.5203125 0.765625 0.0640625 0.015625
0 0.19453125 0.78984375 0.01875 0.0109375
0 0.2625 0.79140625 0.10625 0.015625
0 0.34375 0.79375 0.03125 0.009375
0 0.40625 0.79375 0.0671875 0.015625
0 0.5 0.79296875 0.1078125 0.0171875
0 0.6125 0.79296875 0.1046875 0.01875
0 0.70390625 0.79609375 0.0609375 0.0140625
0 0.7890625 0.79453125 0.078125 0.015625
0 0.87109375 0.79453125 0.0609375 0.0203125
0 0.26484375 0.821875 0.0859375 0.0171875
0 0.4296875 0.8203125 0.2 0.028125
0 0.184375 0.8484375 0.0171875 0.0109375
0 0.2546875 0.85 0.0734375 0.0140625
0 0.315625 0.84765625 0.028125 0.0125
0 0.4 0.8484375 0.1140625 0.0171875
0 0.48671875 0.84609375 0.05625 0.0203125
0 0.5671875 0.85078125 0.0921875 0.0171875
0 0.67109375 0.8484375 0.103125 0.0203125
0 0.76640625 0.84765625 0.0828125 0.015625
0 0.8515625 0.8421875 0.0625 0.0203125
0 0.18515625 0.87421875 0.0203125 0.0140625
0 0.3171875 0.87265625 0.20625 0.021875
0 0.1859375 0.90234375 0.01875 0.0109375
0 0.28046875 0.9046875 0.13125 0.0203125
0 0.48125 0.875 0.0203125 0.0125
0 0.5609375 0.87578125 0.1265625 0.01875
0 0.48515625 0.90390625 0.015625 0.0125
0 0.534375 0.90234375 0.065625 0.015625
0 0.63125 0.90546875 0.1046875 0.01875
0 0.19140625 0.95 0.10625 0.021875