0 0.2 0.1046875 0.0953125 0.096875
0 0.2625 0.11640625 0.015625 0.0046875
0 0.325 0.109375 0.0953125 0.0671875
0 0.07890625 0.23125 0.0234375 0.0109375
0 0.14609375 0.2453125 0.10625 0.078125
0 0.2296875 0.23984375 0.05 0.05
0 0.29609375 0.23515625 0.0515625 0.0640625
0 0.40859375 0.275 0.128125 0.115625
0 0.53828125 0.25 0.0734375 0.0875
0 0.68671875 0.26328125 0.20625 0.0765625
0 0.8890625 0.2859375 0.1578125 0.0953125
0 0.12109375 0.34140625 0.090625 0.0703125
0 0.21328125 0.3546875 0.05625 0.0296875
0 0.34921875 0.33125 0.15625 0.0734375
0 0.4484375 0.34765625 0.034375 0.040625
0 0.53046875 0.346875 0.0953125 0.0578125
0 0.61953125 0.378125 0.059375 0.0890625
0 0.7046875 0.37578125 0.1 0.096875
0 0.7859375 0.36171875 0.0328125 0.0453125
0 0.890625 0.36796875 0.1703125 0.0859375
0 0.10859375 0.4203125 0.0734375 0.0640625
0 0.22109375 0.4375 0.0953125 0.0921875
0 0.296875 0.44140625 0.040625 0.1
0 0.3765625 0.43359375 0.084375 0.0609375