0 0.0953125 0.18203125 0.0640625 0.0375
0 0.21328125 0.1734375 0.15625 0.0546875
0 0.078125 0.23984375 0.04375 0.03125
0 0.1453125 0.23125 0.0859375 0.034375
0 0.23515625 0.22109375 0.103125 0.0359375
0 0.15390625 0.28671875 0.1125 0.0421875
0 0.25703125 0.271875 0.1046875 0.04375
0 0.084375 0.3390625 0.025 0.0265625
0 0.1703125 0.33046875 0.08125 0.0359375
0 0.259375 0.325 0.084375 0.0328125
0 0.353125 0.31796875 0.0765625 0.0265625
0 0.45234375 0.3078125 0.103125 0.040625
0 0.09375 0.36796875 0.01875 0.021875
0 0.09296875 0.38671875 0.0390625 0.0296875
0 0.18984375 0.37734375 0.0890625 0.0375
0 0.2859375 0.37109375 0.0796875 0.0390625
0 0.37578125 0.36171875 0.078125 0.03125
0 0.48359375 0.35390625 0.1203125 0.0515625
0 0.09453125 0.4375 0.0328125 0.0296875
0 0.19765625 0.42734375 0.078125 0.03125
0 0.29609375 0.41640625 0.0875 0.0359375
0 0.38984375 0.40625 0.059375 0.0328125
0 0.1046875 0.4890625 0.01875 0.028125
0 0.20703125 0.4859375 0.0578125 0.0390625
0 0.27578125 0.47109375 0.0671875 0.0359375
0 0.36484375 0.4609375 0.078125 0.0375
0 0.44921875 0.4484375 0.059375 0.03125
0 0.53203125 0.41875 0.0375 0.025
0 0.5421875 0.4390625 0.128125 0.0484375
0 0.21796875 0.52265625 0.0828125 0.0390625
0 0.3265625 0.51328125 0.1015625 0.0296875
0 0.12734375 0.58359375 0.0828125 0.0359375
0 0.23359375 0.57109375 0.0640625 0.0296875
0 0.27265625 0.565625 0.01875 0.021875
0 0.32578125 0.5640625 0.1015625 0.0390625
0 0.44453125 0.53984375 0.1046875 0.0328125
0 0.22578125 0.62109375 0.040625 0.03125
0 0.30546875 0.61171875 0.0890625 0.04375
0 0.26640625 0.66953125 0.075 0.0296875
0 0.26015625 0.71328125 0.065625 0.028125
0 0.284375 0.75625 0.0859375 0.0359375
0 0.390625 0.73984375 0.103125 0.05
0 0.3078125 0.80546875 0.1328125 0.0484375
0 0.4640625 0.77734375 0.18125 0.05625
0 0.58203125 0.75703125 0.0609375 0.0328125
0 0.6640625 0.74453125 0.0875 0.0375
0 0.74453125 0.73203125 0.075 0.040625
0 0.77890625 0.7234375 0.034375 0.034375
0 0.81015625 0.721875 0.0453125 0.028125
0 0.87734375 0.7078125 0.096875 0.0421875
0 0.3015625 0.85859375 0.0828125 0.0421875
0 0.37421875 0.84609375 0.034375 0.0359375
0 0.47109375 0.83515625 0.0953125 0.04375
0 0.5859375 0.81015625 0.1140625 0.0390625
0 0.73984375 0.78203125 0.1734375 0.065625
0 0.1625 0.5265625 0.0109375 0.0078125
0 0.18203125 0.6203125 0.0171875 0.0078125
0 0.2 0.67109375 0.0140625 0.009375
0 0.21484375 0.71796875 0.015625 0.009375
0 0.2296875 0.7625 0.0125 0.0078125
0 0.23203125 0.81171875 0.0203125 0.009375
0 0.2453125 0.86484375 0.0171875 0.0078125
0 0.14609375 0.47890625 0.01875 0.009375
0 0.13125 0.42890625 0.021875 0.0109375
0 0.18671875 0.57421875 0.0171875 0.009375
0 0.12578125 0.384375 0.0203125 0.0109375
0 0.11171875 0.3359375 0.0171875 0.0078125