0 0.009375 0.17890625 0.01875 0.0515625
0 0.0578125 0.16875 0.053125 0.04375
0 0.1921875 0.159375 0.1484375 0.0796875
0 0.3140625 0.14296875 0.1046875 0.078125
0 0.5453125 0.1046875 0.04375 0.071875
0 0.62578125 0.1109375 0.115625 0.0890625
0 0.04375 0.2640625 0.0203125 0.0515625
0 0.08984375 0.25859375 0.059375 0.0734375
0 0.1640625 0.24921875 0.0734375 0.04375
0 0.35234375 0.23046875 0.0359375 0.046875
0 0.39296875 0.22109375 0.05 0.0515625
0 0.4609375 0.215625 0.0875 0.0578125
0 0.52265625 0.20546875 0.046875 0.0640625
0 0.60234375 0.2015625 0.1125 0.0765625
0 0.715625 0.18671875 0.109375 0.071875
0 0.79375 0.184375 0.05 0.0390625
0 0.87890625 0.18671875 0.009375 0.0109375
0 0.0265625 0.36796875 0.028125 0.0328125
0 0.1171875 0.35 0.1265625 0.0859375
0 0.22265625 0.33515625 0.0984375 0.053125
0 0.3390625 0.3265625 0.1359375 0.0796875
0 0.44765625 0.30078125 0.0421875 0.0515625
0 0.49765625 0.30390625 0.05625 0.04375
0 0.5515625 0.28671875 0.025 0.046875
0 0.59609375 0.28984375 0.06875 0.053125
0 0.64765625 0.2984375 0.009375 0.01875
0 0.690625 0.27578125 0.065625 0.05
0 0.74140625 0.27890625 0.0375 0.034375
0 0.77734375 0.2703125 0.0390625 0.0390625
0 0.81640625 0.2640625 0.04375 0.0484375
0 0.86015625 0.2609375 0.0671875 0.0609375
0 0.03515625 0.45390625 0.03125 0.053125
0 0.096875 0.4421875 0.0578125 0.05625
0 0.19921875 0.42421875 0.134375 0.065625
0 0.35234375 0.4078125 0.1796875 0.0703125
0 0.46328125 0.38984375 0.040625 0.04375
0 0.5421875 0.38828125 0.128125 0.0875
0 0.6125 0.37890625 0.025 0.0515625
0 0.665625 0.3703125 0.0859375 0.05625
0 0.73515625 0.36171875 0.0390625 0.021875
0 0.8234375 0.3515625 0.1390625 0.0640625
0 0.91015625 0.3390625 0.0296875 0.0140625
0 0.9578125 0.33046875 0.0578125 0.046875
0 0.15078125 0.53671875 0.0859375 0.0421875
0 0.26328125 0.5203125 0.1203125 0.071875
0 0.05859375 0.640625 0.04375 0.06875
0 0.1125 0.6296875 0.034375 0.0421875
0 0.19609375 0.61796875 0.125 0.05625
0 0.34609375 0.6046875 0.1640625 0.1125
0 0.4578125 0.57265625 0.0765625 0.05625
0 0.5640625 0.57421875 0.1328125 0.09375
0 0.1046875 0.71328125 0.0203125 0.0625
0 0.1453125 0.721875 0.0625 0.06875
0 0.21328125 0.709375 0.084375 0.059375
0 0.290625 0.70078125 0.0953125 0.065625
0 0.41875 0.67578125 0.04375 0.040625
0 0.65625 0.640625 0.05625 0.05
0 0.7546875 0.6296875 0.13125 0.075
0 0.8578125 0.61484375 0.0625 0.05625
0 0.92109375 0.6015625 0.0578125 0.0609375
0 0.97265625 0.5984375 0.0546875 0.06875
0 0.0765625 0.821875 0.0390625 0.0578125
0 0.1484375 0.81484375 0.05 0.0453125
0 0.24296875 0.79765625 0.121875 0.065625
0 0.3328125 0.790625 0.04375 0.0390625
0 0.42265625 0.77109375 0.121875 0.0765625
0 0.52734375 0.753125 0.09375 0.078125
0 0.63515625 0.74609375 0.121875 0.0765625
0 0.71953125 0.721875 0.01875 0.028125
0 0.7546875 0.71171875 0.059375 0.059375
0 0.8453125 0.69921875 0.078125 0.0625
0 0.1671875 0.88828125 0.115625 0.0671875
0 0.27265625 0.88671875 0.0921875 0.0609375
0 0.325 0.89296875 0.0140625 0.021875
0 0.43046875 0.87109375 0.203125 0.109375
0 0.5625 0.8515625 0.05 0.05
0 0.64296875 0.84453125 0.1078125 0.090625
0 0.73828125 0.815625 0.065625 0.0515625
0 0.80078125 0.80625 0.071875 0.0546875
0 0.89765625 0.78984375 0.1265625 0.059375
0 0.13203125 0.9890625 0.0296875 0.021875
0 0.16875 0.9796875 0.053125 0.040625
0 0.2828125 0.9703125 0.15 0.059375
0 0.471875 0.953125 0.08125 0.0640625
0 0.69375 0.91484375 0.034375 0.0625
0 0.778125 0.90390625 0.146875 0.0875
0 0.86640625 0.88828125 0.0296875 0.0484375
0 0.921875 0.87578125 0.0875 0.084375
0 0.4484375 0.1359375 0.1640625 0.121875
0 0.0953125 0.16953125 0.025 0.046875
0 0.259375 0.234375 0.1375 0.0734375
0 0.84140625 0.1859375 0.0515625 0.0640625
0 0.4 0.95234375 0.071875 0.0671875
0 0.596875 0.93671875 0.103125 0.05625
0 0.4234375 0.48671875 0.10625 0.0625
0 0.37421875 0.68359375 0.0453125 0.04375
0 0.55078125 0.66171875 0.090625 0.0515625
0 0.08984375 0.53515625 0.04375 0.040625
0 0.93984375 0.1671875 0.0609375 0.0546875
0 0.9421875 0.25546875 0.071875 0.05
0 0.4859375 0.665625 0.034375 0.0625
0 0.98828125 0.8625 0.0234375 0.0625
0 0.53125 0.94375 0.025 0.0578125
0 0.35703125 0.4984375 0.03125 0.046875
0 0.88984375 0.6515625 0.0375 0.0453125
0 0.89765625 0.17265625 0.0171875 0.0328125