0 0.12421875 0.11171875 0.0703125 0.028125
0 0.17109375 0.109375 0.0078125 0.025
0 0.20390625 0.10859375 0.04375 0.0265625
0 0.27890625 0.10546875 0.090625 0.028125
0 0.34765625 0.10234375 0.0296875 0.0265625
0 0.22109375 0.171875 0.2328125 0.0703125
0 0.159375 0.29453125 0.0671875 0.0265625
0 0.19921875 0.290625 0.0046875 0.0171875
0 0.228125 0.28984375 0.0390625 0.0203125
0 0.29375 0.28984375 0.084375 0.025
0 0.3671875 0.28359375 0.0546875 0.0234375
0 0.24296875 0.34609375 0.246875 0.08125
0 0.1828125 0.41953125 0.1265625 0.04375
0 0.328125 0.4109375 0.128125 0.0328125
0 0.4609375 0.39140625 0.121875 0.05
0 0.58984375 0.37578125 0.065625 0.0375
0 0.7203125 0.36640625 0.1796875 0.05
0 0.2140625 0.46171875 0.2234375 0.0515625
0 0.37890625 0.44140625 0.0921875 0.0453125
0 0.57890625 0.43125 0.2453125 0.053125
0 0.7671875 0.41171875 0.075 0.0390625
0 0.1671875 0.5015625 0.1015625 0.040625
0 0.38046875 0.490625 0.275 0.0765625
0 0.60234375 0.459375 0.14375 0.0640625
0 0.7734375 0.44765625 0.1375 0.0640625
0 0.15703125 0.54375 0.078125 0.0390625
0 0.26640625 0.53984375 0.125 0.059375
0 0.38359375 0.5265625 0.075 0.0484375
0 0.49140625 0.51796875 0.090625 0.0515625
0 0.64609375 0.5046875 0.2046875 0.071875
0 0.25546875 0.625 0.26875 0.103125
0 0.19140625 0.71328125 0.1390625 0.053125
0 0.42890625 0.67578125 0.253125 0.06875
0 0.77421875 0.65390625 0.36875 0.0875
0 0.1484375 0.771875 0.0765625 0.046875
0 0.2703125 0.7546875 0.109375 0.053125
0 0.4703125 0.75234375 0.2671875 0.1125
0 0.68515625 0.73203125 0.10625 0.034375
0 0.81953125 0.7109375 0.140625 0.059375
0 0.175 0.82265625 0.134375 0.0515625
0 0.4015625 0.809375 0.265625 0.065625
0 0.6265625 0.8109375 0.153125 0.0734375
0 0.80234375 0.7765625 0.178125 0.0734375