0 0.1953125 0.178125 0.0890625 0.0359375
0 0.32109375 0.18828125 0.134375 0.059375
0 0.18359375 0.22890625 0.0734375 0.034375
0 0.3109375 0.2328125 0.134375 0.0515625
0 0.18046875 0.28125 0.078125 0.034375
0 0.27734375 0.2921875 0.084375 0.040625
0 0.2265625 0.33828125 0.175 0.04375
0 0.2265625 0.4015625 0.165625 0.08125
0 0.403125 0.44375 0.1078125 0.071875
0 0.5171875 0.45078125 0.0921875 0.090625
0 0.640625 0.50390625 0.1515625 0.1421875
0 0.16328125 0.47265625 0.0640625 0.06875
0 0.303125 0.509375 0.1625 0.0625
0 0.44140625 0.51015625 0.0953125 0.0703125
0 0.565625 0.54609375 0.146875 0.0796875
0 0.16640625 0.55546875 0.078125 0.0609375
0 0.32421875 0.57890625 0.165625 0.0765625
0 0.50078125 0.61796875 0.1984375 0.075
0 0.62265625 0.63671875 0.046875 0.05
0 0.184375 0.628125 0.103125 0.0671875
0 0.32734375 0.653125 0.10625 0.078125
0 0.434375 0.67265625 0.1109375 0.046875
0 0.56875 0.6859375 0.1328125 0.071875
0 0.18125 0.771875 0.1375 0.0375
0 0.33671875 0.746875 0.159375 0.0828125
0 0.14375 0.8296875 0.065625 0.0328125
0 0.2203125 0.83515625 0.0703125 0.04375
0 0.37578125 0.8515625 0.2046875 0.0671875
0 0.615625 0.86171875 0.2796875 0.09375
0 0.8484375 0.23046875 0.0421875 0.0296875
0 0.8484375 0.27890625 0.0453125 0.0296875
0 0.8578125 0.3296875 0.0625 0.0296875
0 0.85546875 0.3796875 0.0625 0.0296875
0 0.84140625 0.42890625 0.034375 0.0296875
0 0.840625 0.4765625 0.0359375 0.028125
0 0.8484375 0.58125 0.05625 0.0421875
0 0.83828125 0.63125 0.04375 0.040625
0 0.85234375 0.73046875 0.06875 0.034375
0 0.8359375 0.7734375 0.0421875 0.046875
0 0.84609375 0.83515625 0.0640625 0.0328125
0 0.825 0.8734375 0.0453125 0.05