0 0.26875 0.103125 0.0484375 0.0328125
0 0.396875 0.08984375 0.14375 0.065625
0 0.56640625 0.06953125 0.128125 0.0359375
0 0.11484375 0.16640625 0.090625 0.0375
0 0.1984375 0.15703125 0.0421875 0.0296875
0 0.2984375 0.15703125 0.0796875 0.0625
0 0.4390625 0.14375 0.1265625 0.0421875
0 0.1375 0.23515625 0.1203125 0.05625
0 0.2625 0.22421875 0.0640625 0.034375
0 0.39296875 0.2171875 0.134375 0.0390625
0 0.57734375 0.2140625 0.2015625 0.06875
0 0.1390625 0.36640625 0.10625 0.046875
0 0.24921875 0.37109375 0.05625 0.034375
0 0.36953125 0.36171875 0.1453125 0.0703125
0 0.53984375 0.3421875 0.11875 0.040625
0 0.1984375 0.43515625 0.2078125 0.05
0 0.35234375 0.43359375 0.0515625 0.0328125
0 0.46328125 0.4203125 0.13125 0.065625
0 0.62890625 0.403125 0.1171875 0.0375
0 0.73046875 0.39296875 0.0328125 0.034375
0 0.8140625 0.39140625 0.078125 0.0484375
0 0.86640625 0.38828125 0.0078125 0.0140625
0 0.1328125 0.10703125 0.165625 0.06875
0 0.13671875 0.5046875 0.0890625 0.0515625
0 0.21171875 0.49765625 0.05 0.0390625
0 0.32734375 0.496875 0.1296875 0.0359375
0 0.47578125 0.49453125 0.1359375 0.0484375
0 0.6234375 0.48203125 0.103125 0.05
0 0.77578125 0.46015625 0.1421875 0.0484375
0 0.93828125 0.46328125 0.121875 0.053125
0 0.1375 0.6453125 0.09375 0.0390625
0 0.2265625 0.6359375 0.046875 0.0375
0 0.34453125 0.628125 0.1390625 0.046875
0 0.4796875 0.62578125 0.09375 0.0421875
0 0.59453125 0.61484375 0.103125 0.0390625
0 0.7453125 0.60546875 0.1484375 0.059375
0 0.1703125 0.71171875 0.1265625 0.05
0 0.31953125 0.71640625 0.0859375 0.05625
0 0.46796875 0.69375 0.165625 0.065625
0 0.59453125 0.68515625 0.0203125 0.0546875
0 0.73671875 0.690625 0.225 0.0703125
0 0.8953125 0.75859375 0.209375 0.0984375
0 0.678125 0.7484375 0.1625 0.0625
0 0.48359375 0.77109375 0.1890625 0.1046875
0 0.3265625 0.78671875 0.065625 0.04375
0 0.1828125 0.7875 0.1640625 0.05
0 0.16953125 0.9484375 0.1171875 0.071875
0 0.27578125 0.921875 0.0640625 0.0609375
0 0.4140625 0.925 0.1359375 0.0671875
0 0.578125 0.925 0.115625 0.078125
0 0.72109375 0.90625 0.1203125 0.0515625