0 0.203125 0.17578125 0.1703125 0.059375
0 0.70546875 0.12421875 0.0203125 0.015625
0 0.728125 0.11796875 0.0125 0.0109375
0 0.753125 0.1203125 0.015625 0.0125
0 0.771875 0.13125 0.015625 0.0125
0 0.77734375 0.146875 0.0125 0.0109375
0 0.771875 0.1640625 0.015625 0.0140625
0 0.7546875 0.178125 0.015625 0.0109375
0 0.72890625 0.18359375 0.0125 0.0109375
0 0.70625 0.18125 0.015625 0.0125
0 0.6859375 0.17109375 0.0125 0.0125
0 0.68359375 0.15390625 0.01875 0.015625
0 0.6875 0.1375 0.0171875 0.0140625
0 0.12265625 0.24453125 0.08125 0.028125
0 0.22578125 0.2328125 0.115625 0.028125
0 0.33671875 0.22578125 0.11875 0.0625
0 0.515625 0.240625 0.034375 0.0375
0 0.571875 0.23046875 0.075 0.0375
0 0.2953125 0.28671875 0.078125 0.0296875
0 0.36953125 0.27890625 0.03125 0.025
0 0.42734375 0.278125 0.0578125 0.040625
0 0.4953125 0.265625 0.0484375 0.0234375
0 0.56015625 0.26328125 0.046875 0.0328125
0 0.61171875 0.25234375 0.0375 0.0203125
0 0.68203125 0.2515625 0.08125 0.0421875
0 0.775 0.2359375 0.0921875 0.040625
0 0.096875 0.3546875 0.084375 0.0484375
0 0.196875 0.3390625 0.05625 0.0234375
0 0.275 0.33828125 0.078125 0.0390625
0 0.359375 0.32578125 0.0921875 0.05
0 0.45234375 0.3046875 0.05625 0.028125
0 0.5359375 0.2953125 0.0734375 0.028125
0 0.615625 0.28671875 0.0640625 0.0296875
0 0.68359375 0.2875 0.0734375 0.0453125
0 0.76484375 0.26328125 0.065625 0.0328125
0 0.821875 0.25390625 0.0328125 0.0203125
0 0.11015625 0.378125 0.075 0.0234375
0 0.246875 0.3734375 0.1421875 0.0484375
0 0.38828125 0.34765625 0.121875 0.0390625
0 0.47578125 0.33828125 0.040625 0.0203125
0 0.528125 0.328125 0.0328125 0.025
0 0.5828125 0.321875 0.0484375 0.028125
0 0.64921875 0.31328125 0.0578125 0.028125
0 0.715625 0.31484375 0.0625 0.040625
0 0.81015625 0.29453125 0.1171875 0.0515625
0 0.10703125 0.41796875 0.0734375 0.04375
0 0.17890625 0.40546875 0.0453125 0.028125
0 0.28359375 0.4 0.125 0.053125
0 0.43359375 0.375 0.1265625 0.0359375
0 0.52265625 0.36328125 0.03125 0.0203125
0 0.58828125 0.353125 0.075 0.0265625
0 0.70234375 0.3515625 0.121875 0.05
0 0.8046875 0.3265625 0.065625 0.034375
0 0.090625 0.4484375 0.0296875 0.01875
0 0.16953125 0.44140625 0.1234375 0.034375
0 0.28046875 0.4296875 0.0515625 0.025
0 0.37265625 0.42421875 0.0953125 0.034375
0 0.45078125 0.409375 0.0625 0.0296875
0 0.49609375 0.4046875 0.021875 0.0171875
0 0.565625 0.39375 0.109375 0.0328125
0 0.64453125 0.3859375 0.028125 0.0234375
0 0.71171875 0.3796875 0.0875 0.0328125
0 0.78203125 0.36484375 0.04375 0.0296875
0 0.83671875 0.35390625 0.0453125 0.0265625
0 0.09375 0.48203125 0.05625 0.0234375
0 0.16875 0.47734375 0.071875 0.0296875
0 0.28046875 0.471875 0.13125 0.0453125
0 0.39375 0.4546875 0.0640625 0.0328125
0 0.4734375 0.446875 0.071875 0.040625
0 0.56171875 0.43203125 0.0875 0.03125
0 0.628125 0.42109375 0.0421875 0.0234375
0 0.68046875 0.41640625 0.0453125 0.025
0 0.76875 0.40234375 0.128125 0.0453125
0 0.11640625 0.51796875 0.071875 0.03125
0 0.18046875 0.51953125 0.0328125 0.040625
0 0.246875 0.51015625 0.071875 0.040625
0 0.315625 0.5 0.0328125 0.0203125
0 0.3765625 0.48828125 0.065625 0.028125
0 0.4375 0.48359375 0.0359375 0.025
0 0.49921875 0.48046875 0.065625 0.0390625
0 0.56640625 0.46796875 0.0671875 0.0359375
0 0.659375 0.4546875 0.09375 0.034375
0 0.79921875 0.440625 0.171875 0.059375
0 0.1 0.55546875 0.0484375 0.0296875
0 0.17265625 0.56015625 0.06875 0.040625
0 0.2234375 0.55078125 0.028125 0.0359375
0 0.30078125 0.5390625 0.1125 0.0484375
0 0.39453125 0.51953125 0.053125 0.0265625
0 0.44765625 0.51640625 0.028125 0.01875
0 0.48984375 0.5140625 0.028125 0.01875
0 0.5796875 0.5078125 0.14375 0.059375
0 0.68046875 0.4875 0.0328125 0.025
0 0.74296875 0.4875 0.0640625 0.040625
0 0.82109375 0.46953125 0.0484375 0.028125
0 0.1265625 0.59296875 0.084375 0.0265625
0 0.24375 0.58125 0.1109375 0.0421875
0 0.35234375 0.571875 0.059375 0.0390625
0 0.43671875 0.5578125 0.08125 0.0390625
0 0.52109375 0.55234375 0.071875 0.0421875
0 0.59921875 0.53828125 0.065625 0.0359375
0 0.67578125 0.52265625 0.078125 0.0359375
0 0.7578125 0.52109375 0.078125 0.0484375
0 0.83984375 0.5 0.059375 0.0359375
0 0.1171875 0.628125 0.040625 0.0234375
0 0.1828125 0.6203125 0.0671875 0.03125
0 0.2765625 0.60859375 0.0875 0.03125
0 0.340625 0.6046875 0.0125 0.0359375
0 0.4015625 0.6046875 0.10625 0.0421875
0 0.5265625 0.5890625 0.1046875 0.0484375
0 0.6203125 0.57578125 0.0421875 0.0375
0 0.671875 0.55859375 0.0421875 0.0328125
0 0.72265625 0.5671875 0.04375 0.040625
0 0.80390625 0.54296875 0.096875 0.0390625
0 0.240625 0.6859375 0.0625 0.034375
0 0.3359375 0.67265625 0.0734375 0.0296875
0 0.453125 0.65859375 0.1078125 0.034375
0 0.5578125 0.65625 0.0640625 0.0390625
0 0.603125 0.646875 0.0265625 0.01875
0 0.66484375 0.646875 0.0796875 0.0421875
0 0.73828125 0.63125 0.0578125 0.03125
0 0.8015625 0.6265625 0.05 0.021875
0 0.8703125 0.6171875 0.0703125 0.025
0 0.12109375 0.7515625 0.0984375 0.0328125
0 0.21171875 0.7453125 0.028125 0.0453125
0 0.2828125 0.725 0.0734375 0.034375
0 0.39609375 0.71640625 0.128125 0.053125
0 0.5046875 0.6953125 0.065625 0.028125
0 0.55546875 0.6921875 0.0359375 0.0203125
0 0.6015625 0.68828125 0.021875 0.0234375
0 0.6578125 0.6796875 0.071875 0.0359375
0 0.7171875 0.6734375 0.03125 0.025
0 0.76796875 0.67265625 0.05 0.0328125
0 0.84453125 0.65859375 0.0703125 0.0296875
0 0.1125 0.7890625 0.0734375 0.0328125
0 0.209375 0.7796875 0.0671875 0.028125
0 0.33046875 0.7640625 0.084375 0.028125
0 0.421875 0.75234375 0.0453125 0.021875
0 0.50859375 0.7375 0.08125 0.0296875
0 0.63359375 0.73046875 0.11875 0.053125
0 0.7171875 0.71875 0.0453125 0.0390625
0 0.7640625 0.7046875 0.0484375 0.0296875
0 0.83828125 0.69765625 0.0640625 0.034375
0 0.89609375 0.70234375 0.04375 0.034375
0 0.13046875 0.82734375 0.08125 0.0359375
0 0.22734375 0.81484375 0.065625 0.03125
0 0.34921875 0.80546875 0.1140625 0.0515625
0 0.4765625 0.79296875 0.11875 0.0609375
0 0.575 0.7703125 0.08125 0.0296875
0 0.64140625 0.76328125 0.0375 0.0296875
0 0.68125 0.75625 0.0203125 0.028125
0 0.77734375 0.75703125 0.121875 0.053125
0 0.89765625 0.7359375 0.0890625 0.046875
0 0.13203125 0.871875 0.06875 0.028125
0 0.2453125 0.85625 0.1109375 0.0390625
0 0.3640625 0.840625 0.0625 0.0265625
0 0.44609375 0.8296875 0.05625 0.0296875
0 0.49765625 0.82421875 0.0390625 0.025
0 0.56875 0.8125 0.08125 0.03125
0 0.70546875 0.80234375 0.1546875 0.05625
0 0.840625 0.78828125 0.10625 0.0625
0 0.92421875 0.76953125 0.053125 0.0328125
0 0.12890625 0.921875 0.0765625 0.05625
0 0.2390625 0.90625 0.078125 0.046875
0 0.33046875 0.88515625 0.0609375 0.028125
0 0.4515625 0.8765625 0.1234375 0.046875
0 0.5390625 0.859375 0.0390625 0.0265625
0 0.5890625 0.85078125 0.03125 0.028125
0 0.65859375 0.84375 0.0625 0.034375
0 0.74140625 0.834375 0.071875 0.034375
0 0.828125 0.834375 0.0734375 0.053125
0 0.890625 0.8203125 0.021875 0.028125
0 0.9390625 0.81484375 0.0703125 0.028125
0 0.1515625 0.9609375 0.0921875 0.0359375
0 0.27109375 0.93828125 0.1015625 0.0375
0 0.3796875 0.9296875 0.0859375 0.0515625
0 0.46875 0.909375 0.053125 0.034375
0 0.55 0.909375 0.065625 0.0484375
0 0.6203125 0.9015625 0.04375 0.0453125
0 0.67109375 0.8890625 0.0328125 0.0234375
0 0.75390625 0.87734375 0.1140625 0.0484375
0 0.90859375 0.86015625 0.1828125 0.04375