0 0.41640625 0.03828125 0.1328125 0.0765625
0 0.57421875 0.09453125 0.178125 0.121875
0 0.7125 0.0984375 0.075 0.05625
0 0.82890625 0.1234375 0.11875 0.0765625
0 0.40078125 0.12421875 0.10625 0.075
0 0.51875 0.1390625 0.078125 0.0546875
0 0.646875 0.16875 0.13125 0.1015625
0 0.23828125 0.31484375 0.18125 0.146875
0 0.5109375 0.3578125 0.284375 0.1234375
0 0.07734375 0.40234375 0.0296875 0.0171875
0 0.1828125 0.41484375 0.125 0.071875
0 0.2796875 0.43359375 0.0828125 0.0578125
0 0.39453125 0.45546875 0.1296875 0.0765625
0 0.52265625 0.48359375 0.040625 0.0421875
0 0.6265625 0.5046875 0.1328125 0.06875
0 0.8046875 0.54140625 0.2421875 0.1015625