0 0.20234375 0.31015625 0.1796875 0.121875
0 0.2203125 0.37734375 0.1984375 0.1109375
0 0.35078125 0.3453125 0.0609375 0.0703125
0 0.721875 0.31484375 0.06875 0.0453125
0 0.18984375 0.490625 0.09375 0.0859375
0 0.25625 0.4734375 0.040625 0.075
0 0.31328125 0.45703125 0.0671875 0.0703125
0 0.39765625 0.434375 0.09375 0.071875
0 0.22421875 0.56328125 0.153125 0.0984375
0 0.53046875 0.4734375 0.14375 0.1015625
0 0.23671875 0.6453125 0.1390625 0.096875
0 0.50234375 0.59296875 0.15625 0.121875
0 0.25625 0.73203125 0.1390625 0.1
0 0.33046875 0.7859375 0.209375 0.075
0 0.2546875 0.84296875 0.040625 0.0359375
0 0.3046875 0.8234375 0.0640625 0.040625
0 0.34609375 0.8171875 0.0125 0.0171875
0 0.4015625 0.7984375 0.0984375 0.0484375
0 0.60703125 0.74609375 0.078125 0.0375
0 0.7109375 0.72421875 0.125 0.046875
0 0.81171875 0.7078125 0.0765625 0.04375
0 0.2515625 0.87421875 0.025 0.0265625
0 0.29140625 0.86953125 0.0484375 0.0328125
0 0.33984375 0.85234375 0.05 0.03125
0 0.72578125 0.759375 0.0578125 0.0359375
0 0.778125 0.74609375 0.0453125 0.03125
0 0.82734375 0.7359375 0.0578125 0.0359375
0 0.76796875 0.7828125 0.1921875 0.0640625