0 0.34609375 0.25546875 0.2265625 0.1671875
0 0.521875 0.22578125 0.1109375 0.096875
0 0.63359375 0.23671875 0.13125 0.1171875
0 0.20390625 0.40859375 0.196875 0.1203125
0 0.37421875 0.38515625 0.1328125 0.1078125
0 0.509375 0.38125 0.153125 0.121875
0 0.60546875 0.3546875 0.0375 0.0640625
0 0.728125 0.3515625 0.1921875 0.10625
0 0.87109375 0.32109375 0.103125 0.071875
0 0.4140625 0.45859375 0.1046875 0.0703125
0 0.55703125 0.4390625 0.159375 0.0796875
0 0.45390625 0.51484375 0.1625 0.08125
0 0.60703125 0.4859375 0.1390625 0.071875
0 0.69453125 0.4671875 0.0265625 0.040625
0 0.7484375 0.45546875 0.0671875 0.0609375
0 0.84453125 0.44140625 0.1296875 0.08125
0 0.31875 0.646875 0.040625 0.0546875
0 0.4171875 0.61796875 0.1265625 0.0703125
0 0.5359375 0.590625 0.096875 0.0609375
0 0.6109375 0.575 0.0328125 0.046875
0 0.69296875 0.5546875 0.1203125 0.065625
0 0.42890625 0.678125 0.11875 0.0703125
0 0.57265625 0.6375 0.1640625 0.0796875
0 0.678125 0.615625 0.0296875 0.0484375
0 0.76796875 0.59921875 0.1359375 0.0640625
0 0.33359375 0.7859375 0.35 0.1296875
0 0.55703125 0.72734375 0.0953125 0.06875
0 0.4234375 0.8421875 0.0859375 0.071875
0 0.52578125 0.8125 0.1015625 0.0734375
0 0.65078125 0.7734375 0.134375 0.0828125
0 0.728125 0.74765625 0.0203125 0.0234375
0 0.7671875 0.6921875 0.06875 0.0578125
0 0.78671875 0.7375 0.071875 0.05
0 0.8015625 0.77109375 0.1046875 0.0625
0 0.725 0.86171875 0.096875 0.084375
0 0.79375 0.83046875 0.0265625 0.0515625
0 0.85859375 0.81328125 0.1046875 0.0703125
0 0.75546875 0.90859375 0.0984375 0.065625
0 0.8453125 0.87734375 0.075 0.0515625