0 0.60234375 0.090625 0.06875 0.046875
0 0.7578125 0.05859375 0.0765625 0.05625
0 0.11953125 0.33359375 0.0390625 0.0546875
0 0.2828125 0.309375 0.2625 0.13125
0 0.5359375 0.25859375 0.18125 0.08125
0 0.13671875 0.45 0.0671875 0.05625
0 0.3078125 0.41484375 0.2609375 0.1421875
0 0.63359375 0.340625 0.3625 0.18125
0 0.1515625 0.58828125 0.0859375 0.1
0 0.3359375 0.58125 0.240625 0.146875
0 0.5390625 0.5203125 0.078125 0.071875
0 0.74921875 0.484375 0.309375 0.1625
0 0.17578125 0.76328125 0.0921875 0.0984375
0 0.36875 0.75703125 0.278125 0.18125
0 0.665625 0.675 0.26875 0.1640625
0 0.91640625 0.60546875 0.146875 0.0953125