0 0.2453125 0.140625 0.03125 0.0234375
0 0.35859375 0.1625 0.1546875 0.04375
0 0.47109375 0.17265625 0.0171875 0.015625
0 0.55625 0.18046875 0.11875 0.0375
0 0.684375 0.19375 0.0875 0.0296875
0 0.17890625 0.1984375 0.009375 0.0125
0 0.25703125 0.2140625 0.0671875 0.040625
0 0.32734375 0.22109375 0.0296875 0.0234375
0 0.396875 0.228125 0.0546875 0.0296875
0 0.44609375 0.23515625 0.0125 0.0265625
0 0.515625 0.246875 0.0953125 0.03125
0 0.60390625 0.2546875 0.040625 0.0265625
0 0.66796875 0.25859375 0.0609375 0.03125
0 0.1703125 0.234375 0.0203125 0.021875
0 0.24296875 0.24609375 0.06875 0.0390625
0 0.3140625 0.2546875 0.0296875 0.021875
0 0.3828125 0.26875 0.090625 0.0453125
0 0.46328125 0.271875 0.0265625 0.0234375
0 0.5328125 0.2828125 0.075 0.0265625
0 0.63828125 0.30234375 0.103125 0.04375
0 0.75234375 0.303125 0.0953125 0.03125
0 0.86640625 0.31328125 0.0875 0.040625
0 0.165625 0.26328125 0.0125 0.0203125
0 0.24453125 0.28046875 0.0703125 0.04375
0 0.315625 0.28515625 0.0265625 0.0234375
0 0.4109375 0.30390625 0.1125 0.0453125
0 0.5546875 0.32578125 0.11875 0.0515625
0 0.6234375 0.3265625 0.01875 0.021875
0 0.696875 0.33359375 0.096875 0.0359375
0 0.790625 0.3421875 0.03125 0.021875
0 0.83671875 0.34453125 0.0484375 0.034375
0 0.1578125 0.296875 0.0234375 0.01875
0 0.23203125 0.31328125 0.0703125 0.040625
0 0.31328125 0.3171875 0.028125 0.0265625
0 0.38984375 0.33203125 0.059375 0.028125
0 0.49765625 0.353125 0.103125 0.046875
0 0.15 0.328125 0.0171875 0.01875
0 0.2375 0.35 0.0796875 0.0453125
0 0.33125 0.3515625 0.0328125 0.028125
0 0.425 0.37578125 0.1234375 0.0453125
0 0.5359375 0.38515625 0.0546875 0.0265625
0 0.65390625 0.40390625 0.1203125 0.0546875
0 0.7671875 0.41328125 0.0578125 0.03125
0 0.84609375 0.42421875 0.0390625 0.01875
0 0.8953125 0.42890625 0.0453125 0.040625
0 0.1421875 0.36171875 0.015625 0.0234375
0 0.22109375 0.38359375 0.084375 0.046875
0 0.31484375 0.39140625 0.028125 0.025
0 0.4140625 0.40625 0.1203125 0.040625
0 0.51015625 0.4171875 0.0296875 0.0296875
0 0.60390625 0.43515625 0.109375 0.0546875
0 0.14453125 0.40234375 0.01875 0.0171875
0 0.22421875 0.421875 0.078125 0.0515625
0 0.30859375 0.428125 0.0359375 0.025
0 0.42265625 0.44296875 0.1171875 0.040625
0 0.5140625 0.45234375 0.0234375 0.028125
0 0.621875 0.46875 0.1390625 0.0375