0 0.20703125 0.05859375 0.1671875 0.1171875
0 0.3921875 0.1453125 0.19375 0.1671875
0 0.54765625 0.140625 0.1046875 0.0859375
0 0.66015625 0.18046875 0.1171875 0.1015625
0 0.7984375 0.16875 0.1546875 0.1171875
0 0.921875 0.20078125 0.0734375 0.0703125
0 0.97421875 0.20859375 0.0515625 0.1359375
0 0.97265625 0.31953125 0.0546875 0.0546875
0 0.86875 0.3375 0.1515625 0.1375
0 0.73828125 0.3 0.1125 0.0828125
0 0.5609375 0.2765625 0.2109375 0.0890625
0 0.4046875 0.25 0.0671875 0.0859375
0 0.2984375 0.22265625 0.1390625 0.0890625
0 0.15703125 0.18359375 0.121875 0.1140625
0 0.15390625 0.31640625 0.1703125 0.1015625
0 0.38828125 0.3703125 0.2921875 0.1453125
0 0.56953125 0.38671875 0.0734375 0.0890625
0 0.6375 0.39921875 0.05625 0.0875
0 0.6921875 0.41015625 0.08125 0.0859375
0 0.94765625 0.55625 0.1046875 0.084375
0 0.83828125 0.53359375 0.1234375 0.08125
0 0.6203125 0.5171875 0.2984375 0.1296875
0 0.33828125 0.50390625 0.2296875 0.203125
0 0.1765625 0.41484375 0.1015625 0.121875
0 0.1171875 0.54921875 0.1515625 0.1
0 0.2609375 0.56171875 0.134375 0.125
0 0.36484375 0.59140625 0.09375 0.103125
0 0.47109375 0.6171875 0.13125 0.0796875
0 0.5875 0.62265625 0.0703125 0.0953125
0 0.70234375 0.6328125 0.1734375 0.1078125
0 0.81328125 0.66171875 0.06875 0.075
0 0.89921875 0.68984375 0.1125 0.115625
0 0.1609375 0.6765625 0.115625 0.1015625
0 0.06640625 0.67109375 0.10625 0.1
0 0.09453125 0.79453125 0.1890625 0.1140625
0 0.2859375 0.83046875 0.1796875 0.1171875
0 0.4609375 0.878125 0.1671875 0.14375
0 0.690625 0.91015625 0.29375 0.1671875
0 0.85625 0.89765625 0.046875 0.0875
0 0.909375 0.90546875 0.0859375 0.0828125
0 0.65 0.971875 0.096875 0.05625
0 0.58125 0.9671875 0.046875 0.065625
0 0.4 0.94765625 0.271875 0.1046875
0 0.22578125 0.9390625 0.0546875 0.0609375
0 0.09609375 0.91328125 0.1921875 0.0953125