0 0.0828125 0.12109375 0.0953125 0.0453125
0 0.159375 0.1125 0.021875 0.0296875
0 0.17734375 0.109375 0.0109375 0.025
0 0.2125 0.1015625 0.0453125 0.046875
0 0.07578125 0.2265625 0.0640625 0.053125
0 0.1578125 0.21640625 0.046875 0.0484375
0 0.25546875 0.19921875 0.1078125 0.0671875
0 0.36875 0.1859375 0.065625 0.053125
0 0.46015625 0.18359375 0.0734375 0.034375
0 0.55703125 0.18046875 0.0625 0.059375
0 0.65234375 0.165625 0.10625 0.0640625
0 0.73125 0.1578125 0.021875 0.034375
0 0.79921875 0.15390625 0.078125 0.065625
0 0.86484375 0.15703125 0.034375 0.040625
0 0.91484375 0.13828125 0.034375 0.040625
0 0.04609375 0.31328125 0.0765625 0.06875
0 0.12421875 0.2953125 0.0609375 0.046875
0 0.19765625 0.29921875 0.0640625 0.065625
0 0.25859375 0.3 0.0421875 0.0484375
0 0.3328125 0.28359375 0.0953125 0.06875
0 0.47734375 0.271875 0.1671875 0.078125
0 0.59296875 0.25078125 0.046875 0.0515625
0 0.66875 0.26328125 0.078125 0.0578125
0 0.72109375 0.240625 0.0171875 0.009375
0 0.784375 0.22890625 0.1046875 0.0890625
0 0.9 0.215625 0.1265625 0.0578125
0 0.10390625 0.39921875 0.1453125 0.0890625
0 0.21171875 0.365625 0.0578125 0.0546875
0 0.29296875 0.3796875 0.08125 0.0796875
0 0.47109375 0.35078125 0.2453125 0.09375
0 0.66640625 0.33203125 0.13125 0.1
0 0.81015625 0.3140625 0.115625 0.0875
0 0.9078125 0.28359375 0.0640625 0.06875
0 0.10625 0.44140625 0.125 0.059375
0 0.7359375 0.325 0.0140625 0.015625