0 0.075 0.05390625 0.0328125 0.0546875
0 0.14140625 0.0515625 0.0578125 0.0765625
0 0.25390625 0.075 0.134375 0.05625
0 0.37890625 0.07421875 0.0703125 0.0796875
0 0.471875 0.10078125 0.0921875 0.05625
0 0.58359375 0.121875 0.0875 0.0875
0 0.73671875 0.12109375 0.2234375 0.1078125
0 0.8890625 0.121875 0.0609375 0.071875
0 0.16796875 0.22890625 0.1984375 0.0953125
0 0.328125 0.2171875 0.071875 0.06875
0 0.45546875 0.2421875 0.1828125 0.1125
0 0.59140625 0.24296875 0.0453125 0.05625
0 0.6859375 0.23984375 0.0734375 0.06875
0 0.7625 0.25078125 0.071875 0.0625
0 0.83359375 0.25859375 0.05 0.0578125
0 0.065625 0.3453125 0.0328125 0.0609375
0 0.134375 0.359375 0.06875 0.1078125
0 0.24921875 0.36796875 0.165625 0.1046875
0 0.40546875 0.37578125 0.090625 0.05
0 0.509375 0.375 0.0390625 0.0546875
0 0.59765625 0.3703125 0.059375 0.0796875
0 0.6875 0.40234375 0.13125 0.09375
0 0.83828125 0.38671875 0.096875 0.071875
0 0.94140625 0.39921875 0.084375 0.065625
0 0.121875 0.4875 0.14375 0.1015625
0 0.2421875 0.4984375 0.078125 0.071875
0 0.33359375 0.50078125 0.0796875 0.0765625
0 0.43671875 0.5046875 0.0625 0.071875
0 0.51015625 0.50546875 0.090625 0.0796875
0 0.628125 0.5125 0.10625 0.0859375
0 0.76796875 0.5375 0.159375 0.1203125
0 0.8734375 0.53515625 0.0484375 0.0640625
0 0.93984375 0.53203125 0.075 0.0703125
0 0.09140625 0.64921875 0.1015625 0.1109375
0 0.2140625 0.628125 0.0921875 0.0796875
0 0.0453125 0.77109375 0.0484375 0.078125
0 0.16796875 0.7703125 0.18125 0.084375
0 0.321875 0.7765625 0.0859375 0.084375
0 0.42421875 0.796875 0.0859375 0.0484375
0 0.50625 0.79609375 0.0484375 0.05
0 0.57421875 0.7953125 0.0609375 0.0765625
0 0.70078125 0.80078125 0.1640625 0.0828125
0 0.8375 0.803125 0.084375 0.0796875
0 0.903125 0.80625 0.065625 0.0734375