0 0.69453125 0.096875 0.0875 0.078125
0 0.75390625 0.10859375 0.04375 0.0546875
0 0.1953125 0.05625 0.05 0.059375
0 0.22734375 0.071875 0.0609375 0.0625
0 0.315625 0.10546875 0.1375 0.084375
0 0.46328125 0.1640625 0.178125 0.11875
0 0.578125 0.190625 0.0453125 0.0546875
0 0.63203125 0.2109375 0.0734375 0.0515625
0 0.71484375 0.21796875 0.0828125 0.0734375
0 0.78515625 0.23515625 0.0828125 0.0703125
0 0.8609375 0.2484375 0.06875 0.071875
0 0.9484375 0.271875 0.103125 0.084375
0 0.21328125 0.190625 0.134375 0.090625
0 0.3109375 0.24765625 0.096875 0.0765625
0 0.45703125 0.28671875 0.1828125 0.1234375
0 0.11640625 0.29296875 0.0484375 0.0484375
0 0.18359375 0.31171875 0.071875 0.0765625
0 0.28125 0.3390625 0.125 0.096875
0 0.41015625 0.38203125 0.1546875 0.0953125
0 0.5359375 0.41875 0.096875 0.08125
0 0.6515625 0.45625 0.1125 0.0703125
0 0.74609375 0.48359375 0.04375 0.0484375
0 0.86875 0.51796875 0.1625 0.128125
0 0.15859375 0.44609375 0.1765625 0.1234375
0 0.28671875 0.478125 0.0546875 0.05625
0 0.38203125 0.5140625 0.1515625 0.10625
0 0.50234375 0.5359375 0.08125 0.078125
0 0.63046875 0.58125 0.20625 0.1203125
0 0.81796875 0.621875 0.1421875 0.090625
0 0.90625 0.64921875 0.046875 0.0515625
0 0.0828125 0.5484375 0.096875 0.0828125
0 0.24453125 0.6 0.2046875 0.1328125
0 0.4296875 0.65 0.175 0.1265625
0 0.009375 0.671875 0.01875 0.05
0 0.05078125 0.675 0.0828125 0.0859375
0 0.1296875 0.7078125 0.0921875 0.0609375
0 0.21171875 0.725 0.05 0.059375
0 0.271875 0.72890625 0.0546875 0.0671875
0 0.34453125 0.7578125 0.05 0.053125
0 0.415625 0.76796875 0.0734375 0.06875
0 0.51953125 0.81171875 0.1265625 0.1078125
0 0.628125 0.82265625 0.0828125 0.071875
0 0.709375 0.8546875 0.1140625 0.1109375
0 0.78671875 0.86015625 0.0546875 0.065625
0 0.8578125 0.8921875 0.115625 0.0796875
0 0.03046875 0.821875 0.0609375 0.103125