0 0.09140625 0.07109375 0.0265625 0.034375
0 0.14375 0.065625 0.0625 0.0359375
0 0.24609375 0.06875 0.0984375 0.046875
0 0.15234375 0.09921875 0.0765625 0.03125
0 0.23359375 0.09609375 0.0984375 0.0234375
0 0.134375 0.11640625 0.078125 0.025
0 0.20078125 0.12109375 0.0375 0.015625
0 0.26953125 0.11953125 0.071875 0.028125
0 0.1375 0.13671875 0.0921875 0.028125
0 0.2296875 0.13984375 0.0921875 0.028125
0 0.15546875 0.15625 0.0875 0.0328125
0 0.26640625 0.16171875 0.08125 0.028125
0 0.3265625 0.16015625 0.0328125 0.021875
0 0.396875 0.1609375 0.1 0.021875
0 0.171875 0.178125 0.1328125 0.028125
0 0.15234375 0.2015625 0.1015625 0.0359375
0 0.16875 0.21953125 0.128125 0.021875
0 0.184375 0.2421875 0.1484375 0.025
0 0.290625 0.24296875 0.053125 0.0234375
0 0.13203125 0.265625 0.04375 0.0203125
0 0.14296875 0.28671875 0.0796875 0.0265625
0 0.2578125 0.2859375 0.1015625 0.0453125
0 0.36171875 0.28125 0.084375 0.025
0 0.1609375 0.309375 0.0875 0.0265625
0 0.16796875 0.334375 0.1203125 0.034375
0 0.14609375 0.35703125 0.08125 0.028125
0 0.1453125 0.36875 0.0796875 0.0234375
0 0.22578125 0.36484375 0.053125 0.025
0 0.3125 0.37265625 0.1234375 0.034375
0 0.13828125 0.390625 0.0703125 0.0234375
0 0.2203125 0.3890625 0.0625 0.01875
0 0.31640625 0.396875 0.0921875 0.0390625
0 0.125 0.41484375 0.0234375 0.01875
0 0.1578125 0.4125 0.0375 0.025
0 0.2640625 0.409375 0.134375 0.025
0 0.20546875 0.35 0.0171875 0.01875
0 0.1703125 0.4328125 0.1 0.021875
0 0.278125 0.42890625 0.0921875 0.0234375
0 0.14140625 0.44921875 0.046875 0.0265625
0 0.196875 0.45 0.053125 0.021875
0 0.14375 0.475 0.06875 0.021875
0 0.1609375 0.496875 0.0859375 0.021875
0 0.26328125 0.4984375 0.0875 0.0375
0 0.1484375 0.51875 0.0671875 0.0203125
0 0.2203125 0.51484375 0.0671875 0.0171875
0 0.1515625 0.53828125 0.0796875 0.025
0 0.24453125 0.528125 0.1015625 0.021875
0 0.15078125 0.55390625 0.053125 0.021875
0 0.2234375 0.55234375 0.078125 0.0171875
0 0.29140625 0.5546875 0.0484375 0.0390625
0 0.35078125 0.54921875 0.05625 0.025
0 0.15625 0.5765625 0.0765625 0.01875
0 0.1640625 0.5984375 0.0828125 0.0328125
0 0.2625 0.58984375 0.0921875 0.0234375
0 0.1625 0.6234375 0.0734375 0.0390625
0 0.24140625 0.6125 0.0703125 0.025
0 0.15546875 0.63671875 0.040625 0.021875
0 0.23671875 0.6359375 0.0796875 0.028125
0 0.30703125 0.63515625 0.053125 0.0390625
0 0.15234375 0.65234375 0.0375 0.015625
0 0.196875 0.65625 0.0375 0.0265625
0 0.25859375 0.6515625 0.0546875 0.0265625
0 0.14765625 0.675 0.04375 0.021875
0 0.20234375 0.671875 0.040625 0.0234375
0 0.2078125 0.6859375 0.1234375 0.0234375
0 0.1640625 0.70546875 0.053125 0.0234375
0 0.20859375 0.703125 0.0171875 0.021875
0 0.246875 0.70390625 0.040625 0.0171875
0 0.325 0.69765625 0.0984375 0.0234375
0 0.41640625 0.70234375 0.059375 0.0203125
0 0.16171875 0.728125 0.046875 0.0171875
0 0.1578125 0.74609375 0.0703125 0.021875
0 0.25625 0.740625 0.0953125 0.03125
0 0.3734375 0.7453125 0.1234375 0.040625
0 0.1671875 0.76484375 0.0703125 0.01875
0 0.24609375 0.76796875 0.0578125 0.0375
0 0.14921875 0.78515625 0.03125 0.01875
0 0.2125 0.78828125 0.06875 0.0296875
0 0.2671875 0.7828125 0.0078125 0.0140625
0 0.30546875 0.77890625 0.0453125 0.021875
0 0.37578125 0.7765625 0.0640625 0.0203125
0 0.4265625 0.78359375 0.0328125 0.025
0 0.19453125 0.80390625 0.1140625 0.021875
0 0.16640625 0.8203125 0.0578125 0.0171875
0 0.23046875 0.81640625 0.0609375 0.0234375
0 0.31015625 0.82109375 0.08125 0.0234375
0 0.16953125 0.8375 0.05 0.01875
0 0.234375 0.84453125 0.0734375 0.03125
0 0.3125 0.83515625 0.05 0.021875
0 0.37578125 0.8359375 0.06875 0.0359375
0 0.1921875 0.85546875 0.096875 0.0234375
0 0.28125 0.85546875 0.06875 0.01875
0 0.353125 0.84765625 0.06875 0.021875
0 0.2 0.8734375 0.109375 0.0203125
0 0.16953125 0.890625 0.0484375 0.01875
0 0.25546875 0.88359375 0.1046875 0.025
0 0.34375 0.8796875 0.0453125 0.025