0 0.1953125 0.16640625 0.153125 0.1265625
0 0.37734375 0.15625 0.1390625 0.1078125
0 0.53671875 0.16875 0.084375 0.103125
0 0.59921875 0.175 0.0140625 0.034375
0 0.628125 0.15390625 0.00625 0.053125
0 0.70703125 0.1484375 0.078125 0.0609375
0 0.8015625 0.1734375 0.0765625 0.084375
0 0.14375 0.221875 0.0515625 0.0625
0 0.2296875 0.25390625 0.0390625 0.0828125
0 0.30234375 0.23046875 0.0109375 0.059375
0 0.4 0.2265625 0.1 0.065625
0 0.52890625 0.26015625 0.065625 0.078125
0 0.58671875 0.234375 0.034375 0.0703125
0 0.61796875 0.2484375 0.0171875 0.071875
0 0.68203125 0.22734375 0.05 0.0546875
0 0.73046875 0.23671875 0.00625 0.0359375
0 0.80234375 0.2328125 0.071875 0.046875
0 0.14453125 0.30703125 0.03125 0.0515625
0 0.27265625 0.33125 0.1359375 0.1046875
0 0.4078125 0.31328125 0.059375 0.046875
0 0.5046875 0.33984375 0.0625 0.0828125
0 0.596875 0.3109375 0.0171875 0.046875
0 0.6890625 0.30234375 0.10625 0.0578125
0 0.7796875 0.30625 0.0296875 0.05625
0 0.81953125 0.3390625 0.053125 0.0828125
0 0.20078125 0.3859375 0.1671875 0.078125
0 0.3125 0.39140625 0.00625 0.0515625
0 0.38671875 0.38984375 0.0828125 0.0546875
0 0.5 0.39609375 0.0515625 0.0546875
0 0.55 0.3953125 0.0234375 0.0546875
0 0.5890625 0.39921875 0.0234375 0.0375
0 0.6375 0.38359375 0.0546875 0.0515625
0 0.7 0.38359375 0.021875 0.04375
0 0.7921875 0.42265625 0.103125 0.1171875
0 0.19765625 0.4890625 0.159375 0.109375
0 0.32578125 0.4828125 0.0265625 0.0484375
0 0.39140625 0.48359375 0.021875 0.03125
0 0.48203125 0.48515625 0.0953125 0.1078125
0 0.628125 0.49453125 0.134375 0.1234375
0 0.778125 0.4640625 0.1109375 0.078125
0 0.15234375 0.6140625 0.040625 0.1140625
0 0.25859375 0.590625 0.1375 0.1234375
0 0.34765625 0.575 0.0203125 0.034375
0 0.4390625 0.57890625 0.165625 0.10625
0 0.5796875 0.54140625 0.0546875 0.0609375
0 0.7 0.578125 0.11875 0.121875
0 0.815625 0.55859375 0.0625 0.0421875
0 0.175 0.68125 0.0890625 0.1046875
0 0.30546875 0.6828125 0.09375 0.0859375
0 0.375 0.65703125 0.015625 0.025
0 0.40859375 0.6453125 0.009375 0.0453125
0 0.45625 0.65390625 0.04375 0.028125
0 0.5671875 0.6609375 0.1 0.1203125
0 0.7296875 0.66015625 0.1484375 0.1140625
0 0.8375 0.628125 0.0328125 0.0421875
0 0.17734375 0.74140625 0.0796875 0.046875
0 0.28359375 0.7359375 0.06875 0.053125
0 0.35703125 0.75546875 0.0328125 0.0734375
0 0.5265625 0.7203125 0.0703125 0.0546875
0 0.6125 0.721875 0.0140625 0.0390625
0 0.65390625 0.725 0.0421875 0.0265625
0 0.7484375 0.70390625 0.0625 0.059375
0 0.8484375 0.71640625 0.103125 0.0953125
0 0.13359375 0.8203125 0.0171875 0.065625
0 0.20703125 0.82109375 0.06875 0.0578125
0 0.30390625 0.828125 0.059375 0.0515625
0 0.3734375 0.83359375 0.0359375 0.0328125
0 0.4640625 0.8359375 0.1 0.109375
0 0.58203125 0.79609375 0.0859375 0.0703125
0 0.68984375 0.821875 0.1046875 0.0875
0 0.79921875 0.77890625 0.0703125 0.078125
0 0.85546875 0.79375 0.0203125 0.0265625
0 0.16875 0.94609375 0.06875 0.1078125
0 0.25546875 0.93046875 0.040625 0.06875
0 0.378125 0.91484375 0.1203125 0.053125
0 0.4953125 0.921875 0.065625 0.103125
0 0.59375 0.890625 0.08125 0.0484375
0 0.66875 0.8875 0.034375 0.0453125
0 0.73984375 0.87265625 0.08125 0.0671875
0 0.84453125 0.87109375 0.1171875 0.084375
0 0.665625 0.98046875 0.0859375 0.034375
0 0.76953125 0.9671875 0.071875 0.0375
0 0.84453125 0.9546875 0.034375 0.046875
0 0.890625 0.3109375 0.0171875 0.025
0 0.61796875 0.0703125 0.0671875 0.053125
0 0.028125 0.653125 0.0515625 0.0625
0 0.425 0.7296875 0.046875 0.0609375