0 0.13203125 0.0484375 0.1953125 0.096875
0 0.40234375 0.0828125 0.3046875 0.121875
0 0.5453125 0.146875 0.203125 0.08125
0 0.73125 0.196875 0.096875 0.078125
0 0.9109375 0.171875 0.15 0.0671875
0 0.0890625 0.234375 0.1140625 0.0734375
0 0.26953125 0.22578125 0.1890625 0.0734375
0 0.459375 0.26484375 0.16875 0.1109375
0 0.6609375 0.3015625 0.140625 0.096875
0 0.884375 0.278125 0.23125 0.1
0 0.2453125 0.3390625 0.31875 0.14375
0 0.48359375 0.34296875 0.084375 0.06875
0 0.665625 0.36953125 0.15 0.0484375
0 0.8921875 0.3984375 0.215625 0.1375
0 0.12734375 0.41015625 0.1140625 0.0703125
0 0.3390625 0.43125 0.165625 0.121875
0 0.4828125 0.42890625 0.0453125 0.0625
0 0.690625 0.45390625 0.346875 0.1078125
0 0.95546875 0.4734375 0.0890625 0.084375
0 0.0671875 0.50703125 0.071875 0.04375
0 0.215625 0.53359375 0.1796875 0.11875
0 0.590625 0.55859375 0.115625 0.0484375
0 0.73125 0.58515625 0.134375 0.071875
0 0.9078125 0.58046875 0.1765625 0.08125
0 0.134375 0.603125 0.159375 0.078125
0 0.30078125 0.63984375 0.1078125 0.0796875
0 0.54765625 0.62578125 0.2578125 0.096875
0 0.728125 0.65234375 0.1125 0.05625
0 0.8921875 0.65546875 0.1828125 0.0796875
0 0.09609375 0.68515625 0.121875 0.0484375
0 0.271875 0.71328125 0.1203125 0.0421875
0 0.42109375 0.7296875 0.0671875 0.03125
0 0.5578125 0.71875 0.115625 0.0609375
0 0.70625 0.76484375 0.15625 0.0953125
0 0.7984375 0.75546875 0.028125 0.0265625
0 0.90390625 0.753125 0.1609375 0.1359375
0 0.0796875 0.77734375 0.1421875 0.075
0 0.3234375 0.78125 0.2546875 0.08125
0 0.5859375 0.80703125 0.1875 0.0796875
0 0.75546875 0.821875 0.0984375 0.0578125
0 0.89921875 0.8578125 0.146875 0.0734375
0 0.06015625 0.83984375 0.1203125 0.0515625
0 0.21640625 0.8390625 0.121875 0.0640625
0 0.36796875 0.86953125 0.109375 0.0421875
0 0.6375 0.89609375 0.3578125 0.1390625
0 0.84765625 0.91328125 0.0625 0.03125
0 0.9234375 0.92890625 0.0828125 0.0484375
0 0.04296875 0.934375 0.0859375 0.0625
0 0.21171875 0.92734375 0.1546875 0.06875
0 0.41640625 0.965625 0.1359375 0.06875
0 0.51953125 0.9890625 0.0390625 0.021875
0 0.6984375 0.9609375 0.3125 0.078125
0 0.915625 0.98828125 0.0875 0.0234375
0 0.43359375 0.53125 0.15 0.0796875