0 0.26015625 0.15234375 0.0921875 0.10625
0 0.32265625 0.1375 0.04375 0.0703125
0 0.40390625 0.1296875 0.1203125 0.0953125
0 0.55859375 0.1375 0.134375 0.13125
0 0.65234375 0.1828125 0.2578125 0.140625
0 0.271875 0.321875 0.0671875 0.0859375
0 0.353125 0.31328125 0.0921875 0.071875
0 0.4609375 0.29921875 0.1234375 0.0875
0 0.628125 0.28359375 0.209375 0.1203125
0 0.384375 0.36953125 0.1265625 0.06875
0 0.2703125 0.44921875 0.075 0.084375
0 0.37421875 0.43671875 0.13125 0.0890625
0 0.5859375 0.40390625 0.240625 0.1015625
0 0.29375 0.68359375 0.1078125 0.175
0 0.4 0.6328125 0.0859375 0.1234375
0 0.575 0.578125 0.275 0.134375