0 0.23125 0.22421875 0.178125 0.103125
0 0.4140625 0.27265625 0.1140625 0.078125
0 0.55546875 0.27890625 0.13125 0.078125
0 0.2171875 0.36796875 0.196875 0.1375
0 0.36875 0.35859375 0.03125 0.0359375
0 0.56640625 0.3828125 0.31875 0.1328125
0 0.81640625 0.41484375 0.1921875 0.15625
0 0.103125 0.428125 0.0234375 0.0578125
0 0.21171875 0.44296875 0.125 0.075
0 0.3890625 0.47109375 0.128125 0.065625
0 0.59375 0.50625 0.05 0.0328125
0 0.71875 0.5109375 0.0953125 0.06875
0 0.846875 0.53828125 0.1484375 0.140625
0 0.12734375 0.59921875 0.1734375 0.19375
0 0.31171875 0.5890625 0.1625 0.1140625
0 0.4578125 0.69609375 0.2140625 0.19375
0 0.60234375 0.71875 0.0828125 0.121875
0 0.49453125 0.48671875 0.06875 0.046875