0 0.06171875 0.17890625 0.06875 0.0359375
0 0.10234375 0.16875 0.009375 0.021875
0 0.134375 0.1609375 0.0453125 0.03125
0 0.2015625 0.1453125 0.0875 0.040625
0 0.2640625 0.13046875 0.03125 0.028125
0 0.09375 0.24609375 0.0984375 0.04375
0 0.15546875 0.3296875 0.00625 0.0171875
0 0.18203125 0.3234375 0.0375 0.025
0 0.24296875 0.3140625 0.0796875 0.0390625
0 0.11875 0.33984375 0.065625 0.0375
0 0.309375 0.29375 0.053125 0.0296875
0 0.14375 0.37265625 0.121875 0.0546875
0 0.1484375 0.41640625 0.1203125 0.053125
0 0.3046875 0.38671875 0.1921875 0.0875
0 0.46484375 0.34765625 0.1125 0.053125
0 0.571875 0.32890625 0.0875 0.0421875
0 0.72578125 0.3 0.20625 0.0796875
0 0.12265625 0.4765625 0.0734375 0.0640625
0 0.1734375 0.46171875 0.028125 0.0171875
0 0.240625 0.446875 0.0875 0.0390625
0 0.31640625 0.4265625 0.0109375 0.025
0 0.4328125 0.40078125 0.2046875 0.078125
0 0.57734375 0.36640625 0.059375 0.0375
0 0.696875 0.33984375 0.14375 0.0609375
0 0.1390625 0.52109375 0.0703125 0.0390625
0 0.228125 0.503125 0.0625 0.04375
0 0.32109375 0.4828125 0.090625 0.0484375
0 0.47109375 0.44921875 0.1796875 0.0796875
0 0.60625 0.41796875 0.071875 0.0515625
0 0.72578125 0.38359375 0.1671875 0.0625
0 0.13515625 0.55546875 0.0578125 0.0328125
0 0.23515625 0.54375 0.0921875 0.053125
0 0.3171875 0.525 0.0640625 0.0328125
0 0.39453125 0.5078125 0.0546875 0.028125
0 0.4734375 0.48984375 0.06875 0.0359375
0 0.58515625 0.4640625 0.1125 0.04375
0 0.23203125 0.6734375 0.1984375 0.0828125
0 0.2078125 0.71875 0.1296875 0.05625
0 0.3265625 0.69609375 0.0859375 0.0375
0 0.49296875 0.6609375 0.215625 0.084375
0 0.671875 0.6171875 0.1328125 0.0578125
0 0.18984375 0.75703125 0.0859375 0.046875
0 0.28828125 0.734375 0.0921875 0.046875
0 0.36640625 0.72109375 0.0640625 0.0375
0 0.5 0.6890625 0.18125 0.065625
0 0.71484375 0.6453125 0.215625 0.0796875
0 0.1890625 0.7859375 0.0625 0.0359375
0 0.309375 0.76015625 0.1484375 0.0578125
0 0.43515625 0.734375 0.0703125 0.0390625
0 0.528125 0.71484375 0.0921875 0.046875
0 0.603125 0.70078125 0.0625 0.034375
0 0.76484375 0.66640625 0.2390625 0.0890625
0 0.221875 0.8078125 0.128125 0.05625
0 0.35234375 0.78359375 0.0984375 0.046875
0 0.48671875 0.75703125 0.1640625 0.0671875
0 0.634375 0.72421875 0.1125 0.05625
0 0.809375 0.69140625 0.2140625 0.0765625
0 0.209375 0.8453125 0.071875 0.0421875
0 0.3140625 0.83828125 0.115625 0.059375
0 0.41484375 0.8109375 0.06875 0.0359375
0 0.57734375 0.77265625 0.2234375 0.0828125
0 0.728125 0.73984375 0.0484375 0.0421875
0 0.83046875 0.7234375 0.1234375 0.0625