0 0.14375 0.63125 0.0796875 0.0515625
0 0.23828125 0.0453125 0.2125 0.053125
0 0.67578125 0.05625 0.11875 0.05
0 0.81484375 0.0609375 0.109375 0.04375
0 0.13046875 0.27109375 0.009375 0.0375
0 0.2 0.15546875 0.08125 0.05
0 0.30234375 0.2296875 0.0875 0.05
0 0.4796875 0.18125 0.146875 0.05625
0 0.29765625 0.1734375 0.1 0.046875
0 0.45390625 0.2421875 0.0890625 0.0625
0 0.26015625 0.10625 0.25625 0.05625
0 0.61171875 0.1734375 0.0671875 0.040625
0 0.4671875 0.28515625 0.1578125 0.05
0 0.6203125 0.2953125 0.11875 0.053125
0 0.75390625 0.17734375 0.1 0.04375
0 0.86953125 0.17734375 0.0796875 0.040625
0 0.1359375 0.2171875 0.025 0.025
0 0.20390625 0.21171875 0.0828125 0.05
0 0.375 0.22265625 0.028125 0.0375
0 0.1984375 0.2734375 0.096875 0.0375
0 0.30703125 0.34921875 0.0796875 0.046875
0 0.29765625 0.2890625 0.08125 0.04375
0 0.36953125 0.28828125 0.0375 0.0390625
0 0.13203125 0.3296875 0.021875 0.03125
0 0.20546875 0.3359375 0.1 0.04375
0 0.3828125 0.34921875 0.040625 0.0375
0 0.46015625 0.3453125 0.090625 0.034375
0 0.55234375 0.35859375 0.0875 0.040625
0 0.23828125 0.396875 0.2125 0.0625
0 0.153125 0.4546875 0.071875 0.034375
0 0.2484375 0.46484375 0.0875 0.0625
0 0.32578125 0.459375 0.0375 0.0390625
0 0.36484375 0.46640625 0.01875 0.021875
0 0.434375 0.46171875 0.06875 0.03125
0 0.14765625 0.51171875 0.0875 0.040625
0 0.2421875 0.51015625 0.0703125 0.0375
0 0.31953125 0.521875 0.08125 0.046875
0 0.4171875 0.51953125 0.0875 0.034375
0 0.51875 0.53984375 0.103125 0.0390625
0 0.14609375 0.57421875 0.065625 0.0328125
0 0.2296875 0.5828125 0.078125 0.046875
0 0.340625 0.57421875 0.134375 0.046875
0 0.4828125 0.590625 0.1203125 0.040625
0 0.2328125 0.63359375 0.0671875 0.04375
0 0.28984375 0.6421875 0.0453125 0.034375
0 0.39453125 0.6515625 0.14375 0.06875
0 0.57265625 0.6484375 0.059375 0.028125
0 0.64453125 0.665625 0.053125 0.040625
0 0.71171875 0.65703125 0.065625 0.025
0 0.78046875 0.65 0.0609375 0.03125
0 0.8671875 0.66328125 0.0875 0.04375
0 0.14765625 0.68984375 0.0703125 0.046875
0 0.23359375 0.70234375 0.08125 0.04375
0 0.3703125 0.69296875 0.153125 0.05
0 0.13359375 0.7609375 0.059375 0.034375
0 0.2015625 0.7578125 0.03125 0.0359375
0 0.23671875 0.7546875 0.0375 0.04375
0 0.31640625 0.76171875 0.0984375 0.0328125
0 0.41796875 0.76640625 0.08125 0.04375
0 0.52734375 0.76796875 0.096875 0.0359375
0 0.625 0.77890625 0.078125 0.046875
0 0.70078125 0.77421875 0.046875 0.04375
0 0.7984375 0.79140625 0.1328125 0.059375
0 0.89921875 0.79765625 0.065625 0.0484375
0 0.14765625 0.8125 0.08125 0.046875
0 0.23203125 0.8171875 0.05625 0.0296875
0 0.290625 0.8234375 0.0265625 0.0203125
0 0.44921875 0.83984375 0.075 0.0625
0 0.11484375 0.8796875 0.03125 0.0375
0 0.16796875 0.890625 0.0640625 0.04375
0 0.259375 0.87421875 0.09375 0.034375
0 0.33125 0.878125 0.04375 0.03125
0 0.40859375 0.8859375 0.0859375 0.0375
0 0.47578125 0.8859375 0.03125 0.040625
0 0.53828125 0.903125 0.0640625 0.040625
0 0.6703125 0.896875 0.153125 0.0453125
0 0.78984375 0.89765625 0.078125 0.04375
0 0.87734375 0.90390625 0.0671875 0.040625
0 0.9234375 0.90859375 0.0046875 0.028125
0 0.6734375 0.17578125 0.028125 0.028125
0 0.396875 0.04921875 0.090625 0.046875
0 0.52890625 0.04921875 0.1296875 0.046875
0 0.140625 0.15625 0.025 0.034375
0 0.38359375 0.175 0.03125 0.03125
0 0.50234375 0.6515625 0.0515625 0.0375
0 0.35234375 0.83203125 0.08125 0.040625