0 0.26875 0.19453125 0.059375 0.0734375
0 0.35546875 0.19296875 0.0984375 0.0671875
0 0.4796875 0.20859375 0.128125 0.1109375
0 0.621875 0.17109375 0.13125 0.0765625
0 0.271875 0.2984375 0.0640625 0.090625
0 0.38828125 0.32265625 0.15625 0.1234375
0 0.528125 0.32734375 0.1078125 0.1125
0 0.70859375 0.27109375 0.1171875 0.084375
0 0.71640625 0.32265625 0.115625 0.075
0 0.371875 0.42265625 0.0765625 0.0875
0 0.44921875 0.4109375 0.0484375 0.0703125
0 0.52734375 0.41328125 0.1203125 0.0890625
0 0.69296875 0.3859375 0.09375 0.0921875
0 0.69765625 0.44921875 0.0921875 0.065625
0 0.725 0.53125 0.140625 0.0703125
0 0.396875 0.60703125 0.134375 0.125
0 0.621875 0.5734375 0.2421875 0.08125
0 0.30546875 0.7328125 0.1125 0.071875
0 0.45078125 0.7125 0.109375 0.0625
0 0.5890625 0.71640625 0.1328125 0.115625
0 0.7953125 0.6640625 0.1546875 0.1109375
0 0.43515625 0.82109375 0.1625 0.0890625
0 0.621875 0.80234375 0.159375 0.1359375
0 0.81328125 0.76640625 0.1140625 0.1234375
0 0.8515625 0.82734375 0.125 0.1078125