0 0.06875 0.1953125 0.1375 0.084375
0 0.1984375 0.19453125 0.109375 0.0703125
0 0.28828125 0.15859375 0.06875 0.0421875
0 0.396875 0.1375 0.1390625 0.0640625
0 0.51171875 0.12265625 0.084375 0.065625
0 0.6703125 0.08828125 0.21875 0.11875
0 0.81953125 0.03984375 0.0875 0.0453125
0 0.109375 0.2625 0.071875 0.046875
0 0.19375 0.25 0.0609375 0.034375
0 0.2640625 0.2328125 0.0453125 0.028125
0 0.3625 0.2078125 0.134375 0.0734375
0 0.47265625 0.18828125 0.0625 0.0515625
0 0.56171875 0.17734375 0.1046875 0.0671875
0 0.74609375 0.13125 0.28125 0.15625
0 0.08203125 0.38046875 0.1125 0.06875
0 0.2203125 0.3515625 0.1265625 0.0546875
0 0.3546875 0.31328125 0.14375 0.0734375
0 0.45390625 0.29921875 0.0484375 0.0296875
0 0.5796875 0.29375 0.2 0.140625
0 0.7109375 0.25859375 0.178125 0.1296875
0 0.22578125 0.4796875 0.1125 0.071875
0 0.34453125 0.44140625 0.11875 0.053125
0 0.46171875 0.41484375 0.0828125 0.0453125
0 0.546875 0.3984375 0.046875 0.0296875
0 0.67265625 0.3640625 0.1703125 0.0859375
0 0.8515625 0.29375 0.2125 0.1390625
0 0.184375 0.61328125 0.1296875 0.0671875
0 0.29296875 0.58984375 0.08125 0.0375
0 0.41171875 0.56484375 0.1296875 0.053125
0 0.53046875 0.5359375 0.0984375 0.0484375
0 0.65625 0.525 0.1484375 0.109375
0 0.77578125 0.4703125 0.1328125 0.0734375
0 0.8609375 0.4453125 0.0421875 0.0640625
0 0.25546875 0.65625 0.146875 0.06875
0 0.38359375 0.63046875 0.10625 0.053125
0 0.4671875 0.615625 0.053125 0.04375
0 0.58125 0.5828125 0.15625 0.0734375
0 0.74921875 0.55 0.184375 0.075
0 0.41171875 0.74921875 0.146875 0.0578125
0 0.50859375 0.72578125 0.0640625 0.0453125
0 0.5890625 0.70546875 0.121875 0.1109375
0 0.72109375 0.66640625 0.140625 0.0625
0 0.1390625 0.896875 0.0671875 0.0578125
0 0.209375 0.8859375 0.0671875 0.053125
0 0.26875 0.87421875 0.05625 0.053125
0 0.415625 0.8421875 0.1546875 0.084375
0 0.5578125 0.79765625 0.1375 0.0640625
0 0.671875 0.76484375 0.090625 0.0640625
0 0.7578125 0.74375 0.040625 0.0359375
0 0.80234375 0.734375 0.05625 0.0375
0 0.86171875 0.71875 0.0609375 0.0421875
0 0.91484375 0.7109375 0.0625 0.0453125
0 0.9671875 0.69609375 0.065625 0.0390625