0 0.515625 0.22734375 0.0921875 0.0484375
0 0.63984375 0.25703125 0.165625 0.06875
0 0.1015625 0.23359375 0.0625 0.034375
0 0.15859375 0.24921875 0.059375 0.034375
0 0.2453125 0.2609375 0.0703125 0.0546875
0 0.3328125 0.28359375 0.1 0.0578125
0 0.09453125 0.29609375 0.078125 0.0421875
0 0.21328125 0.33046875 0.1015625 0.084375
0 0.33125 0.35546875 0.1046875 0.065625
0 0.065625 0.38125 0.0546875 0.0328125
0 0.13671875 0.39765625 0.0953125 0.04375
0 0.1234375 0.4328125 0.0765625 0.0484375
0 0.19296875 0.446875 0.0578125 0.0515625
0 0.24375 0.4578125 0.040625 0.0453125
0 0.31953125 0.471875 0.0828125 0.0625
0 0.39609375 0.48671875 0.05 0.0546875
0 0.440625 0.5015625 0.021875 0.0296875
0 0.4796875 0.521875 0.0625 0.059375
0 0.53125 0.5234375 0.034375 0.0375
0 0.57578125 0.52421875 0.0515625 0.059375
0 0.6453125 0.5453125 0.0828125 0.065625
0 0.73671875 0.565625 0.08125 0.0546875
0 0.81171875 0.5796875 0.0734375 0.0578125
0 0.86875 0.58671875 0.0390625 0.046875
0 0.1109375 0.49140625 0.084375 0.0546875
0 0.16953125 0.49921875 0.0453125 0.0359375
0 0.21015625 0.50546875 0.0265625 0.03125
0 0.3046875 0.52734375 0.1234375 0.0828125
0 0.4015625 0.53828125 0.0671875 0.05
0 0.48515625 0.56484375 0.0875 0.06875
0 0.57265625 0.58828125 0.08125 0.075
0 0.665625 0.6046875 0.0921875 0.0734375
0 0.73671875 0.6109375 0.0359375 0.0421875
0 0.78828125 0.61875 0.0796875 0.065625
0 0.84609375 0.63828125 0.053125 0.04375
0 0.88828125 0.64140625 0.0421875 0.046875
0 0.09453125 0.54375 0.0640625 0.0515625
0 0.159375 0.55390625 0.0625 0.053125
0 0.2125 0.57421875 0.0421875 0.0703125
0 0.25390625 0.578125 0.0453125 0.0515625
0 0.28828125 0.58828125 0.0296875 0.0328125
0 0.35 0.590625 0.0734375 0.053125
0 0.44296875 0.61171875 0.08125 0.0578125
0 0.51015625 0.63125 0.0265625 0.0296875
0 0.565625 0.63984375 0.071875 0.0609375
0 0.63125 0.6515625 0.05625 0.05625
0 0.7015625 0.66875 0.103125 0.0671875
0 0.79765625 0.684375 0.075 0.0625
0 0.8484375 0.6984375 0.04375 0.0609375
0 0.0859375 0.60390625 0.0890625 0.0765625
0 0.16171875 0.6234375 0.059375 0.0328125
0 0.2234375 0.63671875 0.04375 0.0328125
0 0.27578125 0.6375 0.046875 0.046875
0 0.34609375 0.65859375 0.09375 0.0703125
0 0.44453125 0.6796875 0.0921875 0.075
0 0.53125 0.68671875 0.0796875 0.05625
0 0.60625 0.71171875 0.0765625 0.0671875
0 0.69609375 0.73359375 0.090625 0.08125
0 0.76328125 0.7375 0.05 0.053125
0 0.84296875 0.75859375 0.1 0.0671875
0 0.0671875 0.66171875 0.06875 0.05625
0 0.1375 0.6734375 0.0796875 0.0640625
0 0.27734375 0.70078125 0.0734375 0.0578125
0 0.3609375 0.72109375 0.0875 0.05625
0 0.4375 0.73359375 0.0671875 0.0515625
0 0.51484375 0.76171875 0.0828125 0.0640625
0 0.58203125 0.76484375 0.0515625 0.0484375
0 0.6453125 0.78515625 0.0796875 0.0578125
0 0.73984375 0.7953125 0.0796875 0.0640625
0 0.79609375 0.815625 0.0359375 0.0390625
0 0.871875 0.83515625 0.1015625 0.0875
0 0.04921875 0.709375 0.05 0.0484375
0 0.13359375 0.728125 0.09375 0.0609375
0 0.2125 0.74375 0.0484375 0.046875
0 0.290625 0.7546875 0.1 0.05625
0 0.39609375 0.7765625 0.10625 0.0734375
0 0.47109375 0.790625 0.059375 0.0515625
0 0.5375 0.82109375 0.1015625 0.0765625
0 0.6296875 0.82578125 0.0859375 0.05625
0 0.7140625 0.83828125 0.078125 0.0578125
0 0.7859375 0.85390625 0.05625 0.0515625
0 0.84921875 0.88203125 0.06875 0.0640625
0 0.90078125 0.88515625 0.0453125 0.0453125
0 0.01171875 0.7421875 0.0234375 0.040625
0 0.0703125 0.759375 0.109375 0.046875
0 0.134375 0.76875 0.03125 0.0296875
0 0.159375 0.77578125 0.025 0.0234375
0 0.18046875 0.77734375 0.0234375 0.021875
0 0.23828125 0.7921875 0.09375 0.0421875
0 0.29453125 0.80078125 0.01875 0.0234375
0 0.3390625 0.8109375 0.06875 0.0328125
0 0.39296875 0.821875 0.0453125 0.03125
0 0.4359375 0.82578125 0.04375 0.028125
0 0.49140625 0.8375 0.065625 0.03125
0 0.08046875 0.81640625 0.096875 0.0828125
0 0.1515625 0.8234375 0.034375 0.034375
0 0.2375 0.84296875 0.109375 0.0796875
0 0.33359375 0.84765625 0.06875 0.059375
0 0.396875 0.85625 0.053125 0.053125
0 0.475 0.8734375 0.096875 0.0671875
0 0.55 0.8984375 0.05 0.0328125
0 0.8953125 0.92734375 0.0484375 0.0484375
0 0.203125 0.68828125 0.065625 0.0625