0 0.2921875 0.23125 0.1046875 0.05
0 0.37421875 0.240625 0.0375 0.03125
0 0.44453125 0.2640625 0.1125 0.053125
0 0.52890625 0.27890625 0.0375 0.021875
0 0.32109375 0.27265625 0.16875 0.06875
0 0.465625 0.303125 0.1078125 0.04375
0 0.54140625 0.31953125 0.028125 0.0234375
0 0.575 0.3296875 0.021875 0.01875
0 0.28125 0.30234375 0.10625 0.053125
0 0.39765625 0.33046875 0.10625 0.0546875
0 0.4875 0.3453125 0.0515625 0.0328125
0 0.57578125 0.3671875 0.115625 0.059375
0 0.2234375 0.321875 0.0296875 0.0296875
0 0.3125 0.346875 0.1453125 0.0609375
0 0.465625 0.38046875 0.1421875 0.059375
0 0.2546875 0.3734375 0.1046875 0.0515625
0 0.328125 0.38515625 0.0234375 0.0265625
0 0.4375 0.4140625 0.1828125 0.0671875
0 0.553125 0.43671875 0.0359375 0.028125
0 0.2421875 0.40234375 0.059375 0.0328125
0 0.228125 0.4359375 0.065625 0.0359375
0 0.32890625 0.4640625 0.140625 0.0625
0 0.44140625 0.49296875 0.0921875 0.04375
0 0.5171875 0.5046875 0.0421875 0.03125
0 0.24765625 0.48359375 0.1328125 0.059375
0 0.39453125 0.51875 0.1453125 0.0625
0 0.234375 0.51171875 0.0984375 0.0421875
0 0.30703125 0.5296875 0.028125 0.0234375
0 0.35234375 0.540625 0.05625 0.0328125
0 0.4140625 0.55234375 0.0484375 0.03125
0 0.51015625 0.57734375 0.128125 0.0515625
0 0.20546875 0.540625 0.078125 0.0359375
0 0.2859375 0.56015625 0.0734375 0.0359375
0 0.33984375 0.57578125 0.0203125 0.01875
0 0.39921875 0.58828125 0.0921875 0.04375
0 0.52578125 0.6234375 0.15625 0.059375
0 0.2125 0.58203125 0.078125 0.0328125
0 0.2703125 0.5921875 0.0171875 0.021875
0 0.31484375 0.6046875 0.046875 0.028125
0 0.4046875 0.628125 0.1296875 0.05
0 0.521875 0.6578125 0.0875 0.040625
0 0.20703125 0.61015625 0.0734375 0.0375
0 0.26875 0.6265625 0.0265625 0.0234375
0 0.31328125 0.63828125 0.059375 0.034375
0 0.371875 0.65390625 0.0515625 0.03125
0 0.43046875 0.67265625 0.071875 0.03125
0 0.49296875 0.68515625 0.0296875 0.025
0 0.19375 0.63984375 0.0671875 0.0359375
0 0.27265625 0.66953125 0.0828125 0.0453125
0 0.36015625 0.69140625 0.096875 0.0453125
0 0.46171875 0.7140625 0.1015625 0.0453125
0 0.25078125 0.69140625 0.1796875 0.06875
0 0.1609375 0.72890625 0.0359375 0.0265625
0 0.19609375 0.7390625 0.0140625 0.0140625
0 0.25859375 0.76015625 0.1046875 0.046875
0 0.16171875 0.8265625 0.06875 0.0359375
0 0.2609375 0.84375 0.084375 0.0390625
0 0.39921875 0.90703125 0.11875 0.053125
0 0.54921875 0.93046875 0.0984375 0.0375
0 0.615625 0.94765625 0.028125 0.021875
0 0.5609375 0.94609375 0.0625 0.0296875
0 0.71484375 0.98515625 0.1734375 0.0296875
0 0.6359375 0.86171875 0.0921875 0.05625
0 0.703125 0.88671875 0.0515625 0.0296875
0 0.77265625 0.9078125 0.0828125 0.034375
0 0.85078125 0.92578125 0.06875 0.0359375
0 0.62734375 0.90390625 0.0375 0.0234375
0 0.71171875 0.92109375 0.1109375 0.0484375
0 0.74296875 0.55859375 0.0921875 0.04375
0 0.815625 0.57421875 0.0421875 0.0328125
0 0.8921875 0.59296875 0.103125 0.046875