0 0.0703125 0.06875 0.053125 0.0203125
0 0.11875 0.06328125 0.03125 0.021875
0 0.24296875 0.05078125 0.178125 0.0484375
0 0.07109375 0.13046875 0.04375 0.046875
0 0.2109375 0.1359375 0.1453125 0.059375
0 0.43046875 0.1125 0.18125 0.0671875
0 0.7046875 0.1046875 0.271875 0.0515625
0 0.0671875 0.17265625 0.0453125 0.04375
0 0.1734375 0.2359375 0.0828125 0.0375
0 0.19453125 0.2796875 0.1703125 0.0578125
0 0.4359375 0.26484375 0.2140625 0.04375
0 0.77421875 0.246875 0.1765625 0.053125
0 0.91875 0.26875 0.1015625 0.040625
0 0.22890625 0.33046875 0.221875 0.0671875
0 0.49765625 0.31015625 0.2203125 0.0421875
0 0.76328125 0.30234375 0.1734375 0.0578125
0 0.9234375 0.30859375 0.121875 0.034375
0 0.18125 0.35234375 0.1140625 0.0328125
0 0.465625 0.35 0.2578125 0.05625
0 0.7265625 0.36484375 0.184375 0.0515625
0 0.8609375 0.378125 0.0625 0.0296875
0 0.70703125 0.41640625 0.15625 0.0328125
0 0.76171875 0.509375 0.0484375 0.0234375
0 0.85859375 0.53046875 0.109375 0.0578125