0 0.7 0.203125 0.1375 0.0890625
0 0.48203125 0.31875 0.290625 0.1453125
0 0.72109375 0.3578125 0.0875 0.0578125
0 0.340625 0.38515625 0.5640625 0.1765625
0 0.825 0.43984375 0.35 0.1484375
0 0.08515625 0.4765625 0.0984375 0.1140625
0 0.3078125 0.50078125 0.2375 0.13125
0 0.6875 0.5484375 0.3984375 0.1203125
0 0.19921875 0.6359375 0.3984375 0.278125
0 0.6125 0.80625 0.6015625 0.215625
0 0.371875 0.2453125 0.55625 0.31875
0 0.075 0.08359375 0.05625 0.1109375
0 0.128125 0.09296875 0.0890625 0.0671875
0 0.61484375 0.69609375 0.3359375 0.21875