0 0.0984375 0.17265625 0.196875 0.1609375
0 0.22265625 0.109375 0.0890625 0.1
0 0.34765625 0.071875 0.190625 0.1171875
0 0.50546875 0.034375 0.1703125 0.06875
0 0.62421875 0.0078125 0.0703125 0.015625
0 0.271875 0.16953125 0.146875 0.115625
0 0.43515625 0.11640625 0.1265625 0.1140625
0 0.5796875 0.0765625 0.103125 0.1171875
0 0.046875 0.32109375 0.09375 0.1234375
0 0.12890625 0.31328125 0.071875 0.0796875
0 0.1890625 0.2875 0.05 0.0671875
0 0.24609375 0.2625 0.0890625 0.0953125
0 0.4390625 0.21015625 0.075 0.0921875
0 0.5625 0.1828125 0.1484375 0.090625
0 0.64765625 0.15546875 0.0390625 0.05625
0 0.34765625 0.23671875 0.1234375 0.1109375
0 0.675 0.14375 0.0359375 0.059375
0 0.7125 0.12734375 0.05 0.046875
0 0.7640625 0.11015625 0.05 0.0609375
0 0.10625 0.3921875 0.2125 0.140625
0 0.30625 0.325 0.1890625 0.128125
0 0.41015625 0.3125 0.0578125 0.06875
0 0.52578125 0.290625 0.1859375 0.13125
0 0.70078125 0.21953125 0.175 0.1046875
0 0.85546875 0.1640625 0.1625 0.11875
0 0.10390625 0.48359375 0.153125 0.084375
0 0.22109375 0.44921875 0.096875 0.090625
0 0.325 0.4234375 0.109375 0.0890625
0 0.40546875 0.4078125 0.0453125 0.0484375
0 0.49453125 0.36953125 0.13125 0.0765625
0 0.72265625 0.3078125 0.33125 0.19375
0 0.90390625 0.32734375 0.1171875 0.1046875
0 0.8078125 0.3453125 0.0609375 0.0640625
0 0.7234375 0.37890625 0.140625 0.10625
0 0.62890625 0.42890625 0.06875 0.0671875
0 0.515625 0.45546875 0.171875 0.1234375
0 0.3390625 0.48828125 0.1828125 0.109375
0 0.15859375 0.565625 0.225 0.153125
0 0.15546875 0.62578125 0.1921875 0.1328125
0 0.30078125 0.5984375 0.1140625 0.103125
0 0.4265625 0.5484375 0.1453125 0.1125
0 0.58828125 0.51171875 0.165625 0.1234375
0 0.17578125 0.725 0.1859375 0.11875
0 0.33203125 0.65703125 0.178125 0.1265625
0 0.446875 0.65078125 0.04375 0.071875
0 0.559375 0.6203125 0.2125 0.134375
0 0.71640625 0.56484375 0.134375 0.090625
0 0.8859375 0.5390625 0.1796875 0.1265625
0 0.95546875 0.5796875 0.0890625 0.115625
0 0.859375 0.609375 0.103125 0.08125
0 0.67578125 0.67578125 0.2734375 0.1734375
0 0.44453125 0.74921875 0.2125 0.1453125
0 0.25625 0.77109375 0.165625 0.10625
0 0.1375 0.80234375 0.0734375 0.0765625
0 0.1515625 0.90078125 0.0453125 0.053125
0 0.29609375 0.8609375 0.24375 0.1125
0 0.49609375 0.81015625 0.165625 0.096875
0 0.675 0.7375 0.221875 0.134375
0 0.84375 0.7046875 0.125 0.0890625
0 0.91484375 0.6859375 0.065625 0.071875
0 0.97421875 0.6625 0.0515625 0.059375
0 0.271875 0.9296875 0.265625 0.140625
0 0.50390625 0.8984375 0.2125 0.1515625
0 0.71171875 0.8359375 0.2390625 0.1484375
0 0.878125 0.77265625 0.1234375 0.1078125
0 0.96484375 0.73515625 0.0703125 0.1140625
0 0.33671875 0.971875 0.1953125 0.05625
0 0.36328125 0.14140625 0.05625 0.096875
0 0.51796875 0.08125 0.05625 0.0890625