0 0.1796875 0.04296875 0.14375 0.0515625
0 0.70859375 0.0765625 0.146875 0.0578125
0 0.21015625 0.08046875 0.0625 0.025
0 0.2234375 0.11171875 0.0609375 0.034375
0 0.77265625 0.13203125 0.08125 0.0328125
0 0.1625 0.128125 0.0546875 0.03125
0 0.22734375 0.13828125 0.0515625 0.0328125
0 0.3234375 0.1421875 0.121875 0.03125
0 0.4375 0.1578125 0.09375 0.0484375
0 0.6734375 0.16171875 0.05625 0.0359375
0 0.77265625 0.16796875 0.125 0.0328125
0 0.8890625 0.178125 0.078125 0.0359375
0 0.28046875 0.19453125 0.21875 0.05625
0 0.48828125 0.21328125 0.178125 0.0546875
0 0.171875 0.24296875 0.053125 0.0375
0 0.2375 0.25 0.05625 0.03125
0 0.2984375 0.2578125 0.021875 0.05625
0 0.54375 0.29921875 0.0734375 0.0453125
0 0.24609375 0.33984375 0.128125 0.0609375
0 0.63515625 0.36796875 0.121875 0.0609375
0 0.58203125 0.4328125 0.109375 0.05
0 0.67109375 0.43515625 0.0609375 0.028125
0 0.7453125 0.43671875 0.0296875 0.0203125
0 0.796875 0.43515625 0.053125 0.034375
0 0.87109375 0.4453125 0.071875 0.0453125
0 0.415625 0.475 0.178125 0.0671875
0 0.1734375 0.509375 0.021875 0.0203125
0 0.13828125 0.565625 0.1453125 0.040625
0 0.2828125 0.58515625 0.1078125 0.0546875
0 0.2828125 0.6046875 0.0375 0.025
0 0.3515625 0.61171875 0.021875 0.0375
0 0.39765625 0.61328125 0.0359375 0.025
0 0.47734375 0.61953125 0.08125 0.0328125
0 0.60859375 0.63203125 0.159375 0.05
0 0.74296875 0.65625 0.078125 0.0453125
0 0.14296875 0.6265625 0.0625 0.0328125
0 0.21484375 0.62890625 0.0484375 0.0328125
0 0.2859375 0.6359375 0.0609375 0.03125
0 0.37109375 0.6578125 0.0828125 0.05625
0 0.45 0.66328125 0.0375 0.0359375
0 0.50546875 0.65625 0.05625 0.0296875
0 0.59453125 0.66640625 0.1140625 0.0484375
0 0.15625 0.65859375 0.0859375 0.0328125
0 0.29609375 0.665625 0.1234375 0.0359375
0 0.47578125 0.690625 0.1625 0.0578125
0 0.12265625 0.71015625 0.1171875 0.0421875
0 0.25 0.71875 0.0875 0.0390625
0 0.378125 0.73359375 0.1203125 0.0421875
0 0.4953125 0.75234375 0.0671875 0.053125
0 0.55703125 0.74765625 0.0421875 0.0328125
0 0.6390625 0.75703125 0.0671875 0.0375
0 0.09375 0.77421875 0.0734375 0.0390625
0 0.5171875 0.834375 0.0484375 0.034375
0 0.65546875 0.846875 0.025 0.025
0 0.69453125 0.8484375 0.0234375 0.0421875
0 0.76875 0.8578125 0.034375 0.0296875
0 0.49921875 0.8921875 0.0421875 0.034375
0 0.57734375 0.90078125 0.071875 0.03125
0 0.6484375 0.9046875 0.028125 0.034375
0 0.68671875 0.9078125 0.0296875 0.053125
0 0.7578125 0.91484375 0.021875 0.0328125
0 0.56640625 0.928125 0.0765625 0.0328125
0 0.64453125 0.9359375 0.025 0.025
0 0.67265625 0.94453125 0.01875 0.0390625
0 0.7515625 0.9453125 0.0296875 0.0234375
0 0.390625 0.29140625 0.053125 0.0375
0 0.09765625 0.00234375 0.0265625 0.0046875
0 0.31875 0.0578125 0.11875 0.0515625
0 0.86015625 0.0859375 0.121875 0.0484375
0 0.2921875 0.08984375 0.090625 0.034375
0 0.14453125 0.18828125 0.0484375 0.034375
0 0.6390625 0.23046875 0.1 0.059375
0 0.42890625 0.28671875 0.025 0.0765625
0 0.46015625 0.2625 0.025 0.0359375
0 0.4515625 0.30234375 0.028125 0.0453125
0 0.48359375 0.28828125 0.0296875 0.0734375
0 0.63671875 0.31171875 0.096875 0.0625
0 0.328125 0.34609375 0.0203125 0.0125
0 0.415625 0.35625 0.1578125 0.06875
0 0.20546875 0.39453125 0.096875 0.034375
0 0.31796875 0.40234375 0.1 0.0359375
0 0.18203125 0.446875 0.028125 0.0390625
0 0.221875 0.45234375 0.0171875 0.0125
0 0.265625 0.45234375 0.06875 0.08125
0 0.31328125 0.45546875 0.0171875 0.015625
0 0.23359375 0.5234375 0.0546875 0.034375
0 0.328125 0.5171875 0.0296875 0.0265625
0 0.43359375 0.53515625 0.1296875 0.0421875
0 0.5140625 0.53515625 0.0203125 0.0328125
0 0.5390625 0.5359375 0.028125 0.0296875
0 0.58515625 0.5359375 0.0546875 0.0296875
0 0.6359375 0.5390625 0.040625 0.0234375
0 0.7078125 0.5484375 0.0828125 0.0265625
0 0.8375 0.57265625 0.134375 0.0625
0 0.58984375 0.8421875 0.0796875 0.034375
0 0.5078125 0.928125 0.0203125 0.0171875
0 0.17578125 0.775 0.034375 0.0296875
0 0.24921875 0.77578125 0.0921875 0.046875
0 0.346875 0.7875 0.096875 0.0390625
0 0.1546875 0.8109375 0.034375 0.028125
0 0.1875 0.81328125 0.0171875 0.0296875
0 0.225 0.8140625 0.034375 0.04375
0 0.26171875 0.81875 0.034375 0.0484375
0 0.31484375 0.82734375 0.0453125 0.0359375
0 0.38125 0.828125 0.06875 0.053125
0 0.16875 0.86640625 0.021875 0.0265625
0 0.2125 0.865625 0.0328125 0.0421875
0 0.2734375 0.86875 0.075 0.0484375
0 0.1703125 0.89765625 0.021875 0.025
0 0.21171875 0.90390625 0.0125 0.0203125
0 0.25703125 0.9078125 0.0609375 0.0359375
0 0.3015625 0.9109375 0.021875 0.0296875
0 0.3625 0.94453125 0.165625 0.0390625
0 0.2125 0.3625 0.0296875 0.0171875
0 0.5796875 0.4 0.0203125 0.021875
0 0.08125 0.62109375 0.034375 0.015625
0 0.08515625 0.65390625 0.0375 0.0203125
0 0.28515625 0.5140625 0.0296875 0.0234375
0 0.2125 0.6015625 0.040625 0.0203125