0 0.1 0.32421875 0.1046875 0.03125
0 0.22265625 0.30234375 0.1203125 0.0375
0 0.3375 0.28671875 0.065625 0.025
0 0.46640625 0.2703125 0.1421875 0.0359375
0 0.621875 0.2515625 0.125 0.03125
0 0.04453125 0.35625 0.015625 0.0078125
0 0.11953125 0.34453125 0.084375 0.0265625
0 0.21015625 0.334375 0.0671875 0.0328125
0 0.3109375 0.321875 0.1 0.03125
0 0.41015625 0.303125 0.0609375 0.028125
0 0.52265625 0.2859375 0.1171875 0.03125
0 0.60546875 0.27734375 0.0234375 0.0171875
0 0.6546875 0.26875 0.0515625 0.0234375
0 0.74375 0.253125 0.090625 0.0359375
0 0.86015625 0.23984375 0.096875 0.040625
0 0.1265625 0.38984375 0.1296875 0.034375
0 0.28125 0.365625 0.1109375 0.0359375
0 0.0390625 0.43359375 0.01875 0.0078125
0 0.13359375 0.42421875 0.1171875 0.0359375
0 0.284375 0.3984375 0.1421875 0.0390625
0 0.41796875 0.375 0.0625 0.0265625
0 0.5328125 0.359375 0.1078125 0.03125
0 0.628125 0.346875 0.0328125 0.0140625
0 0.70390625 0.33828125 0.08125 0.040625
0 0.78984375 0.3203125 0.0734375 0.0328125
0 0.890625 0.3078125 0.0921875 0.034375
0 0.11796875 0.47734375 0.10625 0.0328125
0 0.19921875 0.465625 0.0265625 0.0203125
0 0.26875 0.45625 0.0828125 0.028125
0 0.3921875 0.43515625 0.1328125 0.040625
0 0.0375 0.52578125 0.0125 0.0078125
0 0.15390625 0.51015625 0.178125 0.046875
0 0.35703125 0.4796875 0.2125 0.05625
0 0.5234375 0.4578125 0.0890625 0.03125
0 0.65078125 0.4421875 0.1453125 0.0390625
0 0.84140625 0.4171875 0.1703125 0.0765625
0 0.7453125 0.42890625 0.009375 0.00625
0 0.15078125 0.5578125 0.1609375 0.040625
0 0.3375 0.53125 0.159375 0.04375
0 0.046875 0.61015625 0.0171875 0.009375
0 0.13828125 0.5953125 0.140625 0.0375
0 0.30703125 0.57890625 0.1625 0.053125
0 0.44296875 0.55859375 0.0515625 0.0296875
0 0.54453125 0.54609375 0.1015625 0.0390625
0 0.66015625 0.53515625 0.1171875 0.0421875
0 0.76015625 0.521875 0.059375 0.0265625
0 0.8703125 0.51640625 0.121875 0.046875
0 0.79375 0.5484375 0.2 0.0640625
0 0.11640625 0.64375 0.0953125 0.0296875
0 0.24296875 0.628125 0.1 0.0265625
0 0.3640625 0.6140625 0.1015625 0.0296875
0 0.0328125 0.70078125 0.0140625 0.00625
0 0.0984375 0.68671875 0.08125 0.03125
0 0.25625 0.6640625 0.1921875 0.046875
0 0.4171875 0.64765625 0.0953125 0.0390625
0 0.53046875 0.63359375 0.1078125 0.04375
0 0.6484375 0.61484375 0.0671875 0.03125
0 0.7484375 0.6 0.0859375 0.0296875
0 0.86640625 0.58671875 0.128125 0.0421875
0 0.25390625 0.6984375 0.2203125 0.0484375
0 0.37578125 0.6875 0.0078125 0.00625
0 0.4375 0.6734375 0.0671875 0.0234375
0 0.5484375 0.6609375 0.0859375 0.028125
0 0.675 0.64453125 0.10625 0.028125
0 0.8703125 0.6359375 0.196875 0.0875
0 0.14140625 0.75546875 0.16875 0.05
0 0.3015625 0.7359375 0.0953125 0.0328125
0 0.4265625 0.71875 0.0859375 0.034375
0 0.565625 0.7015625 0.1234375 0.034375
0 0.6921875 0.68359375 0.10625 0.0375
0 0.06875 0.80859375 0.01875 0.0109375
0 0.14921875 0.79921875 0.0921875 0.0359375
0 0.2875 0.78203125 0.1421875 0.04375
0 0.50390625 0.75703125 0.1984375 0.05625
0 0.65859375 0.73515625 0.0421875 0.028125
0 0.73203125 0.725 0.0328125 0.0171875
0 0.81796875 0.721875 0.1078125 0.0484375
0 0.12578125 0.88203125 0.1515625 0.0453125
0 0.34296875 0.853125 0.19375 0.0453125
0 0.51328125 0.8296875 0.0765625 0.0328125
0 0.62265625 0.81484375 0.096875 0.0359375
0 0.05625 0.9375 0.0125 0.00625
0 0.1484375 0.92421875 0.1359375 0.0453125
0 0.33203125 0.8984375 0.175 0.0578125
0 0.496875 0.88046875 0.0953125 0.05
0 0.6203125 0.8578125 0.08125 0.0359375
0 0.7578125 0.83984375 0.134375 0.0453125
0 0.165625 0.98359375 0.2125 0.0328125
0 0.39921875 0.9640625 0.1859375 0.0546875
0 0.57265625 0.93515625 0.1015625 0.040625
0 0.69921875 0.9203125 0.1046875 0.04375
0 0.82734375 0.89765625 0.125 0.0484375
0 0.96171875 0.87265625 0.0765625 0.0390625
0 0.678125 0.96953125 0.096875 0.0359375
0 0.83828125 0.95390625 0.1015625 0.028125
0 0.965625 0.934375 0.06875 0.03125