0 0.0625 0.1828125 0.0734375 0.040625
0 0.10859375 0.17265625 0.0109375 0.025
0 0.140625 0.16640625 0.046875 0.0328125
0 0.2140625 0.15 0.0921875 0.04375
0 0.28125 0.134375 0.0328125 0.03125
0 0.16796875 0.22578125 0.2375 0.109375
0 0.12890625 0.35703125 0.06875 0.0375
0 0.16796875 0.34609375 0.00625 0.0171875
0 0.19609375 0.33984375 0.040625 0.0265625
0 0.26015625 0.32890625 0.0859375 0.0390625
0 0.33203125 0.309375 0.05625 0.0328125
0 0.2203125 0.39296875 0.253125 0.1203125
0 0.1734375 0.47578125 0.1296875 0.0640625
0 0.31484375 0.4421875 0.1296875 0.0546875
0 0.4421875 0.4 0.1265625 0.0703125
0 0.56640625 0.36171875 0.0703125 0.0484375
0 0.69375 0.33046875 0.1828125 0.0796875
0 0.21171875 0.51171875 0.225 0.0890625
0 0.3703125 0.46328125 0.096875 0.059375
0 0.565625 0.41875 0.2453125 0.09375
0 0.74765625 0.36640625 0.078125 0.0515625
0 0.171875 0.559375 0.1046875 0.05625
0 0.38046875 0.51171875 0.2796875 0.121875
0 0.59375 0.4421875 0.15 0.0859375
0 0.76015625 0.40078125 0.14375 0.0859375
0 0.1703125 0.60234375 0.08125 0.05
0 0.27734375 0.5796875 0.13125 0.078125
0 0.38984375 0.54609375 0.08125 0.059375
0 0.49453125 0.51875 0.0953125 0.065625
0 0.64453125 0.4796875 0.2109375 0.10625
0 0.28046875 0.665625 0.278125 0.146875
0 0.2328125 0.7640625 0.14375 0.075
0 0.46015625 0.6859375 0.25625 0.1109375
0 0.796875 0.60390625 0.371875 0.1484375
0 0.20078125 0.82890625 0.0828125 0.059375
0 0.31796875 0.790625 0.1140625 0.0703125
0 0.51484375 0.75390625 0.278125 0.1546875
0 0.72265625 0.69609375 0.1078125 0.0515625
0 0.85078125 0.65234375 0.1453125 0.08125
0 0.2359375 0.87421875 0.1390625 0.0734375
0 0.45625 0.821875 0.26875 0.109375
0 0.67890625 0.784375 0.1609375 0.096875
0 0.84609375 0.7203125 0.184375 0.1015625