0 0.275 0.0953125 0.3671875 0.0578125
0 0.5359375 0.08515625 0.0390625 0.0171875
0 0.5359375 0.1015625 0.0390625 0.015625
0 0.53515625 0.12421875 0.0390625 0.0234375
0 0.7890625 0.103125 0.3234375 0.053125
0 0.09140625 0.13515625 0.0109375 0.0046875
0 0.1671875 0.13359375 0.1296875 0.025
0 0.0921875 0.15234375 0.0140625 0.0046875
0 0.265625 0.15703125 0.3203125 0.0296875
0 0.09296875 0.17109375 0.0109375 0.003125
0 0.16640625 0.17578125 0.1109375 0.0296875
0 0.2421875 0.1734375 0.0265625 0.01875
0 0.2859375 0.175 0.0515625 0.01875
0 0.35859375 0.17734375 0.0734375 0.021875
0 0.09375 0.1875 0.0078125 0.003125
0 0.14921875 0.19375 0.071875 0.0234375
0 0.20859375 0.1921875 0.0296875 0.0171875
0 0.31640625 0.1921875 0.15625 0.025
0 0.62578125 0.13828125 0.009375 0.003125
0 0.66171875 0.14140625 0.040625 0.0140625
0 0.7453125 0.140625 0.1125 0.0234375
0 0.62578125 0.1578125 0.0140625 0.003125
0 0.71875 0.1625 0.1453125 0.0296875
0 0.628125 0.1765625 0.0140625 0.003125
0 0.7 0.17578125 0.109375 0.025
0 0.8015625 0.1765625 0.0796875 0.021875
0 0.30390625 0.24921875 0.45625 0.0765625
0 0.71875 0.2484375 0.3375 0.0578125
0 0.109375 0.28671875 0.034375 0.0046875
0 0.203125 0.2859375 0.1515625 0.0234375
0 0.3421875 0.2890625 0.1015625 0.0265625
0 0.41015625 0.28828125 0.0109375 0.003125
0 0.48359375 0.2875 0.121875 0.025
0 0.60625 0.2921875 0.10625 0.021875
0 0.709375 0.28828125 0.096875 0.0234375
0 0.81015625 0.29453125 0.084375 0.0296875
0 0.10859375 0.30546875 0.0265625 0.0046875
0 0.21796875 0.31015625 0.1609375 0.0234375
0 0.33359375 0.31015625 0.034375 0.015625
0 0.40859375 0.30859375 0.0890625 0.0203125
0 0.5234375 0.309375 0.08125 0.021875
0 0.60078125 0.3078125 0.0359375 0.015625
0 0.659375 0.30703125 0.065625 0.01875
0 0.1640625 0.3296875 0.140625 0.0234375
0 0.3078125 0.32890625 0.10625 0.021875
0 0.440625 0.33203125 0.134375 0.025
0 0.546875 0.33046875 0.065625 0.025
0 0.64140625 0.32734375 0.090625 0.021875
0 0.70546875 0.3265625 0.03125 0.015625
0 0.73984375 0.328125 0.021875 0.0109375
0 0.80234375 0.325 0.09375 0.0296875
0 0.16875 0.3515625 0.1359375 0.025
0 0.20625 0.36875 0.11875 0.0234375
0 0.1265625 0.38671875 0.0171875 0.015625
0 0.228125 0.3890625 0.1140625 0.0234375
0 0.33046875 0.384375 0.05 0.0203125
0 0.42578125 0.38671875 0.115625 0.021875
0 0.1296875 0.40859375 0.021875 0.0171875
0 0.23359375 0.41171875 0.0953125 0.0265625
0 0.35078125 0.4078125 0.1140625 0.0203125
0 0.1296875 0.43046875 0.0234375 0.0171875
0 0.22109375 0.43046875 0.0484375 0.0203125
0 0.13828125 0.45234375 0.025 0.01875
0 0.20390625 0.4453125 0.0328125 0.0171875
0 0.31171875 0.446875 0.1578125 0.028125
0 0.44921875 0.446875 0.0875 0.01875
0 0.52421875 0.44375 0.0625 0.021875
0 0.596875 0.4421875 0.075 0.0234375
0 0.1359375 0.4703125 0.025 0.0171875
0 0.2578125 0.46796875 0.1203125 0.025
0 0.1359375 0.4890625 0.025 0.01875
0 0.21640625 0.4875 0.053125 0.01875
0 0.25703125 0.4890625 0.01875 0.0140625
0 0.3390625 0.48359375 0.10625 0.0234375
0 0.44921875 0.484375 0.0796875 0.0265625
0 0.534375 0.48515625 0.071875 0.0234375
0 0.134375 0.5078125 0.015625 0.015625
0 0.184375 0.5078125 0.034375 0.01875
0 0.25859375 0.51171875 0.090625 0.028125
0 0.359375 0.50625 0.1078125 0.028125
0 0.4859375 0.5046875 0.1203125 0.025
0 0.59453125 0.503125 0.0765625 0.0265625
0 0.69375 0.496875 0.115625 0.028125
0 0.78203125 0.4953125 0.0578125 0.0234375
0 0.1359375 0.52890625 0.025 0.015625
0 0.2296875 0.5265625 0.0765625 0.0234375
0 0.30703125 0.528125 0.053125 0.0234375
0 0.36796875 0.52734375 0.0546875 0.021875
0 0.44921875 0.5265625 0.08125 0.0234375
0 0.52578125 0.52265625 0.0375 0.0203125
0 0.578125 0.52265625 0.05625 0.021875
0 0.63359375 0.5234375 0.0515625 0.03125
0 0.13828125 0.54765625 0.025 0.0203125
0 0.18984375 0.55 0.03125 0.0171875
0 0.26875 0.54921875 0.109375 0.0265625
0 0.39609375 0.5453125 0.128125 0.025
0 0.525 0.54453125 0.090625 0.028125
0 0.6046875 0.5375 0.0609375 0.0203125
0 0.6984375 0.5375 0.115625 0.028125
0 0.77265625 0.5359375 0.025 0.0171875
0 0.8171875 0.534375 0.065625 0.0296875
0 0.14609375 0.56953125 0.034375 0.015625
0 0.22265625 0.56953125 0.075 0.025
0 0.33984375 0.5625 0.128125 0.034375
0 0.4359375 0.56328125 0.0359375 0.0171875
0 0.49921875 0.5609375 0.084375 0.0265625
0 0.59765625 0.55859375 0.0890625 0.0234375
0 0.14453125 0.59140625 0.0296875 0.015625
0 0.19765625 0.58984375 0.03125 0.0203125
0 0.26171875 0.59296875 0.071875 0.025
0 0.37109375 0.5859375 0.121875 0.0265625
0 0.51328125 0.58359375 0.14375 0.0296875
0 0.671875 0.575 0.153125 0.0265625
0 0.15078125 0.61171875 0.034375 0.015625
0 0.19453125 0.6109375 0.034375 0.01875
0 0.26015625 0.609375 0.0640625 0.01875
0 0.38359375 0.60546875 0.178125 0.0359375
0 0.5328125 0.60546875 0.0859375 0.025
0 0.6171875 0.5984375 0.075 0.025
0 0.68671875 0.59375 0.0484375 0.0234375
0 0.1484375 0.63203125 0.028125 0.0171875
0 0.1921875 0.634375 0.0296875 0.0171875
0 0.28203125 0.62890625 0.1296875 0.028125
0 0.4109375 0.625 0.096875 0.025
0 0.51953125 0.6234375 0.08125 0.021875
0 0.62578125 0.61796875 0.1140625 0.034375
0 0.11328125 0.6546875 0.0171875 0.0109375
0 0.17734375 0.6546875 0.0984375 0.0234375
0 0.271875 0.64921875 0.0765625 0.028125
0 0.33203125 0.64921875 0.009375 0.003125
0 0.40703125 0.646875 0.13125 0.0296875
0 0.49921875 0.640625 0.04375 0.0203125
0 0.58671875 0.63984375 0.1109375 0.025
0 0.11640625 0.675 0.015625 0.0109375
0 0.19609375 0.675 0.134375 0.0296875
0 0.34296875 0.66640625 0.134375 0.0296875
0 0.42890625 0.66171875 0.0109375 0.003125
0 0.478125 0.66484375 0.0515625 0.025
0 0.51484375 0.66171875 0.0109375 0.003125
0 0.59453125 0.65703125 0.1328125 0.028125
0 0.47890625 0.68359375 0.0515625 0.0203125
0 0.51875 0.68203125 0.009375 0.003125
0 0.58984375 0.68046875 0.11875 0.03125
0 0.2078125 0.740625 0.125 0.03125
0 0.325 0.73125 0.0453125 0.0203125
0 0.18671875 0.759375 0.13125 0.0296875
0 0.28828125 0.753125 0.0609375 0.0265625
0 0.13359375 0.78125 0.0140625 0.003125
0 0.1984375 0.77890625 0.1140625 0.028125
0 0.13515625 0.7984375 0.015625 0.0046875
0 0.159375 0.80234375 0.03125 0.015625
0 0.2328125 0.79453125 0.1109375 0.0328125
0 0.1453125 0.81953125 0.009375 0.0046875
0 0.22109375 0.821875 0.115625 0.0375
0 0.4625 0.72734375 0.1609375 0.0359375
0 0.48203125 0.74765625 0.159375 0.0328125
0 0.57734375 0.73828125 0.009375 0.003125
0 0.6421875 0.73359375 0.1140625 0.03125
0 0.41796875 0.76328125 0.0109375 0.003125
0 0.4734375 0.7671875 0.0875 0.028125
0 0.4171875 0.78828125 0.0109375 0.0046875
0 0.50234375 0.78359375 0.115625 0.03125
0 0.759375 0.36640625 0.11875 0.0203125
0 0.69296875 0.38515625 0.01875 0.015625
0 0.78984375 0.38203125 0.1640625 0.0265625
0 0.6953125 0.403125 0.021875 0.0109375
0 0.74453125 0.403125 0.0484375 0.01875
0 0.69453125 0.421875 0.0265625 0.0125
0 0.7484375 0.41953125 0.0640625 0.01875
0 0.80625 0.4171875 0.0515625 0.0234375
0 0.9046875 0.41875 0.125 0.0265625
0 0.69453125 0.44453125 0.0234375 0.015625
0 0.746875 0.44140625 0.05 0.0171875
0 0.85390625 0.43515625 0.1421875 0.025
0 0.76015625 0.45859375 0.0484375 0.0203125
0 0.8609375 0.45390625 0.14375 0.025
0 0.28984375 0.42734375 0.0765625 0.0203125