0 0.24765625 0.678125 0.24375 0.10625
0 0.31796875 0.73671875 0.2625 0.1015625
0 0.28046875 0.3984375 0.2078125 0.1046875
0 0.5859375 0.4609375 0.15 0.1
0 0.21015625 0.58125 0.196875 0.10625
0 0.846875 0.26484375 0.2 0.08125
0 0.77109375 0.11953125 0.18125 0.0828125
0 0.490625 0.38671875 0.16875 0.09375
0 0.42578125 0.53671875 0.1578125 0.09375
0 0.675 0.41328125 0.1375 0.084375
0 0.203125 0.7734375 0.16875 0.103125
0 0.85234375 0.565625 0.134375 0.0890625
0 0.528125 0.596875 0.128125 0.0921875
0 0.33671875 0.1453125 0.1484375 0.0765625
0 0.71484375 0.32109375 0.1515625 0.084375
0 0.74765625 0.7640625 0.1296875 0.0828125
0 0.30390625 0.08203125 0.1234375 0.0859375
0 0.653125 0.15546875 0.134375 0.078125
0 0.8171875 0.1703125 0.1546875 0.0734375
0 0.9296875 0.4171875 0.1046875 0.115625
0 0.68828125 0.596875 0.1421875 0.078125
0 0.17890625 0.0859375 0.1140625 0.0859375
0 0.61171875 0.1 0.1171875 0.075
0 0.88203125 0.76484375 0.1046875 0.084375
0 0.44765625 0.1046875 0.1421875 0.06875
0 0.1265625 0.36875 0.128125 0.1015625
0 0.1578125 0.134375 0.1578125 0.0640625
0 0.1125 0.72890625 0.1203125 0.0890625
0 0.31328125 0.44296875 0.134375 0.0921875
0 0.39296875 0.60234375 0.10625 0.0703125
0 0.74921875 0.54609375 0.1125 0.0765625
0 0.93203125 0.11953125 0.10625 0.075
0 0.46796875 0.4390625 0.103125 0.0796875
0 0.8421875 0.61171875 0.1203125 0.0796875
0 0.49375 0.1546875 0.121875 0.071875
0 0.4609375 0.684375 0.115625 0.08125
0 0.5234375 0.74296875 0.0921875 0.0734375
0 0.9578125 0.1875 0.084375 0.078125
0 0.203125 0.01171875 0.121875 0.0234375
0 0.61328125 0.76328125 0.0921875 0.0953125
0 0.78671875 0.69375 0.096875 0.0953125
0 0.17578125 0.51875 0.103125 0.0640625
0 0.16953125 0.4265625 0.1078125 0.05625
0 0.37109375 0.29609375 0.1 0.0671875
0 0.1484375 0.221875 0.0875 0.065625
0 0.3546875 0.78515625 0.1 0.071875
0 0.059375 0.76015625 0.0890625 0.0625
0 0.80390625 0.3953125 0.0890625 0.0703125
0 0.61875 0.540625 0.0828125 0.065625
0 0.253125 0.303125 0.084375 0.071875
0 0.6671875 0.6984375 0.0875 0.059375
0 0.0515625 0.5625 0.084375 0.0703125
0 0.421875 0.25703125 0.0796875 0.071875
0 0.03828125 0.503125 0.028125 0.0421875
0 0.5296875 0.25 0.090625 0.0625
0 0.57578125 0.30234375 0.078125 0.059375
0 0.3 0.51484375 0.08125 0.075
0 0.3421875 0.23828125 0.05625 0.0828125
0 0.6953125 0.246875 0.08125 0.0765625
0 0.07734375 0.21796875 0.0359375 0.04375
0 0.0296875 0.64765625 0.0328125 0.040625
0 0.075 0.65859375 0.0640625 0.065625
0 0.440625 0.7890625 0.06875 0.0640625
0 0.8828125 0.71484375 0.0765625 0.0625
0 0.61640625 0.253125 0.0609375 0.0578125
0 0.0578125 0.36953125 0.0296875 0.034375
0 0.25234375 0.2328125 0.0625 0.053125
0 0.07421875 0.2765625 0.06875 0.0453125
0 0.16328125 0.2859375 0.0484375 0.0703125
0 0.94453125 0.55859375 0.05625 0.0828125
0 0.090625 0.07265625 0.0265625 0.040625
0 0.46640625 0.2859375 0.06875 0.0625
0 0.94921875 0.715625 0.0421875 0.08125
0 0.97265625 0.27109375 0.05 0.065625
0 0.05234375 0.41328125 0.0390625 0.0484375
0 0.021875 0.7078125 0.034375 0.03125
0 0.075 0.5078125 0.0125 0.0515625
0 0.5453125 0.5375 0.0140625 0.046875
0 0.95234375 0.7765625 0.0421875 0.0671875
0 0.57109375 0.69609375 0.0484375 0.05