0 0.759375 0.03046875 0.0765625 0.025
0 0.753125 0.07578125 0.071875 0.025
0 0.19453125 0.1171875 0.11875 0.0546875
0 0.29375 0.13671875 0.0546875 0.0625
0 0.38671875 0.12734375 0.096875 0.05
0 0.53046875 0.14375 0.16875 0.0828125
0 0.6984375 0.1375 0.146875 0.0625
0 0.8203125 0.134375 0.06875 0.053125
0 0.92265625 0.14453125 0.140625 0.0515625
0 0.175 0.19921875 0.175 0.078125
0 0.4140625 0.1984375 0.265625 0.05625
0 0.58203125 0.2078125 0.0515625 0.0484375
0 0.7171875 0.21171875 0.1671875 0.0625
0 0.83125 0.21875 0.05 0.03125
0 0.928125 0.21875 0.1359375 0.059375
0 0.17734375 0.27734375 0.19375 0.08125
0 0.31640625 0.26875 0.046875 0.05
0 0.4328125 0.2875 0.1578125 0.0796875
0 0.6453125 0.31015625 0.2390625 0.0890625
0 0.83203125 0.30234375 0.109375 0.078125
0 0.20390625 0.34453125 0.234375 0.0515625
0 0.42109375 0.3703125 0.159375 0.0640625
0 0.61484375 0.3828125 0.24375 0.0828125
0 0.8109375 0.37890625 0.128125 0.0390625
0 0.93359375 0.37578125 0.0703125 0.0453125
0 0.16171875 0.425 0.1609375 0.065625
0 0.34453125 0.42109375 0.1390625 0.0578125
0 0.4828125 0.44296875 0.1734375 0.06875
0 0.71171875 0.440625 0.2640625 0.053125
0 0.9171875 0.453125 0.0828125 0.0546875
0 0.12578125 0.48671875 0.0515625 0.0515625
0 0.19296875 0.4921875 0.0390625 0.028125
0 0.30703125 0.50234375 0.1390625 0.0578125
0 0.459375 0.5171875 0.128125 0.0609375
0 0.57734375 0.5203125 0.078125 0.06875
0 0.6984375 0.52734375 0.175 0.075
0 0.84921875 0.52265625 0.1 0.05
0 0.1484375 0.54921875 0.115625 0.053125
0 0.3296875 0.58515625 0.1953125 0.0640625
0 0.47890625 0.5640625 0.0484375 0.0359375
0 0.5921875 0.578125 0.1265625 0.046875
0 0.81171875 0.58515625 0.2578125 0.0546875
0 0.14140625 0.62265625 0.1171875 0.0609375
0 0.24375 0.6234375 0.053125 0.0484375
0 0.3578125 0.64140625 0.15625 0.0328125
0 0.61953125 0.67109375 0.3015625 0.1015625
0 0.85234375 0.66171875 0.1671875 0.0390625
0 0.159375 0.68828125 0.1546875 0.040625
0 0.28984375 0.690625 0.0578125 0.0359375
0 0.4484375 0.71796875 0.240625 0.075
0 0.6171875 0.7265625 0.06875 0.059375
0 0.6984375 0.72265625 0.090625 0.0484375
0 0.86796875 0.74453125 0.2296875 0.0703125
0 0.1625 0.75546875 0.18125 0.0546875
0 0.346875 0.76953125 0.1140625 0.0453125
0 0.490625 0.784375 0.1328125 0.04375
0 0.63359375 0.80859375 0.1203125 0.0625
0 0.78671875 0.79765625 0.1109375 0.053125
0 0.8828125 0.8046875 0.0640625 0.0421875
0 0.10625 0.8203125 0.065625 0.040625
0 0.19453125 0.82734375 0.0765625 0.0515625
0 0.30546875 0.91640625 0.403125 0.090625