0 0.225 0.00703125 0.034375 0.0140625
0 0.22421875 0.0390625 0.0484375 0.021875
0 0.221875 0.06953125 0.0421875 0.034375
0 0.28515625 0.103125 0.0640625 0.034375
0 0.3484375 0.11875 0.071875 0.034375
0 0.41875 0.13828125 0.0828125 0.0484375
0 0.58828125 0.15703125 0.203125 0.06875
0 0.821875 0.196875 0.2125 0.075
0 0.30078125 0.14765625 0.071875 0.040625
0 0.428125 0.1734375 0.13125 0.0625
0 0.29140625 0.2265625 0.1015625 0.0546875
0 0.44375 0.2484375 0.1203125 0.0546875
0 0.62578125 0.290625 0.209375 0.084375
0 0.46171875 0.3546875 0.165625 0.084375
0 0.79765625 0.43046875 0.2234375 0.0734375
0 0.46015625 0.38984375 0.075 0.040625
0 0.28203125 0.3828125 0.0625 0.05
0 0.33203125 0.39296875 0.0171875 0.0078125
0 0.4234375 0.41640625 0.1515625 0.0546875
0 0.68671875 0.46796875 0.0453125 0.0640625
0 0.8078125 0.49921875 0.1671875 0.06875
0 0.3796875 0.4421875 0.0984375 0.0453125
0 0.82578125 0.575 0.0953125 0.134375
0 0.3640625 0.46328125 0.0640625 0.0328125
0 0.13828125 0.49375 0.1296875 0.2234375
0 0.28046875 0.46953125 0.1046875 0.0515625
0 0.59609375 0.5265625 0.1421875 0.05625
0 0.37109375 0.5375 0.1046875 0.053125
0 0.70390625 0.64453125 0.171875 0.0765625
0 0.2796875 0.61875 0.121875 0.075
0 0.40546875 0.65390625 0.1625 0.059375
0 0.64296875 0.6875 0.11875 0.0953125
0 0.7828125 0.7328125 0.178125 0.0859375
0 0.58671875 0.74296875 0.1625 0.06875
0 0.221875 0.7109375 0.1421875 0.0625
0 0.3078125 0.7890625 0.0671875 0.0484375
0 0.434375 0.81171875 0.140625 0.071875