0 0.07421875 0.20625 0.1125 0.0578125
0 0.253125 0.19140625 0.2296875 0.1046875
0 0.453125 0.15234375 0.140625 0.075
0 0.5734375 0.14609375 0.059375 0.04375
0 0.7078125 0.125 0.184375 0.1078125
0 0.8515625 0.109375 0.1015625 0.0515625
0 0.0796875 0.29296875 0.121875 0.090625
0 0.2390625 0.25859375 0.1921875 0.078125
0 0.4125 0.23359375 0.1875 0.0984375
0 0.56171875 0.2109375 0.146875 0.0765625
0 0.69453125 0.1984375 0.0875 0.0609375
0 0.8171875 0.18359375 0.1453125 0.0734375
0 0.11171875 0.371875 0.146875 0.1078125
0 0.23671875 0.32890625 0.1296875 0.075
0 0.00546875 0.2234375 0.0109375 0.009375