0 0.4359375 0.06640625 0.059375 0.0203125
0 0.603125 0.096875 0.3078125 0.115625
0 0.43359375 0.12109375 0.06875 0.0234375
0 0.5765625 0.1546875 0.290625 0.109375
0 0.225 0.23359375 0.1046875 0.05
0 0.48203125 0.28046875 0.2984375 0.1046875
0 0.71015625 0.32578125 0.121875 0.075
0 0.22890625 0.39375 0.10625 0.165625
0 0.42578125 0.4484375 0.1203125 0.2046875
0 0.44765625 0.4921875 0.0515625 0.0484375
0 0.67890625 0.484375 0.1390625 0.1625
0 0.52734375 0.56953125 0.2265625 0.1125
0 0.29609375 0.89609375 0.1859375 0.1203125