0 0.09765625 0.0375 0.034375 0.0171875
0 0.1015625 0.06484375 0.0515625 0.0203125
0 0.5453125 0.003125 0.021875 0.00625
0 0.60546875 0.0125 0.0890625 0.0203125
0 0.4453125 0.003125 0.078125 0.00625
0 0.5078125 0.00625 0.04375 0.0125
0 0.5515625 0.0109375 0.0359375 0.0140625
0 0.59609375 0.01875 0.05 0.0171875
0 0.3546875 0.00234375 0.025 0.0046875
0 0.39921875 0.0078125 0.0578125 0.015625
0 0.44921875 0.01328125 0.0375 0.015625
0 0.503125 0.02421875 0.0703125 0.021875
0 0.1796875 0.10625 0.1875 0.05
0 0.2046875 0.13359375 0.0140625 0.0078125
0 0.31953125 0.153125 0.1609375 0.0453125
0 0.521875 0.18828125 0.215625 0.065625
0 0.721875 0.22265625 0.1453125 0.0421875
0 0.834375 0.24296875 0.0671875 0.0265625
0 0.9109375 0.26015625 0.0375 0.01875
0 0.275 0.16875 0.059375 0.025
0 0.428125 0.19453125 0.228125 0.0625
0 0.63046875 0.22734375 0.15 0.046875
0 0.209375 0.18125 0.0234375 0.015625
0 0.3640625 0.2078125 0.2 0.0578125
0 0.5171875 0.2328125 0.05 0.021875
0 0.621875 0.253125 0.14375 0.040625
0 0.78515625 0.28125 0.14375 0.0453125
0 0.90859375 0.3078125 0.0375 0.01875
0 0.34375 0.22578125 0.165625 0.0515625
0 0.5390625 0.26484375 0.1859375 0.053125
0 0.6875 0.2875 0.059375 0.021875
0 0.7546875 0.3 0.0640625 0.0234375
0 0.87265625 0.321875 0.1453125 0.0421875
0 0.29453125 0.246875 0.0609375 0.021875
0 0.4328125 0.265625 0.196875 0.05625
0 0.57890625 0.29375 0.0375 0.0171875
0 0.6375 0.30546875 0.040625 0.0171875
0 0.7453125 0.3234375 0.1546875 0.0421875
0 0.86640625 0.34765625 0.04375 0.0171875
0 0.371875 0.28125 0.190625 0.053125
0 0.2296875 0.28046875 0.0234375 0.0140625
0 0.35 0.3015625 0.1390625 0.040625
0 0.48984375 0.3265625 0.103125 0.0375
0 0.60859375 0.3515625 0.0859375 0.034375
0 0.68984375 0.36015625 0.0625 0.0234375
0 0.76328125 0.3765625 0.0703125 0.0296875
0 0.8828125 0.3984375 0.1265625 0.040625
0 0.97890625 0.41953125 0.0421875 0.0234375
0 0.34296875 0.32421875 0.146875 0.0453125
0 0.46015625 0.3421875 0.0390625 0.021875
0 0.57734375 0.36484375 0.1796875 0.05
0 0.7484375 0.3984375 0.09375 0.03125
0 0.83125 0.41171875 0.05625 0.0234375
0 0.9328125 0.43203125 0.134375 0.0390625
0 0.228125 0.3265625 0.0265625 0.0140625
0 0.3078125 0.33828125 0.0984375 0.0328125
0 0.46171875 0.36484375 0.1625 0.05
0 0.57421875 0.38828125 0.015625 0.00625
0 0.65625 0.40390625 0.140625 0.0453125
0 0.76953125 0.4234375 0.0390625 0.01875
0 0.86640625 0.44375 0.1328125 0.0453125
0 0.290625 0.35859375 0.040625 0.01875
0 0.35078125 0.36953125 0.071875 0.025
0 0.4390625 0.38671875 0.0875 0.0296875
0 0.1484375 0.3578125 0.0703125 0.0265625
0 0.29765625 0.3859375 0.1953125 0.0515625
0 0.47734375 0.41640625 0.1484375 0.046875
0 0.58359375 0.44453125 0.009375 0.00625
0 0.67265625 0.45234375 0.1453125 0.04375
0 0.78125 0.47265625 0.0671875 0.025
0 0.90859375 0.49765625 0.1640625 0.0515625
0 0.24453125 0.3953125 0.0765625 0.0265625
0 0.31953125 0.41015625 0.05625 0.025
0 0.3734375 0.41875 0.0375 0.01875
0 0.43359375 0.43046875 0.0640625 0.025
0 0.615625 0.465625 0.2453125 0.0609375
0 0.27109375 0.42890625 0.090625 0.03125
0 0.39453125 0.45390625 0.14375 0.04375
0 0.496875 0.4734375 0.015625 0.0078125
0 0.62734375 0.49453125 0.190625 0.0515625
0 0.75625 0.5171875 0.040625 0.01875
0 0.8140625 0.52890625 0.0609375 0.025
0 0.89609375 0.54140625 0.071875 0.028125
0 0.26875 0.45390625 0.0734375 0.0296875
0 0.3890625 0.471875 0.159375 0.053125
0 0.52890625 0.503125 0.1140625 0.034375
0 0.6828125 0.53046875 0.178125 0.0484375
0 0.8234375 0.55859375 0.0421875 0.01875
0 0.88828125 0.56953125 0.0703125 0.028125
0 0.546875 0.52890625 0.15 0.0421875
0 0.66640625 0.55078125 0.059375 0.0203125
0 0.7453125 0.56875 0.040625 0.0203125
0 0.79140625 0.57421875 0.0375 0.0203125
0 0.1234375 0.49375 0.125 0.0390625
0 0.22578125 0.5125 0.0421875 0.01875
0 0.3484375 0.53671875 0.184375 0.0484375
0 0.53671875 0.57265625 0.153125 0.040625
0 0.63984375 0.5921875 0.0109375 0.009375
0 0.6765625 0.6 0.05 0.01875
0 0.82421875 0.6265625 0.225 0.0640625
0 0.209375 0.534375 0.18125 0.046875
0 0.346875 0.58203125 0.01875 0.00625
0 0.4078125 0.59375 0.090625 0.0296875
0 0.53125 0.615625 0.134375 0.0390625
0 0.67109375 0.64609375 0.115625 0.0375
0 0.7546875 0.66328125 0.0296875 0.0203125
0 0.8609375 0.68203125 0.1703125 0.05
0 0.15234375 0.56953125 0.0390625 0.0203125
0 0.21015625 0.58125 0.0515625 0.021875
0 0.34375 0.6078125 0.1734375 0.05
0 0.525 0.640625 0.1625 0.046875
0 0.3921875 0.646875 0.1828125 0.065625
0 0.021875 0.58359375 0.0234375 0.0140625
0 0.10859375 0.60859375 0.1296875 0.0421875
0 0.21640625 0.63046875 0.071875 0.0265625
0 0.3453125 0.65625 0.15625 0.05
0 0.5 0.6859375 0.0265625 0.009375
0 0.584375 0.70234375 0.1203125 0.0421875
0 0.69453125 0.72421875 0.0671875 0.025
0 0.83671875 0.75 0.1796875 0.0546875
0 0.46484375 0.7046875 0.2234375 0.0609375
0 0.64609375 0.73984375 0.0609375 0.028125
0 0.7296875 0.75 0.1046875 0.0359375
0 0.115625 0.684375 0.14375 0.0390625
0 0.32109375 0.73125 0.0109375 0.0109375
0 0.38671875 0.74609375 0.0921875 0.0328125
0 0.553125 0.77890625 0.20625 0.059375
0 0.71953125 0.81015625 0.05 0.0234375
0 0.32265625 0.78359375 0.021875 0.0140625
0 0.03515625 0.7796875 0.0703125 0.040625