0 0.15390625 0.66484375 0.0984375 0.0765625
0 0.3140625 0.65078125 0.19375 0.1234375
0 0.45546875 0.61328125 0.0671875 0.0578125
0 0.54296875 0.60859375 0.0875 0.090625
0 0.64921875 0.59296875 0.1375 0.09375
0 0.7390625 0.56796875 0.046875 0.0421875
0 0.79765625 0.55390625 0.05625 0.0515625
0 0.896875 0.540625 0.1171875 0.084375
0 0.221875 0.7109375 0.184375 0.08125
0 0.40078125 0.68203125 0.15 0.0703125
0 0.515625 0.66015625 0.0703125 0.0578125
0 0.6125 0.63984375 0.1 0.065625
0 0.71875 0.6171875 0.1 0.06875
0 0.82109375 0.61640625 0.09375 0.040625
0 0.93359375 0.5890625 0.1328125 0.109375
0 0.17421875 0.77734375 0.078125 0.0671875
0 0.2546875 0.78046875 0.0953125 0.103125
0 0.34296875 0.74453125 0.0828125 0.0640625
0 0.42578125 0.734375 0.0671875 0.0703125
0 0.4890625 0.734375 0.0296875 0.0296875
0 0.57265625 0.715625 0.1234375 0.090625
0 0.7125 0.6890625 0.1421875 0.1015625
0 0.7859375 0.66484375 0.078125 0.065625
0 0.915625 0.64921875 0.16875 0.0984375
0 0.16953125 0.846875 0.0421875 0.046875
0 0.24375 0.83828125 0.0734375 0.04375
0 0.30703125 0.8140625 0.05625 0.065625
0 0.41171875 0.796875 0.13125 0.06875
0 0.54765625 0.7609375 0.1234375 0.0796875
0 0.68203125 0.7578125 0.1421875 0.1125
0 0.80546875 0.71875 0.0859375 0.0625
0 0.9078125 0.7109375 0.10625 0.0421875
0 0.9828125 0.684375 0.034375 0.05625
0 0.19765625 0.89765625 0.0921875 0.0625
0 0.35234375 0.875 0.215625 0.1328125
0 0.553125 0.8265625 0.1703125 0.084375
0 0.71875 0.8015625 0.1328125 0.0640625
0 0.87265625 0.77265625 0.1859375 0.1109375
0 0.9859375 0.73671875 0.028125 0.0609375
0 0.21875 0.94296875 0.1375 0.1
0 0.37109375 0.90625 0.1265625 0.10625