0 0.18125 0.25859375 0.184375 0.271875
0 0.28671875 0.39140625 0.121875 0.3640625
0 0.2640625 0.61484375 0.0640625 0.28125
0 0.3859375 0.290625 0.0671875 0.2109375
0 0.52109375 0.2578125 0.159375 0.26875
0 0.6375 0.32734375 0.1203125 0.3640625
0 0.7375 0.29140625 0.0953125 0.2421875
0 0.89140625 0.25234375 0.2171875 0.4421875
0 0.36015625 0.6109375 0.1125 0.2578125
0 0.54921875 0.64921875 0.2484375 0.2515625
0 0.86875 0.74375 0.2625 0.5125
0 0.14765625 0.61015625 0.1859375 0.3359375
0 0.71171875 0.68046875 0.0953125 0.3609375