0 0.07578125 0.25703125 0.0921875 0.0703125
0 0.27734375 0.2421875 0.225 0.0796875
0 0.46953125 0.2265625 0.1 0.0578125
0 0.59609375 0.21796875 0.0984375 0.0546875
0 0.75078125 0.20234375 0.1515625 0.0828125
0 0.0828125 0.3546875 0.0484375 0.0609375
0 0.18046875 0.35546875 0.0921875 0.05625
0 0.321875 0.35 0.06875 0.05625
0 0.4265625 0.35703125 0.1078125 0.0421875
0 0.5546875 0.3453125 0.090625 0.0453125
0 0.6734375 0.31640625 0.1078125 0.0734375
0 0.18671875 0.5015625 0.25 0.08125
0 0.44765625 0.478125 0.2109375 0.08125
0 0.60859375 0.48046875 0.0484375 0.0265625
0 0.753125 0.46328125 0.1953125 0.0671875
0 0.9203125 0.46171875 0.0515625 0.0359375
0 0.15390625 0.58984375 0.1671875 0.078125
0 0.29609375 0.58125 0.05625 0.046875
0 0.38671875 0.56875 0.1015625 0.0609375
0 0.50546875 0.56875 0.0796875 0.0453125
0 0.6046875 0.5578125 0.1125 0.0484375
0 0.70703125 0.55546875 0.0453125 0.05
0 0.77109375 0.55859375 0.0359375 0.0328125
0 0.87109375 0.5421875 0.15 0.05625
0 0.1625 0.67734375 0.1671875 0.0671875
0 0.26796875 0.33671875 0.025 0.0359375