0 0.17109375 0.11796875 0.0828125 0.034375
0 0.27578125 0.078125 0.0625 0.0671875
0 0.334375 0.06484375 0.0734375 0.03125
0 0.39375 0.0640625 0.0421875 0.028125
0 0.44765625 0.05546875 0.0734375 0.025
0 0.5078125 0.0515625 0.0390625 0.046875
0 0.2625 0.1296875 0.0328125 0.0703125
0 0.315625 0.1 0.0984375 0.0390625
0 0.28828125 0.1296875 0.0265625 0.0203125
0 0.3453125 0.1171875 0.084375 0.034375
0 0.484375 0.09296875 0.0859375 0.0578125
0 0.65703125 0.0703125 0.128125 0.078125
0 0.7203125 0.09609375 0.071875 0.1609375
0 0.76953125 0.03828125 0.0078125 0.0140625
0 0.76953125 0.09140625 0.0171875 0.0140625
0 0.8296875 0.04140625 0.046875 0.0359375
0 0.87578125 0.03203125 0.0484375 0.0234375
0 0.86875 0.0953125 0.1359375 0.05
0 0.8375 0.128125 0.0484375 0.025
0 0.88671875 0.128125 0.0453125 0.028125
0 0.21640625 0.17890625 0.0546875 0.0328125
0 0.3046875 0.17421875 0.115625 0.0296875
0 0.45234375 0.146875 0.053125 0.025
0 0.46953125 0.1640625 0.13125 0.0359375
0 0.6015625 0.15859375 0.0609375 0.040625
0 0.675 0.1515625 0.084375 0.0515625
0 0.47578125 0.19921875 0.0796875 0.0375
0 0.22734375 0.23828125 0.0546875 0.025
0 0.3125 0.23828125 0.1109375 0.0421875
0 0.4421875 0.221875 0.0703125 0.0234375
0 0.53203125 0.22421875 0.1078125 0.046875
0 0.5953125 0.20625 0.0640625 0.0640625
0 0.64296875 0.18359375 0.0328125 0.0328125
0 0.65390625 0.209375 0.1234375 0.0484375
0 0.2390625 0.30078125 0.0671875 0.028125
0 0.3046875 0.29296875 0.071875 0.025
0 0.47734375 0.278125 0.134375 0.0390625
0 0.571875 0.31796875 0.0890625 0.0609375
0 0.16328125 0.3890625 0.08125 0.034375
0 0.29453125 0.3859375 0.0734375 0.0375
0 0.3609375 0.38203125 0.0546875 0.021875
0 0.2859375 0.41640625 0.053125 0.021875
0 0.3375 0.4125 0.0421875 0.0171875
0 0.36953125 0.4125 0.0140625 0.0125
0 0.4109375 0.40859375 0.025 0.06875
0 0.4515625 0.40390625 0.0578125 0.0359375
0 0.48984375 0.4015625 0.0171875 0.0203125
0 0.5390625 0.39921875 0.05625 0.03125
0 0.5796875 0.4 0.025 0.0203125
0 0.65078125 0.39453125 0.1 0.034375
0 0.74921875 0.3875 0.08125 0.0609375
0 0.86171875 0.39140625 0.1609375 0.0671875
0 0.28515625 0.48046875 0.0515625 0.0265625
0 0.36015625 0.47578125 0.0921875 0.034375
0 0.42578125 0.5046875 0.04375 0.1125
0 0.48046875 0.4671875 0.0875 0.0375
0 0.56015625 0.44609375 0.0390625 0.025
0 0.58984375 0.44375 0.021875 0.0203125
0 0.6359375 0.43828125 0.05625 0.025
0 0.478125 0.5109375 0.075 0.028125
0 0.5796875 0.50078125 0.0765625 0.0296875
0 0.4765625 0.546875 0.046875 0.025
0 0.54453125 0.54375 0.0875 0.025
0 0.65390625 0.54140625 0.084375 0.04375
0 0.70703125 0.5328125 0.021875 0.0203125
0 0.73984375 0.5328125 0.040625 0.034375
0 0.775 0.5265625 0.0203125 0.0234375
0 0.8515625 0.528125 0.1234375 0.0375
0 0.31015625 0.61328125 0.059375 0.034375
0 0.375 0.60390625 0.065625 0.0296875
0 0.47578125 0.60234375 0.075 0.0359375
0 0.5484375 0.59140625 0.0609375 0.03125
0 0.5984375 0.596875 0.0453125 0.05
0 0.69140625 0.590625 0.1109375 0.05625
0 0.878125 0.575 0.1046875 0.059375
0 0.4828125 0.66328125 0.1234375 0.06875
0 0.59375 0.65390625 0.06875 0.034375
0 0.77421875 0.62890625 0.0796875 0.0328125
0 0.859375 0.62734375 0.0828125 0.0453125
0 0.24921875 0.73125 0.1015625 0.040625
0 0.35390625 0.72265625 0.1015625 0.0296875
0 0.5296875 0.68359375 0.0796875 0.034375
0 0.46796875 0.71875 0.0453125 0.1046875
0 0.54609375 0.71953125 0.1140625 0.034375
0 0.66328125 0.7078125 0.090625 0.0609375
0 0.78671875 0.678125 0.0875 0.0296875
0 0.78359375 0.715625 0.046875 0.021875
0 0.825 0.71015625 0.0125 0.0140625
0 0.85625 0.7078125 0.0328125 0.0203125
0 0.87890625 0.71015625 0.009375 0.00625
0 0.7828125 0.75234375 0.0390625 0.0234375
0 0.825 0.7453125 0.0125 0.015625
0 0.859375 0.74140625 0.0375 0.025
0 0.79296875 0.7875 0.0515625 0.0265625
0 0.83046875 0.78203125 0.0078125 0.0109375
0 0.87109375 0.7765625 0.040625 0.0234375
0 0.52734375 0.75703125 0.0796875 0.025
0 0.48671875 0.79375 0.0875 0.04375
0 0.12734375 0.82109375 0.0859375 0.06875
0 0.225 0.81015625 0.1046875 0.04375
0 0.3078125 0.796875 0.053125 0.075
0 0.53828125 0.81171875 0.0828125 0.028125
0 0.6359375 0.81171875 0.10625 0.0796875
0 0.54140625 0.8484375 0.078125 0.0234375
0 0.5359375 0.88125 0.0640625 0.025
0 0.5828125 0.8765625 0.0296875 0.0203125
0 0.2171875 0.8796875 0.1015625 0.0484375
0 0.28046875 0.87578125 0.04375 0.059375
0 0.2203125 0.928125 0.1171875 0.0640625
0 0.34375 0.865625 0.084375 0.0453125
0 0.41328125 0.853125 0.0609375 0.0328125
0 0.328125 0.91015625 0.040625 0.05
0 0.3859375 0.896875 0.0828125 0.0515625
0 0.384375 0.934375 0.0796875 0.0515625
0 0.48828125 0.84765625 0.034375 0.0921875
0 0.66328125 0.86484375 0.0578125 0.1125
0 0.703125 0.84375 0.071875 0.040625
0 0.77890625 0.8375 0.0859375 0.0375
0 0.71484375 0.88046875 0.0671875 0.0359375
0 0.78125 0.87421875 0.075 0.0328125
0 0.82421875 0.859375 0.0640625 0.1078125
0 0.728125 0.71015625 0.0515625 0.2
0 0.16875 0.24921875 0.0625 0.1828125
0 0.43203125 0.03203125 0.04375 0.0265625
0 0.38671875 0.11640625 0.034375 0.065625
0 0.4140625 0.11875 0.0390625 0.0609375
0 0.7375 0.19765625 0.0390625 0.028125
0 0.9078125 0.04140625 0.015625 0.0171875
0 0.7921875 0.5765625 0.0421875 0.03125
0 0.39765625 0.796875 0.0375 0.0375
0 0.20078125 0.84921875 0.034375 0.0390625
0 0.8703125 0.81875 0.0375 0.025