0 0.22578125 0.140625 0.159375 0.0890625
0 0.4875 0.19765625 0.2234375 0.2015625
0 0.75 0.19453125 0.1671875 0.140625
0 0.9140625 0.22734375 0.10625 0.1234375
0 0.1203125 0.275 0.046875 0.0625
0 0.33671875 0.28515625 0.2890625 0.19375
0 0.60546875 0.325 0.1609375 0.1515625
0 0.809375 0.32734375 0.1953125 0.1671875
0 0.09921875 0.41796875 0.0828125 0.0625
0 0.29375 0.3984375 0.2078125 0.153125
0 0.56171875 0.44609375 0.26875 0.1734375
0 0.84140625 0.47421875 0.1953125 0.1375
0 0.0859375 0.52890625 0.0796875 0.10625
0 0.26015625 0.54609375 0.215625 0.1265625
0 0.4796875 0.56953125 0.115625 0.0671875
0 0.65859375 0.5875 0.1296875 0.065625
0 0.83984375 0.61484375 0.165625 0.1359375
0 0.12265625 0.6703125 0.2 0.1234375
0 0.3171875 0.6703125 0.0921875 0.1265625
0 0.47734375 0.69375 0.1515625 0.1515625
0 0.67734375 0.69765625 0.2203125 0.14375
0 0.85625 0.71875 0.153125 0.15625
0 0.10390625 0.78515625 0.2015625 0.1390625
0 0.1515625 0.85 0.115625 0.1109375
0 0.378125 0.8546875 0.1796875 0.15625
0 0.62421875 0.8953125 0.134375 0.0828125