0 0.09921875 0.19453125 0.06875 0.01875
0 0.11796875 0.22109375 0.1078125 0.025
0 0.2390625 0.2171875 0.084375 0.01875
0 0.0859375 0.28125 0.0453125 0.0234375
0 0.1640625 0.27734375 0.0859375 0.0265625
0 0.0671875 0.3296875 0.00625 0.00625
0 0.1234375 0.32421875 0.0828125 0.0265625
0 0.24140625 0.3296875 0.1234375 0.034375
0 0.3953125 0.3265625 0.15 0.0375
0 0.52421875 0.31875 0.0796875 0.028125
0 0.60859375 0.31953125 0.059375 0.0375
0 0.67734375 0.32421875 0.0375 0.021875
0 0.784375 0.31953125 0.1625 0.0296875
0 0.13203125 0.35546875 0.0625 0.021875
0 0.19765625 0.36015625 0.0375 0.0265625
0 0.27265625 0.3671875 0.0515625 0.0265625
0 0.35 0.3578125 0.0921875 0.0234375
0 0.45390625 0.35859375 0.0875 0.021875
0 0.55234375 0.35703125 0.075 0.0234375
0 0.634375 0.36640625 0.0546875 0.0328125
0 0.70390625 0.3546875 0.0578125 0.01875
0 0.8203125 0.35546875 0.134375 0.0421875
0 0.925 0.34765625 0.059375 0.0296875
0 0.0703125 0.41171875 0.0078125 0.00625
0 0.115625 0.41328125 0.075 0.0296875
0 0.2 0.41640625 0.06875 0.03125
0 0.28125 0.4140625 0.0828125 0.0328125
0 0.3609375 0.415625 0.075 0.0328125
0 0.4390625 0.41484375 0.0796875 0.025
0 0.51015625 0.4203125 0.0296875 0.01875
0 0.55625 0.41484375 0.065625 0.0296875
0 0.1171875 0.4453125 0.0796875 0.0265625
0 0.18984375 0.45 0.034375 0.0359375
0 0.25703125 0.4546875 0.05625 0.0359375
0 0.35 0.44609375 0.0875 0.0265625
0 0.4515625 0.44609375 0.0703125 0.028125
0 0.5328125 0.4578125 0.0546875 0.040625
0 0.60859375 0.446875 0.0609375 0.021875
0 0.70625 0.45078125 0.11875 0.0453125
0 0.7875 0.44453125 0.046875 0.03125
0 0.06328125 0.51640625 0.009375 0.009375
0 0.11171875 0.5125 0.078125 0.03125
0 0.2234375 0.5109375 0.1 0.0359375
0 0.1109375 0.5453125 0.0609375 0.0265625
0 0.171875 0.54765625 0.0375 0.040625
0 0.2296875 0.54609375 0.05625 0.0359375
0 0.32265625 0.55 0.10625 0.0296875
0 0.41015625 0.5453125 0.046875 0.028125
0 0.4640625 0.5453125 0.0234375 0.0203125
0 0.54140625 0.5390625 0.0859375 0.03125
0 0.65546875 0.540625 0.1359375 0.028125
0 0.81015625 0.54453125 0.1328125 0.0390625
0 0.92734375 0.54296875 0.10625 0.0453125
0 0.05625 0.6109375 0.021875 0.01875
0 0.09609375 0.6125 0.05625 0.034375
0 0.2 0.62265625 0.1421875 0.046875
0 0.08515625 0.66171875 0.0171875 0.0046875
0 0.1734375 0.66796875 0.140625 0.0390625
0 0.2765625 0.65234375 0.0390625 0.028125
0 0.3484375 0.66328125 0.071875 0.0390625
0 0.50234375 0.64140625 0.21875 0.0375
0 0.6265625 0.65078125 0.040625 0.021875
0 0.69375 0.63984375 0.06875 0.034375
0 0.7828125 0.63671875 0.084375 0.028125
0 0.01640625 0.7265625 0.025 0.0328125
0 0.05703125 0.7265625 0.0171875 0.015625
0 0.10625 0.7234375 0.0890625 0.0375
0 0.2265625 0.725 0.1234375 0.0234375
0 0.33046875 0.728125 0.0484375 0.0421875
0 0.43125 0.71171875 0.13125 0.046875
0 0.09609375 0.76171875 0.0375 0.0171875
0 0.1328125 0.7609375 0.015625 0.0046875
0 0.165625 0.759375 0.009375 0.0203125
0 0.20625 0.76171875 0.0546875 0.0140625
0 0.31015625 0.75625 0.1140625 0.0390625
0 0.39921875 0.7515625 0.0421875 0.0265625
0 0.49453125 0.76015625 0.1234375 0.053125
0 0.6109375 0.7421875 0.1 0.0265625
0 0.14453125 0.78984375 0.0125 0.0046875
0 0.2453125 0.78984375 0.159375 0.04375
0 0.365625 0.7890625 0.0609375 0.040625
0 0.14609375 0.81875 0.015625 0.0046875
0 0.24765625 0.8359375 0.1390625 0.0546875
0 0.06953125 0.8765625 0.021875 0.021875
0 0.18984375 0.8765625 0.1953125 0.0515625
0 0.128125 0.89921875 0.0171875 0.0046875
0 0.20078125 0.89765625 0.1046875 0.034375
0 0.28671875 0.8984375 0.0578125 0.03125
0 0.39609375 0.890625 0.1515625 0.0453125
0 0.128125 0.91953125 0.0125 0.00625
0 0.1546875 0.91875 0.0203125 0.021875
0 0.21953125 0.91640625 0.0890625 0.025
0 0.29375 0.9140625 0.0484375 0.0265625
0 0.37578125 0.91171875 0.1046875 0.028125
0 0.45859375 0.90546875 0.0328125 0.0296875
0 0.50625 0.90390625 0.05625 0.0234375
0 0.58984375 0.90234375 0.0953125 0.021875
0 0.0140625 0.35546875 0.0171875 0.028125