0 0.4984375 0.0765625 0.1703125 0.0734375
0 0.69375 0.1265625 0.20625 0.0953125
0 0.246875 0.1203125 0.1453125 0.0953125
0 0.43671875 0.15703125 0.2390625 0.11875
0 0.60546875 0.175 0.084375 0.05625
0 0.70078125 0.21015625 0.109375 0.0765625
0 0.8421875 0.240625 0.1640625 0.115625
0 0.21484375 0.15625 0.0984375 0.0578125
0 0.35234375 0.18828125 0.1625 0.1
0 0.48359375 0.196875 0.0828125 0.0546875
0 0.6109375 0.24140625 0.1703125 0.1140625
0 0.76328125 0.26328125 0.1015625 0.059375
0 0.19453125 0.190625 0.084375 0.05625
0 0.37421875 0.23984375 0.240625 0.103125
0 0.190625 0.30625 0.0921875 0.0765625
0 0.31328125 0.3328125 0.1265625 0.065625
0 0.4 0.35390625 0.0375 0.040625
0 0.45625 0.36640625 0.071875 0.0484375
0 0.58359375 0.40703125 0.1734375 0.096875
0 0.74921875 0.43203125 0.1578125 0.075
0 0.18203125 0.34453125 0.09375 0.0421875
0 0.30546875 0.37265625 0.078125 0.0375
0 0.3953125 0.396875 0.0578125 0.0359375
0 0.540625 0.43125 0.0734375 0.040625
0 0.684375 0.4671875 0.0578125 0.0375
0 0.17890625 0.38671875 0.0859375 0.0421875
0 0.2859375 0.409375 0.0640625 0.0375
0 0.38671875 0.43984375 0.0609375 0.0390625
0 0.50703125 0.465625 0.0796875 0.04375
0 0.6734375 0.521875 0.01875 0.0203125
0 0.1078125 0.47734375 0.0421875 0.0359375
0 0.1640625 0.48515625 0.0609375 0.053125
0 0.24609375 0.5125 0.1140625 0.078125
0 0.375 0.54140625 0.13125 0.071875
0 0.5078125 0.575 0.1046875 0.0578125
0 0.60546875 0.5953125 0.0703125 0.05
0 0.740625 0.63671875 0.1921875 0.0984375
0 0.12421875 0.51875 0.1265625 0.0671875
0 0.21953125 0.546875 0.0421875 0.040625
0 0.3234375 0.56953125 0.125 0.0625
0 0.45078125 0.60078125 0.1109375 0.05625
0 0.57890625 0.6375 0.11875 0.0578125
0 0.67890625 0.66875 0.0703125 0.05625
0 0.11015625 0.5625 0.109375 0.0609375
0 0.203125 0.58359375 0.075 0.046875
0 0.38203125 0.6234375 0.2390625 0.0921875
0 0.5875 0.68046875 0.1390625 0.071875
0 0.6875 0.7140625 0.059375 0.0578125
0 0.08828125 0.5890625 0.0828125 0.0609375
0 0.24140625 0.63046875 0.1984375 0.0859375
0 0.08359375 0.63203125 0.096875 0.04375
0 0.16015625 0.64765625 0.04375 0.028125
0 0.215625 0.66328125 0.065625 0.0375
0 0.46484375 0.71796875 0.190625 0.0609375
0 0.7125 0.77734375 0.08125 0.0359375
0 0.07734375 0.70078125 0.125 0.0640625
0 0.15 0.71328125 0.01875 0.0296875
0 0.19609375 0.72578125 0.06875 0.0421875
0 0.30234375 0.74765625 0.140625 0.0578125
0 0.38984375 0.77265625 0.046875 0.0453125
0 0.5453125 0.796875 0.2375 0.125
0 0.009375 0.74453125 0.01875 0.0296875
0 0.08515625 0.76171875 0.128125 0.05625
0 0.215625 0.79140625 0.1328125 0.0578125
0 0.33515625 0.81875 0.1015625 0.0515625
0 0.41640625 0.840625 0.0671875 0.0453125
0 0.09140625 0.7890625 0.03125 0.0234375
0 0.2875 0.8328125 0.028125 0.021875
0 0.48203125 0.8765625 0.021875 0.0203125
0 0.65703125 0.921875 0.01875 0.0203125