0 0.3578125 0.07265625 0.14375 0.0484375
0 0.85859375 0.12890625 0.2140625 0.04375
0 0.475 0.1671875 0.1421875 0.0484375
0 0.4296875 0.24609375 0.146875 0.06875
0 0.63984375 0.2625 0.128125 0.040625
0 0.8109375 0.28671875 0.0875 0.034375
0 0.14765625 0.34140625 0.1921875 0.046875
0 0.5171875 0.3328125 0.1484375 0.0546875
0 0.79609375 0.35390625 0.1703125 0.0390625
0 0.3453125 0.4390625 0.0921875 0.05
0 0.42421875 0.43046875 0.05625 0.0359375
0 0.5203125 0.4375 0.1046875 0.04375
0 0.61171875 0.4390625 0.053125 0.0375
0 0.6734375 0.43046875 0.053125 0.025
0 0.46953125 0.4640625 0.153125 0.0328125
0 0.78359375 0.47734375 0.040625 0.028125
0 0.871875 0.484375 0.090625 0.0359375
0 0.95625 0.47421875 0.0578125 0.0296875
0 0.79296875 0.51640625 0.0640625 0.0296875
0 0.90546875 0.51171875 0.1453125 0.040625
0 0.58828125 0.53125 0.13125 0.0609375
0 0.37578125 0.5296875 0.0921875 0.0375
0 0.10625 0.63828125 0.0796875 0.0328125
0 0.20859375 0.6375 0.0875 0.0375
0 0.35703125 0.6296875 0.2109375 0.05
0 0.5328125 0.625 0.1265625 0.025
0 0.66328125 0.61953125 0.1359375 0.04375
0 0.7859375 0.609375 0.1078125 0.034375
0 0.875 0.61015625 0.0546875 0.021875
0 0.16796875 0.671875 0.1578125 0.0375
0 0.28984375 0.66796875 0.06875 0.025
0 0.415625 0.659375 0.1546875 0.0328125
0 0.534375 0.65390625 0.0453125 0.0359375
0 0.634375 0.65625 0.146875 0.0453125
0 0.77734375 0.64609375 0.125 0.028125
0 0.890625 0.6390625 0.06875 0.0265625
0 0.15390625 0.70546875 0.128125 0.0328125
0 0.26640625 0.69765625 0.0765625 0.0328125
0 0.34609375 0.69921875 0.0703125 0.0203125
0 0.41875 0.69765625 0.034375 0.0171875
0 0.5046875 0.696875 0.096875 0.0484375
0 0.6484375 0.68515625 0.1546875 0.0328125
0 0.8203125 0.67578125 0.165625 0.0328125
0 0.1296875 0.74140625 0.109375 0.040625
0 0.2796875 0.72890625 0.165625 0.04375
0 0.40078125 0.72265625 0.0484375 0.0296875
0 0.47265625 0.73046875 0.05 0.021875
0 0.53828125 0.725 0.0484375 0.0171875
0 0.63984375 0.7203125 0.1421875 0.0359375
0 0.74453125 0.7125 0.0453125 0.0296875
0 0.82890625 0.70625 0.10625 0.0328125
0 0.93046875 0.70078125 0.0703125 0.034375
0 0.1765625 0.7703125 0.203125 0.0375
0 0.30703125 0.76328125 0.0515625 0.0328125
0 0.38359375 0.75703125 0.08125 0.03125
0 0.49453125 0.7609375 0.125 0.0484375
0 0.60234375 0.74765625 0.075 0.03125
0 0.7265625 0.74453125 0.109375 0.0328125
0 0.83671875 0.7375 0.078125 0.0328125
0 0.93125 0.734375 0.096875 0.025
0 0.13125 0.80625 0.1203125 0.034375
0 0.23125 0.8046875 0.0796875 0.0265625
0 0.328125 0.7984375 0.1140625 0.040625
0 0.43671875 0.78984375 0.0734375 0.0375
0 0.55390625 0.7859375 0.1359375 0.040625
0 0.6625 0.77578125 0.0375 0.028125
0 0.71015625 0.7859375 0.0390625 0.0265625
0 0.76953125 0.77890625 0.040625 0.0140625
0 0.896875 0.76875 0.153125 0.0328125
0 0.1453125 0.8359375 0.1515625 0.0390625
0 0.2796875 0.8375 0.078125 0.053125
0 0.41015625 0.82890625 0.14375 0.0453125
0 0.51875 0.82109375 0.040625 0.0296875
0 0.59921875 0.81953125 0.10625 0.0328125
0 0.71015625 0.81171875 0.0890625 0.028125
0 0.83671875 0.809375 0.1359375 0.040625
0 0.95390625 0.803125 0.071875 0.03125
0 0.21640625 0.86875 0.26875 0.0421875
0 0.396875 0.8609375 0.0515625 0.03125
0 0.4984375 0.85703125 0.115625 0.0328125