0 0.0671875 0.10390625 0.134375 0.0890625
0 0.21875 0.10546875 0.11875 0.0828125
0 0.41328125 0.059375 0.2828125 0.11875
0 0.609375 0.02109375 0.128125 0.0421875
0 0.7328125 0.02578125 0.128125 0.0515625
0 0.671875 0.078125 0.1140625 0.0671875
0 0.8109375 0.0640625 0.1640625 0.1140625
0 0.36875 0.14296875 0.109375 0.0859375
0 0.51171875 0.1265625 0.1734375 0.115625
0 0.2453125 0.14296875 0.11875 0.0859375
0 0.08984375 0.17421875 0.1796875 0.0953125
0 0.04140625 0.24140625 0.0828125 0.0828125
0 0.13828125 0.2328125 0.1453125 0.0890625
0 0.34921875 0.19453125 0.2828125 0.1046875
0 0.534375 0.18046875 0.046875 0.05
0 0.57109375 0.1765625 0.015625 0.0359375
0 0.5953125 0.17265625 0.015625 0.0140625
0 0.62421875 0.17109375 0.053125 0.0421875
0 0.0453125 0.31796875 0.084375 0.065625
0 0.18671875 0.2953125 0.215625 0.1078125
0 0.32578125 0.2765625 0.0921875 0.059375
0 0.40703125 0.275 0.0421875 0.0421875
0 0.5234375 0.25078125 0.1734375 0.084375
0 0.63828125 0.23515625 0.0453125 0.040625
0 0.6859375 0.23046875 0.0359375 0.0546875
0 0.71953125 0.21875 0.03125 0.0203125
0 0.75390625 0.2171875 0.034375 0.053125
0 0.7484375 0.28984375 0.175 0.1171875
0 0.57734375 0.328125 0.1265625 0.103125
0 0.40859375 0.34921875 0.2125 0.0796875
0 0.16875 0.38984375 0.2640625 0.11875
0 0.015625 0.41015625 0.03125 0.0515625
0 0.04140625 0.4828125 0.075 0.0515625
0 0.20390625 0.48125 0.2578125 0.1484375
0 0.38984375 0.428125 0.0984375 0.0546875
0 0.49609375 0.41328125 0.1140625 0.06875
0 0.615625 0.39296875 0.1109375 0.10625
0 0.7046875 0.384375 0.1078125 0.1
0 0.9609375 0.40390625 0.0546875 0.053125
0 0.86953125 0.41328125 0.1375 0.0625
0 0.7890625 0.43359375 0.028125 0.0203125
0 0.721875 0.45625 0.13125 0.1078125
0 0.55234375 0.471875 0.16875 0.0875
0 0.44453125 0.49765625 0.034375 0.0140625
0 0.34453125 0.4984375 0.146875 0.084375
0 0.221875 0.521875 0.1078125 0.0703125
0 0.1015625 0.53515625 0.1328125 0.0796875
0 0.14609375 0.5875 0.1953125 0.078125
0 0.059375 0.66015625 0.05 0.0640625
0 0.09921875 0.66015625 0.0328125 0.0203125
0 0.16640625 0.646875 0.1 0.0625
0 0.3234375 0.61171875 0.203125 0.08125
0 0.45390625 0.59921875 0.04375 0.0703125
0 0.58203125 0.5671875 0.196875 0.0921875
0 0.8375 0.52578125 0.284375 0.1203125
0 0.92890625 0.57109375 0.103125 0.071875
0 0.7796875 0.59296875 0.1390625 0.071875
0 0.62421875 0.61875 0.1515625 0.1
0 0.465625 0.646875 0.159375 0.08125
0 0.2859375 0.68125 0.1890625 0.103125
0 0.1171875 0.7046875 0.140625 0.103125
0 0.13671875 0.76015625 0.121875 0.075
0 0.3 0.7359375 0.2171875 0.109375
0 0.46484375 0.70625 0.134375 0.075
0 0.55859375 0.6921875 0.034375 0.0171875
0 0.59609375 0.684375 0.025 0.0453125
0 0.66953125 0.67421875 0.1015625 0.06875
0 0.728125 0.66328125 0.021875 0.046875
0 0.75625 0.66171875 0.0296875 0.04375
0 0.7828125 0.65390625 0.046875 0.0609375
0 0.08359375 0.84453125 0.046875 0.0546875
0 0.1125 0.83984375 0.03125 0.015625
0 0.1765625 0.83046875 0.078125 0.053125
0 0.33984375 0.80703125 0.2453125 0.090625
0 0.5578125 0.7734375 0.1796875 0.10625
0 0.1578125 0.89453125 0.0875 0.0640625
0 0.28046875 0.884375 0.1734375 0.1015625
0 0.37734375 0.86328125 0.040625 0.05625
0 0.4671875 0.86875 0.1265625 0.121875
0 0.57578125 0.8375 0.0546875 0.0390625
0 0.653125 0.8109375 0.1109375 0.0734375
0 0.775 0.8 0.134375 0.09375
0 0.884375 0.78671875 0.06875 0.0796875
0 0.9421875 0.77578125 0.05 0.0609375
0 0.978125 0.7609375 0.04375 0.103125
0 0.98203125 0.83203125 0.0359375 0.0671875
0 0.86328125 0.8625 0.1828125 0.1015625
0 0.73984375 0.871875 0.0625 0.0578125
0 0.628125 0.896875 0.1234375 0.06875
0 0.47890625 0.92578125 0.153125 0.0890625
0 0.340625 0.93046875 0.1375 0.0796875
0 0.2171875 0.95546875 0.084375 0.0703125
0 0.1453125 0.965625 0.08125 0.06875
0 0.28359375 0.98125 0.1609375 0.0375
0 0.38203125 0.98125 0.034375 0.0171875
0 0.453125 0.96953125 0.103125 0.0609375
0 0.5296875 0.9625 0.059375 0.05
0 0.5671875 0.96015625 0.028125 0.046875
0 0.61640625 0.95234375 0.0734375 0.053125
0 0.66875 0.9421875 0.0265625 0.021875
0 0.7140625 0.93671875 0.0828125 0.0765625