0 0.1765625 0.0078125 0.028125 0.015625
0 0.253125 0.01328125 0.1125 0.0265625
0 0.54296875 0.02109375 0.0765625 0.0421875
0 0.209375 0.1640625 0.1140625 0.0546875
0 0.32890625 0.16953125 0.0921875 0.0671875
0 0.5421875 0.1828125 0.125 0.0453125
0 0.684375 0.17421875 0.09375 0.08125
0 0.7390625 0.19296875 0.0859375 0.0421875
0 0.21953125 0.2375 0.14375 0.0546875
0 0.3484375 0.23515625 0.09375 0.0453125
0 0.41640625 0.2375 0.0265625 0.0296875
0 0.20546875 0.30234375 0.140625 0.0703125
0 0.33203125 0.2859375 0.103125 0.0703125
0 0.4703125 0.246875 0.0109375 0.0328125
0 0.53125 0.25390625 0.0859375 0.046875
0 0.6765625 0.259375 0.040625 0.0453125
0 0.7140625 0.2609375 0.025 0.021875
0 0.75546875 0.26640625 0.0515625 0.059375
0 0.8078125 0.26484375 0.0484375 0.0421875
0 0.6484375 0.31796875 0.0375 0.034375
0 0.715625 0.33515625 0.090625 0.0578125
0 0.79140625 0.33125 0.040625 0.071875
0 0.6625 0.3734375 0.0515625 0.0515625
0 0.76171875 0.37890625 0.109375 0.0484375
0 0.63984375 0.43203125 0.0265625 0.046875
0 0.69375 0.43984375 0.0453125 0.0375
0 0.77421875 0.4203125 0.1015625 0.071875
0 0.11796875 0.52890625 0.0375 0.0625
0 0.22109375 0.51953125 0.121875 0.084375
0 0.0828125 0.63203125 0.0671875 0.0578125
0 0.14453125 0.6375 0.0203125 0.0390625
0 0.1953125 0.64375 0.0484375 0.065625
0 0.3 0.6421875 0.06875 0.05625
0 0.1234375 0.721875 0.028125 0.046875
0 0.1546875 0.76953125 0.046875 0.05625
0 0.1421875 0.865625 0.046875 0.05625
0 0.428125 0.6078125 0.0484375 0.0765625
0 0.4921875 0.61875 0.09375 0.075
0 0.40859375 0.7671875 0.0609375 0.096875
0 0.49140625 0.78359375 0.0921875 0.084375
0 0.403125 0.9046875 0.06875 0.0921875
0 0.48984375 0.8875 0.0875 0.06875
0 0.63046875 0.61796875 0.06875 0.0515625
0 0.60546875 0.76484375 0.05625 0.0546875
0 0.70234375 0.73984375 0.1078125 0.1171875
0 0.7046875 0.7625 0.0890625 0.121875
0 0.59453125 0.88125 0.0625 0.0578125
0 0.7 0.834375 0.125 0.1921875
0 0.3953125 0.021875 0.0515625 0.0265625
0 0.2390625 0.6515625 0.0359375 0.034375