0 0.03515625 0.20234375 0.025 0.0421875
0 0.0109375 0.77890625 0.021875 0.0515625
0 0.38046875 0.0078125 0.0203125 0.015625
0 0.153125 0.04296875 0.0484375 0.0359375
0 0.1921875 0.03984375 0.0296875 0.0296875
0 0.21015625 0.040625 0.0125 0.0203125
0 0.24296875 0.04140625 0.0484375 0.0359375
0 0.30859375 0.04609375 0.08125 0.0296875
0 0.37578125 0.04765625 0.0484375 0.03125
0 0.41015625 0.05234375 0.0234375 0.028125
0 0.4375 0.059375 0.0359375 0.0265625
0 0.5 0.06015625 0.0859375 0.03125
0 0.55625 0.06796875 0.0234375 0.0265625
0 0.58359375 0.0703125 0.028125 0.0265625
0 0.63984375 0.07578125 0.0875 0.034375
0 0.7046875 0.0828125 0.046875 0.028125
0 0.75078125 0.08671875 0.040625 0.0328125
0 0.7859375 0.090625 0.0328125 0.0265625
0 0.16875 0.128125 0.096875 0.04375
0 0.26171875 0.1140625 0.075 0.0578125
0 0.346875 0.14375 0.1 0.0609375
0 0.434375 0.14140625 0.0359375 0.046875
0 0.4953125 0.1328125 0.0421875 0.059375
0 0.54921875 0.13984375 0.034375 0.0515625
0 0.6375 0.15078125 0.1125 0.0578125
0 0.721875 0.1578125 0.04375 0.05
0 0.1421875 0.17578125 0.0328125 0.0375
0 0.203125 0.1671875 0.0765625 0.05625
0 0.2625 0.1859375 0.03125 0.053125
0 0.30546875 0.18203125 0.0265625 0.040625
0 0.35390625 0.18828125 0.0484375 0.04375
0 0.43046875 0.18828125 0.0734375 0.053125
0 0.49921875 0.196875 0.028125 0.0578125
0 0.58828125 0.2078125 0.1125 0.065625
0 0.684375 0.21171875 0.046875 0.0515625
0 0.765625 0.22265625 0.0921875 0.05
0 0.153125 0.2453125 0.0828125 0.03125
0 0.2390625 0.23984375 0.0765625 0.06875
0 0.3578125 0.24765625 0.1109375 0.059375
0 0.46171875 0.2546875 0.0484375 0.04375
0 0.52109375 0.2640625 0.0359375 0.0421875
0 0.60625 0.27109375 0.0734375 0.0484375
0 0.6765625 0.27109375 0.0203125 0.0328125
0 0.74375 0.28515625 0.0734375 0.05625
0 0.16015625 0.29609375 0.103125 0.0375
0 0.26953125 0.2890625 0.096875 0.0453125
0 0.378125 0.2984375 0.071875 0.04375
0 0.459375 0.3109375 0.0640625 0.0578125
0 0.54140625 0.3203125 0.059375 0.0515625
0 0.1234375 0.3796875 0.0453125 0.028125
0 0.1875 0.384375 0.08125 0.0328125
0 0.265625 0.38828125 0.0734375 0.0296875
0 0.34140625 0.39453125 0.0640625 0.034375
0 0.39375 0.3984375 0.0328125 0.0265625
0 0.4421875 0.40546875 0.0625 0.025
0 0.4859375 0.40625 0.021875 0.0265625
0 0.5125 0.40859375 0.03125 0.028125
0 0.5484375 0.4125 0.0390625 0.03125
0 0.58125 0.41484375 0.021875 0.0265625
0 0.62578125 0.41953125 0.0671875 0.0296875
0 0.67109375 0.4234375 0.01875 0.028125
0 0.6953125 0.425 0.025 0.028125
0 0.728125 0.42734375 0.040625 0.0328125
0 0.134375 0.43359375 0.075 0.028125
0 0.20078125 0.43359375 0.04375 0.0546875
0 0.25703125 0.4421875 0.0390625 0.0390625
0 0.36484375 0.44453125 0.0921875 0.0546875
0 0.4796875 0.45625 0.078125 0.0484375
0 0.54921875 0.46171875 0.0421875 0.0546875
0 0.65 0.47421875 0.1171875 0.0546875
0 0.10859375 0.48203125 0.025 0.046875
0 0.15078125 0.484375 0.028125 0.0453125
0 0.2046875 0.49296875 0.0546875 0.046875
0 0.2703125 0.50234375 0.0375 0.04375
0 0.36796875 0.5046875 0.10625 0.0625
0 0.4890625 0.5234375 0.08125 0.0546875
0 0.584375 0.52734375 0.0625 0.0484375
0 0.678125 0.5328125 0.0890625 0.0609375
0 0.109375 0.5484375 0.05 0.03125
0 0.14453125 0.55078125 0.0140625 0.028125
0 0.1765625 0.54453125 0.0484375 0.046875
0 0.8390625 0.0984375 0.0765625 0.028125
0 0.79296875 0.17109375 0.05625 0.04375
0 0.87265625 0.184375 0.06875 0.053125
0 0.84375 0.2359375 0.0765625 0.04375
0 0.90390625 0.24921875 0.06875 0.05
0 0.8140625 0.38125 0.028125 0.0265625
0 0.09609375 0.05390625 0.01875 0.028125
0 0.0703125 0.3796875 0.0203125 0.0296875
0 0.046875 0.6796875 0.0171875 0.025
0 0.10625 0.60625 0.0484375 0.028125
0 0.13828125 0.6109375 0.01875 0.025
0 0.1734375 0.609375 0.0453125 0.0421875
0 0.08984375 0.68828125 0.0265625 0.028125
0 0.1296875 0.696875 0.05625 0.0296875
0 0.1703125 0.70078125 0.0234375 0.0265625
0 0.20078125 0.7046875 0.034375 0.0265625
0 0.22734375 0.7078125 0.015625 0.025
0 0.24375 0.7125 0.0171875 0.021875
0 0.28125 0.71171875 0.0625 0.028125
0 0.3484375 0.71953125 0.0734375 0.0328125
0 0.41875 0.72578125 0.0671875 0.034375
0 0.47421875 0.7296875 0.04375 0.03125
0 0.5046875 0.73046875 0.021875 0.028125
0 0.53828125 0.734375 0.053125 0.0265625
0 0.57734375 0.7390625 0.021875 0.0296875
0 0.0796875 0.71640625 0.015625 0.0265625
0 0.10390625 0.72109375 0.0359375 0.03125
0 0.7875 0.43671875 0.0765625 0.028125
0 0.78203125 0.4796875 0.090625 0.05
0 0.82578125 0.04375 0.028125 0.025
0 0.79140625 0.69609375 0.0265625 0.025
0 0.603125 0.73828125 0.0296875 0.028125
0 0.6609375 0.74140625 0.0890625 0.0296875
0 0.72421875 0.74765625 0.040625 0.0265625
0 0.76171875 0.75078125 0.0390625 0.0265625
0 0.81875 0.75390625 0.0765625 0.0296875
0 0.81328125 0.8484375 0.0765625 0.0484375
0 0.74921875 0.8390625 0.0390625 0.03125
0 0.70625 0.83671875 0.021875 0.0265625
0 0.66640625 0.83203125 0.0265625 0.034375
0 0.609375 0.82578125 0.0765625 0.04375
0 0.5265625 0.8234375 0.05625 0.0375
0 0.08359375 0.77109375 0.015625 0.034375
0 0.128125 0.78125 0.06875 0.05
0 0.19140625 0.79375 0.046875 0.0453125
0 0.2328125 0.80078125 0.0203125 0.025
0 0.321875 0.81015625 0.109375 0.059375
0 0.4359375 0.81875 0.103125 0.0421875
0 0.08671875 0.82578125 0.0359375 0.0421875
0 0.153125 0.8390625 0.0765625 0.053125
0 0.2171875 0.86015625 0.0515625 0.04375
0 0.29609375 0.8703125 0.103125 0.078125
0 0.3796875 0.86953125 0.0578125 0.0578125
0 0.459375 0.8796875 0.1046875 0.059375
0 0.55859375 0.88046875 0.0296875 0.034375
0 0.6203125 0.8828125 0.0546875 0.05
0 0.7078125 0.88515625 0.078125 0.05
0 0.7984375 0.890625 0.0640625 0.0546875
0 0.87109375 0.96328125 0.0265625 0.0734375
0 0.77109375 0.98828125 0.0265625 0.0234375
0 0.159375 0.07109375 0.071875 0.0375
0 0.2109375 0.06953125 0.0296875 0.025
0 0.24296875 0.0703125 0.0296875 0.0234375
0 0.29765625 0.075 0.078125 0.03125
0 0.390625 0.08125 0.1046875 0.0359375
0 0.453125 0.0859375 0.0234375 0.025
0 0.48046875 0.08671875 0.03125 0.025
0 0.51484375 0.09375 0.0359375 0.028125
0 0.5453125 0.09453125 0.0265625 0.0265625
0 0.59375 0.09921875 0.078125 0.028125
0 0.66328125 0.1078125 0.0625 0.028125
0 0.06015625 0.21953125 0.025 0.034375
0 0.87421875 0.89921875 0.01875 0.0421875
0 0.415625 0.9890625 0.025 0.0140625
0 0.86484375 0.0515625 0.0546875 0.0296875
0 0.8140625 0.98828125 0.05625 0.0234375
0 0.83359375 0.69765625 0.0546875 0.028125
0 0.85546875 0.38515625 0.0546875 0.028125