0 0.1328125 0.146875 0.0796875 0.03125
0 0.2046875 0.1375 0.053125 0.021875
0 0.19453125 0.19140625 0.075 0.034375
0 0.30859375 0.16796875 0.1484375 0.0546875
0 0.45078125 0.14296875 0.1359375 0.040625
0 0.54609375 0.1265625 0.071875 0.0296875
0 0.596875 0.11953125 0.028125 0.0203125
0 0.6296875 0.115625 0.021875 0.015625
0 0.7046875 0.09921875 0.1171875 0.0375
0 0.2109375 0.20625 0.115625 0.034375
0 0.284375 0.19296875 0.0359375 0.021875
0 0.3234375 0.18828125 0.0265625 0.015625
0 0.40546875 0.1765625 0.1359375 0.05
0 0.50546875 0.15703125 0.0578125 0.021875
0 0.59921875 0.14140625 0.10625 0.0328125
0 0.703125 0.13046875 0.103125 0.040625
0 0.18125 0.2359375 0.040625 0.01875
0 0.24921875 0.225 0.065625 0.021875
0 0.3484375 0.21171875 0.121875 0.0515625
0 0.4328125 0.19375 0.04375 0.0234375
0 0.49453125 0.18359375 0.06875 0.0375
0 0.5703125 0.16796875 0.0734375 0.03125
0 0.63828125 0.16171875 0.0671875 0.040625
0 0.70390625 0.15078125 0.0453125 0.0203125
0 0.196875 0.25546875 0.065625 0.0296875
0 0.2578125 0.2484375 0.040625 0.01875
0 0.30078125 0.240625 0.028125 0.015625
0 0.384375 0.2265625 0.121875 0.0421875
0 0.48515625 0.21015625 0.0625 0.0234375
0 0.4609375 0.2453125 0.1078125 0.0484375
0 0.5359375 0.2234375 0.040625 0.0234375
0 0.58828125 0.21484375 0.0734375 0.028125
0 0.646875 0.20546875 0.0578125 0.025
0 0.70625 0.1953125 0.0625 0.025
0 0.778125 0.18359375 0.0875 0.0296875
0 0.8828125 0.16875 0.121875 0.0546875
0 0.146875 0.334375 0.090625 0.0328125
0 0.22578125 0.3234375 0.05625 0.0265625
0 0.2296875 0.37109375 0.1328125 0.04375
0 0.325 0.36015625 0.0390625 0.0171875
0 0.434375 0.34140625 0.165625 0.0546875
0 0.58828125 0.31484375 0.1484375 0.0421875
0 0.703125 0.29609375 0.0703125 0.028125
0 0.7734375 0.2859375 0.05625 0.0234375
0 0.8546875 0.26953125 0.084375 0.0296875
0 0.2515625 0.3953125 0.146875 0.04375
0 0.390625 0.37421875 0.134375 0.040625
0 0.2265625 0.4265625 0.1015625 0.034375
0 0.35234375 0.41484375 0.1421875 0.0578125
0 0.5265625 0.3796875 0.20625 0.053125
0 0.25625 0.4484375 0.0109375 0.0046875
0 0.30625 0.43984375 0.0796875 0.0296875
0 0.36953125 0.4296875 0.0328125 0.01875
0 0.47109375 0.41796875 0.1546875 0.05625
0 0.609375 0.38828125 0.128125 0.04375
0 0.3640625 0.46015625 0.0484375 0.0203125
0 0.46875 0.446875 0.15625 0.0609375
0 0.64140625 0.41328125 0.1921875 0.053125
0 0.7609375 0.39765625 0.05 0.021875
0 0.80703125 0.390625 0.028125 0.0171875
0 0.87109375 0.37578125 0.09375 0.034375
0 0.3796875 0.48359375 0.0859375 0.034375
0 0.45703125 0.4703125 0.0640625 0.0296875
0 0.51796875 0.46328125 0.04375 0.0203125
0 0.6015625 0.44765625 0.1015625 0.0375
0 0.68203125 0.43828125 0.053125 0.0421875
0 0.72578125 0.4234375 0.0265625 0.0234375
0 0.82421875 0.41328125 0.1828125 0.0546875
0 0.38203125 0.509375 0.075 0.034375
0 0.43125 0.50625 0.025 0.0171875
0 0.5390625 0.4875 0.1796875 0.0453125
0 0.70625 0.45859375 0.14375 0.04375
0 0.8203125 0.44765625 0.078125 0.0328125
0 0.88359375 0.4328125 0.0484375 0.040625
0 0.35625 0.53671875 0.0203125 0.0203125
0 0.478125 0.5265625 0.2265625 0.0578125
0 0.2359375 0.58671875 0.0171875 0.0078125
0 0.33125 0.57578125 0.1296875 0.0421875
0 0.46953125 0.55234375 0.14375 0.04375
0 0.61953125 0.53828125 0.15625 0.0703125
0 0.39453125 0.59609375 0.0859375 0.03125
0 0.45625 0.58828125 0.0578125 0.04375
0 0.496875 0.575 0.0265625 0.0265625
0 0.57421875 0.56953125 0.1421875 0.0484375
0 0.390625 0.628125 0.084375 0.034375
0 0.484375 0.60859375 0.0859375 0.040625
0 0.57109375 0.6046875 0.08125 0.0390625
0 0.63125 0.58125 0.0265625 0.025
0 0.74453125 0.57265625 0.2234375 0.065625
0 0.446875 0.65234375 0.1921875 0.06875
0 0.5546875 0.6296875 0.0203125 0.021875
0 0.61171875 0.6265625 0.0953125 0.0515625
0 0.71328125 0.61015625 0.115625 0.046875
0 0.7921875 0.59296875 0.0421875 0.025
0 0.440625 0.68359375 0.1671875 0.0625
0 0.575 0.65703125 0.0890625 0.0421875
0 0.22421875 0.74296875 0.015625 0.0078125
0 0.28671875 0.73671875 0.084375 0.0375
0 0.35625 0.72421875 0.0515625 0.0296875
0 0.4984375 0.709375 0.1984375 0.071875
0 0.66484375 0.671875 0.1375 0.05
0 0.4140625 0.74609375 0.0875 0.0375
0 0.48125 0.73984375 0.0484375 0.04375
0 0.5359375 0.72265625 0.028125 0.021875
0 0.5625 0.71328125 0.021875 0.0234375
0 0.64609375 0.7125 0.1578125 0.0546875
0 0.4484375 0.771875 0.1546875 0.05
0 0.56015625 0.76171875 0.0703125 0.0359375
0 0.621875 0.7515625 0.0515625 0.0453125
0 0.67421875 0.73515625 0.021875 0.0171875
0 0.7078125 0.7234375 0.025 0.021875
0 0.821875 0.71640625 0.2140625 0.0609375
0 0.3859375 0.81484375 0.04375 0.0265625
0 0.44296875 0.81015625 0.084375 0.05625
0 0.58359375 0.784375 0.196875 0.0546875
0 0.1875 0.9125 0.1078125 0.0453125
0 0.2875 0.89921875 0.084375 0.0421875
0 0.359375 0.959375 0.28125 0.08125
0 0.52890625 0.93515625 0.06875 0.0546875
0 0.57890625 0.92421875 0.0328125 0.025
0 0.6640625 0.9046875 0.1265625 0.0453125
0 0.75859375 0.89453125 0.0671875 0.0546875
0 0.8953125 0.8640625 0.209375 0.06875
0 0.275 0.990625 0.134375 0.01875
0 0.3609375 0.9921875 0.0375 0.015625
0 0.4296875 0.98359375 0.090625 0.0328125
0 0.534375 0.9625 0.1015625 0.0421875
0 0.5375 0.98671875 0.08125 0.0265625
0 0.61640625 0.98203125 0.0765625 0.0234375
0 0.70625 0.96796875 0.0875 0.025
0 0.7921875 0.95078125 0.0515625 0.0265625
0 0.8453125 0.946875 0.046875 0.015625
0 0.92734375 0.9265625 0.1125 0.0390625