0 0.05390625 0.13359375 0.1078125 0.0453125
0 0.1390625 0.10859375 0.0453125 0.03125
0 0.2171875 0.10078125 0.1296875 0.05
0 0.31484375 0.0796875 0.05 0.0265625
0 0.09296875 0.15703125 0.1859375 0.0671875
0 0.25546875 0.128125 0.125 0.0390625
0 0.34296875 0.11171875 0.0375 0.025
0 0.3828125 0.1078125 0.0234375 0.01875
0 0.05859375 0.20390625 0.1171875 0.0515625
0 0.190625 0.18046875 0.1265625 0.0515625
0 0.290625 0.15859375 0.059375 0.034375
0 0.39296875 0.14453125 0.13125 0.05625
0 0.00703125 0.24609375 0.0140625 0.0296875
0 0.103125 0.234375 0.1703125 0.0609375
0 0.278125 0.203125 0.1671875 0.0546875
0 0.05546875 0.2828125 0.1109375 0.053125
0 0.13125 0.2640625 0.028125 0.0296875
0 0.259375 0.24765625 0.2140625 0.0609375
0 0.39609375 0.22109375 0.04375 0.0296875
0 0.04375 0.31796875 0.0671875 0.0328125
0 0.0421875 0.35546875 0.078125 0.034375
0 0.159375 0.3421875 0.1578125 0.0578125
0 0.29140625 0.325 0.1078125 0.040625
0 0.3796875 0.3046875 0.059375 0.03125
0 0.646875 0.26171875 0.1140625 0.0453125
0 0.73671875 0.24609375 0.0515625 0.0328125
0 0.83046875 0.23125 0.125 0.046875
0 0.075 0.396875 0.15 0.05625
0 0.246875 0.37109375 0.1703125 0.059375
0 0.06875 0.43046875 0.115625 0.040625
0 0.15234375 0.41953125 0.034375 0.025
0 0.209375 0.41171875 0.06875 0.034375
0 0.28125 0.39765625 0.059375 0.03125
0 0.3953125 0.38359375 0.159375 0.0515625
0 0.0484375 0.4734375 0.0921875 0.0390625
0 0.14375 0.459375 0.0890625 0.0375
0 0.20625 0.45390625 0.021875 0.0171875
0 0.278125 0.44140625 0.1109375 0.0421875
0 0.42890625 0.42265625 0.1828125 0.05625
0 0.06875 0.51484375 0.0890625 0.0328125
0 0.13515625 0.5 0.0234375 0.025
0 0.18828125 0.49453125 0.053125 0.028125
0 0.29765625 0.47890625 0.15625 0.05
0 0.43828125 0.4609375 0.1046875 0.04375
0 0.0734375 0.546875 0.0890625 0.0375
0 0.1453125 0.53828125 0.03125 0.025
0 0.1984375 0.53125 0.06875 0.0328125
0 0.2703125 0.52265625 0.0640625 0.03125
0 0.34140625 0.51640625 0.0859375 0.03125
0 0.41796875 0.50078125 0.0421875 0.0296875
0 0.0671875 0.5859375 0.0828125 0.0375
0 0.1640625 0.58203125 0.1046875 0.05
0 0.27109375 0.56953125 0.1171875 0.046875
0 0.39375 0.54609375 0.1234375 0.046875
0 0.146875 0.61875 0.2140625 0.065625
0 0.0609375 0.70234375 0.040625 0.0296875
0 0.103125 0.6984375 0.0171875 0.0171875
0 0.1796875 0.690625 0.128125 0.0453125
0 0.65 0.634375 0.1125 0.059375
0 0.740625 0.6328125 0.065625 0.0359375
0 0.834375 0.6234375 0.109375 0.040625
0 0.93984375 0.609375 0.0875 0.0421875
0 0.659375 0.68359375 0.046875 0.0265625
0 0.7671875 0.6703125 0.1421875 0.05
0 0.09453125 0.8171875 0.0859375 0.0390625
0 0.21328125 0.79140625 0.1015625 0.0421875
0 0.39765625 0.7984375 0.15 0.0609375
0 0.57890625 0.75546875 0.1265625 0.040625
0 0.6671875 0.74375 0.0390625 0.0265625
0 0.6015625 0.76953125 0.08125 0.0390625
0 0.81015625 0.76328125 0.2265625 0.06875
0 0.69609375 0.84609375 0.16875 0.0625
0 0.8484375 0.8390625 0.1328125 0.046875
0 0.959375 0.82890625 0.08125 0.0453125
0 0.678125 0.89453125 0.0328125 0.021875
0 0.73125 0.8859375 0.0625 0.034375
0 0.79140625 0.8796875 0.053125 0.0328125
0 0.9046875 0.87890625 0.190625 0.0640625
0 0.65625 0.93359375 0.103125 0.046875
0 0.73984375 0.92890625 0.05 0.03125
0 0.8375 0.921875 0.125 0.0515625
0 0.565625 0.2734375 0.0203125 0.0109375
0 0.584375 0.6453125 0.0265625 0.0140625