0 0.046875 0.19765625 0.09375 0.1171875
0 0.18203125 0.14453125 0.1859375 0.1578125
0 0.09765625 0.36875 0.078125 0.090625
0 0.209375 0.34296875 0.121875 0.0953125
0 0.340625 0.2859375 0.128125 0.11875
0 0.48046875 0.25546875 0.146875 0.1390625
0 0.64140625 0.175 0.1984375 0.1515625
0 0.83046875 0.13515625 0.1734375 0.10625
0 0.06796875 0.53984375 0.1359375 0.11875
0 0.1984375 0.45703125 0.1265625 0.1078125
0 0.3546875 0.4421875 0.2078125 0.14375
0 0.55234375 0.3609375 0.1796875 0.13125
0 0.7421875 0.325 0.178125 0.1109375
0 0.88671875 0.27578125 0.0921875 0.0859375
0 0.06484375 0.6703125 0.084375 0.0921875
0 0.2203125 0.5796875 0.2359375 0.14375
0 0.37734375 0.53984375 0.075 0.0953125
0 0.48515625 0.5265625 0.11875 0.0796875
0 0.5828125 0.503125 0.0609375 0.0921875
0 0.65859375 0.484375 0.103125 0.1078125
0 0.75 0.48984375 0.0796875 0.0625
0 0.86640625 0.45078125 0.14375 0.125
0 0.146875 0.79609375 0.2 0.134375
0 0.321875 0.715625 0.153125 0.153125
0 0.428125 0.6703125 0.0671875 0.0859375
0 0.5375 0.6484375 0.1125 0.0875
0 0.63359375 0.621875 0.059375 0.065625
0 0.72109375 0.6015625 0.0796875 0.0953125
0 0.82734375 0.59296875 0.11875 0.1203125
0 0.94375 0.57734375 0.1125 0.1015625
0 0.19296875 0.92734375 0.2296875 0.125
0 0.37890625 0.84375 0.1359375 0.1265625
0 0.54453125 0.78671875 0.2046875 0.171875