0 0.21953125 0.11328125 0.1890625 0.034375
0 0.23984375 0.14453125 0.278125 0.04375
0 0.20625 0.17265625 0.1640625 0.0375
0 0.1828125 0.17890625 0.065625 0.015625
0 0.29296875 0.20859375 0.0265625 0.0125
0 0.36015625 0.20859375 0.0953125 0.01875
0 0.46640625 0.2 0.1640625 0.025
0 0.60078125 0.20546875 0.071875 0.0265625
0 0.6890625 0.2 0.0859375 0.021875
0 0.77734375 0.20078125 0.0640625 0.0265625
0 0.86640625 0.20859375 0.090625 0.034375
0 0.74609375 0.23203125 0.234375 0.0515625
0 0.08828125 0.25546875 0.078125 0.025
0 0.159375 0.25703125 0.04375 0.0203125
0 0.2671875 0.25 0.1453125 0.0328125
0 0.08203125 0.2859375 0.0765625 0.0296875
0 0.1640625 0.2890625 0.065625 0.0265625
0 0.2671875 0.28671875 0.1171875 0.0296875
0 0.375 0.284375 0.071875 0.0328125
0 0.446875 0.2859375 0.05 0.0296875
0 0.503125 0.28671875 0.025 0.021875
0 0.55859375 0.29140625 0.0625 0.028125
0 0.6359375 0.28515625 0.06875 0.0265625
0 0.71484375 0.2828125 0.0546875 0.0265625
0 0.80625 0.28828125 0.1 0.0328125
0 0.89296875 0.2875 0.0671875 0.025
0 0.09375 0.31484375 0.075 0.0296875
0 0.1828125 0.31484375 0.0765625 0.028125
0 0.275 0.31171875 0.1046875 0.03125
0 0.3625 0.31640625 0.0375 0.0265625
0 0.40625 0.3140625 0.0296875 0.0203125
0 0.5015625 0.315625 0.125 0.0421875
0 0.66640625 0.3140625 0.1796875 0.0328125
0 0.8171875 0.3140625 0.109375 0.03125
0 0.90390625 0.315625 0.071875 0.0265625
0 0.1046875 0.34765625 0.1 0.0359375
0 0.1890625 0.34296875 0.03125 0.025
0 0.23828125 0.34140625 0.025 0.021875
0 0.32265625 0.34140625 0.096875 0.028125
0 0.4640625 0.340625 0.15 0.028125
0 0.575 0.3453125 0.0421875 0.021875
0 0.6546875 0.34296875 0.0953125 0.028125
0 0.77578125 0.34453125 0.1265625 0.0375
0 0.1015625 0.3984375 0.071875 0.0265625
0 0.25234375 0.39765625 0.18125 0.0328125
0 0.3921875 0.39765625 0.0609375 0.028125
0 0.490625 0.3953125 0.1015625 0.0265625
0 0.29140625 0.43125 0.1046875 0.03125
0 0.48046875 0.43125 0.228125 0.03125
0 0.1703125 0.4734375 0.0578125 0.015625
0 0.221875 0.47421875 0.0265625 0.0109375
0 0.278125 0.47265625 0.0671875 0.0140625
0 0.33125 0.49140625 0.196875 0.03125
0 0.5328125 0.4890625 0.16875 0.034375
0 0.31171875 0.51796875 0.18125 0.034375
0 0.46640625 0.515625 0.090625 0.028125
0 0.57890625 0.51640625 0.1125 0.0265625
0 0.71171875 0.51484375 0.11875 0.03125
0 0.2703125 0.546875 0.1 0.0296875
0 0.36640625 0.546875 0.04375 0.025
0 0.47734375 0.546875 0.1203125 0.0265625
0 0.59765625 0.5453125 0.08125 0.0265625
0 0.4546875 0.559375 0.0328125 0.015625
0 0.51328125 0.55859375 0.065625 0.015625
0 0.58046875 0.559375 0.0546875 0.0125
0 0.64921875 0.56484375 0.06875 0.0171875
0 0.31875 0.578125 0.184375 0.034375
0 0.46796875 0.57578125 0.0859375 0.025
0 0.5921875 0.5765625 0.1265625 0.03125
0 0.2875 0.60703125 0.1015625 0.028125
0 0.40859375 0.6078125 0.084375 0.028125
0 0.5125 0.6078125 0.09375 0.0296875
0 0.58046875 0.60625 0.0265625 0.0203125
0 0.66171875 0.6046875 0.0984375 0.0234375
0 0.28671875 0.63984375 0.090625 0.0265625
0 0.39921875 0.6375 0.0984375 0.0265625
0 0.51875 0.6359375 0.121875 0.0296875
0 0.07578125 0.740625 0.0203125 0.0140625
0 0.1296875 0.73828125 0.065625 0.015625
0 0.196875 0.740625 0.0515625 0.0140625
0 0.27109375 0.7390625 0.075 0.0140625
0 0.1390625 0.7875 0.1828125 0.0359375
0 0.3828125 0.7859375 0.23125 0.0328125
0 0.5421875 0.78359375 0.071875 0.0234375
0 0.67734375 0.81796875 0.021875 0.015625
0 0.70859375 0.81953125 0.021875 0.0125
0 0.75390625 0.815625 0.0515625 0.0140625
0 0.8234375 0.8140625 0.08125 0.021875
0 0.33671875 0.4625 0.2 0.034375
0 0.50234375 0.459375 0.0890625 0.0265625
0 0.5859375 0.459375 0.040625 0.025
0 0.68359375 0.4578125 0.1265625 0.028125