0 0.2796875 0.0796875 0.1015625 0.0453125
0 0.5359375 0.0703125 0.2015625 0.034375
0 0.15 0.12578125 0.0625 0.0265625
0 0.2890625 0.11796875 0.1546875 0.0375
0 0.41015625 0.1125 0.053125 0.0328125
0 0.14921875 0.17265625 0.0578125 0.0265625
0 0.559375 0.1546875 0.0546875 0.0265625
0 0.64921875 0.15078125 0.075 0.0234375
0 0.73359375 0.12109375 0.0421875 0.0265625
0 0.73515625 0.15078125 0.0515625 0.03125
0 0.16953125 0.2203125 0.0703125 0.028125
0 0.25078125 0.21484375 0.0796875 0.0171875
0 0.12734375 0.48515625 0.0328125 0.0234375
0 0.18828125 0.4796875 0.08125 0.021875
0 0.27890625 0.47734375 0.0875 0.0265625
0 0.35703125 0.471875 0.0546875 0.021875
0 0.50859375 0.47265625 0.2046875 0.0453125
0 0.66640625 0.46484375 0.0890625 0.028125
0 0.79453125 0.4578125 0.125 0.0359375
0 0.19453125 0.53515625 0.165625 0.03125
0 0.34375 0.52578125 0.0625 0.021875
0 0.45546875 0.53203125 0.096875 0.040625
0 0.55234375 0.51875 0.065625 0.0265625
0 0.671875 0.51875 0.1359375 0.0328125
0 0.80234375 0.50625 0.1046875 0.025
0 0.40546875 0.565625 0.0828125 0.0234375
0 0.50625 0.5609375 0.1078125 0.0234375
0 0.19765625 0.61484375 0.1484375 0.0390625
0 0.3640625 0.60703125 0.096875 0.04375
0 0.59609375 0.60546875 0.253125 0.05625
0 0.79140625 0.59296875 0.0796875 0.040625
0 0.23203125 0.6671875 0.20625 0.0390625
0 0.4125 0.65625 0.05625 0.0375
0 0.5453125 0.65625 0.09375 0.03125
0 0.76015625 0.64375 0.2765625 0.0515625
0 0.1765625 0.73203125 0.1140625 0.053125
0 0.31484375 0.71796875 0.0734375 0.0359375
0 0.53671875 0.7171875 0.2640625 0.0578125
0 0.75390625 0.703125 0.0796875 0.0390625
0 0.24609375 0.78203125 0.2234375 0.0453125
0 0.4203125 0.76953125 0.04375 0.03125
0 0.58359375 0.76484375 0.2171875 0.0609375
0 0.7890625 0.753125 0.1484375 0.0390625
0 0.2671875 0.840625 0.2890625 0.06875
0 0.58359375 0.82109375 0.259375 0.0515625
0 0.80234375 0.80703125 0.1 0.0359375
0 0.2484375 0.9015625 0.215625 0.046875
0 0.56953125 0.89296875 0.3234375 0.0515625
0 0.796875 0.88828125 0.0703125 0.034375
0 0.39609375 0.07421875 0.0484375 0.0296875
0 0.77421875 0.1484375 0.046875 0.0328125
0 0.33046875 0.25625 0.0453125 0.0359375
0 0.3953125 0.25234375 0.0671875 0.025
0 0.46953125 0.24765625 0.046875 0.03125
0 0.5125 0.2484375 0.0375 0.0296875