0 0.2015625 0.05234375 0.078125 0.040625
0 0.24375 0.05625 0.01875 0.0296875
0 0.275 0.06015625 0.053125 0.0296875
0 0.3484375 0.06953125 0.0890625 0.040625
0 0.4109375 0.0765625 0.04375 0.0390625
0 0.36015625 0.1484375 0.1921875 0.09375
0 0.5703125 0.253125 0.1328125 0.0453125
0 0.6734375 0.26640625 0.071875 0.0328125
0 0.8296875 0.28359375 0.2453125 0.0609375
0 0.2 0.2296875 0.0703125 0.0328125
0 0.24140625 0.23359375 0.0171875 0.025
0 0.26875 0.23515625 0.046875 0.0265625
0 0.33515625 0.246875 0.0875 0.0359375
0 0.40078125 0.25234375 0.059375 0.0265625
0 0.66328125 0.30078125 0.2140625 0.0546875
0 0.86953125 0.3296875 0.1953125 0.0609375
0 0.221875 0.27578125 0.1453125 0.0515625
0 0.7515625 0.3546875 0.3203125 0.090625
0 0.20390625 0.31796875 0.128125 0.0421875
0 0.33203125 0.33125 0.1046875 0.0421875
0 0.45390625 0.34453125 0.128125 0.0453125
0 0.57109375 0.3609375 0.1140625 0.053125
0 0.69375 0.3703125 0.1359375 0.0546875
0 0.78125 0.3859375 0.046875 0.0328125
0 0.21875 0.3671875 0.1515625 0.0609375
0 0.38046875 0.38359375 0.1578125 0.046875
0 0.484375 0.3984375 0.04375 0.034375
0 0.59765625 0.4171875 0.1546875 0.059375
0 0.775 0.4328125 0.16875 0.0578125
0 0.24375 0.4125 0.1984375 0.0609375
0 0.4296875 0.4421875 0.1453125 0.0671875
0 0.52265625 0.4484375 0.0328125 0.0328125
0 0.63515625 0.46796875 0.1859375 0.0515625
0 0.82578125 0.490625 0.1796875 0.0546875
0 0.16015625 0.446875 0.0578125 0.034375
0 0.2625 0.465625 0.128125 0.046875
0 0.36796875 0.48046875 0.096875 0.0375
0 0.48515625 0.49453125 0.109375 0.0421875
0 0.628125 0.5234375 0.1953125 0.071875
0 0.75234375 0.53125 0.065625 0.0390625
0 0.82109375 0.53984375 0.0515625 0.0359375
0 0.22265625 0.50625 0.1890625 0.065625
0 0.4859375 0.540625 0.2890625 0.0640625
0 0.690625 0.57109375 0.1109375 0.0453125
0 0.8046875 0.58125 0.10625 0.0375
0 0.23828125 0.56015625 0.20625 0.05625
0 0.37890625 0.5796875 0.0640625 0.0296875
0 0.4875 0.59375 0.1234375 0.040625
0 0.63125 0.61328125 0.146875 0.0484375
0 0.82578125 0.63671875 0.215625 0.0625
0 0.18828125 0.603125 0.1171875 0.0484375
0 0.39375 0.6328125 0.271875 0.071875
0 0.56171875 0.653125 0.0609375 0.046875
0 0.65078125 0.66328125 0.103125 0.040625
0 0.76953125 0.678125 0.096875 0.0390625
0 0.209375 0.659375 0.1640625 0.0453125
0 0.3421875 0.67578125 0.0984375 0.04375
0 0.57578125 0.70390625 0.334375 0.08125
0 0.2265625 0.71015625 0.1875 0.0546875
0 0.50234375 0.75 0.3015625 0.071875
0 0.71796875 0.77734375 0.1125 0.0515625
0 0.203125 0.7640625 0.1234375 0.04375
0 0.3375 0.78203125 0.1265625 0.0453125
0 0.47734375 0.80390625 0.15 0.046875
0 0.63515625 0.8234375 0.13125 0.0484375
0 0.2390625 0.8203125 0.2265625 0.0640625
0 0.44140625 0.85390625 0.15625 0.06875
0 0.571875 0.8640625 0.103125 0.040625
0 0.4171875 0.8890625 0.2421875 0.0734375