0 0.39609375 0.053125 0.084375 0.046875
0 0.45859375 0.0671875 0.0375 0.01875
0 0.53046875 0.0546875 0.0875 0.040625
0 0.1109375 0.1390625 0.1125 0.0375
0 0.21953125 0.1421875 0.096875 0.0375
0 0.11796875 0.18359375 0.1234375 0.04375
0 0.2359375 0.18125 0.10625 0.025
0 0.1078125 0.21796875 0.109375 0.0484375
0 0.20625 0.21484375 0.0625 0.0375
0 0.26953125 0.21328125 0.0625 0.034375
0 0.3265625 0.209375 0.0375 0.0390625
0 0.3703125 0.21015625 0.040625 0.0296875
0 0.44765625 0.20546875 0.0953125 0.040625
0 0.09375 0.3171875 0.065625 0.040625
0 0.1734375 0.31875 0.078125 0.034375
0 0.25859375 0.32734375 0.0765625 0.021875
0 0.12109375 0.36328125 0.1203125 0.046875
0 0.23671875 0.36015625 0.1 0.03125
0 0.125 0.40078125 0.121875 0.05
0 0.2484375 0.39921875 0.1046875 0.05
0 0.3640625 0.4 0.109375 0.0453125
0 0.4796875 0.3921875 0.115625 0.034375
0 0.109375 0.49921875 0.1109375 0.05625
0 0.19765625 0.49921875 0.05 0.03125
0 0.26640625 0.50078125 0.065625 0.040625
0 0.0953125 0.534375 0.09375 0.0296875
0 0.16640625 0.53828125 0.03125 0.021875
0 0.29453125 0.53984375 0.0953125 0.0421875
0 0.0953125 0.57109375 0.071875 0.034375
0 0.1765625 0.58046875 0.090625 0.046875
0 0.2921875 0.575 0.134375 0.04375
0 0.425 0.575 0.11875 0.0484375
0 0.52421875 0.5671875 0.065625 0.03125
0 0.6046875 0.56484375 0.084375 0.0328125
0 0.0953125 0.6734375 0.0703125 0.034375
0 0.16875 0.67734375 0.0625 0.03125
0 0.26484375 0.6828125 0.11875 0.04375
0 0.1015625 0.7125 0.075 0.0328125
0 0.18203125 0.71328125 0.06875 0.028125
0 0.2359375 0.71328125 0.040625 0.0265625
0 0.2953125 0.7125 0.06875 0.0375
0 0.09375 0.74765625 0.053125 0.028125
0 0.171875 0.75703125 0.103125 0.040625
0 0.278125 0.75390625 0.1046875 0.0375
0 0.3375 0.75078125 0.00625 0.025
0 0.38125 0.74921875 0.075 0.0296875
0 0.45390625 0.75078125 0.065625 0.0265625
0 0.54765625 0.74453125 0.109375 0.040625
0 0.3390625 0.82734375 0.046875 0.053125
0 0.39375 0.8953125 0.09375 0.05
0 0.5203125 0.896875 0.1421875 0.0421875
0 0.2140625 0.5359375 0.04375 0.025