0 0.37421875 0.0953125 0.16875 0.0484375
0 0.57578125 0.0859375 0.203125 0.065625
0 0.146875 0.2109375 0.1375 0.075
0 0.3390625 0.190625 0.234375 0.084375
0 0.50546875 0.1578125 0.0796875 0.0453125
0 0.60703125 0.1640625 0.103125 0.0625
0 0.7515625 0.1515625 0.1546875 0.0953125
0 0.1265625 0.2546875 0.0953125 0.04375
0 0.26796875 0.2453125 0.15625 0.078125
0 0.3953125 0.21484375 0.0796875 0.04375
0 0.53046875 0.2203125 0.1609375 0.090625
0 0.68203125 0.196875 0.0984375 0.0453125
0 0.1171875 0.29375 0.0796875 0.0453125
0 0.303125 0.28828125 0.2375 0.0671875
0 0.146875 0.40546875 0.0859375 0.065625
0 0.27265625 0.39453125 0.1234375 0.046875
0 0.36171875 0.38984375 0.0328125 0.0359375
0 0.41875 0.38515625 0.06875 0.0390625
0 0.553125 0.38671875 0.1671875 0.0734375
0 0.71796875 0.3625 0.1546875 0.0515625
0 0.15078125 0.44453125 0.0921875 0.028125
0 0.2765625 0.43515625 0.0765625 0.0265625
0 0.36953125 0.43125 0.05625 0.028125
0 0.51875 0.42265625 0.0703125 0.03125
0 0.66640625 0.41484375 0.0546875 0.0296875
0 0.16015625 0.48515625 0.0828125 0.03125
0 0.26875 0.4765625 0.0609375 0.0296875
0 0.3734375 0.47578125 0.0578125 0.0296875
0 0.496875 0.46484375 0.078125 0.0328125
0 0.67265625 0.4703125 0.0171875 0.01875
0 0.11796875 0.59296875 0.0390625 0.03125
0 0.17421875 0.58359375 0.05625 0.0453125
0 0.2609375 0.58671875 0.1078125 0.0625
0 0.3921875 0.5765625 0.1265625 0.053125
0 0.52890625 0.56953125 0.1 0.0421875
0 0.62890625 0.56015625 0.065625 0.040625
0 0.76953125 0.56015625 0.1859375 0.071875
0 0.14609375 0.628125 0.1234375 0.05
0 0.24609375 0.6265625 0.0375 0.0359375
0 0.3515625 0.61875 0.121875 0.04375
0 0.4828125 0.6109375 0.109375 0.040625
0 0.615625 0.60859375 0.115625 0.040625
0 0.7203125 0.609375 0.0640625 0.046875
0 0.1453125 0.6734375 0.10625 0.0453125
0 0.240625 0.6671875 0.071875 0.0359375
0 0.42265625 0.65234375 0.2375 0.05625
0 0.63671875 0.646875 0.1359375 0.0515625
0 0.74140625 0.65 0.053125 0.0515625
0 0.13203125 0.70546875 0.078125 0.05
0 0.290625 0.7 0.196875 0.05625
0 0.140625 0.7484375 0.0953125 0.0296875
0 0.21875 0.740625 0.0421875 0.021875
0 0.27578125 0.73984375 0.0625 0.028125
0 0.53046875 0.71875 0.19375 0.03125
0 0.784375 0.703125 0.0796875 0.025
0 0.1546875 0.815625 0.121875 0.0453125
0 0.228125 0.80625 0.015625 0.0296875
0 0.27578125 0.8046875 0.065625 0.0328125
0 0.38359375 0.79453125 0.1390625 0.0375
0 0.47421875 0.79296875 0.0421875 0.0390625
0 0.63046875 0.7703125 0.23125 0.090625
0 0.1015625 0.87734375 0.0140625 0.0296875
0 0.1796875 0.871875 0.128125 0.0375
0 0.31328125 0.86171875 0.13125 0.0390625
0 0.43515625 0.853125 0.1 0.0359375
0 0.51953125 0.85 0.0640625 0.0375
0 0.19375 0.89609375 0.028125 0.01875
0 0.39453125 0.88046875 0.0265625 0.01875
0 0.59296875 0.865625 0.0203125 0.01875
0 0.7734375 0.8578125 0.015625 0.01875