0 0.34921875 0.00703125 0.0609375 0.0140625
0 0.390625 0.00703125 0.03125 0.0140625
0 0.43046875 0.009375 0.0328125 0.01875
0 0.46171875 0.01171875 0.0265625 0.0234375
0 0.40546875 0.06640625 0.1625 0.0796875
0 0.60390625 0.10234375 0.18125 0.059375
0 0.3859375 0.1390625 0.1609375 0.0859375
0 0.64375 0.18515625 0.2875 0.1140625
0 0.278125 0.20625 0.08125 0.053125
0 0.4296875 0.2234375 0.1734375 0.0546875
0 0.2734375 0.24765625 0.0546875 0.0484375
0 0.26015625 0.321875 0.0828125 0.046875
0 0.359375 0.34609375 0.0875 0.0515625
0 0.415625 0.35078125 0.028125 0.01875
0 0.3765625 0.40859375 0.134375 0.0609375
0 0.503125 0.42421875 0.1109375 0.0578125
0 0.471875 0.3609375 0.075 0.040625
0 0.53984375 0.375 0.0828125 0.04375
0 0.634375 0.415625 0.1015625 0.0515625
0 0.91953125 0.465625 0.0296875 0.0359375
0 0.6234375 0.453125 0.1234375 0.0734375
0 0.2453125 0.45625 0.0828125 0.0359375
0 0.30546875 0.46328125 0.0375 0.0375
0 0.3828125 0.47421875 0.1 0.04375
0 0.334375 0.52890625 0.103125 0.04375
0 0.42890625 0.54765625 0.0875 0.0390625
0 0.33046875 0.56640625 0.0875 0.0421875
0 0.409375 0.5859375 0.071875 0.0265625
0 0.325 0.61015625 0.0859375 0.0359375
0 0.4140625 0.63359375 0.0890625 0.0515625
0 0.309375 0.646875 0.078125 0.0359375
0 0.3921875 0.66875 0.078125 0.0453125
0 0.30703125 0.68984375 0.0859375 0.0375
0 0.39453125 0.71171875 0.078125 0.05
0 0.2828125 0.7328125 0.059375 0.0421875
0 0.3375 0.7421875 0.04375 0.028125
0 0.396875 0.75234375 0.071875 0.0484375
0 0.215625 0.81484375 0.1625 0.059375
0 0.34375 0.8390625 0.0640625 0.0453125
0 0.42421875 0.84453125 0.103125 0.0453125
0 0.3265625 0.25625 0.053125 0.0421875
0 0.428125 0.27578125 0.1625 0.0828125
0 0.728125 0.4640625 0.071875 0.0375
0 0.8421875 0.49453125 0.16875 0.090625