0 0.43828125 0.06484375 0.175 0.04375
0 0.09375 0.15625 0.121875 0.0421875
0 0.1796875 0.146875 0.0203125 0.01875
0 0.2109375 0.14296875 0.015625 0.0140625
0 0.275 0.13203125 0.090625 0.0265625
0 0.3796875 0.115625 0.08125 0.0375
0 0.48125 0.1078125 0.0875 0.0296875
0 0.5546875 0.1015625 0.028125 0.0203125
0 0.609375 0.0984375 0.071875 0.0328125
0 0.68671875 0.09296875 0.0515625 0.03125
0 0.74765625 0.0796875 0.0546875 0.0234375
0 0.8453125 0.07109375 0.1203125 0.034375
0 0.00703125 0.21171875 0.0140625 0.0203125
0 0.05 0.20703125 0.0515625 0.025
0 0.11015625 0.2 0.0484375 0.025
0 0.203125 0.19375 0.125 0.040625
0 0.29921875 0.17421875 0.0203125 0.0171875
0 0.3375 0.1609375 0.0390625 0.03125
0 0.4046875 0.15859375 0.08125 0.0328125
0 0.3359375 0.21328125 0.1015625 0.0328125
0 0.4234375 0.20078125 0.034375 0.0171875
0 0.521875 0.2 0.15 0.0421875
0 0.059375 0.29296875 0.115625 0.03125
0 0.1453125 0.28046875 0.034375 0.021875
0 0.23203125 0.27109375 0.1234375 0.034375
0 0.35859375 0.26015625 0.0953125 0.0359375
0 0.0515625 0.34296875 0.1015625 0.05
0 0.05078125 0.38125 0.1015625 0.046875
0 0.13515625 0.36484375 0.0515625 0.053125
0 0.2265625 0.36015625 0.103125 0.040625
0 0.30859375 0.34609375 0.028125 0.0234375
0 0.3734375 0.34921875 0.0640625 0.046875
0 0.47734375 0.33671875 0.090625 0.0421875
0 0.4171875 0.334375 0.0078125 0.0046875
0 0.5625 0.328125 0.0484375 0.03125
0 0.67109375 0.3109375 0.1296875 0.034375
0 0.0546875 0.43046875 0.0984375 0.05625
0 0.13671875 0.40859375 0.0265625 0.025
0 0.19609375 0.40078125 0.0703125 0.03125
0 0.29296875 0.39765625 0.071875 0.0421875
0 0.35 0.3859375 0.021875 0.0234375
0 0.41875 0.38515625 0.0640625 0.0515625
0 0.528125 0.36796875 0.13125 0.034375
0 0.18203125 0.48984375 0.071875 0.040625
0 0.2609375 0.48984375 0.0375 0.03125
0 0.375 0.47734375 0.15 0.0453125
0 0.4875 0.46484375 0.0296875 0.0171875
0 0.52890625 0.46015625 0.046875 0.0234375
0 0.60859375 0.4546875 0.0921875 0.0484375
0 0.0921875 0.5484375 0.16875 0.046875
0 0.2359375 0.546875 0.078125 0.0625
0 0.33046875 0.52578125 0.0796875 0.0296875
0 0.43984375 0.52109375 0.125 0.05625
0 0.5546875 0.5171875 0.0765625 0.0453125
0 0.6234375 0.49453125 0.034375 0.0328125
0 0.70234375 0.49140625 0.0921875 0.04375
0 0.0453125 0.60078125 0.05 0.0328125
0 0.121875 0.61171875 0.084375 0.065625
0 0.21953125 0.58671875 0.078125 0.046875
0 0.3421875 0.5734375 0.1359375 0.046875
0 0.45546875 0.55703125 0.0515625 0.0265625
0 0.56796875 0.55546875 0.165625 0.0546875
0 0.07734375 0.6421875 0.115625 0.0359375
0 0.23828125 0.62265625 0.1734375 0.0484375
0 0.3515625 0.62265625 0.040625 0.0328125
0 0.446875 0.60703125 0.128125 0.05
0 0.37265625 0.72578125 0.15 0.090625
0 0.07265625 0.76953125 0.090625 0.0328125
0 0.146875 0.76015625 0.059375 0.040625
0 0.2515625 0.77265625 0.10625 0.05625
0 0.36640625 0.75546875 0.0984375 0.046875
0 0.4703125 0.73828125 0.0921875 0.0390625
0 0.56640625 0.7296875 0.0609375 0.0359375
0 0.67734375 0.72734375 0.128125 0.0453125
0 0.78046875 0.715625 0.053125 0.0359375
0 0.8328125 0.703125 0.040625 0.025
0 0.9359375 0.70078125 0.128125 0.0546875
0 0.04296875 0.83046875 0.0328125 0.0375
0 0.0984375 0.81875 0.0625 0.028125
0 0.2171875 0.80859375 0.15625 0.0484375
0 0.35390625 0.8 0.115625 0.040625
0 0.45 0.78359375 0.046875 0.03125
0 0.52734375 0.7765625 0.0921875 0.053125
0 0.6078125 0.77578125 0.021875 0.0234375
0 0.6859375 0.7796875 0.1171875 0.0828125