0 0.13203125 0.14296875 0.0875 0.06875
0 0.2609375 0.121875 0.1375 0.075
0 0.14609375 0.1828125 0.084375 0.0546875
0 0.31875 0.14765625 0.1953125 0.090625
0 0.47578125 0.11328125 0.0546875 0.0484375
0 0.5578125 0.1109375 0.08125 0.046875
0 0.6734375 0.0890625 0.1125 0.0578125
0 0.77109375 0.06953125 0.0453125 0.028125
0 0.1734375 0.22578125 0.1609375 0.065625
0 0.14921875 0.28515625 0.0984375 0.05
0 0.278125 0.24296875 0.08125 0.05
0 0.40390625 0.234375 0.0828125 0.0578125
0 0.546875 0.19375 0.1015625 0.06875
0 0.6765625 0.18828125 0.1140625 0.053125
0 0.82890625 0.15234375 0.1390625 0.0703125
0 0.1859375 0.33671875 0.1953125 0.084375
0 0.471875 0.26640625 0.265625 0.084375
0 0.16484375 0.3984375 0.10625 0.0828125
0 0.33359375 0.3421875 0.121875 0.0578125
0 0.48125 0.3265625 0.1 0.0484375
0 0.6515625 0.2796875 0.1015625 0.046875
0 0.75859375 0.2515625 0.040625 0.040625
0 0.8625 0.2359375 0.10625 0.0671875
0 0.13984375 0.440625 0.0921875 0.0765625
0 0.23984375 0.41875 0.046875 0.0625
0 0.21640625 0.47109375 0.1171875 0.05625
0 0.31484375 0.45703125 0.040625 0.034375
0 0.44375 0.42421875 0.078125 0.05625
0 0.58828125 0.3953125 0.103125 0.0546875
0 0.77578125 0.36640625 0.2328125 0.0984375
0 0.16953125 0.54140625 0.1 0.075
0 0.2703125 0.521875 0.0640625 0.0640625
0 0.440625 0.49921875 0.1890625 0.1
0 0.60078125 0.44765625 0.1046875 0.059375
0 0.77265625 0.41171875 0.1625 0.071875
0 0.04921875 0.61171875 0.08125 0.071875
0 0.2171875 0.58671875 0.15625 0.0921875
0 0.234375 0.6328125 0.1296875 0.065625
0 0.3546875 0.60703125 0.06875 0.0421875
0 0.4546875 0.6 0.09375 0.05625
0 0.57890625 0.56015625 0.1015625 0.05625
0 0.725 0.5296875 0.1515625 0.06875
0 0.9140625 0.51796875 0.171875 0.1140625
0 0.19765625 0.6859375 0.0578125 0.034375
0 0.3546875 0.66171875 0.196875 0.071875
0 0.025 0.16171875 0.04375 0.04375
0 0.03671875 0.20859375 0.040625 0.05
0 0.0640625 0.29375 0.0484375 0.0453125
0 0.0734375 0.40546875 0.04375 0.0421875
0 0.10234375 0.50390625 0.0421875 0.046875
0 0.1125 0.6109375 0.0375 0.0375
0 0.1421875 0.65546875 0.0359375 0.0359375