0 0.21328125 0.22578125 0.19375 0.0671875
0 0.43359375 0.23203125 0.1828125 0.059375
0 0.56953125 0.240625 0.065625 0.0359375
0 0.76328125 0.24921875 0.29375 0.1390625
0 0.2625 0.30234375 0.321875 0.0890625
0 0.47890625 0.303125 0.0859375 0.065625
0 0.70078125 0.3359375 0.3375 0.14375
0 0.1765625 0.37890625 0.1265625 0.0625
0 0.359375 0.375 0.19375 0.0765625
0 0.59921875 0.37265625 0.2609375 0.0953125
0 0.80546875 0.3796875 0.1125 0.08125
0 0.23125 0.45859375 0.2234375 0.0765625
0 0.44765625 0.45859375 0.1359375 0.05625
0 0.6390625 0.45234375 0.1671875 0.06875
0 0.20859375 0.55 0.1703125 0.0796875
0 0.5375 0.5578125 0.4609375 0.13125