0 0.2359375 0.21640625 0.115625 0.275
0 0.3078125 0.30390625 0.153125 0.296875
0 0.42734375 0.23671875 0.1015625 0.15625
0 0.5328125 0.228125 0.1203125 0.159375
0 0.65625 0.234375 0.1109375 0.1546875
0 0.72734375 0.37421875 0.1359375 0.278125
0 0.840625 0.3109375 0.1578125 0.2765625
0 0.15234375 0.56171875 0.13125 0.3234375
0 0.26640625 0.5546875 0.134375 0.2390625
0 0.4375 0.5375 0.2421875 0.1890625
0 0.609375 0.475 0.075 0.1515625
0 0.64765625 0.48828125 0.0515625 0.1140625
0 0.7296875 0.4890625 0.103125 0.1390625
0 0.79921875 0.6015625 0.1125 0.2125
0 0.13046875 0.778125 0.153125 0.2875
0 0.20703125 0.80703125 0.1171875 0.2921875
0 0.3296875 0.815625 0.184375 0.290625
0 0.4703125 0.73671875 0.1234375 0.1609375
0 0.5453125 0.83515625 0.1203125 0.2359375
0 0.66171875 0.7984375 0.1421875 0.2640625
0 0.7484375 0.8359375 0.190625 0.328125