0 0.3015625 0.29140625 0.071875 0.0296875
0 0.36640625 0.3015625 0.0421875 0.0265625
0 0.45859375 0.3203125 0.1328125 0.040625
0 0.5921875 0.3359375 0.1171875 0.0328125
0 0.28359375 0.315625 0.0625 0.0234375
0 0.36171875 0.3328125 0.0390625 0.0265625
0 0.44921875 0.34140625 0.109375 0.0296875
0 0.7421875 0.3859375 0.471875 0.1046875
0 0.1703125 0.31953125 0.0984375 0.034375
0 0.27578125 0.34140625 0.084375 0.028125
0 0.65625 0.428125 0.053125 0.028125
0 0.828125 0.453125 0.0484375 0.028125
0 0.1 0.3640625 0.04375 0.025
0 0.18515625 0.38203125 0.1515625 0.04375
0 0.32890625 0.4078125 0.0859375 0.03125
0 0.6578125 0.4578125 0.1484375 0.0453125
0 0.38125 0.4421875 0.0921875 0.0359375
0 0.4890625 0.46171875 0.109375 0.0453125
0 0.890625 0.5203125 0.1609375 0.046875
0 0.40390625 0.475 0.15 0.0484375
0 0.51171875 0.49609375 0.05 0.0265625
0 0.57734375 0.50546875 0.084375 0.0328125
0 0.68203125 0.525 0.1125 0.0421875
0 0.890625 0.5484375 0.1484375 0.046875
0 0.05390625 0.48203125 0.034375 0.0234375
0 0.14140625 0.49609375 0.1484375 0.04375
0 0.30390625 0.51875 0.1109375 0.0453125
0 0.4109375 0.54453125 0.1140625 0.0453125
0 0.709375 0.58515625 0.134375 0.0484375
0 0.3 0.5515625 0.115625 0.0390625
0 0.38203125 0.565625 0.03125 0.0140625
0 0.4484375 0.5765625 0.078125 0.0328125
0 0.53671875 0.59453125 0.103125 0.040625
0 0.69453125 0.62265625 0.115625 0.0515625
0 0.42421875 0.58984375 0.1984375 0.046875
0 0.3859375 0.5984375 0.0828125 0.03125
0 0.55390625 0.63046875 0.23125 0.065625
0 0.88046875 0.6765625 0.1125 0.0421875
0 0.0203125 0.6109375 0.040625 0.0296875
0 0.12109375 0.625 0.1578125 0.0484375
0 0.25546875 0.678125 0.1171875 0.04375
0 0.3765625 0.7046875 0.1 0.0484375
0 0.65234375 0.7421875 0.125 0.05
0 0.2515625 0.71640625 0.1234375 0.04375
0 0.3421875 0.73203125 0.04375 0.01875
0 0.409375 0.74140625 0.084375 0.0328125
0 0.51328125 0.7609375 0.1015625 0.05
0 0.65625 0.78515625 0.1109375 0.0484375
0 0.32578125 0.76328125 0.0796875 0.0390625
0 0.8671875 0.84296875 0.1484375 0.04375
0 0.20703125 0.27265625 0.0890625 0.034375
0 0.140625 0.259375 0.046875 0.0234375
0 0.13984375 0.2359375 0.0484375 0.0265625
0 0.19375 0.29609375 0.0875 0.03125
0 0.459375 0.3734375 0.284375 0.0703125
0 0.68515625 0.40390625 0.1703125 0.046875
0 0.64296875 0.06875 0.0671875 0.028125
0 0.2703125 0.04921875 0.040625 0.0203125
0 0.303125 0.0578125 0.0203125 0.0109375
0 0.3234375 0.06328125 0.0140625 0.0109375
0 0.3421875 0.0671875 0.0171875 0.0109375
0 0.371875 0.0734375 0.01875 0.0109375
0 0.265625 0.08125 0.0390625 0.0203125
0 0.29609375 0.08828125 0.0203125 0.0140625
0 0.3171875 0.09296875 0.015625 0.0125
0 0.33515625 0.09765625 0.01875 0.0109375
0 0.36328125 0.10234375 0.021875 0.009375
0 0.659375 0.34609375 0.01875 0.0125
0 0.71953125 0.35546875 0.0984375 0.0375
0 0.784375 0.36171875 0.021875 0.0109375
0 0.878125 0.37734375 0.159375 0.046875