0 0.25546875 0.0859375 0.2625 0.1203125
0 0.08828125 0.22421875 0.1765625 0.0984375
0 0.26171875 0.21875 0.1015625 0.0875
0 0.4015625 0.16484375 0.13125 0.075
0 0.55625 0.13359375 0.1578125 0.1265625
0 0.0796875 0.384375 0.140625 0.090625
0 0.23828125 0.34921875 0.140625 0.0875
0 0.34921875 0.3375 0.0546875 0.0609375
0 0.48515625 0.30390625 0.165625 0.084375
0 0.615625 0.2828125 0.0734375 0.0625
0 0.7171875 0.25546875 0.109375 0.0703125
0 0.86640625 0.2234375 0.178125 0.1296875
0 0.121875 0.465625 0.1953125 0.1140625
0 0.09375 0.62421875 0.1015625 0.078125
0 0.19140625 0.6265625 0.0546875 0.0765625
0 0.321875 0.5640625 0.1828125 0.1171875
0 0.453125 0.56328125 0.090625 0.121875
0 0.52890625 0.53203125 0.053125 0.075
0 0.63671875 0.5140625 0.1359375 0.0875
0 0.7875 0.4984375 0.1421875 0.1109375
0 0.90234375 0.48203125 0.1015625 0.08125
0 0.12578125 0.80703125 0.078125 0.0671875
0 0.21328125 0.815625 0.05625 0.071875
0 0.31953125 0.7578125 0.128125 0.0921875
0 0.45078125 0.7390625 0.0984375 0.0703125
0 0.60859375 0.71015625 0.1859375 0.121875
0 0.7375 0.6796875 0.053125 0.06875
0 0.80390625 0.66484375 0.046875 0.0625
0 0.86796875 0.653125 0.0796875 0.0859375
0 0.934375 0.65625 0.059375 0.0640625
0 0.1359375 0.9140625 0.1109375 0.0953125
0 0.31171875 0.8765625 0.2203125 0.115625
0 0.48671875 0.840625 0.115625 0.1359375
0 0.6203125 0.815625 0.11875 0.1234375
0 0.76953125 0.778125 0.1546875 0.1265625
0 0.8859375 0.76484375 0.059375 0.040625
0 0.95625 0.73125 0.0875 0.071875
0 0.17265625 0.97421875 0.0890625 0.0515625
0 0.25 0.98671875 0.028125 0.0265625
0 0.31484375 0.959375 0.0953125 0.08125
0 0.42265625 0.94609375 0.0796875 0.075
0 0.51796875 0.9453125 0.075 0.0734375