0 0.13671875 0.0859375 0.071875 0.0265625
0 0.1828125 0.08515625 0.00625 0.0234375
0 0.215625 0.08515625 0.0421875 0.025
0 0.2875 0.08359375 0.084375 0.0234375
0 0.353125 0.08203125 0.0265625 0.025
0 0.15859375 0.153125 0.0984375 0.0515625
0 0.34375 0.16796875 0.196875 0.0515625
0 0.16796875 0.26328125 0.0609375 0.0234375
0 0.2078125 0.25859375 0.0046875 0.0171875
0 0.23515625 0.25859375 0.0359375 0.01875
0 0.2984375 0.26171875 0.0765625 0.0234375
0 0.36796875 0.25625 0.053125 0.01875
0 0.525 0.25859375 0.228125 0.0546875
0 0.22890625 0.32578125 0.103125 0.04375
0 0.4265625 0.32421875 0.1671875 0.0515625
0 0.640625 0.3296875 0.2421875 0.05625
0 0.159375 0.3796875 0.0765625 0.04375
0 0.34375 0.37734375 0.2734375 0.0609375
0 0.553125 0.3671875 0.0453125 0.046875
0 0.68828125 0.36875 0.1734375 0.059375
0 0.19296875 0.44375 0.1640625 0.046875
0 0.3640625 0.43671875 0.1171875 0.040625
0 0.7390625 0.42265625 0.1328125 0.05
0 0.56015625 0.43671875 0.2109375 0.0640625
0 0.1484375 0.496875 0.05625 0.0578125
0 0.2765625 0.49765625 0.1421875 0.0625
0 0.42421875 0.4953125 0.1828125 0.0578125
0 0.58984375 0.48515625 0.0578125 0.0609375
0 0.75703125 0.4890625 0.21875 0.0578125
0 0.153125 0.6328125 0.05625 0.04375
0 0.44453125 0.62109375 0.1828125 0.0453125
0 0.6203125 0.61484375 0.1015625 0.0484375
0 0.2640625 0.56328125 0.15 0.05625
0 0.65703125 0.55859375 0.225 0.0515625
0 0.5 0.7421875 0.334375 0.075
0 0.73828125 0.753125 0.1203125 0.040625
0 0.278125 0.8296875 0.29375 0.075
0 0.1359375 0.315625 0.0640625 0.046875
0 0.1359375 0.56484375 0.0765625 0.05625
0 0.440625 0.55859375 0.15625 0.0625
0 0.26640625 0.621875 0.1328125 0.0484375
0 0.7625 0.61484375 0.103125 0.046875
0 0.2484375 0.6890625 0.253125 0.0546875
0 0.50859375 0.684375 0.1 0.04375
0 0.71484375 0.6734375 0.2125 0.059375
0 0.153125 0.74296875 0.0609375 0.0578125
0 0.24921875 0.74765625 0.059375 0.046875