0 0.4 0.1 0.1578125 0.0375
0 0.58671875 0.109375 0.184375 0.0515625
0 0.30078125 0.14375 0.1 0.0296875
0 0.4734375 0.15390625 0.071875 0.0234375
0 0.590625 0.15390625 0.0625 0.025
0 0.72578125 0.1609375 0.1125 0.0328125
0 0.14140625 0.2 0.10625 0.04375
0 0.32265625 0.209375 0.05 0.0390625
0 0.49453125 0.2140625 0.1265625 0.040625
0 0.69921875 0.21484375 0.1578125 0.0328125
0 0.1078125 0.24453125 0.065625 0.0265625
0 0.2984375 0.25234375 0.15625 0.034375
0 0.5265625 0.26328125 0.1765625 0.03125
0 0.6953125 0.259375 0.065625 0.01875
0 0.796875 0.26015625 0.0765625 0.0171875
0 0.1921875 0.30703125 0.21875 0.0484375
0 0.47890625 0.309375 0.2046875 0.03125
0 0.70390625 0.303125 0.1078125 0.0234375
0 0.2125 0.35078125 0.25 0.0328125
0 0.46953125 0.35703125 0.0828125 0.021875
0 0.64765625 0.359375 0.1328125 0.028125
0 0.12578125 0.4078125 0.0921875 0.0296875
0 0.290625 0.4125 0.075 0.0203125
0 0.4796875 0.41796875 0.0953125 0.034375
0 0.653125 0.40625 0.090625 0.025
0 0.78359375 0.40078125 0.090625 0.021875
0 0.11484375 0.45625 0.0640625 0.028125
0 0.35078125 0.4671875 0.196875 0.0375
0 0.546875 0.4671875 0.059375 0.021875
0 0.69453125 0.46484375 0.13125 0.021875
0 0.13203125 0.50625 0.103125 0.025
0 0.2796875 0.509375 0.065625 0.0234375
0 0.525 0.515625 0.26875 0.03125
0 0.740625 0.521875 0.0375 0.021875
0 0.09609375 0.55390625 0.0375 0.01875
0 0.20625 0.55625 0.08125 0.028125
0 0.34609375 0.55 0.028125 0.0265625
0 0.4796875 0.56484375 0.1125 0.046875
0 0.69296875 0.5640625 0.1875 0.0265625
0 0.16953125 0.60234375 0.184375 0.034375
0 0.39375 0.60859375 0.1375 0.01875
0 0.53984375 0.60625 0.0125 0.021875
0 0.665625 0.61171875 0.115625 0.021875
0 0.12109375 0.64609375 0.1 0.025
0 0.26875 0.65390625 0.0875 0.03125
0 0.49140625 0.65234375 0.2078125 0.0296875
0 0.6890625 0.65 0.059375 0.0328125
0 0.79296875 0.65390625 0.10625 0.034375
0 0.171875 0.68671875 0.175 0.03125
0 0.4421875 0.690625 0.253125 0.03125
0 0.1328125 0.7203125 0.0953125 0.021875
0 0.2046875 0.7171875 0.040625 0.01875
0 0.2625 0.71953125 0.0609375 0.021875
0 0.51875 0.7171875 0.19375 0.01875
0 0.775 0.715625 0.078125 0.01875
0 0.13515625 0.7921875 0.115625 0.04375
0 0.21171875 0.78359375 0.015625 0.0296875
0 0.26015625 0.7875 0.0625 0.025
0 0.36875 0.7828125 0.1359375 0.028125
0 0.46171875 0.7875 0.04375 0.0375
0 0.5796875 0.78828125 0.1203125 0.040625
0 0.08515625 0.84609375 0.0171875 0.028125
0 0.16328125 0.8453125 0.121875 0.028125
0 0.29609375 0.84609375 0.1296875 0.03125
0 0.415625 0.84609375 0.096875 0.0328125
0 0.50390625 0.846875 0.0625 0.034375
0 0.109375 0.8859375 0.059375 0.028125
0 0.28828125 0.88203125 0.034375 0.034375
0 0.45078125 0.88671875 0.053125 0.0234375
0 0.53125 0.88515625 0.0375 0.0296875
0 0.66875 0.88984375 0.071875 0.0640625