0 0.2546875 0.06953125 0.03125 0.0390625
0 0.4546875 0.15078125 0.4046875 0.2015625
0 0.75859375 0.2703125 0.253125 0.1390625
0 0.39140625 0.1953125 0.1109375 0.0640625
0 0.57734375 0.271875 0.24375 0.134375
0 0.2625 0.2734375 0.1765625 0.14375
0 0.45859375 0.340625 0.2203125 0.134375
0 0.58671875 0.37109375 0.0265625 0.0328125
0 0.7515625 0.41328125 0.296875 0.153125
0 0.31484375 0.365625 0.2875 0.1234375
0 0.51484375 0.4203125 0.115625 0.071875
0 0.6390625 0.46640625 0.134375 0.0984375
0 0.8015625 0.4984375 0.1859375 0.09375
0 0.2125 0.4 0.1125 0.075
0 0.36640625 0.434375 0.1484375 0.0828125
0 0.46796875 0.46328125 0.071875 0.0703125
0 0.61875 0.51875 0.2265625 0.1046875
0 0.81796875 0.575 0.165625 0.103125
0 0.2359375 0.46953125 0.2109375 0.1046875
0 0.45 0.52578125 0.19375 0.0953125
0 0.51484375 0.61015625 0.0546875 0.0578125
0 0.57265625 0.621875 0.0640625 0.0546875
0 0.6828125 0.66015625 0.1828125 0.0859375