0 0.46875 0.14453125 0.2328125 0.0859375
0 0.6859375 0.165625 0.1046875 0.05625
0 0.05859375 0.22578125 0.071875 0.065625
0 0.19921875 0.2328125 0.115625 0.05625
0 0.3234375 0.23984375 0.04375 0.0359375
0 0.4765625 0.25 0.165625 0.0765625
0 0.6453125 0.2484375 0.1328125 0.0609375
0 0.809375 0.26015625 0.1515625 0.1125
0 0.953125 0.275 0.0859375 0.065625
0 0.1328125 0.3296875 0.1578125 0.1140625
0 0.284375 0.3140625 0.021875 0.065625
0 0.4484375 0.32734375 0.19375 0.053125
0 0.4015625 0.48359375 0.153125 0.0578125
0 0.52734375 0.49921875 0.0375 0.034375
0 0.6390625 0.50078125 0.1421875 0.0484375
0 0.759375 0.4984375 0.03125 0.0359375
0 0.8296875 0.50234375 0.0796875 0.0375
0 0.14453125 0.559375 0.0859375 0.08125
0 0.24609375 0.57734375 0.0421875 0.053125
0 0.3578125 0.57734375 0.071875 0.0484375
0 0.1453125 0.63125 0.0734375 0.0640625
0 0.24921875 0.65390625 0.040625 0.0484375
0 0.38203125 0.64609375 0.1328125 0.0765625
0 0.5171875 0.6546875 0.0671875 0.053125
0 0.65625 0.6609375 0.14375 0.0578125
0 0.8546875 0.6625 0.1828125 0.0609375
0 0.20234375 0.72421875 0.165625 0.0640625
0 0.38125 0.746875 0.0953125 0.0609375
0 0.48359375 0.73828125 0.03125 0.04375
0 0.63671875 0.73203125 0.1984375 0.084375