0 0.15546875 0.00703125 0.0296875 0.0140625
0 0.18984375 0.015625 0.0421875 0.03125
0 0.26875 0.0375 0.1125 0.05
0 0.39453125 0.0671875 0.1125 0.046875
0 0.5046875 0.08984375 0.103125 0.05
0 0.62578125 0.1171875 0.1453125 0.059375
0 0.153125 0.034375 0.0296875 0.0234375
0 0.22421875 0.05546875 0.1203125 0.053125
0 0.328125 0.0734375 0.0828125 0.0390625
0 0.403125 0.09453125 0.0640625 0.0375
0 0.15390625 0.0609375 0.025 0.021875
0 0.2203125 0.07421875 0.0875 0.0453125
0 0.2796875 0.08203125 0.021875 0.0203125
0 0.159375 0.08359375 0.028125 0.021875
0 0.2390625 0.1 0.125 0.0703125
0 0.3484375 0.1234375 0.1015625 0.046875
0 0.4625 0.14921875 0.1328125 0.065625
0 0.1328125 0.103125 0.034375 0.028125
0 0.1765625 0.11796875 0.0515625 0.0390625
0 0.21640625 0.12890625 0.034375 0.0296875
0 0.253125 0.1375 0.059375 0.0453125
0 0.33671875 0.15703125 0.1015625 0.046875
0 0.43125 0.17890625 0.084375 0.040625
0 0.52109375 0.2 0.0953125 0.0421875
0 0.57734375 0.20546875 0.03125 0.0296875
0 0.6359375 0.22890625 0.090625 0.0484375
0 0.71328125 0.2484375 0.0640625 0.0390625
0 0.79765625 0.26953125 0.1078125 0.046875
0 0.17890625 0.15078125 0.096875 0.0484375
0 0.27578125 0.17109375 0.0953125 0.0453125
0 0.36953125 0.190625 0.084375 0.05
0 0.4640625 0.221875 0.1109375 0.0609375
0 0.5625 0.240625 0.1 0.0515625
0 0.66015625 0.265625 0.1109375 0.05625
0 0.7796875 0.2984375 0.1453125 0.075
0 0.9140625 0.3328125 0.1328125 0.0609375
0 0.15859375 0.17265625 0.059375 0.034375
0 0.21640625 0.18515625 0.0703125 0.0453125
0 0.26640625 0.2046875 0.0390625 0.0296875
0 0.32734375 0.21484375 0.0734375 0.0328125
0 0.39453125 0.2296875 0.05 0.03125
0 0.453125 0.2421875 0.0734375 0.034375
0 0.51171875 0.25625 0.046875 0.0328125
0 0.5875 0.2765625 0.1015625 0.0484375
0 0.6453125 0.28984375 0.034375 0.028125
0 0.6875 0.3046875 0.0609375 0.040625
0 0.740625 0.31484375 0.0421875 0.0296875
0 0.7921875 0.32421875 0.0734375 0.0421875
0 0.8578125 0.34375 0.053125 0.034375
0 0.90859375 0.359375 0.071875 0.0375
0 0.96953125 0.36796875 0.0609375 0.0390625
0 0.15 0.19296875 0.0640625 0.040625
0 0.20234375 0.20390625 0.0484375 0.0265625
0 0.25078125 0.215625 0.0375 0.028125
0 0.28515625 0.22734375 0.0359375 0.021875
0 0.31953125 0.23203125 0.0375 0.0296875
0 0.37578125 0.246875 0.08125 0.04375
0 0.08984375 0.228125 0.0140625 0.0171875
0 0.14453125 0.23828125 0.053125 0.0390625
0 0.20546875 0.25703125 0.059375 0.040625
0 0.2609375 0.27109375 0.0546875 0.034375
0 0.30625 0.2875 0.040625 0.03125
0 0.3640625 0.2984375 0.0734375 0.0421875
0 0.4671875 0.3234375 0.1390625 0.065625
0 0.56015625 0.33984375 0.059375 0.0375
0 0.62421875 0.35625 0.0671875 0.0390625
0 0.6765625 0.37265625 0.040625 0.025
0 0.74375 0.38828125 0.1140625 0.059375
0 0.8578125 0.41484375 0.121875 0.053125
0 0.05859375 0.2578125 0.0265625 0.0265625
0 0.053125 0.278125 0.025 0.021875
0 0.04765625 0.3078125 0.0296875 0.021875
0 0.03203125 0.34375 0.01875 0.01875
0 0.034375 0.38203125 0.028125 0.025
0 0.02421875 0.4078125 0.0359375 0.0234375
0 0.01484375 0.43046875 0.0296875 0.0265625
0 0.01328125 0.45859375 0.0265625 0.0296875
0 0.14375 0.2796875 0.0796875 0.0421875
0 0.23046875 0.30234375 0.0921875 0.0453125
0 0.30390625 0.31796875 0.0453125 0.034375
0 0.38828125 0.33984375 0.128125 0.0640625
0 0.490625 0.36484375 0.0859375 0.0515625
0 0.5546875 0.37734375 0.040625 0.025
0 0.596875 0.384375 0.0328125 0.034375
0 0.6484375 0.40078125 0.0890625 0.059375
0 0.7125 0.4140625 0.034375 0.0296875
0 0.75390625 0.4265625 0.053125 0.04375
0 0.834375 0.446875 0.1234375 0.065625
0 0.12421875 0.3015625 0.0546875 0.0375
0 0.18828125 0.325 0.0703125 0.0515625
0 0.24140625 0.334375 0.04375 0.03125
0 0.28515625 0.3421875 0.0390625 0.03125
0 0.35 0.35625 0.0984375 0.0578125
0 0.44375 0.37578125 0.0703125 0.0453125
0 0.50859375 0.3875 0.0484375 0.0296875
0 0.56640625 0.40703125 0.06875 0.04375
0 0.62734375 0.41796875 0.05625 0.0390625
0 0.6984375 0.43828125 0.0578125 0.04375
0 0.79453125 0.465625 0.1453125 0.071875
0 0.06875 0.34921875 0.01875 0.021875
0 0.1375 0.36171875 0.0578125 0.0359375
0 0.20625 0.37421875 0.0796875 0.046875
0 0.30546875 0.3984375 0.1 0.05
0 0.37890625 0.41484375 0.028125 0.0265625
0 0.4609375 0.4296875 0.125 0.0640625
0 0.1078125 0.3765625 0.0375 0.0359375
0 0.14453125 0.3890625 0.034375 0.021875
0 0.1921875 0.39609375 0.046875 0.028125
0 0.24609375 0.4078125 0.0734375 0.0359375
0 0.31328125 0.42734375 0.0640625 0.034375
0 0.3703125 0.43828125 0.0578125 0.0359375
0 0.41640625 0.45 0.0421875 0.028125
0 0.4859375 0.465625 0.0921875 0.0453125
0 0.5375 0.47890625 0.025 0.028125
0 0.59453125 0.49609375 0.0765625 0.04375
0 0.665625 0.515625 0.059375 0.034375
0 0.7375 0.53203125 0.0921875 0.05
0 0.81015625 0.5578125 0.059375 0.040625
0 0.86875 0.57265625 0.059375 0.0359375
0 0.128125 0.4078125 0.1265625 0.0578125
0 0.21484375 0.42734375 0.05625 0.034375
0 0.2640625 0.44296875 0.0671875 0.046875
0 0.30625 0.44921875 0.025 0.0203125
0 0.3546875 0.46015625 0.078125 0.040625
0 0.45 0.4828125 0.1171875 0.05625
0 0.5375 0.51015625 0.0765625 0.0453125
0 0.603125 0.52734375 0.0640625 0.034375
0 0.653125 0.53515625 0.0390625 0.0328125
0 0.68828125 0.5484375 0.0265625 0.0265625
0 0.7203125 0.553125 0.0375 0.028125
0 0.778125 0.57109375 0.090625 0.0484375
0 0.86328125 0.59609375 0.0578125 0.0296875
0 0.08984375 0.43046875 0.04375 0.0328125
0 0.13984375 0.43671875 0.0609375 0.0390625
0 0.21171875 0.453125 0.0796875 0.040625
0 0.26953125 0.46796875 0.03125 0.025
0 0.334375 0.48046875 0.103125 0.0515625
0 0.40859375 0.5015625 0.0578125 0.034375
0 0.465625 0.51640625 0.0515625 0.0296875
0 0.54140625 0.53359375 0.1109375 0.05
0 0.0828125 0.4546875 0.0328125 0.028125
0 0.12109375 0.46953125 0.040625 0.0296875
0 0.16953125 0.47734375 0.053125 0.0296875
0 0.20546875 0.48515625 0.034375 0.025
0 0.259375 0.49765625 0.0671875 0.05
0 0.31171875 0.51015625 0.0515625 0.0296875
0 0.36015625 0.5203125 0.0515625 0.0328125
0 0.4421875 0.5375 0.1 0.046875
0 0.5140625 0.55859375 0.0421875 0.03125
0 0.5640625 0.57421875 0.0703125 0.046875
0 0.6125 0.58125 0.0484375 0.0296875
0 0.65 0.596875 0.04375 0.0265625
0 0.703125 0.6078125 0.05625 0.03125
0 0.7671875 0.6265625 0.059375 0.0484375
0 0.83359375 0.64375 0.078125 0.0375
0 0.884375 0.65546875 0.0296875 0.028125
0 0.07578125 0.484375 0.0328125 0.025
0 0.13046875 0.49453125 0.078125 0.04375
0 0.19140625 0.51015625 0.0546875 0.0328125
0 0.23125 0.51640625 0.01875 0.01875
0 0.26953125 0.53203125 0.0625 0.0484375
0 0.34609375 0.54609375 0.0796875 0.040625
0 0.415625 0.5625 0.0390625 0.025
0 0.47265625 0.58046875 0.0515625 0.0296875
0 0.5484375 0.5953125 0.1 0.0453125
0 0.6359375 0.61875 0.053125 0.034375
0 0.68046875 0.63203125 0.0296875 0.025
0 0.7421875 0.6515625 0.0953125 0.046875
0 0.8234375 0.66640625 0.053125 0.034375
0 0.10703125 0.5171875 0.1109375 0.0546875
0 0.21640625 0.53828125 0.071875 0.0375
0 0.26328125 0.55 0.0296875 0.021875
0 0.3078125 0.5609375 0.0609375 0.0296875
0 0.371875 0.57578125 0.05625 0.0359375
0 0.45390625 0.5953125 0.10625 0.0515625
0 0.01875 0.5421875 0.0234375 0.0203125
0 0.07421875 0.5578125 0.0359375 0.0328125
0 0.1078125 0.57109375 0.0453125 0.0375
0 0.26328125 0.60859375 0.234375 0.090625
0 0.4671875 0.65859375 0.13125 0.0609375
0 0.571875 0.68125 0.040625 0.034375
0 0.62734375 0.69609375 0.03125 0.03125
0 0.690625 0.71015625 0.040625 0.0328125
0 0.11484375 0.60546875 0.040625 0.0296875
0 0.184375 0.62578125 0.08125 0.0515625
0 0.25 0.6359375 0.0546875 0.034375
0 0.315625 0.6515625 0.03125 0.03125
0 0.459375 0.68671875 0.0265625 0.0203125
0 0.5046875 0.6953125 0.053125 0.028125
0 0.58515625 0.72109375 0.125 0.0609375
0 0.66953125 0.74140625 0.0359375 0.034375
0 0.71640625 0.75625 0.0578125 0.0359375
0 0.11328125 0.62734375 0.0453125 0.0328125
0 0.17890625 0.64765625 0.075 0.046875
0 0.24921875 0.659375 0.05625 0.03125
0 0.30234375 0.6765625 0.03125 0.0328125
0 0.3671875 0.696875 0.05 0.034375
0 0.00703125 0.6640625 0.0140625 0.025
0 0.05625 0.6828125 0.0671875 0.046875
0 0.13125 0.69921875 0.06875 0.046875
0 0.19375 0.71328125 0.0765625 0.0546875
0 0.2625 0.728125 0.0765625 0.05
0 0.3296875 0.7421875 0.084375 0.059375
0 0.396875 0.75859375 0.0796875 0.0625
0 0.45234375 0.76875 0.05 0.0578125
0 0.50625 0.7796875 0.078125 0.0578125
0 0.5703125 0.8 0.0765625 0.0625
0 0.62734375 0.81328125 0.0609375 0.0578125
0 0.6796875 0.83125 0.0703125 0.0609375
0 0.734375 0.840625 0.059375 0.059375
0 0.8109375 0.8640625 0.1265625 0.078125
0 0.04609375 0.71875 0.0921875 0.065625
0 0.1125 0.7359375 0.0484375 0.03125
0 0.21796875 0.76015625 0.171875 0.078125
0 0.359375 0.79140625 0.1234375 0.05625
0 0.453125 0.8109375 0.0625 0.040625
0 0.5125 0.8375 0.05625 0.040625
0 0.57734375 0.846875 0.0546875 0.03125
0 0.6375 0.8625 0.0671875 0.0390625
0 0.69140625 0.87890625 0.0359375 0.034375
0 0.00625 0.74296875 0.0125 0.0328125
0 0.06875 0.7703125 0.021875 0.0171875
0 0.08515625 0.79453125 0.0359375 0.065625
0 0.11328125 0.7796875 0.0375 0.028125
0 0.2015625 0.796875 0.13125 0.0625
0 0.2890625 0.81953125 0.0484375 0.0328125
0 0.3421875 0.8359375 0.059375 0.03125
0 0.3859375 0.8453125 0.0359375 0.0234375
0 0.43046875 0.86328125 0.0625 0.0484375
0 0.49921875 0.87265625 0.06875 0.0375
0 0.55234375 0.88984375 0.040625 0.025
0 0.590625 0.89609375 0.040625 0.03125
0 0.63671875 0.909375 0.0546875 0.034375
0 0.6875 0.92421875 0.0515625 0.0359375
0 0.1125 0.81484375 0.05 0.034375
0 0.16484375 0.82578125 0.065625 0.0359375
0 0.22265625 0.83359375 0.05 0.034375
0 0.259375 0.84609375 0.0265625 0.03125
0 0.3125 0.8671875 0.0828125 0.0578125
0 0.36875 0.87578125 0.046875 0.028125
0 0.43046875 0.88671875 0.071875 0.0390625
0 0.10234375 0.2390625 0.0046875 0.0046875
0 0.08828125 0.3625 0.00625 0.00625
0 0.05 0.5640625 0.00625 0.00625
0 0.371875 0.6671875 0.04375 0.03125