0 0.34375 0.059375 0.184375 0.0703125
0 0.26328125 0.1875 0.178125 0.0734375
0 0.55625 0.1953125 0.134375 0.071875
0 0.925 0.1453125 0.1265625 0.0625
0 0.490625 0.24453125 0.0765625 0.059375
0 0.41953125 0.1734375 0.0859375 0.05
0 0.3078125 0.25234375 0.1046875 0.028125
0 0.40390625 0.24296875 0.0765625 0.0421875
0 0.8140625 0.14921875 0.0796875 0.0453125
0 0.20390625 0.25234375 0.06875 0.0328125
0 0.72734375 0.16015625 0.05625 0.0359375
0 0.6703125 0.1671875 0.0453125 0.0234375
0 0.2296875 0.39609375 0.128125 0.0578125
0 0.33125 0.4 0.0203125 0.0265625
0 0.42890625 0.40390625 0.1203125 0.059375
0 0.5890625 0.3734375 0.1828125 0.059375
0 0.734375 0.37578125 0.0359375 0.0578125
0 0.8390625 0.365625 0.14375 0.059375
0 0.228125 0.48203125 0.075 0.065625
0 0.31640625 0.46796875 0.0421875 0.028125
0 0.4234375 0.471875 0.1 0.0765625
0 0.5375 0.45234375 0.0953125 0.0421875
0 0.609375 0.45 0.0359375 0.0390625
0 0.7125 0.43984375 0.11875 0.04375
0 0.81875 0.428125 0.071875 0.0453125
0 0.9 0.42109375 0.0546875 0.0328125
0 0.2796875 0.51484375 0.165625 0.0640625
0 0.42265625 0.52421875 0.040625 0.0625
0 0.4796875 0.5296875 0.065625 0.05
0 0.5796875 0.52734375 0.0734375 0.0609375
0 0.6859375 0.49921875 0.08125 0.046875
0 0.275 0.63984375 0.175 0.0703125
0 0.40703125 0.63671875 0.025 0.0265625
0 0.52734375 0.6234375 0.1609375 0.0546875
0 0.65078125 0.6375 0.0625 0.071875
0 0.76484375 0.64453125 0.1125 0.08125
0 0.9140625 0.64375 0.1359375 0.0875
0 0.2703125 0.7296875 0.1546875 0.0703125
0 0.41015625 0.70234375 0.0625 0.046875
0 0.51171875 0.7046875 0.109375 0.0828125
0 0.26640625 0.896875 0.1734375 0.1046875
0 0.42734375 0.8953125 0.08125 0.075
0 0.53359375 0.8625 0.0859375 0.05
0 0.61015625 0.85703125 0.0390625 0.0421875
0 0.68984375 0.85703125 0.0703125 0.059375
0 0.79609375 0.840625 0.1015625 0.0375
0 0.89296875 0.85 0.0515625 0.046875
0 0.95390625 0.85078125 0.0453125 0.0515625
0 0.271875 0.9609375 0.171875 0.078125
0 0.42109375 0.94296875 0.1015625 0.053125
0 0.51953125 0.9375 0.0625 0.040625
0 0.63828125 0.940625 0.1390625 0.0671875
0 0.7578125 0.92109375 0.0796875 0.075
0 0.8453125 0.93125 0.0546875 0.05