0 0.21796875 0.13984375 0.1609375 0.09375
0 0.4375 0.17578125 0.1921875 0.090625
0 0.6453125 0.20390625 0.0953125 0.0671875
0 0.81953125 0.2375 0.165625 0.1
0 0.23984375 0.27578125 0.2296875 0.0921875
0 0.45546875 0.31484375 0.1046875 0.0703125
0 0.7546875 0.35703125 0.3875 0.1421875
0 0.1453125 0.39921875 0.0859375 0.075
0 0.29921875 0.41328125 0.159375 0.0984375
0 0.4765625 0.43671875 0.1265625 0.0734375
0 0.7109375 0.465625 0.2203125 0.0890625
0 0.19609375 0.5328125 0.165625 0.1015625
0 0.39140625 0.55390625 0.1078125 0.0859375
0 0.5453125 0.5609375 0.1140625 0.078125
0 0.73359375 0.5890625 0.121875 0.065625
0 0.1078125 0.86953125 0.0921875 0.06875
0 0.31796875 0.8921875 0.2 0.0796875
0 0.69453125 0.91796875 0.115625 0.0875