0 0.4390625 0.10625 0.1125 0.084375
0 0.17265625 0.31015625 0.159375 0.071875
0 0.80625 0.26640625 0.1078125 0.0765625
0 0.07265625 0.4890625 0.121875 0.0875
0 0.315625 0.47265625 0.096875 0.0765625
0 0.62421875 0.4546875 0.0984375 0.0796875
0 0.90234375 0.421875 0.0921875 0.0765625
0 0.0890625 0.6515625 0.10625 0.0703125
0 0.5109375 0.65 0.0921875 0.06875
0 0.73828125 0.61484375 0.0890625 0.0734375
0 0.19453125 0.81953125 0.1796875 0.0890625
0 0.3546875 0.7984375 0.1015625 0.059375
0 0.47109375 0.7890625 0.1046875 0.0875
0 0.58359375 0.78046875 0.1109375 0.1015625
0 0.6796875 0.76796875 0.05 0.0484375
0 0.78984375 0.76171875 0.140625 0.1
0 0.46875 0.28671875 0.0875 0.071875