0 0.753125 0.1859375 0.0265625 0.0140625
0 0.7578125 0.2125 0.0421875 0.01875
0 0.4515625 0.18203125 0.1125 0.0546875
0 0.17421875 0.246875 0.109375 0.0515625
0 0.18203125 0.2765625 0.1 0.0453125
0 0.1984375 0.33125 0.1703125 0.071875
0 0.15546875 0.39453125 0.103125 0.065625
0 0.46953125 0.31875 0.16875 0.06875
0 0.48984375 0.35234375 0.096875 0.040625
0 0.4671875 0.41640625 0.1671875 0.078125
0 0.484375 0.4640625 0.196875 0.071875
0 0.79921875 0.36640625 0.128125 0.0578125
0 0.79453125 0.396875 0.09375 0.05
0 0.821875 0.45390625 0.1859375 0.075
0 0.80703125 0.52421875 0.1046875 0.0625
0 0.55390625 0.5625 0.0671875 0.059375
0 0.30078125 0.56640625 0.1171875 0.0515625
0 0.4546875 0.59921875 0.075 0.040625
0 0.88046875 0.69296875 0.1171875 0.04375
0 0.359375 0.60234375 0.1015625 0.0453125
0 0.075 0.59765625 0.034375 0.034375
0 0.2765625 0.6390625 0.0734375 0.0359375
0 0.47421875 0.6734375 0.0625 0.040625
0 0.67265625 0.70859375 0.0703125 0.046875
0 0.83671875 0.7484375 0.0640625 0.0484375
0 0.10546875 0.67734375 0.0484375 0.0265625
0 0.2359375 0.7046875 0.05625 0.0359375
0 0.41484375 0.7359375 0.0484375 0.028125