0 0.571875 0.06953125 0.0703125 0.05
0 0.67578125 0.078125 0.0203125 0.025
0 0.74609375 0.08515625 0.0703125 0.05625
0 0.803125 0.08125 0.015625 0.0328125
0 0.1109375 0.1203125 0.0515625 0.040625
0 0.1890625 0.12109375 0.075 0.0421875
0 0.28125 0.13671875 0.08125 0.075
0 0.3890625 0.1671875 0.0453125 0.2203125
0 0.475 0.15546875 0.11875 0.053125
0 0.58203125 0.1703125 0.075 0.0609375
0 0.665625 0.175 0.0171875 0.025
0 0.73828125 0.1859375 0.071875 0.0546875
0 0.79140625 0.17890625 0.021875 0.0328125
0 0.89921875 0.2046875 0.034375 0.1953125
0 0.97578125 0.209375 0.0484375 0.04375
0 0.46875 0.19453125 0.1234375 0.0515625
0 0.97265625 0.25078125 0.0546875 0.0640625
0 0.44453125 0.25 0.0703125 0.0359375
0 0.50234375 0.25546875 0.015625 0.0359375
0 0.55546875 0.25703125 0.0671875 0.046875
0 0.7171875 0.2765625 0.08125 0.0671875
0 0.7765625 0.28046875 0.015625 0.034375
0 0.82578125 0.29296875 0.071875 0.059375
0 0.875 0.2875 0.015625 0.0375
0 0.58125 0.29296875 0.1234375 0.04375
0 0.07578125 0.3234375 0.05 0.0296875
0 0.12890625 0.3328125 0.046875 0.0609375
0 0.18984375 0.33359375 0.0625 0.05625
0 0.26015625 0.3390625 0.0578125 0.053125
0 0.33359375 0.3515625 0.046875 0.040625
0 0.4265625 0.37734375 0.096875 0.06875
0 0.51796875 0.3828125 0.06875 0.040625
0 0.58828125 0.39140625 0.034375 0.053125
0 0.6359375 0.39296875 0.04375 0.040625
0 0.69765625 0.4015625 0.0578125 0.0578125
0 0.8640625 0.42734375 0.034375 0.0359375
0 0.92890625 0.42734375 0.06875 0.034375
0 0.0828125 0.44453125 0.046875 0.0546875
0 0.13828125 0.43984375 0.0265625 0.0421875
0 0.19375 0.453125 0.0609375 0.05
0 0.3046875 0.4625 0.0515625 0.040625
0 0.35390625 0.4640625 0.0328125 0.0484375
0 0.409375 0.47265625 0.059375 0.04375
0 0.0703125 0.56640625 0.0515625 0.0484375
0 0.14609375 0.56015625 0.0625 0.0421875
0 0.2640625 0.565625 0.1203125 0.0484375
0 0.34609375 0.575 0.01875 0.059375
0 0.44609375 0.5921875 0.128125 0.0640625
0 0.11953125 0.75 0.0671875 0.0359375
0 0.2 0.76328125 0.0640625 0.0546875
0 0.27265625 0.76953125 0.0375 0.059375
0 0.37265625 0.73671875 0.125 0.0484375
0 0.50546875 0.75078125 0.1015625 0.0546875
0 0.3421875 0.80234375 0.0765625 0.04375
0 0.44296875 0.81015625 0.1171875 0.040625
0 0.571875 0.828125 0.0828125 0.0578125
0 0.46875 0.06484375 0.0765625 0.03125
0 0.928125 0.20390625 0.03125 0.0453125