0 0.5984375 0.11328125 0.1734375 0.0546875
0 0.278125 0.0875 0.0578125 0.034375
0 0.265625 0.12265625 0.0484375 0.028125
0 0.59765625 0.1890625 0.0515625 0.0296875
0 0.6984375 0.21484375 0.115625 0.04375
0 0.271875 0.15859375 0.0625 0.03125
0 0.33828125 0.17421875 0.0671875 0.0234375
0 0.44453125 0.234375 0.0609375 0.0265625
0 0.57890625 0.26640625 0.0484375 0.03125
0 0.6 0.303125 0.15625 0.0546875
0 0.68046875 0.41875 0.1375 0.0515625
0 0.815625 0.41171875 0.09375 0.05
0 0.80078125 0.43046875 0.028125 0.0203125
0 0.7921875 0.44453125 0.06875 0.0265625
0 0.75390625 0.41484375 0.0265625 0.0203125
0 0.17109375 0.3546875 0.0328125 0.025
0 0.22421875 0.3640625 0.075 0.034375
0 0.3 0.38203125 0.08125 0.0375
0 0.3671875 0.39453125 0.053125 0.025
0 0.49921875 0.43515625 0.159375 0.0640625
0 0.69140625 0.475 0.1390625 0.059375
0 0.37734375 0.45234375 0.178125 0.0671875
0 0.68359375 0.51015625 0.1203125 0.05
0 0.47421875 0.5 0.096875 0.0359375
0 0.1875 0.4796875 0.1375 0.06875
0 0.35859375 0.51875 0.1328125 0.053125
0 0.509375 0.553125 0.10625 0.0484375
0 0.64140625 0.57734375 0.1296875 0.0578125
0 0.12109375 0.51953125 0.0671875 0.0421875
0 0.53046875 0.5984375 0.096875 0.053125
0 0.6265625 0.62265625 0.0453125 0.0390625
0 0.696875 0.63828125 0.0734375 0.0546875
0 0.2046875 0.596875 0.26875 0.09375
0 0.49140625 0.65546875 0.053125 0.04375
0 0.58828125 0.67421875 0.1296875 0.0578125
0 0.69453125 0.70390625 0.05625 0.040625
0 0.1296875 0.640625 0.1859375 0.0921875
0 0.30859375 0.67265625 0.134375 0.0640625
0 0.41328125 0.69921875 0.040625 0.0359375
0 0.5328125 0.7171875 0.1484375 0.0609375
0 0.6796875 0.74609375 0.1109375 0.065625
0 0.42109375 0.72734375 0.071875 0.034375
0 0.3140625 0.73203125 0.1625 0.0765625
0 0.515625 0.7703125 0.1828125 0.0703125
0 0.6828125 0.80078125 0.1109375 0.0484375
0 0.1375 0.75 0.25625 0.0859375
0 0.38671875 0.7890625 0.203125 0.0765625
0 0.575 0.8234375 0.1671875 0.0703125
0 0.05625 0.76796875 0.1125 0.0546875
0 0.23984375 0.803125 0.2296875 0.0765625
0 0.56875 0.8703125 0.359375 0.1265625
0 0.071875 0.79765625 0.0828125 0.0390625
0 0.38203125 0.1109375 0.1078125 0.0421875
0 0.3640625 0.146875 0.09375 0.0515625
0 0.1921875 0.4171875 0.040625 0.0484375
0 0.5390625 0.48203125 0.0578125 0.03125
0 0.3859375 0.48203125 0.0765625 0.03125
0 0.31484375 0.56328125 0.2734375 0.103125
0 0.41015625 0.64375 0.1015625 0.0546875
0 0.11484375 0.69609375 0.1890625 0.078125
0 0.40546875 0.75234375 0.025 0.0171875
0 0.38828125 0.075 0.084375 0.046875
0 0.484375 0.09296875 0.0421875 0.028125