0 0.21953125 0.02578125 0.121875 0.0453125
0 0.21328125 0.06796875 0.1875 0.03125
0 0.47421875 0.0734375 0.2671875 0.034375
0 0.71796875 0.06875 0.0765625 0.034375
0 0.25 0.1140625 0.24375 0.0390625
0 0.28515625 0.1609375 0.265625 0.040625
0 0.65390625 0.15859375 0.3125 0.0453125
0 0.2125 0.2125 0.2125 0.0375
0 0.3921875 0.2046875 0.0828125 0.034375
0 0.45859375 0.21328125 0.009375 0.00625
0 0.2859375 0.26875 0.296875 0.0390625
0 0.51640625 0.26953125 0.08125 0.0375
0 0.1546875 0.33046875 0.1125 0.0421875
0 0.23984375 0.3234375 0.009375 0.01875
0 0.446875 0.325 0.325 0.03125
0 0.684375 0.3265625 0.046875 0.0203125
0 0.784375 0.32734375 0.1140625 0.0359375
0 0.1625 0.39609375 0.153125 0.04375
0 0.29609375 0.3890625 0.040625 0.034375
0 0.51015625 0.38984375 0.25625 0.03125
0 0.66640625 0.39609375 0.00625 0.0125
0 0.759375 0.390625 0.13125 0.025
0 0.89296875 0.39765625 0.090625 0.03125
0 0.13515625 0.459375 0.103125 0.0375
0 0.215625 0.46171875 0.0109375 0.01875
0 0.1484375 0.51875 0.1375 0.0328125
0 0.315625 0.51484375 0.13125 0.028125
0 0.40546875 0.51796875 0.0109375 0.01875
0 0.5828125 0.51015625 0.2625 0.03125
0 0.84609375 0.51328125 0.2125 0.0421875
0 0.20859375 0.5609375 0.24375 0.0328125
0 0.4953125 0.56484375 0.265625 0.0390625
0 0.1984375 0.61171875 0.221875 0.03125
0 0.47578125 0.61171875 0.25 0.034375
0 0.13359375 0.6640625 0.11875 0.0390625
0 0.30625 0.6609375 0.134375 0.01875
0 0.4015625 0.66015625 0.0078125 0.015625
0 0.2453125 0.70703125 0.2328125 0.03125
0 0.43359375 0.70625 0.0453125 0.01875
0 0.534375 0.70859375 0.1078125 0.03125
0 0.24453125 0.74609375 0.225 0.025
0 0.5390625 0.74921875 0.253125 0.040625
0 0.24921875 0.7828125 0.2375 0.028125
0 0.54140625 0.78828125 0.2546875 0.0390625
0 0.1390625 0.82265625 0.1375 0.0234375
0 0.23984375 0.82109375 0.009375 0.0125
0 0.24921875 0.8625 0.234375 0.025
0 0.46796875 0.85859375 0.065625 0.0265625
0 0.18828125 0.90234375 0.2203125 0.03125
0 0.2296875 0.94140625 0.2171875 0.0203125
0 0.49921875 0.93671875 0.228125 0.0375
0 0.21796875 0.97421875 0.2046875 0.021875
0 0.4875 0.975 0.225 0.04375