0 0.02421875 0.409375 0.0484375 0.153125
0 0.09140625 0.1734375 0.0484375 0.109375
0 0.22890625 0.8546875 0.1484375 0.290625
0 0.15 0.7375 0.034375 0.078125
0 0.165625 0.8203125 0.0390625 0.0828125
0 0.17734375 0.8765625 0.0203125 0.025
0 0.19375 0.94453125 0.053125 0.1109375
0 0.1546875 0.8390625 0.0359375 0.0796875
0 0.1671875 0.90078125 0.025 0.0390625
0 0.18828125 0.96171875 0.0609375 0.0765625
0 0.12578125 0.775 0.0359375 0.06875
0 0.13828125 0.8328125 0.0328125 0.0625
0 0.1484375 0.8828125 0.025 0.0375
0 0.1546875 0.91875 0.025 0.0421875
0 0.1671875 0.96953125 0.0375 0.0609375
0 0.109375 0.77421875 0.03125 0.059375
0 0.121875 0.8359375 0.0296875 0.0609375
0 0.13359375 0.884375 0.0296875 0.0390625
0 0.13984375 0.92421875 0.028125 0.0390625
0 0.15234375 0.9703125 0.0453125 0.059375
0 0.11796875 0.86796875 0.1078125 0.2640625
0 0.10234375 0.87109375 0.1046875 0.2578125
0 0.21953125 0.12578125 0.25625 0.1890625
0 0.3625 0.1 0.134375 0.1765625
0 0.44140625 0.05078125 0.0890625 0.1015625
0 0.5625 0.03359375 0.075 0.0671875
0 0.653125 0.0234375 0.1125 0.046875
0 0.22421875 0.25234375 0.225 0.18125
0 0.371875 0.18515625 0.1421875 0.14375
0 0.4640625 0.1640625 0.084375 0.1203125
0 0.55859375 0.1390625 0.1078125 0.1171875
0 0.65 0.11953125 0.1046875 0.1046875
0 0.75703125 0.1109375 0.140625 0.1921875
0 0.1890625 0.4421875 0.1359375 0.184375
0 0.26875 0.34765625 0.078125 0.1328125
0 0.46796875 0.29296875 0.2828125 0.1765625
0 0.69140625 0.23125 0.1640625 0.146875
0 0.0984375 0.5625 0.196875 0.159375
0 0.228125 0.540625 0.04375 0.046875
0 0.32421875 0.48828125 0.1515625 0.1296875
0 0.47265625 0.43515625 0.178125 0.15625
0 0.59140625 0.43515625 0.0625 0.0640625
0 0.65859375 0.41484375 0.053125 0.0578125
0 0.77265625 0.3609375 0.2140625 0.1640625
0 0.20390625 0.69765625 0.1390625 0.175
0 0.309375 0.6234375 0.1453125 0.1453125
0 0.4625 0.5734375 0.115625 0.115625
0 0.590625 0.55625 0.1546875 0.2015625
0 0.73515625 0.4921875 0.2 0.15
0 0.86796875 0.45859375 0.0859375 0.121875
0 0.96015625 0.4484375 0.0796875 0.065625
0 0.33359375 0.7625 0.171875 0.184375
0 0.46875 0.71875 0.121875 0.090625
0 0.64296875 0.6890625 0.209375 0.178125
0 0.803125 0.58515625 0.1125 0.1203125
0 0.93203125 0.54765625 0.1359375 0.1421875
0 0.3421875 0.85625 0.1484375 0.128125
0 0.4875 0.85234375 0.1265625 0.1421875
0 0.5984375 0.80625 0.196875 0.221875
0 0.73984375 0.7265625 0.1453125 0.1265625
0 0.8296875 0.68984375 0.078125 0.125
0 0.92109375 0.70234375 0.103125 0.1515625
0 0.328125 0.9484375 0.134375 0.103125
0 0.421875 0.940625 0.140625 0.11875
0 0.52421875 0.94296875 0.1015625 0.1015625
0 0.67890625 0.87265625 0.2203125 0.171875
0 0.7921875 0.82734375 0.0546875 0.0671875
0 0.86171875 0.8328125 0.1234375 0.10625
0 0.959375 0.8015625 0.08125 0.103125
0 0.4484375 0.965625 0.240625 0.06875
0 0.65625 0.9453125 0.103125 0.078125
0 0.74375 0.89296875 0.1078125 0.115625
0 0.8625 0.8703125 0.1671875 0.134375
0 0.9640625 0.83984375 0.071875 0.0890625
0 0.83671875 0.01171875 0.0453125 0.0234375
0 0.86640625 0.07265625 0.046875 0.1
0 0.89140625 0.1515625 0.03125 0.053125
0 0.9078125 0.21953125 0.040625 0.08125
0 0.9421875 0.33359375 0.0578125 0.14375
0 0.8078125 0.06015625 0.071875 0.1203125
0 0.8421875 0.13828125 0.0296875 0.04375
0 0.86328125 0.20703125 0.040625 0.090625
0 0.8921875 0.3078125 0.05 0.109375
0 0.83671875 0.22421875 0.1703125 0.4484375
0 0.98984375 0.68203125 0.0203125 0.1296875
0 0.99140625 0.68203125 0.0171875 0.0515625
0 0.96875 0.63515625 0.0296875 0.075
0 0.984375 0.68671875 0.01875 0.034375
0 0.99296875 0.7390625 0.0140625 0.075
0 0.1140625 0.278125 0.046875 0.1078125
0 0.134375 0.74140625 0.046875 0.11875