0 0.31328125 0.1109375 0.16875 0.0609375
0 0.503125 0.08203125 0.196875 0.075
0 0.3078125 0.165625 0.1890625 0.059375
0 0.55703125 0.11875 0.23125 0.075
0 0.74296875 0.07734375 0.0921875 0.0484375
0 0.1328125 0.2546875 0.175 0.065625
0 0.3984375 0.196875 0.26875 0.075
0 0.6953125 0.14921875 0.21875 0.0828125
0 0.190625 0.29765625 0.265625 0.0890625
0 0.42109375 0.24296875 0.1515625 0.053125
0 0.55234375 0.209375 0.08125 0.040625
0 0.68125 0.18515625 0.128125 0.05
0 0.22265625 0.3296875 0.3140625 0.096875
0 0.50546875 0.265625 0.1890625 0.0671875
0 0.66484375 0.22890625 0.09375 0.04375
0 0.2484375 0.36953125 0.35 0.115625
0 0.46796875 0.31328125 0.053125 0.0265625
0 0.678125 0.26171875 0.334375 0.1
0 0.10703125 0.43125 0.0734375 0.034375
0 0.25234375 0.39765625 0.1484375 0.0578125
0 0.4140625 0.35390625 0.0765625 0.04375
0 0.62578125 0.32578125 0.296875 0.10625
0 0.09765625 0.47265625 0.08125 0.040625
0 0.25 0.45234375 0.128125 0.059375
0 0.3859375 0.41484375 0.10625 0.0484375
0 0.44375 0.40390625 0.01875 0.0359375
0 0.50234375 0.3921875 0.0875 0.0390625
0 0.61640625 0.3703125 0.084375 0.0453125
0 0.73515625 0.33125 0.1609375 0.0796875
0 0.10625 0.5171875 0.0578125 0.0359375
0 0.25078125 0.49296875 0.134375 0.05625
0 0.403125 0.46015625 0.1203125 0.059375
0 0.615625 0.425 0.2703125 0.1
0 0.1734375 0.5546875 0.196875 0.0609375
0 0.39296875 0.51640625 0.128125 0.065625
0 0.565625 0.4765625 0.18125 0.0671875
0 0.69921875 0.4421875 0.0734375 0.0328125
0 0.796875 0.421875 0.1171875 0.053125
0 0.1890625 0.5890625 0.2234375 0.078125
0 0.35078125 0.5546875 0.075 0.034375
0 0.4953125 0.53125 0.1359375 0.059375
0 0.6953125 0.48515625 0.2109375 0.0765625
0 0.1078125 0.6515625 0.05625 0.0421875
0 0.26015625 0.62109375 0.1296875 0.046875
0 0.42578125 0.59453125 0.1390625 0.053125
0 0.64765625 0.54375 0.2453125 0.0765625
0 0.14375 0.6859375 0.128125 0.0484375
0 0.34296875 0.653125 0.1984375 0.0625
0 0.58203125 0.6046875 0.24375 0.06875
0 0.79609375 0.56484375 0.1515625 0.0546875
0 0.15390625 0.734375 0.125 0.0578125
0 0.284375 0.70234375 0.0625 0.028125
0 0.5 0.659375 0.315625 0.08125
0 0.153125 0.7890625 0.1 0.040625
0 0.2265625 0.77265625 0.04375 0.0265625
0 0.2859375 0.76484375 0.0703125 0.0328125
0 0.54765625 0.71328125 0.2046875 0.05625
0 0.8109375 0.6671875 0.0828125 0.0328125
0 0.1703125 0.85625 0.11875 0.059375
0 0.246875 0.83984375 0.01875 0.03125
0 0.2953125 0.83671875 0.065625 0.0390625
0 0.40390625 0.81015625 0.1421875 0.0515625
0 0.50078125 0.79921875 0.0453125 0.0421875
0 0.71328125 0.75234375 0.325 0.1015625
0 0.71328125 0.809375 0.1984375 0.0796875
0 0.12890625 0.925 0.01875 0.0296875
0 0.2078125 0.9125 0.128125 0.05
0 0.34140625 0.8890625 0.134375 0.053125
0 0.4640625 0.86875 0.10625 0.0515625
0 0.55625 0.853125 0.0703125 0.04375
0 0.81171875 0.8015625 0.1703125 0.0765625
0 0.18203125 0.97109375 0.0796875 0.046875
0 0.24140625 0.9640625 0.025 0.0265625
0 0.353125 0.9453125 0.0828125 0.0390625
0 0.51875 0.915625 0.0703125 0.0546875
0 0.6640625 0.88671875 0.08125 0.053125
0 0.72421875 0.875 0.0328125 0.0234375
0 0.79609375 0.85546875 0.05625 0.0375
0 0.9265625 0.8296875 0.1015625 0.059375
0 0.91796875 0.85703125 0.0921875 0.053125
0 0.7328125 0.61640625 0.09375 0.05
0 0.83515625 0.50546875 0.1203125 0.0453125