0 0.140625 0.2109375 0.1296875 0.0390625
0 0.2953125 0.1921875 0.1265625 0.0375
0 0.125 0.26796875 0.00625 0.00625
0 0.2140625 0.2546875 0.0640625 0.0234375
0 0.3265625 0.24296875 0.0890625 0.021875
0 0.4078125 0.23125 0.0546875 0.0203125
0 0.47421875 0.2234375 0.0421875 0.01875
0 0.53125 0.215625 0.05625 0.021875
0 0.625 0.20390625 0.109375 0.034375
0 0.34375 0.26328125 0.1171875 0.0296875
0 0.4484375 0.25546875 0.0484375 0.0234375
0 0.52109375 0.24296875 0.0671875 0.0171875
0 0.59296875 0.23515625 0.05625 0.0171875
0 0.22578125 0.29921875 0.0734375 0.0234375
0 0.32578125 0.2921875 0.0546875 0.0203125
0 0.359375 0.290625 0.015625 0.003125
0 0.39453125 0.28359375 0.0484375 0.015625
0 0.4234375 0.284375 0.009375 0.003125
0 0.47890625 0.2765625 0.0765625 0.0296875
0 0.20546875 0.33671875 0.0421875 0.0171875
0 0.2765625 0.32734375 0.0671875 0.0234375
0 0.3890625 0.3140625 0.0984375 0.03125
0 0.5015625 0.3015625 0.0859375 0.028125
0 0.5921875 0.29140625 0.0671875 0.0265625
0 0.67421875 0.2828125 0.0515625 0.0265625
0 0.77265625 0.26875 0.1015625 0.025
0 0.87265625 0.25625 0.0703125 0.0234375
0 0.18203125 0.37734375 0.0453125 0.0171875
0 0.30390625 0.3640625 0.1328125 0.034375
0 0.42578125 0.35078125 0.1015625 0.028125
0 0.5546875 0.3375 0.1171875 0.0390625
0 0.671875 0.3171875 0.0453125 0.015625
0 0.1140625 0.4296875 0.0140625 0.0109375
0 0.19765625 0.4203125 0.0578125 0.025
0 0.31015625 0.40703125 0.1234375 0.0359375
0 0.43046875 0.39609375 0.0671875 0.0265625
0 0.521875 0.384375 0.0453125 0.0265625
0 0.54921875 0.3859375 0.0140625 0.0046875
0 0.61640625 0.3734375 0.084375 0.025
0 0.6671875 0.371875 0.0125 0.0046875
0 0.7234375 0.359375 0.0921875 0.028125
0 0.24375 0.446875 0.05 0.028125
0 0.31953125 0.4375 0.0703125 0.025
0 0.39453125 0.43125 0.0640625 0.0203125
0 0.4640625 0.42421875 0.065625 0.0203125
0 0.534375 0.41796875 0.0640625 0.0203125
0 0.61796875 0.4046875 0.084375 0.03125
0 0.21171875 0.484375 0.08125 0.03125
0 0.31484375 0.47578125 0.0828125 0.021875
0 0.3921875 0.46484375 0.0234375 0.0125
0 0.43515625 0.46015625 0.034375 0.015625
0 0.48515625 0.45546875 0.0578125 0.01875
0 0.56015625 0.44921875 0.0421875 0.021875
0 0.5984375 0.44140625 0.028125 0.0140625
0 0.66875 0.434375 0.0828125 0.025
0 0.74921875 0.42265625 0.0421875 0.01875
0 0.8234375 0.415625 0.0890625 0.0234375
0 0.9421875 0.40234375 0.1015625 0.0265625
0 0.3453125 0.45859375 0.0296875 0.0203125
0 0.571875 0.4671875 0.0265625 0.0140625
0 0.6203125 0.46015625 0.0484375 0.01875
0 0.71015625 0.45546875 0.0890625 0.025
0 0.1125 0.55859375 0.0125 0.0125
0 0.259375 0.54453125 0.1078125 0.0359375
0 0.3671875 0.53046875 0.0609375 0.025
0 0.47890625 0.52109375 0.065625 0.028125
0 0.5640625 0.50625 0.0578125 0.021875
0 0.6234375 0.50234375 0.0328125 0.0171875
0 0.71171875 0.49296875 0.0578125 0.0296875
0 0.74375 0.49296875 0.009375 0.003125
0 0.8109375 0.47890625 0.1015625 0.0296875
0 0.1859375 0.61015625 0.0328125 0.01875
0 0.26328125 0.59921875 0.0609375 0.0171875
0 0.33671875 0.58984375 0.0703125 0.021875
0 0.43359375 0.58359375 0.0734375 0.0296875
0 0.51484375 0.57421875 0.084375 0.0296875
0 0.60078125 0.56484375 0.0640625 0.0265625
0 0.65390625 0.559375 0.025 0.021875
0 0.7296875 0.55546875 0.046875 0.015625
0 0.7609375 0.553125 0.0109375 0.003125
0 0.78359375 0.55078125 0.025 0.01875
0 0.79765625 0.55078125 0.009375 0.003125
0 0.83671875 0.5484375 0.05625 0.01875
0 0.0796875 0.67578125 0.040625 0.0203125
0 0.13203125 0.66875 0.04375 0.01875
0 0.1296875 0.6921875 0.065625 0.034375
0 0.253125 0.67265625 0.1109375 0.025
0 0.32734375 0.66875 0.028125 0.0109375
0 0.390625 0.66171875 0.075 0.0203125
0 0.45859375 0.65625 0.028125 0.0109375
0 0.5171875 0.65234375 0.071875 0.0265625
0 0.578125 0.64609375 0.025 0.009375
0 0.6703125 0.634375 0.1375 0.028125
0 0.76796875 0.62734375 0.034375 0.0109375
0 0.81796875 0.621875 0.0515625 0.01875
0 0.91953125 0.6140625 0.121875 0.028125
0 0.21875 0.703125 0.028125 0.009375
0 0.2921875 0.69453125 0.0796875 0.0203125
0 0.34921875 0.6875 0.021875 0.0078125
0 0.40390625 0.684375 0.0515625 0.0171875
0 0.44765625 0.68046875 0.021875 0.0078125
0 0.51484375 0.675 0.0984375 0.021875
0 0.584375 0.66875 0.0265625 0.015625
0 0.61640625 0.6671875 0.021875 0.009375
0 0.675 0.66328125 0.0734375 0.0265625
0 0.7515625 0.65703125 0.04375 0.028125
0 0.1125 0.7421875 0.04375 0.0140625
0 0.15703125 0.73984375 0.0359375 0.01875
0 0.2390625 0.73125 0.0203125 0.0109375
0 0.30859375 0.721875 0.0421875 0.01875
0 0.378125 0.71484375 0.05625 0.025
0 0.434375 0.70859375 0.0359375 0.0171875
0 0.45546875 0.70859375 0.009375 0.003125
0 0.4921875 0.70078125 0.0609375 0.0171875
0 0.0984375 0.77109375 0.0640625 0.021875
0 0.15234375 0.76328125 0.0203125 0.0109375
0 0.19609375 0.7578125 0.0546875 0.015625
0 0.26953125 0.75078125 0.021875 0.0109375
0 0.3453125 0.7421875 0.046875 0.0125
0 0.41328125 0.734375 0.0375 0.0125
0 0.47109375 0.72578125 0.0484375 0.015625
0 0.690625 0.69140625 0.1046875 0.028125
0 0.76875 0.684375 0.028125 0.01875
0 0.87578125 0.67421875 0.15625 0.0359375
0 0.609375 0.7265625 0.028125 0.01875
0 0.68125 0.71953125 0.0671875 0.0203125
0 0.77109375 0.71328125 0.0765625 0.021875
0 0.83046875 0.70859375 0.0171875 0.0109375
0 0.84609375 0.70703125 0.015625 0.0078125
0 0.88828125 0.703125 0.0265625 0.0125
0 0.96015625 0.69609375 0.0796875 0.0296875
0 0.971875 0.7046875 0.0484375 0.021875
0 0.6234375 0.7515625 0.0515625 0.01875
0 0.671875 0.75 0.0296875 0.0125
0 0.72578125 0.74453125 0.0609375 0.028125