0 0.41328125 0.1171875 0.15 0.04375
0 0.5875 0.134375 0.1765625 0.0546875
0 0.33046875 0.1609375 0.125 0.0421875
0 0.496875 0.19375 0.1453125 0.0578125
0 0.65546875 0.20703125 0.096875 0.034375
0 0.7671875 0.2203125 0.0609375 0.0328125
0 0.19765625 0.19921875 0.10625 0.04375
0 0.39609375 0.2375 0.1359375 0.0578125
0 0.54609375 0.2625 0.0640625 0.059375
0 0.7046875 0.28125 0.184375 0.0546875
0 0.2 0.2625 0.134375 0.0390625
0 0.38671875 0.28359375 0.1265625 0.0375
0 0.55625 0.3015625 0.125 0.0421875
0 0.74921875 0.3390625 0.190625 0.0578125
0 0.14296875 0.321875 0.0578125 0.0328125
0 0.28359375 0.33984375 0.1265625 0.0375
0 0.4265625 0.3484375 0.0640625 0.0296875
0 0.55625 0.36171875 0.0953125 0.0375
0 0.71640625 0.37421875 0.14375 0.04375
0 0.1515625 0.38203125 0.1046875 0.0359375
0 0.36953125 0.4140625 0.2203125 0.078125
0 0.5375 0.421875 0.075 0.0296875
0 0.7375 0.4421875 0.2234375 0.04375
0 0.15 0.446875 0.1125 0.0375
0 0.3484375 0.47890625 0.15625 0.065625
0 0.5203125 0.49140625 0.103125 0.03125
0 0.6796875 0.509375 0.125 0.05
0 0.2390625 0.52109375 0.3109375 0.078125
0 0.440625 0.54375 0.046875 0.025
0 0.578125 0.55703125 0.1125 0.0359375
0 0.73359375 0.56640625 0.0921875 0.0359375
0 0.15234375 0.5703125 0.1203125 0.0453125
0 0.296875 0.5859375 0.065625 0.034375
0 0.46015625 0.60078125 0.15 0.0390625
0 0.60625 0.6140625 0.0625 0.0296875
0 0.7046875 0.628125 0.0921875 0.03125
0 0.0984375 0.6234375 0.0796875 0.0296875
0 0.21953125 0.63203125 0.0765625 0.0328125
0 0.3984375 0.64921875 0.1546875 0.0390625
0 0.5515625 0.6609375 0.06875 0.03125
0 0.6828125 0.68046875 0.1453125 0.053125
0 0.165625 0.66640625 0.146875 0.040625
0 0.3140625 0.6765625 0.0546875 0.0265625
0 0.51328125 0.6890625 0.2203125 0.0453125
0 0.0921875 0.68515625 0.1 0.0296875
0 0.16875 0.6875 0.0421875 0.0203125
0 0.2296875 0.69375 0.065625 0.0265625
0 0.48125 0.709375 0.1953125 0.03125
0 0.73828125 0.7265625 0.078125 0.025
0 0.0890625 0.7578125 0.121875 0.05
0 0.1671875 0.75703125 0.0203125 0.0328125
0 0.2140625 0.7625 0.0640625 0.028125
0 0.32421875 0.76484375 0.140625 0.0421875
0 0.41875 0.77890625 0.0421875 0.0453125
0 0.55546875 0.78125 0.1140625 0.0390625
0 0.025 0.8171875 0.01875 0.034375
0 0.10546875 0.8203125 0.1328125 0.040625
0 0.24375 0.82890625 0.1328125 0.0421875
0 0.36640625 0.83515625 0.103125 0.0359375
0 0.45625 0.84453125 0.0640625 0.0453125
0 0.6359375 0.87890625 0.046875 0.0328125