0 0.1484375 0.353125 0.18125 0.1734375
0 0.20703125 0.4484375 0.246875 0.1078125
0 0.19140625 0.54453125 0.3796875 0.171875
0 0.50234375 0.5265625 0.21875 0.1359375
0 0.09375 0.63828125 0.1578125 0.1078125
0 0.2765625 0.64375 0.1609375 0.1265625
0 0.4296875 0.6421875 0.0796875 0.075
0 0.546875 0.6625 0.14375 0.15625
0 0.15078125 0.75234375 0.1640625 0.10625
0 0.39453125 0.75625 0.275 0.1140625
0 0.31953125 0.91875 0.103125 0.0875
0 0.42578125 0.23515625 0.1875 0.1875
0 0.57109375 0.1484375 0.0625 0.0671875
0 0.69375 0.19375 0.365625 0.3625
0 0.63203125 0.37890625 0.18125 0.16875