0 0.0234375 0.125 0.046875 0.0375
0 0.11015625 0.10703125 0.1171875 0.046875
0 0.1734375 0.09765625 0.01875 0.03125
0 0.2203125 0.08828125 0.084375 0.0390625
0 0.30703125 0.0734375 0.08125 0.040625
0 0.396875 0.06484375 0.0921875 0.0546875
0 0.60078125 0.02421875 0.065625 0.0359375
0 0.69140625 0.01640625 0.1109375 0.0328125
0 0.065625 0.16484375 0.13125 0.0703125
0 0.253125 0.12265625 0.23125 0.109375
0 0.04765625 0.228125 0.0234375 0.0140625
0 0.13671875 0.2109375 0.1484375 0.078125
0 0.31328125 0.16796875 0.209375 0.08125
0 0.44453125 0.15 0.0484375 0.0390625
0 0.49453125 0.134375 0.0765625 0.0765625
0 0.08984375 0.2703125 0.096875 0.05625
0 0.2078125 0.25234375 0.1265625 0.06875
0 0.29609375 0.22109375 0.0625 0.0515625
0 0.41015625 0.20625 0.165625 0.0625
0 0.50546875 0.1921875 0.046875 0.059375
0 0.22890625 0.3640625 0.30625 0.1171875
0 0.075 0.53046875 0.1015625 0.04375
0 0.18515625 0.51171875 0.1109375 0.053125
0 0.27890625 0.4890625 0.0703125 0.040625
0 0.1765625 0.5921875 0.209375 0.1109375
0 0.3578125 0.57734375 0.1265625 0.0953125
0 0.53515625 0.51640625 0.228125 0.140625
0 0.69375 0.4890625 0.0640625 0.0578125
0 0.7875 0.45859375 0.10625 0.06875
0 0.25703125 0.65 0.0671875 0.0609375
0 0.3578125 0.63203125 0.1296875 0.0703125
0 0.459375 0.59765625 0.0796875 0.0640625
0 0.54609375 0.5796875 0.08125 0.0515625
0 0.67734375 0.55078125 0.1984375 0.08125
0 0.85703125 0.503125 0.1609375 0.096875
0 0.21953125 0.71328125 0.05 0.0421875
0 0.36484375 0.6796875 0.2375 0.09375
0 0.51796875 0.646875 0.053125 0.053125
0 0.68515625 0.6046875 0.2921875 0.1078125
0 0.09453125 0.83828125 0.065625 0.0421875
0 0.1765625 0.82265625 0.0890625 0.0453125
0 0.28359375 0.80234375 0.121875 0.0609375
0 0.74140625 0.69921875 0.0609375 0.0375
0 0.81484375 0.68515625 0.0828125 0.0421875
0 0.928125 0.6578125 0.1390625 0.0578125
0 0.3640625 0.95078125 0.196875 0.0765625
0 0.51484375 0.896875 0.071875 0.0375
0 0.56875 0.88359375 0.0328125 0.0296875
0 0.6 0.87890625 0.0265625 0.0234375
0 0.64765625 0.86796875 0.0625 0.0359375
0 0.6921875 0.853125 0.0265625 0.03125
0 0.728125 0.85234375 0.0421875 0.0328125
0 0.79296875 0.8359375 0.0890625 0.04375
0 0.85078125 0.81953125 0.028125 0.028125
0 0.890625 0.81484375 0.053125 0.0359375
0 0.95703125 0.7953125 0.0859375 0.053125
0 0.54921875 0.9375 0.1265625 0.053125
0 0.6515625 0.90625 0.084375 0.0453125
0 0.75703125 0.88046875 0.128125 0.053125
0 0.8421875 0.859375 0.0421875 0.034375
0 0.88671875 0.85546875 0.0421875 0.03125
0 0.94921875 0.8359375 0.090625 0.059375
0 0.99453125 0.82109375 0.0109375 0.0265625