0 0.4390625 0.0859375 0.078125 0.040625
0 0.54140625 0.078125 0.109375 0.0359375
0 0.12109375 0.153125 0.0265625 0.0375
0 0.1890625 0.1515625 0.0875 0.040625
0 0.365625 0.15390625 0.246875 0.06875
0 0.53203125 0.1390625 0.075 0.0421875
0 0.61875 0.13828125 0.0796875 0.04375
0 0.684375 0.13671875 0.0359375 0.03125
0 0.74453125 0.1453125 0.0671875 0.0671875
0 0.803125 0.14609375 0.0359375 0.0328125
0 0.8953125 0.12890625 0.128125 0.05
0 0.12265625 0.2640625 0.0234375 0.04375
0 0.1796875 0.2671875 0.0515625 0.0328125
0 0.26484375 0.26875 0.0953125 0.0671875
0 0.378125 0.25390625 0.10625 0.0734375
0 0.4828125 0.2421875 0.08125 0.05
0 0.57890625 0.2375 0.0953125 0.0484375
0 0.64375 0.23828125 0.03125 0.0375
0 0.7203125 0.23125 0.0921875 0.0390625
0 0.85625 0.23125 0.1359375 0.0640625
0 0.13515625 0.3109375 0.0515625 0.04375
0 0.21171875 0.3078125 0.0734375 0.04375
0 0.140625 0.39765625 0.0328125 0.0359375
0 0.20625 0.38671875 0.0734375 0.0546875
0 0.29296875 0.390625 0.075 0.0671875
0 0.35390625 0.38203125 0.0375 0.040625
0 0.43046875 0.38359375 0.0890625 0.0375
0 0.5125 0.38515625 0.065625 0.0421875
0 0.6484375 0.37578125 0.2078125 0.09375
0 0.81484375 0.359375 0.1296875 0.059375
0 0.15234375 0.52734375 0.2078125 0.0421875
0 0.103125 0.5671875 0.1 0.0265625
0 0.0953125 0.65390625 0.071875 0.0328125
0 0.3625 0.51484375 0.03125 0.0328125
0 0.4234375 0.5109375 0.084375 0.0359375
0 0.5359375 0.5109375 0.128125 0.0671875
0 0.65703125 0.48984375 0.115625 0.059375
0 0.75 0.4921875 0.071875 0.0421875
0 0.8375 0.484375 0.08125 0.0421875
0 0.92265625 0.475 0.0875 0.0390625
0 0.38125 0.56171875 0.059375 0.0375
0 0.4578125 0.55703125 0.0828125 0.0359375
0 0.56328125 0.54453125 0.1109375 0.040625
0 0.71484375 0.5359375 0.1703125 0.053125
0 0.83671875 0.52265625 0.0765625 0.0375
0 0.915625 0.509375 0.0640625 0.0375
0 0.39375 0.6109375 0.0890625 0.0515625
0 0.48984375 0.584375 0.0765625 0.0375
0 0.58203125 0.57890625 0.0921875 0.034375
0 0.66484375 0.5796875 0.0421875 0.021875
0 0.73203125 0.56875 0.06875 0.034375
0 0.78671875 0.565625 0.0328125 0.03125
0 0.465625 0.67421875 0.146875 0.05
0 0.73203125 0.60546875 0.053125 0.0234375
0 0.90390625 0.625 0.0921875 0.0359375
0 0.98203125 0.803125 0.009375 0.0171875