0 0.22265625 0.1890625 0.1375 0.2765625
0 0.3328125 0.25390625 0.1375 0.171875
0 0.390625 0.36875 0.121875 0.3375
0 0.52890625 0.290625 0.2 0.2796875
0 0.6546875 0.26796875 0.0546875 0.16875
0 0.7234375 0.275 0.0984375 0.16875
0 0.8 0.2875 0.065625 0.14375
0 0.184375 0.58359375 0.1515625 0.3046875
0 0.315625 0.53125 0.128125 0.19375
0 0.4015625 0.57890625 0.075 0.0859375
0 0.49921875 0.55625 0.1234375 0.2140625
0 0.6015625 0.5375 0.09375 0.1546875
0 0.6640625 0.5578125 0.05 0.1140625
0 0.73984375 0.5984375 0.159375 0.346875
0 0.1578125 0.78359375 0.1109375 0.1578125
0 0.24453125 0.81796875 0.0671875 0.078125
0 0.33046875 0.78828125 0.0828125 0.1703125
0 0.39453125 0.78359375 0.0640625 0.1609375
0 0.46171875 0.8 0.075 0.125