0 0.59140625 0.11953125 0.175 0.0515625
0 0.26328125 0.10859375 0.0640625 0.03125
0 0.3296875 0.12109375 0.053125 0.028125
0 0.425 0.13984375 0.1359375 0.065625
0 0.62421875 0.175 0.090625 0.0359375
0 0.2625 0.16171875 0.0796875 0.03125
0 0.37578125 0.1921875 0.159375 0.075
0 0.61015625 0.225 0.265625 0.09375
0 0.8421875 0.25625 0.175 0.06875
0 0.23046875 0.209375 0.040625 0.025
0 0.42734375 0.24921875 0.3015625 0.109375
0 0.2390625 0.26484375 0.0734375 0.03125
0 0.44140625 0.29765625 0.3234375 0.109375
0 0.6203125 0.3359375 0.121875 0.040625
0 0.77890625 0.365625 0.184375 0.071875
0 0.26484375 0.32578125 0.15 0.05
0 0.47265625 0.53515625 0.5953125 0.2
0 0.5953125 0.6328125 0.296875 0.1
0 0.228125 0.7125 0.1171875 0.059375
0 0.35390625 0.7265625 0.1140625 0.053125
0 0.22890625 0.77890625 0.1203125 0.0640625
0 0.22421875 0.82421875 0.1078125 0.0546875
0 0.303125 0.90546875 0.209375 0.0828125
0 0.134375 0.76484375 0.0546875 0.1