0 0.08125 0.14140625 0.1546875 0.1015625
0 0.33984375 0.10625 0.3203125 0.209375
0 0.60703125 0.1546875 0.196875 0.090625
0 0.7765625 0.11796875 0.09375 0.0703125
0 0.853125 0.096875 0.0640625 0.0890625
0 0.08203125 0.3453125 0.1640625 0.103125
0 0.228125 0.29296875 0.11875 0.0921875
0 0.3328125 0.2890625 0.0578125 0.0671875
0 0.45859375 0.259375 0.1296875 0.078125
0 0.6171875 0.2390625 0.1546875 0.090625
0 0.77734375 0.2453125 0.1203125 0.0984375
0 0.871875 0.1875 0.0953125 0.0609375
0 0.159375 0.428125 0.303125 0.13125
0 0.36796875 0.3671875 0.1 0.0875
0 0.5296875 0.38203125 0.16875 0.115625
0 0.6875 0.3421875 0.15625 0.13125
0 0.778125 0.32734375 0.0171875 0.0265625
0 0.87890625 0.30625 0.1828125 0.115625
0 0.08125 0.53125 0.109375 0.0796875
0 0.27265625 0.4953125 0.2328125 0.1015625
0 0.43671875 0.53984375 0.0703125 0.1046875
0 0.61875 0.51953125 0.275 0.1515625
0 0.8359375 0.4609375 0.1328125 0.0921875
0 0.1765625 0.69921875 0.2265625 0.121875
0 0.36484375 0.6703125 0.1078125 0.0546875
0 0.471875 0.65 0.0421875 0.0359375
0 0.58359375 0.61328125 0.11875 0.08125
0 0.765625 0.60625 0.203125 0.14375
0 0.925 0.54140625 0.0921875 0.0734375
0 0.16484375 0.8046875 0.18125 0.121875
0 0.3625 0.74609375 0.1953125 0.0953125
0 0.5421875 0.74765625 0.11875 0.1
0 0.6515625 0.72890625 0.0734375 0.115625
0 0.7765625 0.71328125 0.1390625 0.103125
0 0.91953125 0.68203125 0.1609375 0.1328125
0 0.134375 0.8859375 0.075 0.053125
0 0.35234375 0.84921875 0.2953125 0.128125
0 0.5734375 0.88125 0.1640625 0.0828125
0 0.72890625 0.871875 0.11875 0.084375
0 0.83359375 0.83203125 0.0984375 0.109375
0 0.94375 0.81953125 0.1125 0.0859375
0 0.16953125 0.98359375 0.1265625 0.0328125
0 0.33046875 0.97265625 0.1671875 0.0546875
0 0.51328125 0.95625 0.1671875 0.0875
0 0.6609375 0.953125 0.084375 0.0609375
0 0.846875 0.909375 0.2703125 0.1046875