0 0.1265625 0.26171875 0.09375 0.0515625
0 0.25078125 0.240625 0.140625 0.08125
0 0.12734375 0.31328125 0.0765625 0.0453125
0 0.2515625 0.28671875 0.1390625 0.0734375
0 0.13671875 0.36484375 0.08125 0.046875
0 0.23359375 0.35234375 0.0890625 0.053125
0 0.1953125 0.40859375 0.178125 0.0734375
0 0.2109375 0.4703125 0.175 0.1078125
0 0.39296875 0.46875 0.1171875 0.0890625
0 0.5046875 0.44765625 0.10625 0.1046875
0 0.6375 0.4703125 0.1734375 0.1640625
0 0.16640625 0.5546875 0.075 0.078125
0 0.31171875 0.55703125 0.16875 0.0890625
0 0.44609375 0.52421875 0.10625 0.084375
0 0.575 0.52890625 0.15625 0.103125
0 0.18984375 0.634375 0.0875 0.071875
0 0.3484375 0.61953125 0.175 0.103125
0 0.52890625 0.6140625 0.20625 0.1078125
0 0.65234375 0.60234375 0.053125 0.0578125
0 0.225 0.70078125 0.1125 0.084375
0 0.36953125 0.690625 0.1171875 0.0953125
0 0.478125 0.68359375 0.115625 0.065625
0 0.61171875 0.6640625 0.1421875 0.09375
0 0.25625 0.840625 0.140625 0.0609375
0 0.40078125 0.77890625 0.1703125 0.1078125
0 0.234375 0.90625 0.06875 0.04375
0 0.309375 0.89296875 0.0765625 0.0546875
0 0.46484375 0.87109375 0.2109375 0.1015625
0 0.7 0.8234375 0.2890625 0.1390625
0 0.7734375 0.1546875 0.046875 0.0359375
0 0.78515625 0.2015625 0.05 0.0375
0 0.80625 0.2484375 0.065625 0.040625
0 0.815625 0.296875 0.065625 0.040625
0 0.8140625 0.3484375 0.0375 0.034375
0 0.825 0.3953125 0.0390625 0.034375
0 0.85703125 0.49453125 0.0625 0.0515625
0 0.86015625 0.5453125 0.05 0.046875
0 0.89765625 0.63828125 0.0734375 0.0453125
0 0.8921875 0.684375 0.05 0.053125
0 0.9171875 0.74140625 0.0671875 0.0421875
0 0.90546875 0.78359375 0.053125 0.05625