0 0.23125 0.05234375 0.0671875 0.0328125
0 0.27109375 0.05859375 0.0125 0.0234375
0 0.3 0.06328125 0.0421875 0.0265625
0 0.3671875 0.075 0.0828125 0.034375
0 0.428125 0.0859375 0.0296875 0.025
0 0.29921875 0.125 0.15625 0.0671875
0 0.21796875 0.2109375 0.0640625 0.0328125
0 0.2546875 0.215625 0.0109375 0.0234375
0 0.28203125 0.2203125 0.0390625 0.0234375
0 0.34140625 0.234375 0.08125 0.0359375
0 0.40625 0.24296875 0.05625 0.028125
0 0.265625 0.2625 0.1921875 0.0609375
0 0.2375 0.34765625 0.128125 0.1078125
0 0.3390625 0.35625 0.028125 0.025
0 0.4640625 0.38359375 0.1046875 0.05
0 0.13984375 0.43046875 0.053125 0.0359375
0 0.22734375 0.4546875 0.1046875 0.0453125
0 0.3625 0.48515625 0.0453125 0.028125
0 0.45703125 0.51328125 0.084375 0.046875
0 0.56484375 0.5375 0.04375 0.0390625
0 0.6515625 0.54921875 0.0546875 0.03125
0 0.7421875 0.56015625 0.0609375 0.0421875
0 0.215625 0.51640625 0.1078125 0.0390625
0 0.37109375 0.55546875 0.0484375 0.0296875
0 0.4578125 0.58828125 0.0328125 0.0453125
0 0.49296875 0.5828125 0.0234375 0.0171875
0 0.5640625 0.596875 0.0390625 0.0421875
0 0.1734375 0.5859375 0.190625 0.084375
0 0.08984375 0.61015625 0.0546875 0.034375
0 0.23203125 0.64765625 0.1296875 0.0453125
0 0.43359375 0.69921875 0.20625 0.078125
0 0.6515625 0.740625 0.1125 0.046875
0 0.1578125 0.66484375 0.190625 0.0703125
0 0.35078125 0.71171875 0.0875 0.0390625
0 0.53125 0.75546875 0.1625 0.0625
0 0.72890625 0.7890625 0.18125 0.0796875
0 0.09609375 0.70078125 0.1046875 0.04375
0 0.21015625 0.72734375 0.075 0.0484375
0 0.0546875 0.73828125 0.0484375 0.0265625
0 0.14375 0.76015625 0.11875 0.0484375
0 0.2875 0.79140625 0.08125 0.0453125
0 0.41171875 0.8125 0.0734375 0.0328125
0 0.5578125 0.83203125 0.1078125 0.0421875
0 0.7171875 0.86171875 0.1734375 0.0609375
0 0.034375 0.7703125 0.059375 0.0328125
0 0.13515625 0.79453125 0.1140625 0.053125
0 0.31171875 0.83203125 0.0875 0.0390625
0 0.46015625 0.8578125 0.0828125 0.034375
0 0.66484375 0.8875 0.234375 0.0703125