0 0.14609375 0.21484375 0.1578125 0.071875
0 0.03984375 0.27109375 0.0390625 0.065625
0 0.12734375 0.2859375 0.1125 0.0828125
0 0.2359375 0.26953125 0.1 0.0484375
0 0.103125 0.34140625 0.16875 0.084375
0 0.24765625 0.32578125 0.1125 0.0703125
0 0.52890625 0.40625 0.1078125 0.0609375
0 0.6484375 0.40234375 0.1203125 0.065625
0 0.5171875 0.46796875 0.0671875 0.0671875
0 0.68359375 0.4609375 0.2203125 0.0734375
0 0.8328125 0.44453125 0.1109375 0.059375
0 0.52421875 0.51796875 0.0828125 0.0515625
0 0.6140625 0.52109375 0.09375 0.078125
0 0.703125 0.50703125 0.0890625 0.0578125
0 0.7984375 0.5140625 0.0671875 0.0859375
0 0.8734375 0.49921875 0.090625 0.05625
0 0.5328125 0.57578125 0.0984375 0.0609375
0 0.03828125 0.20625 0.0359375 0.0546875