0 0.32421875 0.27734375 0.134375 0.08125
0 0.125 0.38125 0.10625 0.084375
0 0.2609375 0.36875 0.0875 0.0578125
0 0.35234375 0.34765625 0.0359375 0.034375
0 0.4203125 0.33828125 0.0578125 0.0390625
0 0.52890625 0.3265625 0.10625 0.0578125
0 0.61875 0.309375 0.0390625 0.04375
0 0.71484375 0.29921875 0.125 0.0953125
0 0.8125 0.2796875 0.0390625 0.0328125
0 0.14140625 0.44765625 0.1328125 0.096875
0 0.2515625 0.4328125 0.0234375 0.0359375
0 0.3578125 0.42109375 0.13125 0.0796875
0 0.48515625 0.39453125 0.0671875 0.04375
0 0.575 0.384375 0.0609375 0.0390625
0 0.7 0.37265625 0.121875 0.0734375
0 0.81328125 0.3421875 0.071875 0.046875
0 0.89765625 0.33671875 0.065625 0.0609375
0 0.37578125 0.53671875 0.0859375 0.0609375
0 0.17578125 0.63828125 0.1109375 0.05625
0 0.3203125 0.6171875 0.0625 0.0546875
0 0.51875 0.59453125 0.034375 0.0421875
0 0.6515625 0.5734375 0.171875 0.0796875
0 0.76171875 0.55859375 0.028125 0.0234375
0 0.859375 0.5421875 0.134375 0.071875
0 0.1375 0.7140625 0.0265625 0.034375
0 0.23359375 0.7015625 0.115625 0.0609375
0 0.35390625 0.68359375 0.0671875 0.04375
0 0.45546875 0.67578125 0.0828125 0.0640625
0 0.53046875 0.66015625 0.0296875 0.028125
0 0.69140625 0.63984375 0.2421875 0.1015625
0 0.18515625 0.840625 0.078125 0.0546875
0 0.31796875 0.82265625 0.053125 0.05
0 0.41875 0.81015625 0.09375 0.0609375
0 0.53515625 0.81015625 0.109375 0.1046875
0 0.61640625 0.79921875 0.034375 0.034375
0 0.67890625 0.796875 0.0390625 0.0484375
0 0.74140625 0.78515625 0.021875 0.03125
0 0.84921875 0.77265625 0.1421875 0.0734375
0 0.96484375 0.74921875 0.0703125 0.0546875
0 0.28515625 0.9 0.0296875 0.040625
0 0.34296875 0.89453125 0.0484375 0.0390625
0 0.4140625 0.88515625 0.0265625 0.034375
0 0.48046875 0.878125 0.0734375 0.05
0 0.26953125 0.6328125 0.0140625 0.0125
0 0.2625 0.82734375 0.0265625 0.021875
0 0.428125 0.603125 0.1046875 0.0609375