0 0.22890625 0.04765625 0.0875 0.04375
0 0.5390625 0.10859375 0.175 0.065625
0 0.69453125 0.13515625 0.1234375 0.0640625
0 0.29765625 0.0890625 0.175 0.0640625
0 0.20078125 0.121875 0.0765625 0.028125
0 0.36953125 0.15 0.2109375 0.084375
0 0.64375 0.2078125 0.26875 0.1
0 0.1828125 0.16796875 0.065625 0.0265625
0 0.565625 0.2421875 0.06875 0.028125
0 0.6984375 0.271875 0.0796875 0.0578125
0 0.20546875 0.221875 0.1 0.040625
0 0.3125 0.24296875 0.1078125 0.034375
0 0.2140625 0.26484375 0.0796875 0.053125
0 0.33125 0.2890625 0.0796875 0.053125
0 0.43203125 0.30234375 0.0546875 0.05
0 0.5109375 0.31875 0.046875 0.05
0 0.16171875 0.3109375 0.0421875 0.028125
0 0.2171875 0.3203125 0.059375 0.03125
0 0.26875 0.328125 0.0421875 0.025
0 0.31796875 0.3375 0.053125 0.0265625
0 0.3984375 0.3546875 0.1046875 0.034375
0 0.58984375 0.4046875 0.2546875 0.090625
0 0.759375 0.440625 0.0625 0.0453125
0 0.2828125 0.3765625 0.290625 0.0875
0 0.16328125 0.41015625 0.109375 0.0546875
0 0.23671875 0.41953125 0.0203125 0.028125
0 0.2796875 0.4296875 0.0671875 0.0390625
0 0.38203125 0.4546875 0.1515625 0.053125
0 0.496875 0.47109375 0.0828125 0.0375
0 0.22265625 0.4953125 0.2734375 0.159375
0 0.47890625 0.5078125 0.2015625 0.1015625
0 0.68203125 0.53046875 0.1390625 0.109375
0 0.134375 0.52734375 0.0515625 0.0515625
0 0.3046875 0.54765625 0.2328125 0.1328125
0 0.5984375 0.59609375 0.3109375 0.14375
0 0.17421875 0.57421875 0.159375 0.078125
0 0.33203125 0.5921875 0.0515625 0.05625
0 0.54765625 0.64140625 0.3515625 0.1734375
0 0.11015625 0.621875 0.0734375 0.04375
0 0.32109375 0.64765625 0.2421875 0.1078125
0 0.5875 0.70234375 0.2484375 0.1390625
0 0.1125 0.6640625 0.10625 0.078125
0 0.24375 0.70625 0.16875 0.1359375
0 0.44453125 0.734375 0.2109375 0.078125
0 0.6515625 0.76796875 0.190625 0.084375
0 0.12265625 0.74296875 0.165625 0.1265625
0 0.24296875 0.759375 0.05625 0.040625
0 0.384375 0.778125 0.1453125 0.0828125
0 0.53359375 0.80234375 0.103125 0.0765625
0 0.67109375 0.8265625 0.15 0.0921875
0 0.075 0.80078125 0.1171875 0.0828125
0 0.2171875 0.8015625 0.115625 0.0828125
0 0.33046875 0.82265625 0.0703125 0.08125
0 0.45 0.85390625 0.2171875 0.134375
0 0.64296875 0.8796875 0.1078125 0.075
0 0.13671875 0.8484375 0.125 0.08125
0 0.259375 0.85859375 0.109375 0.078125
0 0.36484375 0.8890625 0.075 0.05
0 0.4390625 0.89296875 0.08125 0.0609375
0 0.540625 0.91484375 0.09375 0.0515625
0 0.6640625 0.93671875 0.1375 0.0953125
0 0.70625 0.95234375 0.115625 0.0671875
0 0.053125 0.8640625 0.10625 0.03125
0 0.13671875 0.88046875 0.0578125 0.0203125
0 0.19140625 0.8921875 0.0453125 0.01875
0 0.328125 0.06796875 0.0421875 0.0234375