0 0.20625 0.04453125 0.1734375 0.0765625
0 0.3421875 0.10078125 0.1078125 0.065625
0 0.43828125 0.103125 0.06875 0.0390625
0 0.546875 0.12578125 0.1390625 0.0578125
0 0.6578125 0.15703125 0.0828125 0.0625
0 0.81796875 0.18828125 0.2171875 0.1078125
0 0.965625 0.2015625 0.06875 0.040625
0 0.2328125 0.128125 0.0703125 0.04375
0 0.315625 0.15 0.059375 0.03125
0 0.3875 0.16171875 0.04375 0.0265625
0 0.4875 0.17734375 0.1328125 0.0671875
0 0.596875 0.20234375 0.0609375 0.05
0 0.6828125 0.2265625 0.103125 0.0625
0 0.86484375 0.25625 0.2703125 0.14375
0 0.16171875 0.22734375 0.1109375 0.0640625
0 0.30078125 0.25390625 0.1265625 0.0484375
0 0.43984375 0.27109375 0.1421875 0.065625
0 0.5359375 0.296875 0.0484375 0.0265625
0 0.65390625 0.34140625 0.196875 0.13125
0 0.7890625 0.36015625 0.175 0.121875
0 0.25546875 0.37421875 0.1109375 0.0671875
0 0.3796875 0.38515625 0.11875 0.0484375
0 0.4984375 0.40703125 0.0828125 0.040625
0 0.5828125 0.425 0.0453125 0.028125
0 0.7125 0.4421875 0.16875 0.078125
0 0.9 0.44765625 0.2 0.1296875
0 0.165625 0.48046875 0.128125 0.0609375
0 0.27421875 0.5015625 0.0796875 0.0328125
0 0.39296875 0.525 0.1296875 0.046875
0 0.5140625 0.5453125 0.0984375 0.04375
0 0.634375 0.58359375 0.1453125 0.103125
0 0.765625 0.58046875 0.13125 0.0671875
0 0.85390625 0.590625 0.0390625 0.0640625
0 0.2140625 0.54765625 0.146875 0.0625
0 0.34140625 0.57421875 0.10625 0.0484375
0 0.425 0.59375 0.0515625 0.0421875
0 0.5421875 0.6078125 0.15625 0.065625
0 0.709375 0.64296875 0.184375 0.065625
0 0.32109375 0.69453125 0.146875 0.0515625
0 0.4203125 0.7109375 0.0640625 0.04375
0 0.5015625 0.72421875 0.1171875 0.10625
0 0.63828125 0.7390625 0.140625 0.05625
0 0.02265625 0.72421875 0.0453125 0.0546875
0 0.08125 0.7421875 0.065625 0.05
0 0.14140625 0.75390625 0.0546875 0.05
0 0.28828125 0.78125 0.153125 0.0765625
0 0.43671875 0.796875 0.1375 0.0578125
0 0.5546875 0.8109375 0.0890625 0.0609375
0 0.6421875 0.825 0.040625 0.034375
0 0.68671875 0.83359375 0.0546875 0.0359375
0 0.74765625 0.84296875 0.0609375 0.0390625
0 0.8 0.85703125 0.0625 0.04375
0 0.8546875 0.86484375 0.0671875 0.0359375