0 0.15390625 0.2859375 0.16875 0.1109375
0 0.36875 0.2515625 0.2265625 0.165625
0 0.61875 0.20078125 0.23125 0.175
0 0.77109375 0.14375 0.0640625 0.084375
0 0.140625 0.396875 0.1046875 0.09375
0 0.2984375 0.36953125 0.153125 0.090625
0 0.4625 0.33359375 0.1015625 0.1
0 0.58984375 0.3046875 0.0484375 0.05625
0 0.71484375 0.26875 0.15625 0.1078125
0 0.1796875 0.51015625 0.1484375 0.1109375
0 0.47890625 0.47265625 0.3984375 0.2296875
0 0.73046875 0.3828125 0.053125 0.0765625
0 0.21171875 0.62578125 0.2 0.14375
0 0.3796875 0.57890625 0.1171875 0.1015625
0 0.54140625 0.54375 0.1484375 0.1046875
0 0.6921875 0.5 0.06875 0.078125
0 0.809375 0.471875 0.159375 0.1296875
0 0.85078125 0.5734375 0.1234375 0.0921875
0 0.221875 0.96484375 0.078125 0.0703125
0 0.4078125 0.92578125 0.1859375 0.090625
0 0.665625 0.85078125 0.1328125 0.090625
0 0.7578125 0.81484375 0.0734375 0.0671875