0 0.340625 0.12265625 0.246875 0.0921875
0 0.50234375 0.13125 0.0421875 0.05
0 0.609375 0.12890625 0.1234375 0.05
0 0.184375 0.2375 0.2015625 0.0921875
0 0.1953125 0.3140625 0.2109375 0.0796875
0 0.20625 0.39453125 0.234375 0.0953125
0 0.65 0.37578125 0.259375 0.0765625
0 0.2546875 0.43984375 0.3390625 0.0578125
0 0.63203125 0.45546875 0.196875 0.0421875
0 0.1390625 0.50234375 0.1375 0.053125
0 0.30703125 0.53671875 0.1265625 0.0734375
0 0.353125 0.6453125 0.1515625 0.071875
0 0.56171875 0.65703125 0.1921875 0.046875
0 0.171875 0.8765625 0.34375 0.0625
0 0.55703125 0.871875 0.0875 0.0625
0 0.7140625 0.8890625 0.1921875 0.06875
0 0.88515625 0.87734375 0.11875 0.0484375