0 0.42734375 0.025 0.0546875 0.05
0 0.5265625 0.04296875 0.115625 0.05625
0 0.12890625 0.0046875 0.0234375 0.009375
0 0.203125 0.03828125 0.14375 0.0765625
0 0.328125 0.05 0.053125 0.0515625
0 0.41328125 0.071875 0.084375 0.0578125
0 0.496875 0.10078125 0.04375 0.046875
0 0.6078125 0.1296875 0.1734375 0.096875
0 0.121875 0.04921875 0.0328125 0.0375
0 0.19375 0.08125 0.1390625 0.1015625
0 0.31171875 0.1109375 0.05 0.053125
0 0.42109375 0.16015625 0.1234375 0.090625
0 0.103125 0.10625 0.028125 0.04375
0 0.17734375 0.15390625 0.1578125 0.121875
0 0.3078125 0.175 0.0625 0.053125
0 0.41328125 0.203125 0.1515625 0.078125
0 0.5140625 0.2390625 0.0515625 0.0421875
0 0.60390625 0.278125 0.1265625 0.103125
0 0.08515625 0.165625 0.0296875 0.040625
0 0.19921875 0.203125 0.1984375 0.0875
0 0.071875 0.23203125 0.03125 0.034375
0 0.225 0.2859375 0.259375 0.10625
0 0.41953125 0.32734375 0.1203125 0.0703125
0 0.24765625 0.42421875 0.1375 0.103125
0 0.34140625 0.44375 0.0625 0.065625
0 0.4390625 0.46484375 0.0859375 0.053125
0 0.5296875 0.490625 0.05625 0.05
0 0.65078125 0.5265625 0.1828125 0.08125
0 0.13984375 0.43828125 0.103125 0.065625
0 0.240625 0.4734375 0.0546875 0.0484375
0 0.3734375 0.5078125 0.1828125 0.096875
0 0.49765625 0.5359375 0.0375 0.0484375
0 0.575 0.5609375 0.1 0.0640625
0 0.671875 0.58359375 0.04375 0.046875
0 0.73828125 0.60390625 0.0890625 0.053125
0 0.81171875 0.6296875 0.034375 0.0328125
0 0.88671875 0.64296875 0.09375 0.0515625
0 0.9515625 0.66875 0.0421875 0.0484375
0 0.89140625 0.709375 0.1484375 0.0859375
0 0.7984375 0.68984375 0.0265625 0.028125
0 0.696875 0.659375 0.1640625 0.1015625
0 0.6046875 0.63671875 0.040625 0.0328125
0 0.49296875 0.60625 0.1671875 0.065625
0 0.3328125 0.5609375 0.1453125 0.075
0 0.20859375 0.52265625 0.06875 0.0546875
0 0.084375 0.48828125 0.1265625 0.071875
0 0.05 0.5359375 0.0828125 0.06875
0 0.1234375 0.57265625 0.1234375 0.09375
0 0.23984375 0.59296875 0.0640625 0.05
0 0.3640625 0.628125 0.1421875 0.0703125
0 0.46484375 0.659375 0.0484375 0.0421875
0 0.51875 0.6703125 0.0421875 0.0453125
0 0.61875 0.69609375 0.1453125 0.0890625
0 0.71953125 0.728125 0.0484375 0.04375
0 0.828125 0.75234375 0.140625 0.0734375
0 0.9125 0.775 0.0515625 0.053125
0 0.87734375 0.81796875 0.128125 0.0796875
0 0.77890625 0.80234375 0.0953125 0.0765625
0 0.70703125 0.771875 0.06875 0.0671875
0 0.5875 0.7484375 0.125 0.065625
0 0.45703125 0.72890625 0.1 0.08125
0 0.359375 0.69140625 0.059375 0.0484375
0 0.26328125 0.66875 0.0984375 0.0484375
0 0.09140625 0.621875 0.1828125 0.090625
0 0.065625 0.6828125 0.13125 0.08125
0 0.17890625 0.70625 0.0703125 0.0453125
0 0.36640625 0.75703125 0.2578125 0.1171875
0 0.07734375 0.7453125 0.115625 0.06875
0 0.196875 0.78046875 0.0828125 0.05625
0 0.3296875 0.809375 0.1125 0.0625
0 0.4421875 0.840625 0.071875 0.0375
0 0.52890625 0.85234375 0.084375 0.0609375
0 0.621875 0.88125 0.09375 0.05625
0 0.68515625 0.89453125 0.06875 0.059375
0 0.7421875 0.9140625 0.065625 0.05
0 0.8 0.94296875 0.0671875 0.0640625
0 0.88046875 0.95 0.0625 0.05
0 0.76484375 0.975 0.1515625 0.05
0 0.6015625 0.9546875 0.184375 0.0859375
0 0.49375 0.92109375 0.04375 0.0421875
0 0.43515625 0.89140625 0.0859375 0.06875
0 0.33125 0.89140625 0.0546875 0.0671875
0 0.23671875 0.85625 0.1328125 0.0765625
0 0.12734375 0.82890625 0.059375 0.06875
0 0.06484375 0.80546875 0.0765625 0.0578125
0 0.01171875 0.78515625 0.0234375 0.0546875
0 0.0203125 0.84921875 0.040625 0.0796875
0 0.1 0.8828125 0.0828125 0.0578125
0 0.1515625 0.91953125 0.0359375 0.0390625
0 0.23359375 0.91640625 0.0890625 0.0546875
0 0.3296875 0.94296875 0.0765625 0.0453125
0 0.403125 0.9625 0.0296875 0.015625
0 0.496875 0.97265625 0.1375 0.0546875
0 0.62109375 0.99375 0.0921875 0.0125