0 0.08359375 0.3671875 0.1046875 0.0421875
0 0.203125 0.3328125 0.1203125 0.0484375
0 0.31640625 0.30546875 0.065625 0.03125
0 0.4421875 0.275 0.1421875 0.05
0 0.5953125 0.23984375 0.1234375 0.04375
0 0.03203125 0.4046875 0.015625 0.009375
0 0.10546875 0.38515625 0.084375 0.034375
0 0.19453125 0.36484375 0.06875 0.0390625
0 0.29375 0.3421875 0.1 0.040625
0 0.390625 0.31328125 0.0625 0.0328125
0 0.5 0.28515625 0.1171875 0.0421875
0 0.58203125 0.26796875 0.0234375 0.01875
0 0.6296875 0.25390625 0.0515625 0.028125
0 0.71640625 0.22890625 0.0921875 0.0453125
0 0.83125 0.20390625 0.0984375 0.05
0 0.1171875 0.4296875 0.1296875 0.046875
0 0.26796875 0.3890625 0.1125 0.046875
0 0.03515625 0.48203125 0.01875 0.009375
0 0.12734375 0.46328125 0.1171875 0.0484375
0 0.275 0.42109375 0.140625 0.053125
0 0.4046875 0.384375 0.0625 0.0328125
0 0.51796875 0.35703125 0.1078125 0.0421875
0 0.61171875 0.33359375 0.0328125 0.0171875
0 0.6859375 0.31796875 0.0828125 0.0484375
0 0.76953125 0.29140625 0.075 0.0390625
0 0.86796875 0.26796875 0.09375 0.04375
0 0.11796875 0.51796875 0.10625 0.04375
0 0.196875 0.496875 0.028125 0.021875
0 0.265625 0.48046875 0.0828125 0.0359375
0 0.3859375 0.446875 0.1328125 0.053125
0 0.0421875 0.57421875 0.0125 0.009375
0 0.15703125 0.54609375 0.178125 0.0640625
0 0.35625 0.49453125 0.2125 0.0765625
0 0.51875 0.45546875 0.0890625 0.0390625
0 0.64453125 0.4265625 0.1453125 0.053125
0 0.83125 0.38203125 0.1734375 0.0921875
0 0.73671875 0.40390625 0.009375 0.00625
0 0.15859375 0.59375 0.1609375 0.0578125
0 0.3421875 0.54765625 0.1578125 0.059375
0 0.0609375 0.65703125 0.0171875 0.0109375
0 0.15078125 0.6328125 0.140625 0.0515625
0 0.31640625 0.5984375 0.1625 0.06875
0 0.44921875 0.5640625 0.053125 0.034375
0 0.5484375 0.540625 0.103125 0.0484375
0 0.66328125 0.51875 0.11875 0.053125
0 0.7609375 0.49453125 0.059375 0.03125
0 0.8703125 0.478125 0.1234375 0.0578125
0 0.79765625 0.5171875 0.2 0.0828125
0 0.13359375 0.68359375 0.0953125 0.0390625
0 0.2578125 0.6546875 0.0984375 0.0359375
0 0.3765625 0.628125 0.1015625 0.0390625
0 0.05625 0.7484375 0.0140625 0.00625
0 0.1203125 0.728125 0.0828125 0.0390625
0 0.275 0.68828125 0.190625 0.065625
0 0.43359375 0.65546875 0.096875 0.046875
0 0.54453125 0.62890625 0.1078125 0.0546875
0 0.66015625 0.5984375 0.06875 0.0375
0 0.7578125 0.5734375 0.0875 0.0390625
0 0.8734375 0.54765625 0.128125 0.0546875
0 0.27578125 0.7234375 0.21875 0.071875
0 0.39609375 0.69921875 0.0078125 0.00625
0 0.45546875 0.6796875 0.0671875 0.0296875
0 0.56484375 0.6546875 0.0859375 0.0359375
0 0.6890625 0.62578125 0.10625 0.0390625
0 0.88203125 0.59609375 0.2 0.1046875
0 0.1703125 0.79140625 0.16875 0.0671875
0 0.32734375 0.75546875 0.0953125 0.0421875
0 0.45 0.72578125 0.0875 0.0421875
0 0.58671875 0.69296875 0.1234375 0.046875
0 0.7109375 0.6625 0.1078125 0.0484375
0 0.103125 0.85234375 0.01875 0.0125
0 0.1828125 0.83359375 0.09375 0.0453125
0 0.31796875 0.80234375 0.14375 0.0578125
0 0.53046875 0.7546875 0.1984375 0.0765625
0 0.6828125 0.71796875 0.04375 0.03125
0 0.7546875 0.69921875 0.034375 0.0203125
0 0.8390625 0.6875 0.109375 0.059375
0 0.16796875 0.91875 0.1515625 0.0609375
0 0.38046875 0.8671875 0.19375 0.065625
0 0.54765625 0.8265625 0.078125 0.0390625
0 0.65546875 0.8 0.0984375 0.0453125
0 0.1046875 0.98203125 0.0125 0.0078125
0 0.19453125 0.95859375 0.1375 0.059375
0 0.37421875 0.9140625 0.175 0.075
0 0.53671875 0.87890625 0.096875 0.059375
0 0.65703125 0.84296875 0.0828125 0.0421875
0 0.7921875 0.8109375 0.134375 0.0578125
0 0.44765625 0.9671875 0.1859375 0.065625
0 0.6171875 0.925 0.103125 0.05
0 0.7421875 0.896875 0.10625 0.053125
0 0.8671875 0.8609375 0.1265625 0.059375
0 0.97890625 0.8203125 0.0421875 0.05
0 0.72578125 0.9484375 0.096875 0.0453125
0 0.88359375 0.915625 0.1015625 0.0390625
0 0.98671875 0.88046875 0.0265625 0.0421875