0 0.09296875 0.1453125 0.0375 0.046875
0 0.1453125 0.128125 0.0796875 0.05
0 0.22578125 0.11171875 0.0890625 0.059375
0 0.2953125 0.09296875 0.059375 0.046875
0 0.3921875 0.06484375 0.0765625 0.075
0 0.48203125 0.05234375 0.0515625 0.05625
0 0.56484375 0.03359375 0.0921875 0.0671875
0 0.1578125 0.22890625 0.1296875 0.1265625
0 0.37265625 0.2359375 0.084375 0.05
0 0.46015625 0.21328125 0.1015625 0.0546875
0 0.178125 0.34765625 0.1265625 0.103125
0 0.3140625 0.3453125 0.1015625 0.1078125
0 0.3859375 0.29765625 0.046875 0.059375
0 0.47578125 0.27734375 0.0765625 0.06875
0 0.58828125 0.2515625 0.1046875 0.0828125
0 0.71484375 0.21171875 0.15625 0.0921875
0 0.20546875 0.4609375 0.159375 0.1125
0 0.33046875 0.43203125 0.0796875 0.084375
0 0.47890625 0.40546875 0.20625 0.134375
0 0.66796875 0.34453125 0.1765625 0.1265625
0 0.79296875 0.3125 0.059375 0.0578125
0 0.21484375 0.57109375 0.0984375 0.1015625
0 0.29609375 0.56015625 0.0453125 0.0359375
0 0.39375 0.5234375 0.125 0.075
0 0.571875 0.47734375 0.1703125 0.0890625
0 0.721875 0.428125 0.115625 0.0828125
0 0.2890625 0.66796875 0.16875 0.1015625
0 0.42421875 0.61171875 0.1078125 0.0921875
0 0.5625 0.590625 0.1140625 0.096875
0 0.753125 0.546875 0.2109375 0.1109375
0 0.29375 0.77265625 0.14375 0.1046875
0 0.41796875 0.7390625 0.1171875 0.1046875
0 0.60234375 0.68984375 0.153125 0.0921875
0 0.67578125 0.71328125 0.084375 0.08125