0 0.08671875 0.125 0.0234375 0.0625
0 0.13671875 0.12890625 0.0578125 0.0609375
0 0.1984375 0.14453125 0.028125 0.028125
0 0.2765625 0.153125 0.084375 0.0625
0 0.35625 0.1765625 0.0421875 0.0390625
0 0.4203125 0.1796875 0.059375 0.0484375
0 0.5125 0.203125 0.1390625 0.06875
0 0.6015625 0.22421875 0.0328125 0.028125
0 0.6671875 0.234375 0.06875 0.078125
0 0.74921875 0.24609375 0.0875 0.078125
0 0.8515625 0.2640625 0.0984375 0.0765625
0 0.9359375 0.27265625 0.0328125 0.0359375
0 0.98671875 0.271875 0.0265625 0.046875
0 0.08203125 0.2640625 0.06875 0.0734375
0 0.15625 0.26953125 0.0609375 0.05625
0 0.22578125 0.27734375 0.04375 0.03125
0 0.29609375 0.284375 0.053125 0.0453125
0 0.3890625 0.30390625 0.0984375 0.053125
0 0.47265625 0.315625 0.046875 0.046875
0 0.5296875 0.3265625 0.0421875 0.0421875
0 0.5953125 0.33828125 0.059375 0.0484375
0 0.66796875 0.35859375 0.0796875 0.078125
0 0.7453125 0.36484375 0.0640625 0.0546875
0 0.81015625 0.3734375 0.03125 0.0453125
0 0.86484375 0.38203125 0.0546875 0.0578125
0 0.925 0.3984375 0.0328125 0.0359375
0 0.06953125 0.3828125 0.084375 0.071875
0 0.13046875 0.38515625 0.0234375 0.034375
0 0.16796875 0.39296875 0.028125 0.0328125
0 0.2015625 0.40625 0.04375 0.046875
0 0.2359375 0.40859375 0.028125 0.0640625
0 0.2828125 0.40625 0.0375 0.0421875
0 0.3390625 0.43046875 0.0484375 0.065625
0 0.39609375 0.43125 0.04375 0.040625
0 0.4390625 0.4453125 0.015625 0.025
0 0.50625 0.446875 0.09375 0.059375
0 0.571875 0.4796875 0.0578125 0.05625
0 0.63515625 0.4890625 0.0546875 0.05625
0 0.01640625 0.490625 0.0296875 0.0421875
0 0.0625 0.51015625 0.075 0.0828125
0 0.128125 0.51796875 0.046875 0.034375
0 0.1921875 0.5328125 0.065625 0.06875
0 0.25859375 0.5328125 0.046875 0.0453125
0 0.30859375 0.56171875 0.0484375 0.05625
0 0.36015625 0.55625 0.01875 0.025
0 0.40546875 0.5640625 0.04375 0.0328125
0 0.49296875 0.58359375 0.11875 0.0671875
0 0.57734375 0.59921875 0.0546875 0.06875
0 0.63828125 0.60703125 0.03125 0.025
0 0.70234375 0.62421875 0.0765625 0.0671875
0 0.78125 0.64453125 0.071875 0.059375
0 0.853125 0.634375 0.0453125 0.046875
0 0.90625 0.65078125 0.05625 0.04375
0 0.015625 0.615625 0.03125 0.053125
0 0.07890625 0.64453125 0.0703125 0.075
0 0.159375 0.64453125 0.053125 0.0484375
0 0.22265625 0.653125 0.0734375 0.059375
0 0.303125 0.6671875 0.040625 0.0390625
0 0.3828125 0.68984375 0.09375 0.06875
0 0.45703125 0.69609375 0.0359375 0.0546875
0 0.48046875 0.70078125 0.0171875 0.0234375
0 0.540625 0.70625 0.0796875 0.0453125
0 0.0203125 0.74296875 0.040625 0.0515625
0 0.08671875 0.7796875 0.0828125 0.065625
0 0.1546875 0.77578125 0.0296875 0.0390625
0 0.23359375 0.79375 0.125 0.0921875
0 0.3203125 0.79375 0.034375 0.05
0 0.36328125 0.80703125 0.0296875 0.0328125
0 0.41953125 0.81171875 0.0546875 0.0421875
0 0.484375 0.83984375 0.0625 0.0578125
0 0.54453125 0.8375 0.0296875 0.0328125
0 0.59453125 0.846875 0.0375 0.0328125
0 0.66328125 0.86640625 0.078125 0.0703125
0 0.72421875 0.8640625 0.034375 0.04375
0 0.77421875 0.89765625 0.0578125 0.0609375
0 0.83671875 0.8921875 0.0390625 0.034375
0 0.8828125 0.89921875 0.0328125 0.0390625
0 0.01796875 0.8859375 0.0359375 0.075
0 0.06171875 0.8828125 0.0375 0.0484375
0 0.12265625 0.91484375 0.0625 0.059375
0 0.196875 0.9125 0.0546875 0.05
0 0.253125 0.9234375 0.0265625 0.0296875
0 0.3125 0.92890625 0.0640625 0.0421875
0 0.3921875 0.93203125 0.0671875 0.05
0 0.4609375 0.95 0.040625 0.034375
0 0.534375 0.9640625 0.0859375 0.065625
0 0.634375 0.97421875 0.10625 0.0515625
0 0.06015625 0.14296875 0.0265625 0.0578125