0 0.0125 0.228125 0.0171875 0.0625
0 0.0625 0.2203125 0.053125 0.0578125
0 0.1265625 0.22109375 0.0265625 0.0265625
0 0.20390625 0.2125 0.08125 0.05625
0 0.2875 0.2171875 0.0390625 0.0375
0 0.35 0.20546875 0.05625 0.04375
0 0.4453125 0.2078125 0.1359375 0.0578125
0 0.53671875 0.20859375 0.03125 0.0265625
0 0.603125 0.20390625 0.0640625 0.0734375
0 0.68515625 0.19609375 0.08125 0.071875
0 0.7890625 0.190625 0.09375 0.0703125
0 0.87421875 0.18046875 0.0296875 0.0328125
0 0.9359375 0.165625 0.046875 0.0421875
0 0.0390625 0.3640625 0.0640625 0.0703125
0 0.11328125 0.35234375 0.0578125 0.0515625
0 0.1828125 0.34453125 0.0421875 0.028125
0 0.253125 0.3359375 0.0515625 0.0421875
0 0.34765625 0.33359375 0.0953125 0.0453125
0 0.43125 0.3265625 0.04375 0.04375
0 0.48984375 0.32421875 0.0390625 0.0390625
0 0.55625 0.3203125 0.05625 0.04375
0 0.63203125 0.325 0.075 0.0734375
0 0.70859375 0.31328125 0.0609375 0.05
0 0.77421875 0.30703125 0.028125 0.04375
0 0.82890625 0.303125 0.0515625 0.0546875
0 0.89140625 0.30546875 0.0296875 0.034375
0 0.05390625 0.4828125 0.0796875 0.065625
0 0.1140625 0.47109375 0.0203125 0.0328125
0 0.15234375 0.4703125 0.0265625 0.03125
0 0.18828125 0.47578125 0.040625 0.04375
0 0.221875 0.4703125 0.0234375 0.0625
0 0.2671875 0.4578125 0.034375 0.040625
0 0.328125 0.46796875 0.04375 0.0625
0 0.38359375 0.45625 0.040625 0.0375
0 0.428125 0.46015625 0.0140625 0.0234375
0 0.49375 0.446875 0.090625 0.0515625
0 0.565625 0.4640625 0.053125 0.053125
0 0.6296875 0.45859375 0.05 0.053125
0 0.0265625 0.6 0.0265625 0.040625
0 0.07578125 0.6078125 0.06875 0.078125
0 0.14140625 0.60078125 0.0453125 0.03125
0 0.20703125 0.60078125 0.0609375 0.0640625
0 0.271875 0.58671875 0.04375 0.0421875
0 0.32734375 0.603125 0.0453125 0.053125
0 0.37578125 0.5859375 0.0171875 0.025
0 0.421875 0.58359375 0.0421875 0.0296875
0 0.51171875 0.5828125 0.115625 0.0578125
0 0.59765625 0.5796875 0.05 0.0640625
0 0.65859375 0.5734375 0.0296875 0.021875
0 0.725 0.575 0.071875 0.0609375
0 0.80625 0.57734375 0.06875 0.053125
0 0.87421875 0.5515625 0.0421875 0.04375
0 0.9296875 0.55546875 0.053125 0.040625
0 0.0484375 0.7234375 0.040625 0.0515625
0 0.12265625 0.73515625 0.065625 0.0703125
0 0.2 0.7171875 0.05 0.0453125
0 0.2640625 0.71171875 0.0703125 0.053125
0 0.34609375 0.70703125 0.0375 0.0375
0 0.42890625 0.7109375 0.090625 0.0625
0 0.50234375 0.7 0.0328125 0.053125
0 0.5265625 0.7 0.0140625 0.021875
0 0.5859375 0.6921875 0.078125 0.0390625
0 0.0453125 0.85078125 0.025 0.05625
0 0.08359375 0.84609375 0.0453125 0.0484375
0 0.16015625 0.865625 0.0796875 0.059375
0 0.22578125 0.846875 0.0265625 0.0375
0 0.30625 0.84609375 0.1203125 0.0828125
0 0.39140625 0.8265625 0.03125 0.0484375
0 0.4359375 0.8296875 0.028125 0.03125
0 0.4921875 0.821875 0.0515625 0.0390625
0 0.5609375 0.83515625 0.059375 0.053125
0 0.61953125 0.81875 0.0265625 0.03125
0 0.6703125 0.8171875 0.0359375 0.0296875
0 0.74140625 0.81953125 0.075 0.065625
0 0.8 0.80390625 0.03125 0.0421875
0 0.85625 0.82578125 0.053125 0.0578125
0 0.91640625 0.80625 0.0359375 0.03125
0 0.9625 0.803125 0.03125 0.0375
0 0.0578125 0.98515625 0.0296875 0.028125
0 0.1046875 0.97578125 0.05625 0.0484375
0 0.159375 0.971875 0.0328125 0.046875
0 0.22578125 0.98046875 0.0578125 0.0390625
0 0.296875 0.9703125 0.0515625 0.046875
0 0.3546875 0.96796875 0.025 0.028125
0 0.4140625 0.96015625 0.0609375 0.0375
0 0.4921875 0.9453125 0.0640625 0.0453125
0 0.56328125 0.94765625 0.0375 0.03125
0 0.6375 0.94453125 0.0828125 0.059375
0 0.740625 0.94453125 0.1015625 0.0703125