0 0.1140625 0.16328125 0.090625 0.0734375
0 0.24140625 0.13515625 0.1375 0.08125
0 0.13046875 0.2015625 0.084375 0.0578125
0 0.3 0.1578125 0.1953125 0.0984375
0 0.45546875 0.11484375 0.05625 0.05
0 0.5375 0.1078125 0.08125 0.05
0 0.6515625 0.08046875 0.1140625 0.0625
0 0.7484375 0.05546875 0.0453125 0.0296875
0 0.16015625 0.24375 0.1609375 0.0734375
0 0.13828125 0.303125 0.0984375 0.0546875
0 0.26484375 0.2546875 0.0828125 0.053125
0 0.38984375 0.23984375 0.084375 0.0609375
0 0.53125 0.1921875 0.103125 0.071875
0 0.66015625 0.17890625 0.1140625 0.0578125
0 0.81015625 0.13515625 0.140625 0.0765625
0 0.17734375 0.353125 0.1953125 0.0921875
0 0.46015625 0.26875 0.2640625 0.0984375
0 0.16015625 0.41640625 0.109375 0.0875
0 0.325 0.35078125 0.121875 0.0625
0 0.47265625 0.328125 0.1015625 0.053125
0 0.63984375 0.271875 0.1015625 0.0515625
0 0.7453125 0.23828125 0.0421875 0.0421875
0 0.8484375 0.2171875 0.1078125 0.071875
0 0.1375 0.459375 0.09375 0.0796875
0 0.2359375 0.43203125 0.05 0.0640625
0 0.215625 0.4859375 0.1171875 0.0625
0 0.31328125 0.4671875 0.040625 0.0359375
0 0.43984375 0.42734375 0.0796875 0.059375
0 0.5828125 0.390625 0.103125 0.059375
0 0.76796875 0.3515625 0.2328125 0.109375
0 0.17265625 0.55859375 0.1015625 0.0796875
0 0.271875 0.53359375 0.065625 0.065625
0 0.44140625 0.50234375 0.190625 0.109375
0 0.59765625 0.44296875 0.1046875 0.0640625
0 0.76796875 0.39765625 0.1625 0.0796875
0 0.05546875 0.63515625 0.084375 0.075
0 0.221875 0.6015625 0.1578125 0.0984375
0 0.2421875 0.646875 0.1296875 0.071875
0 0.36015625 0.61484375 0.0703125 0.0453125
0 0.46015625 0.60234375 0.0953125 0.0609375
0 0.58125 0.55625 0.103125 0.0609375
0 0.7265625 0.5171875 0.1515625 0.0765625
0 0.9140625 0.4953125 0.171875 0.121875
0 0.2078125 0.7015625 0.059375 0.0375
0 0.36328125 0.66953125 0.1953125 0.08125
0 0.01484375 0.1859375 0.0296875 0.04375
0 0.021875 0.23359375 0.0421875 0.0515625
0 0.05390625 0.31640625 0.05 0.046875
0 0.06875 0.428125 0.0453125 0.04375
0 0.103125 0.525 0.04375 0.0484375
0 0.11875 0.63125 0.0390625 0.0375
0 0.15078125 0.67421875 0.0375 0.0375