0 0.365625 0.03515625 0.0515625 0.0375
0 0.39609375 0.03828125 0.0078125 0.021875
0 0.4171875 0.04140625 0.03125 0.0296875
0 0.4640625 0.05625 0.0625 0.0390625
0 0.51640625 0.059375 0.04375 0.0375
0 0.4171875 0.11484375 0.13125 0.0859375
0 0.32890625 0.18828125 0.040625 0.0390625
0 0.45859375 0.21640625 0.1765625 0.071875
0 0.57734375 0.24375 0.0390625 0.0359375
0 0.30703125 0.253125 0.0390625 0.034375
0 0.43046875 0.27578125 0.1671875 0.06875
0 0.546875 0.30703125 0.0375 0.0359375
0 0.6375 0.321875 0.10625 0.0546875
0 0.29609375 0.3265625 0.0390625 0.0421875
0 0.42421875 0.35 0.175 0.0703125
0 0.54921875 0.378125 0.0390625 0.040625
0 0.65859375 0.40625 0.15625 0.08125
0 0.35234375 0.40078125 0.021875 0.0203125
0 0.4421875 0.421875 0.121875 0.0734375
0 0.52421875 0.4359375 0.0390625 0.0390625
0 0.57578125 0.453125 0.053125 0.0328125
0 0.64296875 0.46484375 0.078125 0.0390625
0 0.3421875 0.45 0.01875 0.01875
0 0.3359375 0.5109375 0.01875 0.015625
0 0.4484375 0.54765625 0.1578125 0.0671875
0 0.61328125 0.5859375 0.140625 0.0828125
0 0.3046875 0.58203125 0.1078125 0.05625
0 0.21875 0.6734375 0.0453125 0.046875
0 0.33359375 0.6921875 0.153125 0.06875
0 0.44375 0.71953125 0.0375 0.0265625
0 0.4875 0.73046875 0.01875 0.0234375
0 0.55 0.74921875 0.096875 0.0640625
0 0.203125 0.7359375 0.0359375 0.04375
0 0.35234375 0.775 0.253125 0.096875
0 0.52421875 0.8046875 0.05625 0.0390625
0 0.59765625 0.81796875 0.0828125 0.05
0 0.6703125 0.828125 0.0328125 0.040625
0 0.28125 0.81328125 0.2015625 0.078125
0 0.41953125 0.84375 0.0375 0.0328125
0 0.4984375 0.8484375 0.0828125 0.0546875
0 0.56953125 0.8671875 0.0375 0.03125
0 0.615625 0.875 0.0296875 0.0296875
0 0.65390625 0.88203125 0.0328125 0.028125
0 0.24609375 0.8640625 0.125 0.05625
0 0.43203125 0.8984375 0.1765625 0.065625
0 0.5625 0.9171875 0.0578125 0.040625
0 0.26015625 0.90703125 0.1296875 0.0484375
0 0.35546875 0.93046875 0.034375 0.0296875
0 0.409375 0.9390625 0.0453125 0.0375
0 0.44453125 0.48359375 0.16875 0.078125
0 0.56640625 0.50078125 0.0671875 0.0421875
0 0.66875 0.26640625 0.115625 0.0703125