0 0.04375 0.10625 0.065625 0.0390625
0 0.175 0.08828125 0.1609375 0.084375
0 0.2671875 0.0828125 0.0203125 0.0328125
0 0.684375 0.0203125 0.159375 0.040625
0 0.0515625 0.1875 0.0390625 0.0640625
0 0.12109375 0.178125 0.090625 0.0875
0 0.2296875 0.1734375 0.078125 0.0859375
0 0.35078125 0.1328125 0.153125 0.11875
0 0.47890625 0.115625 0.0921875 0.0828125
0 0.57421875 0.07578125 0.09375 0.0671875
0 0.65625 0.05625 0.053125 0.0578125
0 0.7921875 0.03359375 0.15625 0.0671875
0 0.09375 0.26015625 0.0921875 0.08125
0 0.2171875 0.240625 0.0953125 0.084375
0 0.33828125 0.209375 0.103125 0.078125
0 0.46171875 0.20390625 0.1046875 0.09375
0 0.57578125 0.17578125 0.10625 0.103125
0 0.68671875 0.13203125 0.078125 0.0703125
0 0.76171875 0.11640625 0.0421875 0.05
0 0.8359375 0.096875 0.0875 0.0703125
0 0.1421875 0.3296875 0.1328125 0.0875
0 0.2421875 0.3125 0.0234375 0.05625
0 0.30234375 0.303125 0.0703125 0.05625
0 0.4046875 0.296875 0.1203125 0.096875
0 0.5265625 0.25625 0.06875 0.059375
0 0.67109375 0.21328125 0.15 0.0890625
0 0.7921875 0.20625 0.0921875 0.0859375
0 0.86484375 0.1765625 0.0546875 0.0609375
0 0.1328125 0.40859375 0.0953125 0.08125
0 0.246875 0.39453125 0.109375 0.0640625
0 0.38828125 0.365625 0.0890625 0.0734375
0 0.51484375 0.33671875 0.109375 0.08125
0 0.59921875 0.32265625 0.034375 0.0609375
0 0.68359375 0.309375 0.08125 0.0640625
0 0.803125 0.2828125 0.1125 0.0859375
0 0.17734375 0.50390625 0.153125 0.1078125
0 0.2671875 0.49375 0.015625 0.0296875
0 0.31015625 0.45546875 0.0765625 0.0765625
0 0.39765625 0.44921875 0.090625 0.0921875
0 0.53984375 0.4125 0.1375 0.0828125
0 0.66171875 0.39453125 0.0625 0.0609375
0 0.73671875 0.390625 0.084375 0.0890625
0 0.82734375 0.3546875 0.1015625 0.084375
0 0.92890625 0.33984375 0.0578125 0.0734375
0 0.1953125 0.57109375 0.0734375 0.053125
0 0.29921875 0.56484375 0.0953125 0.0875
0 0.42265625 0.525 0.0890625 0.0671875
0 0.50625 0.51015625 0.0578125 0.071875
0 0.6078125 0.47890625 0.109375 0.078125
0 0.74140625 0.47734375 0.0765625 0.071875
0 0.8578125 0.43359375 0.0921875 0.0703125
0 0.953125 0.4078125 0.0828125 0.06875
0 0.29609375 0.6625 0.1109375 0.0890625
0 0.43671875 0.6546875 0.075 0.0828125
0 0.5546875 0.60546875 0.1015625 0.0703125
0 0.63125 0.60078125 0.0359375 0.04375
0 0.7375 0.5828125 0.103125 0.0921875
0 0.8625 0.56328125 0.0984375 0.1046875
0 0.92421875 0.565625 0.0265625 0.03125
0 0.965625 0.534375 0.06875 0.078125
0 0.2109375 0.77109375 0.0671875 0.071875
0 0.2796875 0.74453125 0.065625 0.05625
0 0.4 0.73828125 0.134375 0.1015625
0 0.5390625 0.7046875 0.0953125 0.071875
0 0.646875 0.6671875 0.1015625 0.0828125
0 0.79765625 0.64140625 0.090625 0.06875
0 0.9078125 0.6359375 0.1 0.0765625
0 0.975 0.61171875 0.05 0.0578125
0 0.4171875 0.809375 0.0890625 0.0703125
0 0.5328125 0.7859375 0.0984375 0.0734375
0 0.609375 0.77578125 0.034375 0.040625
0 0.7140625 0.76171875 0.0859375 0.08125
0 0.84765625 0.73125 0.1328125 0.0984375
0 0.66484375 0.83203125 0.2125 0.1125
0 0.80234375 0.80703125 0.0328125 0.0578125
0 0.33984375 0.959375 0.1140625 0.08125
0 0.490625 0.94296875 0.178125 0.1140625
0 0.63828125 0.91328125 0.0828125 0.0875
0 0.7609375 0.88359375 0.1046875 0.0734375
0 0.81328125 0.90625 0.0359375 0.03125
0 0.89453125 0.89375 0.0671875 0.065625