0 0.1546875 0.1125 0.0859375 0.078125
0 0.23203125 0.11171875 0.0703125 0.0734375
0 0.30625 0.09375 0.0421875 0.0421875
0 0.36796875 0.0703125 0.0734375 0.06875
0 0.1375 0.19765625 0.0234375 0.0375
0 0.17578125 0.21640625 0.0421875 0.059375
0 0.215625 0.18828125 0.040625 0.05
0 0.26875 0.19453125 0.0609375 0.0578125
0 0.34296875 0.1609375 0.065625 0.0640625
0 0.4390625 0.14765625 0.1140625 0.1078125
0 0.178125 0.35078125 0.0796875 0.0640625
0 0.3078125 0.36015625 0.1609375 0.11875
0 0.41875 0.33046875 0.053125 0.0515625
0 0.49375 0.303125 0.071875 0.046875
0 0.58828125 0.2953125 0.09375 0.09375
0 0.6671875 0.2578125 0.0515625 0.0375
0 0.71171875 0.2390625 0.028125 0.0375
0 0.775 0.24375 0.0859375 0.103125
0 0.1765625 0.446875 0.05625 0.05625
0 0.253125 0.4453125 0.0734375 0.05625
0 0.36015625 0.42109375 0.0921875 0.0625
0 0.45 0.41484375 0.065625 0.0734375
0 0.52734375 0.38203125 0.06875 0.065625
0 0.65234375 0.36484375 0.1078125 0.0609375
0 0.20859375 0.61328125 0.0484375 0.0671875
0 0.290625 0.584375 0.096875 0.0671875
0 0.37265625 0.57109375 0.034375 0.046875
0 0.43828125 0.584375 0.0890625 0.1
0 0.54296875 0.559375 0.0578125 0.08125
0 0.58125 0.54375 0.03125 0.046875
0 0.63984375 0.53359375 0.040625 0.0328125
0 0.71953125 0.5375 0.065625 0.0734375
0 0.8140625 0.52265625 0.128125 0.115625
0 0.2234375 0.71640625 0.053125 0.06875
0 0.29453125 0.70625 0.0796875 0.090625
0 0.3828125 0.6796875 0.065625 0.065625
0 0.459375 0.66171875 0.0578125 0.0453125
0 0.52578125 0.65234375 0.0453125 0.0515625
0 0.609375 0.63046875 0.1015625 0.065625
0 0.67578125 0.64140625 0.009375 0.015625
0 0.25546875 0.86796875 0.053125 0.059375
0 0.3296875 0.8578125 0.0640625 0.053125
0 0.4109375 0.85625 0.084375 0.090625
0 0.484375 0.81953125 0.0578125 0.0484375
0 0.59453125 0.7875 0.1203125 0.0796875
0 0.75078125 0.7734375 0.15 0.103125
0 0.85390625 0.72578125 0.0578125 0.0625
0 0.27890625 0.97265625 0.0796875 0.0546875
0 0.39921875 0.95234375 0.1078125 0.0953125
0 0.48984375 0.9140625 0.0859375 0.0625
0 0.553125 0.92578125 0.009375 0.0125
0 0.728125 0.88515625 0.115625 0.0796875
0 0.8171875 0.884375 0.075 0.0859375
0 0.86484375 0.85703125 0.0484375 0.0578125
0 0.94140625 0.83359375 0.1171875 0.0984375