0 0.4296875 0.121875 0.1125 0.0546875
0 0.4 0.27421875 0.0953125 0.04375
0 0.47734375 0.30234375 0.0734375 0.0546875
0 0.24609375 0.41796875 0.065625 0.04375
0 0.440625 0.490625 0.0796875 0.04375
0 0.5171875 0.6328125 0.096875 0.0484375
0 0.39765625 0.73984375 0.0890625 0.0578125
0 0.49765625 0.734375 0.1109375 0.0765625
0 0.44609375 0.9234375 0.1125 0.053125
0 0.7015625 0.2578125 0.084375 0.0453125
0 0.859375 0.30234375 0.1796875 0.1
0 0.87734375 0.46484375 0.1859375 0.084375
0 0.86484375 0.65625 0.1875 0.0890625
0 0.8015625 0.925 0.0234375 0.0109375
0 0.8421875 0.9125 0.05625 0.0484375
0 0.91015625 0.91015625 0.071875 0.0703125
0 0.8140625 0.98046875 0.08125 0.0390625
0 0.89609375 0.97734375 0.0734375 0.0453125
0 0.4171875 0.2 0.0453125 0.0625
0 0.43203125 0.3765625 0.0453125 0.0625
0 0.434375 0.8265625 0.0484375 0.0546875
0 0.8390625 0.76328125 0.0546875 0.0625
0 0.84765625 0.55234375 0.0484375 0.06875
0 0.80546875 0.95546875 0.0390625 0.0203125
0 0.45 0.61328125 0.053125 0.128125
0 0.821875 0.37578125 0.0484375 0.0796875
0 0.259375 0.30546875 0.1734375 0.0609375
0 0.6890625 0.29140625 0.09375 0.0484375
0 0.5125 0.52265625 0.0578125 0.053125