0 0.07265625 0.2140625 0.1453125 0.115625
0 0.25703125 0.1734375 0.15625 0.0828125
0 0.5078125 0.1453125 0.2359375 0.11875
0 0.7859375 0.08203125 0.2359375 0.1078125
0 0.096875 0.3171875 0.19375 0.1375
0 0.26640625 0.25390625 0.0984375 0.0859375
0 0.54765625 0.23203125 0.384375 0.1671875
0 0.26796875 0.353125 0.5359375 0.228125
0 0.75703125 0.259375 0.3453125 0.128125
0 0.18203125 0.48046875 0.3640625 0.1796875
0 0.53125 0.39765625 0.2859375 0.11875
0 0.76484375 0.3484375 0.096875 0.0625
0 0.1125 0.58046875 0.128125 0.075
0 0.3703125 0.52890625 0.278125 0.121875