0 0.08515625 0.12890625 0.0375 0.028125
0 0.08671875 0.1625 0.0515625 0.025
0 0.09375 0.1828125 0.0640625 0.028125
0 0.11484375 0.21328125 0.0890625 0.0359375
0 0.1296875 0.2421875 0.1328125 0.040625
0 0.10390625 0.2671875 0.040625 0.025
0 0.16640625 0.25859375 0.0671875 0.0234375
0 0.12109375 0.29296875 0.0734375 0.028125
0 0.13828125 0.3203125 0.0859375 0.0296875
0 0.12421875 0.3484375 0.078125 0.0359375
0 0.28828125 0.1484375 0.096875 0.0328125
0 0.28671875 0.17265625 0.065625 0.0359375
0 0.296875 0.19609375 0.0765625 0.03125
0 0.303125 0.21953125 0.0875 0.0375
0 0.42734375 0.1296875 0.040625 0.034375
0 0.43671875 0.15234375 0.0515625 0.0390625
0 0.44609375 0.17578125 0.0484375 0.0453125
0 0.56171875 0.07265625 0.0625 0.0359375
0 0.634375 0.05703125 0.0546875 0.03125
0 0.7078125 0.04296875 0.0640625 0.021875
0 0.76640625 0.03046875 0.028125 0.0296875
0 0.57734375 0.10546875 0.096875 0.04375
0 0.66328125 0.084375 0.0359375 0.0296875
0 0.759375 0.071875 0.1296875 0.0421875
0 0.575 0.14375 0.0703125 0.03125
0 0.65703125 0.1375 0.0796875 0.0421875
0 0.775 0.1109375 0.13125 0.046875
0 0.76875 0.45390625 0.0640625 0.04375
0 0.83125 0.4359375 0.05625 0.05
0 0.81015625 0.47734375 0.109375 0.0671875
0 0.42109375 0.6046875 0.021875 0.03125
0 0.496875 0.59765625 0.05625 0.034375
0 0.36640625 0.6640625 0.0109375 0.0046875
0 0.42734375 0.65859375 0.0953125 0.040625
0 0.36875 0.69296875 0.0125 0.0046875
0 0.43984375 0.69375 0.0953125 0.04375
0 0.37265625 0.72421875 0.009375 0.00625
0 0.46640625 0.7265625 0.153125 0.059375
0 0.49375 0.7640625 0.115625 0.0296875
0 0.43046875 0.8078125 0.0171875 0.021875
0 0.4875 0.79921875 0.071875 0.03125
0 0.553125 0.80390625 0.040625 0.0390625
0 0.60546875 0.79140625 0.053125 0.0296875
0 0.09140625 0.828125 0.03125 0.03125
0 0.1421875 0.8171875 0.0546875 0.0265625
0 0.2703125 0.81015625 0.11875 0.05
0 0.1015625 0.85234375 0.03125 0.028125
0 0.18046875 0.85546875 0.1125 0.05625
0 0.10546875 0.88125 0.0328125 0.025
0 0.13984375 0.8796875 0.0265625 0.021875
0 0.32265625 0.8671875 0.0796875 0.0515625
0 0.12265625 0.97265625 0.034375 0.0265625
0 0.15546875 0.9734375 0.028125 0.0171875
0 0.825 0.815625 0.1296875 0.0390625
0 0.77734375 0.890625 0.1 0.05
0 0.7625 0.92265625 0.053125 0.0390625
0 0.79140625 0.946875 0.084375 0.0328125
0 0.19140625 0.81171875 0.0296875 0.0265625
0 0.22109375 0.8796875 0.1140625 0.05
0 0.83359375 0.85234375 0.1015625 0.0390625
0 0.69453125 0.89296875 0.0390625 0.03125
0 0.88671875 0.878125 0.1 0.0453125
0 0.8375 0.91015625 0.0875 0.034375
0 0.9015625 0.93671875 0.0921875 0.0453125