0 0.17265625 0.01015625 0.1015625 0.0203125
0 0.5078125 0.04921875 0.1890625 0.0625
0 0.67578125 0.065625 0.1296875 0.059375
0 0.2484375 0.0390625 0.184375 0.0578125
0 0.14765625 0.08203125 0.084375 0.0296875
0 0.44921875 0.10625 0.2203125 0.1015625
0 0.134375 0.1328125 0.065625 0.0265625
0 0.29609375 0.1578125 0.2234375 0.0703125
0 0.54765625 0.19140625 0.0703125 0.0265625
0 0.71796875 0.2109375 0.1875 0.0734375
0 0.16484375 0.19296875 0.10625 0.034375
0 0.27890625 0.21015625 0.1140625 0.028125
0 0.39375 0.25390625 0.1203125 0.084375
0 0.51640625 0.26328125 0.109375 0.0796875
0 0.12734375 0.28984375 0.0453125 0.0296875
0 0.18515625 0.29765625 0.059375 0.028125
0 0.2421875 0.303125 0.0421875 0.0234375
0 0.29375 0.31015625 0.053125 0.025
0 0.3796875 0.321875 0.109375 0.03125
0 0.1921875 0.33984375 0.1953125 0.0703125
0 0.38359375 0.359375 0.134375 0.0703125
0 0.14140625 0.39609375 0.1171875 0.0546875
0 0.21484375 0.4015625 0.01875 0.0296875
0 0.26015625 0.40859375 0.06875 0.0359375
0 0.36875 0.43046875 0.1484375 0.05
0 0.49140625 0.4390625 0.090625 0.0359375
0 0.16328125 0.46640625 0.1390625 0.05
0 0.3328125 0.4828125 0.09375 0.0453125
0 0.48515625 0.5078125 0.1046875 0.046875
0 0.634375 0.54453125 0.1109375 0.0359375
0 0.7578125 0.578125 0.096875 0.0546875
0 0.221875 0.54296875 0.240625 0.0609375
0 0.1484375 0.5859375 0.0609375 0.040625
0 0.20078125 0.59453125 0.03125 0.034375
0 0.23984375 0.60078125 0.028125 0.03125
0 0.2890625 0.609375 0.021875 0.01875
0 0.11953125 0.628125 0.0953125 0.03125
0 0.30546875 0.65234375 0.1796875 0.0546875
0 0.5140625 0.68125 0.1109375 0.0390625
0 0.68515625 0.71640625 0.16875 0.0546875
0 0.1546875 0.696875 0.1375 0.0453125
0 0.38203125 0.73984375 0.1515625 0.05625
0 0.54921875 0.75859375 0.0828125 0.040625
0 0.70234375 0.79140625 0.13125 0.0359375
0 0.19765625 0.78125 0.259375 0.0875
0 0.45546875 0.81640625 0.134375 0.04375
0 0.63984375 0.84921875 0.1296875 0.04375
0 0.23828125 0.85859375 0.3015625 0.0703125
0 0.0625 0.86875 0.1125 0.0265625
0 0.15 0.88046875 0.059375 0.01875
0 0.20625 0.8890625 0.0484375 0.015625
0 0.28203125 0.015625 0.05 0.0296875