0 0.1859375 0.021875 0.090625 0.04375
0 0.2671875 0.02578125 0.065625 0.0515625
0 0.3765625 0.03359375 0.1171875 0.0609375
0 0.51875 0.04453125 0.140625 0.065625
0 0.61328125 0.05078125 0.0796875 0.0625
0 0.71875 0.08125 0.1640625 0.084375
0 0.89375 0.07734375 0.1453125 0.0703125
0 0.1734375 0.10234375 0.1953125 0.0703125
0 0.4359375 0.125 0.328125 0.1109375
0 0.66953125 0.15859375 0.165625 0.0890625
0 0.86796875 0.15546875 0.18125 0.0703125
0 0.1171875 0.16953125 0.065625 0.0546875
0 0.21640625 0.184375 0.1015625 0.053125
0 0.4171875 0.19140625 0.2484375 0.084375
0 0.63125 0.21640625 0.1328125 0.065625
0 0.809375 0.2390625 0.20625 0.1
0 0.13671875 0.240625 0.125 0.06875
0 0.3578125 0.26328125 0.3390625 0.115625
0 0.63046875 0.2828125 0.1828125 0.0703125
0 0.825 0.31796875 0.2046875 0.0796875
0 0.17578125 0.31640625 0.2 0.0875
0 0.353125 0.33828125 0.1765625 0.0828125
0 0.540625 0.36640625 0.19375 0.0765625
0 0.7328125 0.3640625 0.1765625 0.075
0 0.9015625 0.3828125 0.1359375 0.065625
0 0.0953125 0.38984375 0.065625 0.046875
0 0.2046875 0.39921875 0.1796875 0.1078125
0 0.41484375 0.41640625 0.215625 0.078125
0 0.646875 0.434375 0.2046875 0.0859375
0 0.809375 0.45 0.0609375 0.05625
0 0.92109375 0.465625 0.1578125 0.059375
0 0.18984375 0.475 0.2703125 0.109375
0 0.39140625 0.49375 0.1328125 0.05
0 0.61015625 0.51796875 0.3109375 0.1046875
0 0.8609375 0.54453125 0.1671875 0.075
0 0.11484375 0.53671875 0.1109375 0.046875
0 0.23828125 0.5421875 0.071875 0.034375
0 0.3828125 0.57890625 0.1796875 0.0859375
0 0.56953125 0.575 0.1359375 0.0640625
0 0.7359375 0.60390625 0.2078125 0.0671875
0 0.89140625 0.63515625 0.16875 0.0828125
0 0.1 0.621875 0.1109375 0.0484375
0 0.29453125 0.6328125 0.29375 0.0875
0 0.5203125 0.6703125 0.1671875 0.090625
0 0.69296875 0.69453125 0.1921875 0.0890625
0 0.89921875 0.71015625 0.1625 0.0796875
0 0.08203125 0.68671875 0.0609375 0.04375
0 0.1890625 0.69453125 0.0703125 0.0609375
0 0.3515625 0.7125 0.2375 0.0828125
0 0.54609375 0.73828125 0.2 0.0890625
0 0.73125 0.77109375 0.175 0.08125
0 0.87734375 0.78125 0.1625 0.06875
0 0.09921875 0.7609375 0.1296875 0.05
0 0.27109375 0.78203125 0.1796875 0.0703125
0 0.47109375 0.81171875 0.1484375 0.0734375
0 0.61015625 0.846875 0.1765625 0.10625
0 0.78671875 0.8578125 0.1859375 0.08125
0 0.14140625 0.8296875 0.21875 0.0859375
0 0.2984375 0.8765625 0.090625 0.0765625
0 0.4265625 0.8984375 0.203125 0.0828125
0 0.603125 0.92421875 0.0984375 0.0828125
0 0.74375 0.9296875 0.1921875 0.0859375
0 0.834375 0.99453125 0.15625 0.0109375