0 0.28359375 0.39375 0.3015625 0.1015625
0 0.46328125 0.396875 0.021875 0.0203125
0 0.1984375 0.4703125 0.0296875 0.01875
0 0.30703125 0.49140625 0.1484375 0.0625
0 0.46796875 0.50703125 0.1703125 0.0890625
0 0.70703125 0.5234375 0.275 0.10625
0 0.259375 0.596875 0.11875 0.0515625
0 0.38515625 0.61328125 0.08125 0.0875
0 0.50859375 0.60390625 0.1015625 0.0609375
0 0.71171875 0.61328125 0.246875 0.075
0 0.23671875 0.68203125 0.065625 0.065625
0 0.3859375 0.71953125 0.171875 0.103125
0 0.5078125 0.6875 0.0328125 0.0265625