0 0.01953125 0.15859375 0.0390625 0.0578125
0 0.28203125 0.07265625 0.1390625 0.06875
0 0.1078125 0.16171875 0.0890625 0.0671875
0 0.20703125 0.1390625 0.1171875 0.0703125
0 0.321875 0.115625 0.10625 0.0734375
0 0.43203125 0.0859375 0.1078125 0.065625
0 0.5515625 0.06171875 0.140625 0.0734375
0 0.67734375 0.03203125 0.1234375 0.0640625
0 0.775 0.0125 0.059375 0.025
0 0.10234375 0.2171875 0.0984375 0.0671875
0 0.1875 0.19453125 0.04375 0.040625
0 0.31484375 0.17265625 0.20625 0.1
0 0.47578125 0.13125 0.115625 0.0515625
0 0.584375 0.1015625 0.071875 0.0421875
0 0.646875 0.08046875 0.040625 0.0421875
0 0.69296875 0.065625 0.04375 0.0375
0 0.79140625 0.05390625 0.1328125 0.0484375
0 0.875 0.028125 0.05 0.05
0 0.11953125 0.2671875 0.0921875 0.0609375
0 0.27421875 0.228125 0.2140625 0.0890625
0 0.19375 0.33515625 0.0796875 0.0609375
0 0.440625 0.28046875 0.1796875 0.09375
0 0.23828125 0.36796875 0.1734375 0.0859375
0 0.42578125 0.31953125 0.096875 0.05625
0 0.25703125 0.41796875 0.171875 0.0734375
0 0.4453125 0.365625 0.146875 0.06875
0 0.22421875 0.4734375 0.075 0.053125
0 0.41484375 0.4234375 0.0703125 0.0453125
0 0.47109375 0.41015625 0.0578125 0.0421875
0 0.5296875 0.39375 0.0625 0.0453125
0 0.2328125 0.51484375 0.08125 0.05625
0 0.4640625 0.46484375 0.146875 0.0671875
0 0.26171875 0.55546875 0.128125 0.0671875
0 0.45859375 0.5 0.10625 0.0609375
0 0.109375 0.6453125 0.0203125 0.0265625
0 0.2125 0.6140625 0.1140625 0.0703125
0 0.309375 0.59765625 0.0359375 0.0359375
0 0.3609375 0.57734375 0.0625 0.053125
0 0.49375 0.54765625 0.18125 0.090625
0 0.6828125 0.496875 0.1859375 0.078125
0 0.8125 0.4671875 0.078125 0.0578125
0 0.8671875 0.45078125 0.059375 0.0453125
0 0.9453125 0.44375 0.0703125 0.0625
0 0.22578125 0.665625 0.1296875 0.0765625
0 0.1203125 0.734375 0.0328125 0.0359375
0 0.20703125 0.71875 0.0703125 0.059375
0 0.33046875 0.684375 0.196875 0.0765625
0 0.459375 0.64765625 0.0453125 0.0359375
0 0.5671875 0.63046875 0.165625 0.0796875
0 0.7234375 0.5765625 0.1671875 0.078125
0 0.8578125 0.55390625 0.06875 0.0515625
0 0.94921875 0.53125 0.1015625 0.075
0 0.21015625 0.76484375 0.0640625 0.0421875
0 0.2828125 0.73984375 0.06875 0.0484375
0 0.2640625 0.8 0.1375 0.065625
0 0.3515625 0.78046875 0.0296875 0.0234375
0 0.4390625 0.7484375 0.09375 0.065625
0 0.53984375 0.72265625 0.0859375 0.0640625
0 0.66484375 0.7015625 0.128125 0.0734375
0 0.7828125 0.66015625 0.0953125 0.0625
0 0.2390625 0.8484375 0.0765625 0.0515625
0 0.31953125 0.8296875 0.075 0.053125
0 0.42734375 0.80390625 0.1484375 0.084375
0 0.54921875 0.778125 0.078125 0.0625
0 0.62578125 0.753125 0.0515625 0.0390625
0 0.72734375 0.72421875 0.134375 0.071875