0 0.15703125 0.20546875 0.1546875 0.0796875
0 0.425 0.20703125 0.2140625 0.1890625
0 0.68046875 0.14921875 0.159375 0.13125
0 0.8484375 0.14765625 0.0984375 0.11875
0 0.08203125 0.35859375 0.04375 0.059375
0 0.29609375 0.32421875 0.2796875 0.175
0 0.56640625 0.30625 0.153125 0.1421875
0 0.76640625 0.26640625 0.1859375 0.15625
0 0.090625 0.503125 0.0796875 0.0578125
0 0.2765625 0.44375 0.2 0.140625
0 0.54921875 0.434375 0.2609375 0.1578125
0 0.828125 0.40390625 0.1890625 0.125
0 0.10078125 0.6140625 0.0734375 0.1015625
0 0.275 0.59453125 0.2109375 0.1125
0 0.49453125 0.57265625 0.1125 0.059375
0 0.6734375 0.553125 0.128125 0.0578125
0 0.85625 0.54140625 0.159375 0.1265625
0 0.16640625 0.7453125 0.19375 0.1109375
0 0.35703125 0.70390625 0.0859375 0.121875
0 0.51796875 0.69453125 0.14375 0.1421875
0 0.71484375 0.65625 0.2140625 0.13125
0 0.89453125 0.63984375 0.14375 0.1484375
0 0.171875 0.8609375 0.1953125 0.1265625
0 0.23203125 0.91484375 0.109375 0.1046875
0 0.4546875 0.871875 0.171875 0.1453125
0 0.70390625 0.8609375 0.1296875 0.075