0 0.32734375 0.128125 0.24375 0.084375
0 0.48984375 0.13125 0.040625 0.05
0 0.59609375 0.125 0.121875 0.046875
0 0.17578125 0.2484375 0.2 0.084375
0 0.1890625 0.325 0.2078125 0.071875
0 0.203125 0.4046875 0.23125 0.0875
0 0.6453125 0.3703125 0.2578125 0.0671875
0 0.253125 0.4484375 0.3375 0.046875
0 0.63046875 0.45078125 0.1953125 0.034375
0 0.1390625 0.51484375 0.134375 0.0484375
0 0.30859375 0.54375 0.125 0.06875
0 0.35859375 0.65 0.15 0.0671875
0 0.5671875 0.6546875 0.190625 0.040625
0 0.184375 0.88828125 0.34375 0.05
0 0.5703125 0.86953125 0.084375 0.059375
0 0.72734375 0.88125 0.190625 0.0625
0 0.8984375 0.86328125 0.1171875 0.04375