0 0.0484375 0.2765625 0.0703125 0.03125
0 0.071875 0.29921875 0.109375 0.04375
0 0.18984375 0.271875 0.0859375 0.034375
0 0.0515625 0.3640625 0.0484375 0.03125
0 0.128125 0.34609375 0.0890625 0.04375
0 0.04296875 0.41484375 0.0078125 0.0078125
0 0.096875 0.39921875 0.0859375 0.0421875
0 0.2140625 0.38203125 0.1265625 0.05625
0 0.3640625 0.35 0.153125 0.065625
0 0.4890625 0.31796875 0.0828125 0.0421875
0 0.571875 0.3015625 0.065625 0.046875
0 0.640625 0.29375 0.040625 0.0296875
0 0.74453125 0.26796875 0.1640625 0.059375
0 0.1109375 0.42890625 0.065625 0.0328125
0 0.1765625 0.4203125 0.0421875 0.034375
0 0.2515625 0.41328125 0.05625 0.0359375
0 0.32578125 0.3890625 0.09375 0.040625
0 0.42734375 0.3703125 0.0890625 0.0390625
0 0.52421875 0.34921875 0.078125 0.0375
0 0.60625 0.34296875 0.059375 0.0421875
0 0.67265625 0.31875 0.059375 0.028125
0 0.78671875 0.296875 0.1390625 0.0671875
0 0.88828125 0.26953125 0.0640625 0.040625
0 0.0609375 0.4953125 0.009375 0.0078125
0 0.10625 0.4875 0.0796875 0.04375
0 0.18984375 0.475 0.0734375 0.04375
0 0.26875 0.45703125 0.0875 0.046875
0 0.34765625 0.44375 0.0796875 0.046875
0 0.42421875 0.428125 0.0828125 0.040625
0 0.49453125 0.41953125 0.0328125 0.0234375
0 0.5390625 0.40546875 0.0703125 0.040625
0 0.11328125 0.51875 0.0828125 0.040625
0 0.1859375 0.51015625 0.040625 0.0421875
0 0.253125 0.50234375 0.0609375 0.0453125
0 0.3421875 0.47578125 0.090625 0.0421875
0 0.4421875 0.45625 0.075 0.040625
0 0.52421875 0.45234375 0.0609375 0.05
0 0.59609375 0.4265625 0.0640625 0.0328125
0 0.69296875 0.4125 0.125 0.0671875
0 0.77109375 0.390625 0.0515625 0.0390625
0 0.075 0.59921875 0.0109375 0.0109375
0 0.12109375 0.5859375 0.08125 0.0453125
0 0.23046875 0.56328125 0.1046875 0.053125
0 0.1265625 0.61875 0.0640625 0.0375
0 0.18671875 0.609375 0.04375 0.046875
0 0.24375 0.596875 0.0625 0.0453125
0 0.33515625 0.5828125 0.109375 0.0484375
0 0.4203125 0.56171875 0.05 0.0359375
0 0.4734375 0.5515625 0.0265625 0.0234375
0 0.54765625 0.53046875 0.090625 0.0484375
0 0.66015625 0.51015625 0.1375 0.053125
0 0.81328125 0.484375 0.1375 0.0640625
0 0.928125 0.4609375 0.1125 0.0640625
0 0.0859375 0.69375 0.025 0.0234375
0 0.125 0.6875 0.0625 0.0453125
0 0.22890625 0.67734375 0.1484375 0.0734375
0 0.1234375 0.73828125 0.0171875 0.0078125
0 0.2109375 0.72734375 0.14375 0.065625
0 0.31015625 0.6921875 0.04375 0.0359375
0 0.38203125 0.68984375 0.078125 0.053125
0 0.5296875 0.63828125 0.221875 0.0796875
0 0.653125 0.62421875 0.04375 0.0296875
0 0.7171875 0.6 0.0734375 0.046875
0 0.80390625 0.5796875 0.0875 0.04375
0 0.06875 0.81484375 0.03125 0.0359375
0 0.10859375 0.80703125 0.0203125 0.01875
0 0.15625 0.79453125 0.09375 0.053125
0 0.27421875 0.7734375 0.125 0.046875
0 0.37734375 0.75625 0.0546875 0.05
0 0.47265625 0.7203125 0.1375 0.071875
0 0.153125 0.834375 0.040625 0.025
0 0.1890625 0.8265625 0.015625 0.0078125
0 0.22109375 0.81796875 0.0125 0.021875
0 0.26171875 0.8125 0.05625 0.0234375
0 0.3625 0.78828125 0.11875 0.0609375
0 0.4484375 0.76640625 0.046875 0.034375
0 0.54453125 0.75625 0.1296875 0.075
0 0.65546875 0.71640625 0.1015625 0.04375
0 0.20703125 0.85234375 0.0125 0.00625
0 0.30546875 0.8328125 0.1640625 0.0734375
0 0.4234375 0.809375 0.0671875 0.0515625
0 0.21328125 0.88046875 0.015625 0.0078125
0 0.31640625 0.87734375 0.1453125 0.0796875
0 0.14921875 0.9515625 0.0265625 0.0265625
0 0.26796875 0.92890625 0.2 0.0875
0 0.2109375 0.96328125 0.0171875 0.0078125
0 0.28203125 0.94765625 0.109375 0.053125
0 0.36640625 0.93203125 0.0625 0.040625
0 0.47265625 0.90390625 0.15625 0.0734375
0 0.215625 0.9828125 0.0140625 0.009375
0 0.24140625 0.9765625 0.025 0.025
0 0.3046875 0.9625 0.090625 0.0421875
0 0.3765625 0.9453125 0.053125 0.0359375
0 0.45703125 0.92734375 0.10625 0.046875
0 0.53671875 0.90625 0.0375 0.0359375
0 0.58359375 0.8953125 0.059375 0.0328125
0 0.66484375 0.878125 0.096875 0.0390625
0 0.003125 0.45078125 0.00625 0.0296875