0 0.2984375 0.1328125 0.48125 0.1421875
0 0.63671875 0.13046875 0.0703125 0.05
0 0.215625 0.2171875 0.3421875 0.1078125
0 0.778125 0.12734375 0.1265625 0.053125
0 0.49296875 0.2140625 0.096875 0.059375
0 0.78125 0.21796875 0.4046875 0.11875
0 0.265625 0.31171875 0.4765625 0.13125
0 0.5609375 0.30703125 0.1296875 0.08125
0 0.7546875 0.30078125 0.1734375 0.0765625
0 0.296875 0.4078125 0.59375 0.1453125
0 0.7265625 0.4046875 0.121875 0.078125
0 0.30625 0.54609375 0.578125 0.1578125
0 0.78125 0.52578125 0.334375 0.109375
0 0.22265625 0.6390625 0.425 0.11875
0 0.60078125 0.62421875 0.3375 0.0984375
0 0.9015625 0.6234375 0.196875 0.09375
0 0.45078125 0.734375 0.365625 0.1046875