0 0.34765625 0.08828125 0.2609375 0.1015625
0 0.53828125 0.0359375 0.115625 0.05625
0 0.41640625 0.090625 0.096875 0.0390625
0 0.07109375 0.1953125 0.1421875 0.078125
0 0.040625 0.24296875 0.08125 0.0546875
0 0.1640625 0.21015625 0.0921875 0.046875
0 0.09296875 0.22265625 0.009375 0.00625
0 0.1796875 0.23515625 0.1015625 0.0546875
0 0.24921875 0.21328125 0.028125 0.0234375
0 0.2890625 0.19921875 0.071875 0.0484375
0 0.54140625 0.11015625 0.0875 0.04375
0 0.6421875 0.08515625 0.08125 0.0390625
0 0.20859375 0.26484375 0.1234375 0.065625
0 0.5640625 0.140625 0.078125 0.04375
0 0.06171875 0.3421875 0.0859375 0.0484375
0 0.1203125 0.3234375 0.0125 0.00625
0 0.17578125 0.3078125 0.05625 0.0390625
0 0.2640625 0.2796875 0.1 0.0546875
0 0.56484375 0.16796875 0.0484375 0.034375
0 0.60859375 0.1578125 0.025 0.021875
0 0.6640625 0.1390625 0.0875 0.0484375
0 0.5875 0.19609375 0.0515625 0.0359375
0 0.66484375 0.1734375 0.0796875 0.04375
0 0.5984375 0.23125 0.046875 0.034375
0 0.07890625 0.40859375 0.06875 0.0390625
0 0.1640625 0.384375 0.096875 0.05
0 0.22890625 0.36328125 0.0140625 0.0078125
0 0.27890625 0.3421875 0.0765625 0.0453125
0 0.365625 0.325 0.0953125 0.0546875
0 0.47109375 0.2859375 0.109375 0.05625
0 0.63203125 0.253125 0.0984375 0.0578125
0 0.72421875 0.2203125 0.08125 0.0453125
0 0.29375 0.36796875 0.0796875 0.0390625
0 0.34609375 0.353125 0.028125 0.0234375
0 0.4296875 0.32578125 0.1109375 0.0546875
0 0.3203125 0.39140625 0.103125 0.0546875
0 0.51875 0.33671875 0.10625 0.053125
0 0.1234375 0.4921875 0.0734375 0.0421875
0 0.19296875 0.47109375 0.0140625 0.0078125
0 0.28046875 0.44140625 0.1109375 0.05625
0 0.51015625 0.37109375 0.0875 0.0421875
0 0.60390625 0.3390625 0.1015625 0.0546875
0 0.2859375 0.465625 0.078125 0.0390625
0 0.51953125 0.396875 0.0796875 0.0421875
0 0.6078125 0.3703125 0.0765625 0.0359375
0 0.30234375 0.48359375 0.096875 0.0515625
0 0.5265625 0.4265625 0.0828125 0.0421875
0 0.6078125 0.396875 0.071875 0.04375
0 0.1625 0.565625 0.09375 0.0484375
0 0.228125 0.54921875 0.0140625 0.00625
0 0.30546875 0.53046875 0.0953125 0.0484375
0 0.53671875 0.45 0.071875 0.0359375
0 0.31953125 0.55 0.0859375 0.0421875
0 0.559375 0.4671875 0.1203125 0.0546875
0 0.34375 0.57109375 0.1046875 0.05
0 0.56953125 0.49375 0.10625 0.0484375
0 0.36015625 0.5875 0.0734375 0.040625
0 0.41640625 0.56640625 0.053125 0.03125
0 0.559375 0.525 0.0671875 0.0375
0 0.425 0.57890625 0.065625 0.0375
0 0.58984375 0.534375 0.0953125 0.05
0 0.21875 0.66484375 0.128125 0.0546875
0 0.29453125 0.6453125 0.0109375 0.0046875
0 0.36328125 0.62421875 0.0921875 0.0515625
0 0.428125 0.60234375 0.059375 0.0328125
0 0.3609375 0.64453125 0.0640625 0.0390625
0 0.57734375 0.56328125 0.08125 0.04375
0 0.6515625 0.5375 0.0640625 0.0375
0 0.2 0.73359375 0.0640625 0.034375
0 0.2609375 0.71953125 0.053125 0.0359375
0 0.3125 0.70703125 0.009375 0.0046875
0 0.3765625 0.68984375 0.0453125 0.0328125
0 0.46875 0.6546875 0.1375 0.0609375
0 0.59765625 0.59921875 0.059375 0.0359375
0 0.69140625 0.56875 0.071875 0.0453125
0 0.809375 0.52734375 0.084375 0.040625
0 0.7890625 0.559375 0.059375 0.0390625
0 0.85625 0.53828125 0.084375 0.0484375
0 0.8125 0.57265625 0.0859375 0.05
0 0.409375 0.70390625 0.0921875 0.0515625
0 0.47734375 0.6796875 0.0328125 0.021875
0 0.5265625 0.66796875 0.05625 0.0359375
0 0.4609375 0.70078125 0.075 0.034375
0 0.22890625 0.8 0.0796875 0.040625
0 0.2984375 0.77890625 0.0640625 0.03125
0 0.35078125 0.76484375 0.0125 0.00625
0 0.428125 0.7390625 0.0671875 0.0359375
0 0.48671875 0.71484375 0.0546875 0.0328125
0 0.4359375 0.76171875 0.0671875 0.0453125
0 0.5140625 0.73046875 0.08125 0.040625
0 0.23515625 0.875 0.0671875 0.0359375
0 0.30703125 0.853125 0.0578125 0.0296875
0 0.365625 0.83515625 0.0203125 0.0203125
0 0.23203125 0.90546875 0.0671875 0.0390625
0 0.28671875 0.8875 0.0328125 0.0265625
0 0.35234375 0.86953125 0.059375 0.0375
0 0.259375 0.9296875 0.0875 0.040625
0 0.39609375 0.8890625 0.0640625 0.0390625
0 0.48046875 0.865625 0.109375 0.05625
0 0.6234375 0.8203125 0.08125 0.0390625
0 0.70625 0.7984375 0.06875 0.034375
0 0.84296875 0.7515625 0.0859375 0.0484375
0 0.26328125 0.95 0.078125 0.040625
0 0.4125 0.90625 0.065625 0.0328125
0 0.47109375 0.89140625 0.05625 0.03125
0 0.63828125 0.840625 0.08125 0.0375
0 0.73515625 0.809375 0.1109375 0.0515625
0 0.8796875 0.7515625 0.1015625 0.05625
0 0.2796875 0.96484375 0.1046875 0.05
0 0.41953125 0.9265625 0.0640625 0.0390625
0 0.646875 0.86015625 0.0859375 0.0453125
0 0.71953125 0.83828125 0.0546875 0.0359375
0 0.84375 0.79140625 0.06875 0.04375
0 0.66171875 0.87890625 0.0671875 0.040625
0 0.69921875 0.8859375 0.1234375 0.065625
0 0.484375 0.91171875 0.0640625 0.0328125
0 0.87734375 0.5484375 0.0625 0.040625
0 0.915625 0.76015625 0.0890625 0.0625
0 0.73515625 0.5515625 0.0140625 0.0078125
0 0.6421875 0.58359375 0.0234375 0.015625