0 0.51484375 0.0609375 0.175 0.04375
0 0.159375 0.090625 0.121875 0.0421875
0 0.24609375 0.096875 0.0203125 0.01875
0 0.27734375 0.09765625 0.015625 0.0140625
0 0.3421875 0.0984375 0.090625 0.0265625
0 0.4484375 0.1 0.08125 0.0375
0 0.55 0.1109375 0.0875 0.0296875
0 0.62265625 0.1171875 0.028125 0.0203125
0 0.67734375 0.1234375 0.071875 0.0328125
0 0.75390625 0.13203125 0.0515625 0.03125
0 0.8171875 0.1296875 0.0546875 0.0234375
0 0.9140625 0.1375 0.1203125 0.034375
0 0.059375 0.13046875 0.0234375 0.0203125
0 0.1078125 0.1328125 0.0515625 0.025
0 0.16796875 0.13671875 0.0484375 0.025
0 0.2609375 0.146875 0.125 0.040625
0 0.35859375 0.14375 0.0203125 0.0171875
0 0.39921875 0.13828125 0.0390625 0.03125
0 0.465625 0.146875 0.08125 0.0328125
0 0.38828125 0.1890625 0.1015625 0.0328125
0 0.4765625 0.1921875 0.034375 0.0171875
0 0.5734375 0.20859375 0.15 0.0421875
0 0.1015625 0.21953125 0.115625 0.03125
0 0.1890625 0.221875 0.034375 0.021875
0 0.27578125 0.228125 0.1234375 0.034375
0 0.40234375 0.2390625 0.0953125 0.0359375
0 0.0859375 0.26796875 0.1015625 0.05
0 0.078125 0.3046875 0.1015625 0.046875
0 0.1640625 0.30390625 0.0515625 0.053125
0 0.2546875 0.31484375 0.103125 0.040625
0 0.33828125 0.31484375 0.028125 0.0234375
0 0.4015625 0.3296875 0.0640625 0.046875
0 0.50546875 0.33515625 0.090625 0.0421875
0 0.44765625 0.32265625 0.0078125 0.0046875
0 0.59140625 0.34140625 0.0484375 0.03125
0 0.70078125 0.34375 0.1296875 0.034375
0 0.0734375 0.3546875 0.0984375 0.05625
0 0.1578125 0.346875 0.0265625 0.025
0 0.21796875 0.35 0.0703125 0.03125
0 0.31328125 0.36328125 0.071875 0.0421875
0 0.371875 0.36171875 0.021875 0.0234375
0 0.43984375 0.37265625 0.0640625 0.0515625
0 0.55078125 0.375 0.13125 0.034375
0 0.1890625 0.43515625 0.071875 0.040625
0 0.26640625 0.4484375 0.0375 0.03125
0 0.38046875 0.45546875 0.15 0.0453125
0 0.49375 0.46328125 0.0296875 0.0171875
0 0.53515625 0.465625 0.046875 0.0234375
0 0.61484375 0.47421875 0.0921875 0.0484375
0 0.090625 0.4765625 0.16875 0.046875
0 0.23203125 0.5 0.078125 0.0625
0 0.32890625 0.49609375 0.0796875 0.0296875
0 0.4375 0.51015625 0.125 0.05625
0 0.55078125 0.5265625 0.0765625 0.0453125
0 0.62265625 0.51640625 0.034375 0.0328125
0 0.70078125 0.52734375 0.0921875 0.04375
0 0.034375 0.5203125 0.05 0.0328125
0 0.1078125 0.54375 0.084375 0.065625
0 0.209375 0.53671875 0.078125 0.046875
0 0.33203125 0.54453125 0.1359375 0.046875
0 0.44609375 0.5484375 0.0515625 0.0265625
0 0.5578125 0.56640625 0.165625 0.0546875
0 0.05859375 0.56640625 0.115625 0.0359375
0 0.22109375 0.575 0.1734375 0.0484375
0 0.3328125 0.5953125 0.040625 0.0328125
0 0.42890625 0.596875 0.128125 0.05
0 0.33515625 0.70078125 0.15 0.090625
0 0.03828125 0.69140625 0.0765625 0.0328125
0 0.10703125 0.69453125 0.059375 0.040625
0 0.2078125 0.72578125 0.10625 0.05625
0 0.32421875 0.728125 0.0984375 0.046875
0 0.4296875 0.7296875 0.0921875 0.0390625
0 0.52578125 0.7375 0.0609375 0.0359375
0 0.63515625 0.7546875 0.128125 0.0453125
0 0.7390625 0.7609375 0.053125 0.0359375
0 0.79296875 0.7578125 0.040625 0.025
0 0.896875 0.775 0.134375 0.0546875
0 0.00390625 0.7453125 0.0078125 0.0375
0 0.04921875 0.74453125 0.0625 0.028125
0 0.16796875 0.7546875 0.15625 0.0484375
0 0.30390625 0.76953125 0.115625 0.040625
0 0.4015625 0.7703125 0.046875 0.03125
0 0.47890625 0.77734375 0.0921875 0.053125
0 0.55859375 0.790625 0.021875 0.0234375
0 0.634375 0.8078125 0.1171875 0.0828125