0 0.4625 0.09921875 0.1859375 0.15
0 0.51875 0.2265625 0.1671875 0.1296875
0 0.665625 0.28515625 0.1703125 0.1265625
0 0.15390625 0.5328125 0.175 0.15625
0 0.296875 0.4390625 0.16875 0.1078125
0 0.09921875 0.6390625 0.103125 0.0984375
0 0.2546875 0.534375 0.265625 0.1875
0 0.4453125 0.4640625 0.1265625 0.0640625
0 0.225 0.646875 0.134375 0.0765625
0 0.14765625 0.7515625 0.1140625 0.078125
0 0.35078125 0.65859375 0.3390625 0.1671875
0 0.653125 0.56484375 0.3078125 0.278125
0 0.6296875 0.73046875 0.1828125 0.203125
0 0.78984375 0.56953125 0.225 0.215625
0 0.71328125 0.78515625 0.203125 0.1765625
0 0.80390625 0.66875 0.0796875 0.0734375
0 0.89921875 0.55390625 0.178125 0.20625
0 0.83203125 0.790625 0.265625 0.203125