0 0.1359375 0.05 0.1125 0.0375
0 0.25390625 0.0625 0.1171875 0.0640625
0 0.2609375 0.08046875 0.025 0.03125
0 0.2921875 0.07890625 0.0203125 0.0125
0 0.46875 0.0734375 0.3265625 0.0671875
0 0.4671875 0.103125 0.3171875 0.05625
0 0.44921875 0.1375 0.284375 0.0578125
0 0.1015625 0.17421875 0.096875 0.053125
0 0.2078125 0.184375 0.0859375 0.0484375
0 0.12265625 0.20703125 0.0203125 0.0265625
0 0.2 0.20546875 0.0953125 0.046875
0 0.31640625 0.2125 0.11875 0.0578125
0 0.40546875 0.19765625 0.0515625 0.046875
0 0.43828125 0.1921875 0.021875 0.015625
0 0.475 0.1890625 0.05625 0.0375
0 0.5203125 0.1984375 0.0109375 0.0109375
0 0.56171875 0.1828125 0.05 0.040625
0 0.5921875 0.18046875 0.0234375 0.0125
0 0.62578125 0.18125 0.053125 0.0375
0 0.21953125 0.25 0.04375 0.046875
0 0.234375 0.25625 0.021875 0.0140625
0 0.26015625 0.253125 0.0296875 0.04375
0 0.39296875 0.25390625 0.090625 0.0375
0 0.47265625 0.24609375 0.0234375 0.0265625
0 0.51015625 0.24921875 0.0234375 0.0234375
0 0.61328125 0.2546875 0.1609375 0.05
0 0.109375 0.29453125 0.0296875 0.0234375
0 0.22109375 0.2890625 0.1359375 0.03125
0 0.2984375 0.3140625 0.0796875 0.0421875
0 0.3671875 0.3140625 0.0578125 0.0421875
0 0.53984375 0.3203125 0.265625 0.075
0 0.09609375 0.3546875 0.015625 0.0296875
0 0.153125 0.35390625 0.05625 0.03125
0 0.2390625 0.35546875 0.0828125 0.05
0 0.32890625 0.34765625 0.0640625 0.025
0 0.42109375 0.34921875 0.0859375 0.0265625
0 0.18671875 0.3859375 0.0921875 0.0375
0 0.284375 0.3796875 0.0328125 0.034375
0 0.31484375 0.37421875 0.0203125 0.0140625
0 0.35234375 0.37421875 0.05 0.034375
0 0.40078125 0.3921875 0.0140625 0.0125
0 0.48984375 0.37578125 0.0734375 0.0265625
0 0.56953125 0.37109375 0.0390625 0.0328125
0 0.20703125 0.43671875 0.0671875 0.0421875
0 0.26171875 0.43828125 0.0265625 0.0234375
0 0.29921875 0.43984375 0.03125 0.0390625
0 0.3546875 0.43828125 0.078125 0.0453125
0 0.4328125 0.45 0.015625 0.0125
0 0.49375 0.4328125 0.0703125 0.0484375
0 0.5765625 0.43125 0.1078125 0.0421875
0 0.646875 0.42890625 0.0375 0.05
0 0.14921875 0.503125 0.0421875 0.0296875
0 0.18359375 0.50234375 0.0203125 0.015625
0 0.234375 0.49296875 0.06875 0.0484375
0 0.38828125 0.48828125 0.1015625 0.0390625
0 0.48984375 0.49140625 0.090625 0.0515625
0 0.559375 0.4921875 0.05 0.0234375
0 0.14609375 0.540625 0.0390625 0.0296875
0 0.1796875 0.53984375 0.021875 0.015625
0 0.22890625 0.5359375 0.0578125 0.034375
0 0.34296875 0.54453125 0.0578125 0.0453125
0 0.440625 0.53125 0.1125 0.0359375
0 0.51953125 0.5265625 0.0265625 0.0296875
0 0.5546875 0.528125 0.0265625 0.0234375
0 0.646875 0.53125 0.1609375 0.046875
0 0.1546875 0.609375 0.140625 0.065625
0 0.309375 0.6 0.103125 0.0390625
0 0.42265625 0.60625 0.1 0.0578125
0 0.540625 0.5890625 0.059375 0.0359375
0 0.58203125 0.58828125 0.0203125 0.0140625
0 0.6125 0.5859375 0.025 0.0390625
0 0.6953125 0.584375 0.13125 0.0390625
0 0.58046875 0.61875 0.0171875 0.009375
0 0.60234375 0.61953125 0.0265625 0.03125
0 0.6796875 0.61796875 0.115625 0.0359375
0 0.84375 0.5859375 0.0875 0.0265625
0 0.93125 0.584375 0.071875 0.0265625
0 0.82890625 0.62109375 0.090625 0.04375
0 0.92578125 0.6171875 0.084375 0.03125
0 0.16484375 0.69453125 0.090625 0.04375
0 0.2515625 0.69609375 0.03125 0.01875
0 0.3359375 0.69375 0.1203125 0.0515625
0 0.490625 0.6890625 0.1328125 0.040625
0 0.64296875 0.68671875 0.128125 0.046875
0 0.07265625 0.75703125 0.021875 0.03125
0 0.09921875 0.7578125 0.021875 0.034375
0 0.20859375 0.75703125 0.14375 0.0453125
0 0.40546875 0.75390625 0.2203125 0.0515625
0 0.18203125 0.79140625 0.0265625 0.0421875
0 0.1125 0.8140625 0.03125 0.046875
0 0.30078125 0.80703125 0.03125 0.0375
0 0.25390625 0.8546875 0.015625 0.01875
0 0.3078125 0.8765625 0.025 0.046875
0 0.4765625 0.80390625 0.040625 0.05
0 0.5140625 0.809375 0.021875 0.015625
0 0.63046875 0.80703125 0.2078125 0.065625
0 0.46796875 0.87578125 0.0375 0.0359375
0 0.5078125 0.88359375 0.021875 0.0171875
0 0.625 0.875 0.203125 0.0625
0 0.19140625 0.9484375 0.1125 0.0359375
0 0.31171875 0.94765625 0.09375 0.028125
0 0.175 0.98125 0.0859375 0.028125
0 0.28203125 0.98125 0.0953125 0.0375