0 0.04140625 0.084375 0.078125 0.03125
0 0.14609375 0.07421875 0.115625 0.0375
0 0.21015625 0.0703125 0.0171875 0.03125
0 0.25703125 0.065625 0.0828125 0.0328125
0 0.3453125 0.0578125 0.0796875 0.034375
0 0.43515625 0.0578125 0.090625 0.046875
0 0.6421875 0.03515625 0.0640625 0.0296875
0 0.734375 0.02890625 0.109375 0.0359375
0 0.09140625 0.12890625 0.1421875 0.059375
0 0.2875 0.103125 0.228125 0.090625
0 0.07265625 0.18984375 0.0234375 0.0125
0 0.16328125 0.18046875 0.1453125 0.065625
0 0.34296875 0.153125 0.2078125 0.0640625
0 0.475 0.14609375 0.046875 0.0359375
0 0.52578125 0.13515625 0.071875 0.071875
0 0.11171875 0.23515625 0.09375 0.0484375
0 0.23046875 0.228125 0.1234375 0.059375
0 0.32109375 0.2046875 0.059375 0.0484375
0 0.4359375 0.2 0.1640625 0.0484375
0 0.53203125 0.19375 0.0421875 0.05625
0 0.2421875 0.340625 0.303125 0.0921875
0 0.0734375 0.49375 0.1 0.0359375
0 0.18515625 0.484375 0.109375 0.04375
0 0.28125 0.46953125 0.0671875 0.0359375
0 0.16953125 0.56328125 0.2046875 0.09375
0 0.3515625 0.56484375 0.121875 0.0859375
0 0.53359375 0.51953125 0.2203125 0.1234375
0 0.69453125 0.50546875 0.0609375 0.0546875
0 0.790625 0.484375 0.103125 0.059375
0 0.24453125 0.628125 0.0640625 0.05625
0 0.346875 0.61953125 0.1265625 0.0609375
0 0.45078125 0.59375 0.075 0.059375
0 0.5390625 0.58359375 0.078125 0.0453125
0 0.671875 0.565625 0.1953125 0.065625
0 0.85546875 0.534375 0.15625 0.0859375
0 0.20234375 0.68828125 0.0484375 0.0390625
0 0.35 0.66796875 0.234375 0.0734375
0 0.50546875 0.64765625 0.0484375 0.0484375
0 0.675 0.6203125 0.290625 0.084375
0 0.0671875 0.8015625 0.0640625 0.0375
0 0.15 0.79296875 0.0875 0.0390625
0 0.2578125 0.78203125 0.1203125 0.05
0 0.7234375 0.71953125 0.059375 0.0328125
0 0.79765625 0.71171875 0.08125 0.0359375
0 0.91328125 0.69453125 0.1390625 0.0453125
0 0.99296875 0.68359375 0.0140625 0.0296875
0 0.325 0.9375 0.1953125 0.059375
0 0.4796875 0.896875 0.0703125 0.0328125
0 0.534375 0.88828125 0.0296875 0.028125
0 0.56640625 0.8859375 0.025 0.021875
0 0.61484375 0.8796875 0.0609375 0.03125
0 0.6609375 0.86875 0.025 0.0296875
0 0.69609375 0.87109375 0.040625 0.0296875
0 0.7625 0.86015625 0.0875 0.0375
0 0.821875 0.84921875 0.0265625 0.0265625
0 0.86171875 0.84765625 0.05 0.0328125
0 0.93203125 0.83359375 0.0875 0.0453125
0 0.9890625 0.82265625 0.021875 0.0203125
0 0.5109375 0.93984375 0.1265625 0.04375
0 0.615625 0.91796875 0.0828125 0.0375
0 0.72265625 0.9015625 0.1265625 0.0421875
0 0.809375 0.8875 0.040625 0.03125
0 0.85390625 0.8875 0.0390625 0.0296875
0 0.91875 0.8734375 0.0875 0.053125
0 0.97265625 0.86328125 0.025 0.025
0 0.99375 0.85546875 0.0125 0.0296875