0 0.28125 0.0203125 0.059375 0.034375
0 0.38671875 0.03203125 0.1359375 0.0640625
0 0.3015625 0.05234375 0.0484375 0.03125
0 0.353125 0.06171875 0.0328125 0.0234375
0 0.421875 0.078125 0.08125 0.04375
0 0.48046875 0.08984375 0.0234375 0.0203125
0 0.51953125 0.09765625 0.034375 0.025
0 0.590625 0.11640625 0.08125 0.0359375
0 0.66015625 0.134375 0.034375 0.0203125
0 0.7328125 0.15546875 0.0734375 0.0390625
0 0.30859375 0.09375 0.0734375 0.0453125
0 0.37890625 0.09921875 0.0234375 0.01875
0 0.46015625 0.12265625 0.1109375 0.053125
0 0.59609375 0.153125 0.1125 0.0546875
0 0.68984375 0.18359375 0.0359375 0.025
0 0.7421875 0.190625 0.0375 0.0265625
0 0.79296875 0.20390625 0.0265625 0.0203125
0 0.84296875 0.22421875 0.0390625 0.0203125
0 0.9328125 0.25234375 0.0984375 0.046875
0 0.2953125 0.12578125 0.0296875 0.025
0 0.36796875 0.13359375 0.078125 0.04375
0 0.44375 0.1515625 0.0390625 0.025
0 0.53359375 0.17421875 0.1 0.0546875
0 0.659375 0.20234375 0.1203125 0.05
0 0.7671875 0.23359375 0.0546875 0.03125
0 0.84140625 0.25859375 0.071875 0.0484375
0 0.91796875 0.27890625 0.05625 0.034375
0 0.3078125 0.1578125 0.065625 0.0359375
0 0.39375 0.1734375 0.0609375 0.0375
0 0.46953125 0.19453125 0.0546875 0.0265625
0 0.5515625 0.21171875 0.0609375 0.0328125
0 0.621875 0.234375 0.053125 0.0390625
0 0.684375 0.24609375 0.0421875 0.0296875
0 0.7296875 0.2609375 0.028125 0.021875
0 0.778125 0.271875 0.0421875 0.0296875
0 0.8375 0.29296875 0.06875 0.0421875
0 0.89296875 0.30546875 0.0234375 0.01875
0 0.3078125 0.19609375 0.0796875 0.05
0 0.259375 0.22109375 0.0484375 0.0265625
0 0.33046875 0.2375 0.0625 0.0421875
0 0.3921875 0.25859375 0.040625 0.0296875
0 0.46171875 0.2640625 0.0625 0.0375
0 0.52734375 0.2875 0.0578125 0.0421875
0 0.58203125 0.2953125 0.040625 0.0265625
0 0.64140625 0.31953125 0.0515625 0.0359375
0 0.69296875 0.32890625 0.0203125 0.0171875
0 0.7515625 0.3421875 0.0765625 0.04375
0 0.80703125 0.35703125 0.0265625 0.0328125
0 0.878125 0.3703125 0.0875 0.0421875
0 0.2921875 0.2640625 0.0828125 0.0359375
0 0.365625 0.2828125 0.0375 0.021875
0 0.4265625 0.29453125 0.04375 0.0328125
0 0.48203125 0.309375 0.0265625 0.01875
0 0.53515625 0.32265625 0.0453125 0.028125
0 0.57890625 0.334375 0.0234375 0.0171875
0 0.6359375 0.34765625 0.05625 0.03125
0 0.7078125 0.37109375 0.0421875 0.0328125
0 0.7890625 0.38984375 0.0890625 0.046875
0 0.86640625 0.41328125 0.034375 0.0328125
0 0.2671875 0.30078125 0.0484375 0.0296875
0 0.45390625 0.34375 0.05625 0.0375
0 0.51953125 0.35703125 0.04375 0.0265625
0 0.565625 0.36640625 0.0234375 0.01875
0 0.60859375 0.37890625 0.0359375 0.0265625
0 0.69921875 0.4015625 0.103125 0.0421875
0 0.78046875 0.42265625 0.0234375 0.015625
0 0.825 0.434375 0.0359375 0.0296875
0 0.88125 0.4484375 0.05625 0.0375
0 0.28828125 0.340625 0.0984375 0.0515625
0 0.3734375 0.35546875 0.021875 0.0171875
0 0.43203125 0.3703125 0.053125 0.0296875
0 0.2171875 0.3625 0.040625 0.0265625
0 0.278125 0.37734375 0.0546875 0.0296875
0 0.34296875 0.38984375 0.025 0.0203125
0 0.40390625 0.409375 0.065625 0.0328125
0 0.46953125 0.42265625 0.0484375 0.03125
0 0.53828125 0.4359375 0.0640625 0.034375
0 0.5875 0.45078125 0.021875 0.021875
0 0.6328125 0.46640625 0.0171875 0.0140625
0 0.69921875 0.48515625 0.0859375 0.05
0 0.78046875 0.496875 0.0484375 0.03125
0 0.84296875 0.5125 0.0515625 0.03125
0 0.22421875 0.40078125 0.0453125 0.0359375
0 0.30546875 0.42578125 0.090625 0.05
0 0.22265625 0.44140625 0.090625 0.0515625
0 0.29296875 0.4578125 0.0359375 0.0375
0 0.34921875 0.4734375 0.0421875 0.03125
0 0.40703125 0.48515625 0.03125 0.01875
0 0.478125 0.4984375 0.065625 0.0375
0 0.546875 0.51796875 0.0265625 0.021875
0 0.63125 0.53828125 0.103125 0.0453125
0 0.72890625 0.57109375 0.065625 0.0375
0 0.82109375 0.59375 0.0921875 0.0484375
0 0.2078125 0.47734375 0.0390625 0.025
0 0.26953125 0.48984375 0.04375 0.0296875
0 0.37734375 0.51484375 0.128125 0.053125
0 0.52421875 0.5609375 0.1265625 0.0671875
0 0.61640625 0.575 0.046875 0.0296875
0 0.684375 0.59296875 0.040625 0.028125
0 0.759375 0.6171875 0.078125 0.05
0 0.22734375 0.53046875 0.1078125 0.0546875
0 0.38046875 0.56640625 0.0875 0.059375
0 0.471875 0.5890625 0.046875 0.0359375
0 0.52578125 0.60546875 0.0453125 0.034375
0 0.6109375 0.6234375 0.0921875 0.0578125
0 0.70390625 0.6390625 0.0671875 0.0375
0 0.76953125 0.65703125 0.03125 0.034375
0 0.82265625 0.6765625 0.040625 0.028125
0 0.196875 0.5546875 0.0578125 0.0359375
0 0.27890625 0.5828125 0.0625 0.0453125
0 0.35 0.59609375 0.040625 0.028125
0 0.41171875 0.61171875 0.0453125 0.03125
0 0.4765625 0.62890625 0.0546875 0.034375
0 0.55234375 0.646875 0.071875 0.053125
0 0.66171875 0.675 0.1171875 0.065625
0 0.7515625 0.6921875 0.05 0.0328125
0 0.8265625 0.70625 0.0609375 0.0375
0 0.171875 0.59453125 0.0265625 0.0265625
0 0.2671875 0.61640625 0.10625 0.0484375
0 0.37578125 0.64453125 0.0640625 0.0359375
0 0.16015625 0.63515625 0.14375 0.059375
0 0.13828125 0.66875 0.0265625 0.025
0 0.17890625 0.6828125 0.0515625 0.028125
0 0.2375 0.6953125 0.0515625 0.040625
0 0.33828125 0.72890625 0.0734375 0.046875
0 0.08125 0.7046875 0.0125 0.015625
0 0.1484375 0.721875 0.053125 0.034375
0 0.21328125 0.740625 0.028125 0.0203125
0 0.275 0.75390625 0.040625 0.0265625
0 0.34375 0.778125 0.046875 0.0359375
0 0.4984375 0.80703125 0.028125 0.025
0 0.55859375 0.81875 0.0421875 0.028125
0 0.628125 0.83125 0.0609375 0.0375
0 0.70078125 0.84296875 0.0546875 0.034375
0 0.071875 0.740625 0.0203125 0.0265625
0 0.13203125 0.7609375 0.0328125 0.0234375
0 0.20703125 0.778125 0.059375 0.0328125
0 0.5390625 0.84921875 0.021875 0.025
0 0.609375 0.8734375 0.0796875 0.0546875
0 0.6890625 0.88828125 0.0515625 0.03125
0 0.74296875 0.89921875 0.028125 0.021875
0 0.0609375 0.78671875 0.0203125 0.025
0 0.1390625 0.8078125 0.0453125 0.028125
0 0.21875 0.834375 0.059375 0.0390625
0 0.30625 0.8578125 0.1046875 0.0515625
0 0.58125 0.90625 0.0421875 0.028125
0 0.6671875 0.93203125 0.0921875 0.053125
0 0.73828125 0.95078125 0.0296875 0.03125
0 0.784375 0.95 0.0375 0.03125
0 0.05 0.828125 0.025 0.025
0 0.14453125 0.85625 0.1046875 0.046875
0 0.60546875 0.95390625 0.10625 0.0484375
0 0.43125 0.965625 0.140625 0.0609375
0 0.78515625 0.90625 0.025 0.0265625
0 0.28671875 0.71015625 0.0234375 0.0265625
0 0.309375 0.54453125 0.028125 0.034375
0 0.35703125 0.3203125 0.1078125 0.05625