0 0.1296875 0.2296875 0.0328125 0.028125
0 0.24765625 0.20703125 0.1484375 0.0546875
0 0.37421875 0.18515625 0.0515625 0.0265625
0 0.55390625 0.16328125 0.2375 0.1015625
0 0.734375 0.13125 0.071875 0.065625
0 0.1859375 0.29296875 0.1109375 0.0546875
0 0.30703125 0.27265625 0.0953125 0.0578125
0 0.4015625 0.259375 0.0984375 0.0453125
0 0.51875 0.2484375 0.084375 0.0640625
0 0.5984375 0.23046875 0.0390625 0.0296875
0 0.7953125 0.19453125 0.2765625 0.1109375
0 0.41328125 0.315625 0.2828125 0.0921875
0 0.2171875 0.40625 0.246875 0.0890625
0 0.453125 0.38671875 0.18125 0.078125
0 0.625 0.33828125 0.115625 0.053125
0 0.80703125 0.31875 0.20625 0.0859375
0 0.1328125 0.5125 0.0453125 0.0453125
0 0.19609375 0.4953125 0.103125 0.0515625
0 0.33671875 0.46796875 0.134375 0.0609375
0 0.4734375 0.45234375 0.0765625 0.0578125
0 0.60859375 0.42734375 0.2046875 0.078125
0 0.77734375 0.39609375 0.103125 0.040625
0 0.88515625 0.37578125 0.06875 0.04375
0 0.315625 0.5234375 0.125 0.065625
0 0.47265625 0.49140625 0.146875 0.0609375
0 0.15546875 0.625 0.04375 0.0328125
0 0.25390625 0.61015625 0.13125 0.0625
0 0.42578125 0.5859375 0.1703125 0.0890625
0 0.60078125 0.5453125 0.1234375 0.05625
0 0.82265625 0.515625 0.303125 0.115625
0 0.26171875 0.67578125 0.209375 0.1015625
0 0.4484375 0.65234375 0.11875 0.059375
0 0.67265625 0.6203125 0.2984375 0.103125
0 0.26484375 0.75390625 0.0953125 0.065625
0 0.46953125 0.71640625 0.3046875 0.10625
0 0.70703125 0.67578125 0.1359375 0.05625
0 0.45078125 0.7859375 0.3359375 0.1078125