0 0.14296875 0.46796875 0.1625 0.0734375
0 0.47109375 0.390625 0.1359375 0.071875
0 0.6578125 0.33359375 0.1484375 0.06875
0 0.84921875 0.2890625 0.2125 0.0875
0 0.1265625 0.5203125 0.0984375 0.053125
0 0.22109375 0.5140625 0.1015625 0.065625
0 0.3046875 0.48046875 0.090625 0.0484375
0 0.1421875 0.56953125 0.1125 0.0546875
0 0.24609375 0.5625 0.103125 0.0765625
0 0.34375 0.52890625 0.0953125 0.0546875
0 0.14609375 0.6234375 0.1046875 0.0609375
0 0.278125 0.59765625 0.1671875 0.0890625
0 0.415625 0.56171875 0.159375 0.071875
0 0.178125 0.66640625 0.1453125 0.084375
0 0.315625 0.64140625 0.171875 0.09375
0 0.41796875 0.61328125 0.08125 0.0546875
0 0.5046875 0.5890625 0.1171875 0.065625
0 0.1984375 0.70546875 0.1515625 0.071875
0 0.234375 0.75 0.2078125 0.1140625
0 0.228125 0.7796875 0.1390625 0.0703125