0 0.08515625 0.1109375 0.1125 0.040625
0 0.228125 0.10625 0.190625 0.0515625
0 0.4265625 0.109375 0.1796875 0.065625
0 0.6265625 0.115625 0.1671875 0.0359375
0 0.84921875 0.12265625 0.2265625 0.040625
0 0.0734375 0.1578125 0.08125 0.0375
0 0.25234375 0.15390625 0.2140625 0.0375
0 0.41796875 0.1546875 0.06875 0.0328125
0 0.50234375 0.16015625 0.0546875 0.028125
0 0.634375 0.16640625 0.1734375 0.0359375
0 0.784375 0.17734375 0.0234375 0.015625
0 0.896875 0.16875 0.1421875 0.040625
0 0.11640625 0.2015625 0.1921875 0.0546875
0 0.30625 0.1984375 0.14375 0.0359375
0 0.45859375 0.20390625 0.10625 0.03125
0 0.5546875 0.20859375 0.0765625 0.0328125
0 0.71640625 0.225 0.1875 0.053125
0 0.89375 0.22578125 0.1046875 0.0359375
0 0.0578125 0.2515625 0.0578125 0.040625
0 0.146875 0.2546875 0.0765625 0.0375
0 0.29296875 0.26015625 0.1875 0.0671875