0 0.2421875 0.0765625 0.0484375 0.0125
0 0.4234375 0.10390625 0.2828125 0.0671875
0 0.59375 0.12578125 0.0296875 0.009375
0 0.7546875 0.15078125 0.275 0.065625
0 0.91484375 0.17265625 0.0296875 0.009375
0 0.4390625 0.140625 0.321875 0.090625
0 0.81015625 0.2 0.2921875 0.0796875
0 0.22578125 0.1984375 0.0546875 0.0140625
0 0.3234375 0.2109375 0.1109375 0.040625
0 0.53671875 0.24609375 0.2828125 0.0890625
0 0.8453125 0.28203125 0.309375 0.0765625
0 0.31953125 0.25234375 0.1328125 0.046875
0 0.509375 0.27890625 0.178125 0.053125
0 0.74765625 0.3140625 0.2484375 0.0703125
0 0.2015625 0.315625 0.046875 0.0125
0 0.28984375 0.328125 0.0859375 0.0375
0 0.52109375 0.35859375 0.3375 0.0796875
0 0.296875 0.37109375 0.1421875 0.0484375
0 0.42734375 0.38828125 0.0765625 0.0328125
0 0.6453125 0.4140625 0.3171875 0.0734375
0 0.8578125 0.45234375 0.1359375 0.0609375
0 0.2734375 0.40703125 0.1328125 0.0609375
0 0.18515625 0.47578125 0.0515625 0.0140625
0 0.44921875 0.50859375 0.4546875 0.096875
0 0.784375 0.55703125 0.1609375 0.046875
0 0.9296875 0.5796875 0.10625 0.0359375
0 0.175 0.55546875 0.053125 0.0171875
0 0.41015625 0.58515625 0.3328125 0.078125
0 0.71171875 0.62578125 0.2375 0.0609375
0 0.265625 0.60859375 0.1453125 0.0515625
0 0.490625 0.63515625 0.3078125 0.0734375
0 0.75859375 0.6734375 0.2296875 0.059375
0 0.91953125 0.69765625 0.0921875 0.0359375
0 0.15703125 0.68046875 0.05625 0.0125
0 0.24453125 0.69296875 0.0953125 0.053125
0 0.51328125 0.7203125 0.4109375 0.0921875
0 0.846875 0.7640625 0.228125 0.0734375
0 0.284375 0.7328125 0.1578125 0.053125