0 0.084375 0.0359375 0.0453125 0.0234375
0 0.3375 0.04765625 0.096875 0.0234375
0 0.3984375 0.05078125 0.015625 0.0203125
0 0.4265625 0.05703125 0.0296875 0.021875
0 0.4765625 0.05390625 0.05625 0.021875
0 0.51796875 0.05859375 0.0171875 0.015625
0 0.57421875 0.05859375 0.0859375 0.0203125
0 0.78671875 0.0625 0.046875 0.0203125
0 0.82265625 0.06328125 0.0140625 0.01875
0 0.88203125 0.06640625 0.0953125 0.025
0 0.08046875 0.11171875 0.1265625 0.0625
0 0.20078125 0.096875 0.1015625 0.0796875
0 0.296875 0.115625 0.05 0.075
0 0.35625 0.11796875 0.028125 0.0375
0 0.44453125 0.12265625 0.0984375 0.0296875
0 0.5828125 0.13046875 0.1125 0.028125
0 0.221875 0.16640625 0.11875 0.046875
0 0.3484375 0.178125 0.065625 0.0515625
0 0.46171875 0.1859375 0.11875 0.05
0 0.57109375 0.178125 0.065625 0.0375
0 0.64453125 0.17421875 0.0625 0.03125
0 0.2296875 0.221875 0.134375 0.0390625
0 0.3359375 0.22265625 0.0359375 0.0390625
0 0.44453125 0.2375 0.115625 0.053125
0 0.553125 0.2375 0.0546875 0.034375
0 0.6890625 0.2328125 0.134375 0.040625
0 0.2359375 0.2859375 0.1390625 0.046875
0 0.36796875 0.29140625 0.0359375 0.046875
0 0.48515625 0.30625 0.134375 0.084375
0 0.62578125 0.290625 0.0875 0.0453125
0 0.2015625 0.3375 0.0890625 0.0296875
0 0.28203125 0.3421875 0.0359375 0.0265625
0 0.35234375 0.34296875 0.06875 0.0234375
0 0.478125 0.33984375 0.13125 0.034375
0 0.6015625 0.340625 0.0875 0.0375
0 0.7078125 0.34140625 0.0921875 0.046875
0 0.1671875 0.38515625 0.046875 0.0359375
0 0.23984375 0.3875 0.0234375 0.0375
0 0.3328125 0.38828125 0.1125 0.0359375
0 0.43984375 0.3953125 0.025 0.0171875
0 0.5140625 0.39765625 0.08125 0.0734375
0 0.60703125 0.384375 0.059375 0.04375
0 0.6859375 0.39296875 0.0546875 0.028125
0 0.20859375 0.4375 0.1203125 0.0453125
0 0.35 0.43671875 0.0953125 0.0421875
0 0.46171875 0.4734375 0.0671875 0.071875
0 0.5921875 0.45234375 0.134375 0.0359375
0 0.10234375 0.4875 0.103125 0.059375
0 0.22421875 0.50859375 0.090625 0.0859375
0 0.32890625 0.49609375 0.084375 0.04375
0 0.4046875 0.49765625 0.028125 0.0328125
0 0.47109375 0.50390625 0.0640625 0.0640625
0 0.53984375 0.49453125 0.0296875 0.040625
0 0.58671875 0.49453125 0.0328125 0.05625
0 0.6546875 0.4875 0.0703125 0.05625
0 0.19609375 0.5484375 0.0390625 0.0484375
0 0.275 0.54765625 0.0515625 0.0453125
0 0.36171875 0.54296875 0.0703125 0.053125
0 0.4375 0.55546875 0.0453125 0.034375
0 0.496875 0.53984375 0.0359375 0.046875
0 0.5640625 0.54921875 0.0625 0.034375
0 0.62734375 0.55703125 0.040625 0.06875
0 0.6875 0.540625 0.0578125 0.046875
0 0.21875 0.61640625 0.1078125 0.0875
0 0.3265625 0.61171875 0.090625 0.071875
0 0.4171875 0.61640625 0.0515625 0.078125
0 0.490625 0.61796875 0.0625 0.0765625
0 0.578125 0.59609375 0.071875 0.0515625
0 0.66875 0.59765625 0.0875 0.0421875
0 0.20703125 0.6671875 0.034375 0.034375
0 0.284375 0.6625 0.090625 0.071875
0 0.37421875 0.6609375 0.04375 0.0265625
0 0.471875 0.6640625 0.1421875 0.065625
0 0.575 0.66015625 0.0484375 0.0703125
0 0.64453125 0.6640625 0.059375 0.08125
0 0.7015625 0.64609375 0.0546875 0.059375
0 0.20390625 0.71484375 0.0640625 0.046875
0 0.3015625 0.71953125 0.1 0.0796875
0 0.4 0.70078125 0.0625 0.0421875
0 0.48203125 0.70234375 0.0859375 0.05625
0 0.84453125 0.690625 0.1796875 0.0578125
0 0.02109375 0.76328125 0.021875 0.0203125
0 0.0703125 0.76171875 0.0625 0.0234375
0 0.1375 0.76015625 0.059375 0.0265625
0 0.18515625 0.76015625 0.021875 0.021875
0 0.22578125 0.75625 0.0515625 0.0234375
0 0.275 0.75625 0.0328125 0.0234375
0 0.32578125 0.75390625 0.0546875 0.0328125
0 0.99609375 0.03203125 0.0078125 0.0140625
0 0.9953125 0.08125 0.009375 0.065625
0 0.9953125 0.1875 0.009375 0.13125
0 0.9953125 0.0125 0.009375 0.009375