0 0.30859375 0.728125 0.4046875 0.13125
0 0.509375 0.48984375 0.2515625 0.1171875
0 0.57421875 0.421875 0.2453125 0.1109375
0 0.10859375 0.62734375 0.2171875 0.1484375
0 0.7203125 0.8671875 0.2234375 0.15625
0 0.52421875 0.33828125 0.25625 0.103125
0 0.59375 0.59765625 0.221875 0.096875
0 0.20546875 0.06171875 0.184375 0.1109375
0 0.7546875 0.9296875 0.18125 0.1125
0 0.5578125 0.9390625 0.1625 0.1
0 0.75234375 0.53984375 0.1765625 0.1
0 0.15390625 0.875 0.178125 0.1140625
0 0.0515625 0.75625 0.103125 0.1375
0 0.3734375 0.83046875 0.1796875 0.0921875
0 0.6828125 0.68515625 0.165625 0.1078125
0 0.63359375 0.79453125 0.1890625 0.1078125
0 0.1390625 0.27265625 0.178125 0.0984375
0 0.64140625 0.2546875 0.2078125 0.0890625
0 0.325 0.39296875 0.2109375 0.096875
0 0.478125 0.15078125 0.184375 0.096875
0 0.9265625 0.40234375 0.13125 0.1140625
0 0.71875 0.05625 0.175 0.0796875
0 0.3578125 0.89453125 0.1390625 0.096875
0 0.4734375 0.65625 0.1578125 0.10625
0 0.1828125 0.81328125 0.1421875 0.09375
0 0.40625 0.06328125 0.18125 0.0921875
0 0.1140625 0.36171875 0.153125 0.09375
0 0.93125 0.5640625 0.1375 0.103125
0 0.8578125 0.71015625 0.140625 0.0890625
0 0.07890625 0.51796875 0.1578125 0.0953125
0 0.28515625 0.48203125 0.13125 0.090625
0 0.91484375 0.6515625 0.128125 0.109375
0 0.64375 0.0953125 0.11875 0.0765625
0 0.87890625 0.30390625 0.128125 0.075
0 0.23125 0.55078125 0.128125 0.0875
0 0.29140625 0.2 0.146875 0.08125
0 0.92421875 0.49609375 0.1515625 0.065625
0 0.4421875 0.25 0.125 0.08125
0 0.2125 0.01015625 0.146875 0.0203125
0 0.15625 0.1203125 0.1328125 0.1078125
0 0.1421875 0.18359375 0.121875 0.0875
0 0.78671875 0.4578125 0.1109375 0.0875
0 0.025 0.8375 0.05 0.075
0 0.37890625 0.58359375 0.140625 0.0640625
0 0.92109375 0.79453125 0.08125 0.0859375
0 0.96484375 0.11640625 0.0703125 0.0734375
0 0.7890625 0.12578125 0.1203125 0.0828125
0 0.87578125 0.08203125 0.1515625 0.075
0 0.75625 0.21796875 0.1359375 0.059375
0 0.296875 0.2953125 0.1078125 0.071875
0 0.4609375 0.01484375 0.146875 0.0296875
0 0.8796875 0.234375 0.1046875 0.0671875
0 0.9 0.88828125 0.0953125 0.065625
0 0.29609375 0.13359375 0.1265625 0.053125
0 0.9625 0.23984375 0.075 0.0703125
0 0.303125 0.64765625 0.1125 0.0625
0 0.69765625 0.34765625 0.0796875 0.0703125
0 0.3359375 0.00625 0.090625 0.0125
0 0.78359375 0.63671875 0.0890625 0.059375
0 0.0421875 0.6671875 0.084375 0.0625
0 0.8921875 0.96796875 0.084375 0.0640625
0 0.62890625 0.190625 0.0828125 0.0609375
0 0.1484375 0.4421875 0.0859375 0.065625
0 0.81171875 0.79140625 0.0859375 0.0640625
0 0.9796875 0.29140625 0.040625 0.0765625
0 0.52734375 0.078125 0.075 0.0578125
0 0.58671875 0.02890625 0.0859375 0.0546875
0 0.06171875 0.4359375 0.0875 0.0515625
0 0.78984375 0.28515625 0.0671875 0.0703125
0 0.971875 0.33203125 0.05625 0.0453125
0 0.56015625 0.865625 0.0765625 0.046875
0 0.93671875 0.16796875 0.1203125 0.0828125
0 0.79921875 0.36953125 0.1328125 0.08125