0 0.25078125 0.06796875 0.10625 0.0484375
0 0.51328125 0.04609375 0.209375 0.0421875
0 0.12421875 0.11875 0.0640625 0.0296875
0 0.2796875 0.1046875 0.225 0.0609375
0 0.42109375 0.0921875 0.04375 0.0453125
0 0.12421875 0.1671875 0.0578125 0.0328125
0 0.5390625 0.13203125 0.05625 0.0296875
0 0.65546875 0.1234375 0.140625 0.05
0 0.14765625 0.2125 0.0765625 0.0296875
0 0.2296875 0.20546875 0.08125 0.021875
0 0.196875 0.2515625 0.059375 0.040625
0 0.25703125 0.25546875 0.065625 0.034375
0 0.34921875 0.24921875 0.0515625 0.046875
0 0.38671875 0.2515625 0.0375 0.0375
0 0.11171875 0.32890625 0.1140625 0.1046875
0 0.228125 0.34296875 0.1125 0.084375
0 0.3140625 0.31875 0.09375 0.153125
0 0.54375 0.29375 0.159375 0.121875
0 0.63515625 0.321875 0.0421875 0.04375
0 0.7328125 0.271875 0.1328125 0.05625
0 0.575 0.38984375 0.1359375 0.0640625
0 0.65390625 0.375 0.0453125 0.0328125
0 0.740625 0.37265625 0.1171875 0.04375
0 0.1140625 0.4828125 0.034375 0.0265625
0 0.1765625 0.47578125 0.0828125 0.0265625
0 0.26953125 0.47109375 0.0921875 0.03125
0 0.34765625 0.4625 0.0609375 0.025
0 0.5453125 0.459375 0.2875 0.0890625
0 0.8125 0.43359375 0.2140625 0.0796875
0 0.134375 0.5390625 0.075 0.0703125
0 0.34375 0.52421875 0.30625 0.08125
0 0.6703125 0.4890625 0.2796875 0.0640625
0 0.4 0.55546875 0.084375 0.0265625
0 0.5 0.54609375 0.109375 0.028125
0 0.125 0.6171875 0.053125 0.0421875
0 0.1953125 0.61796875 0.04375 0.0328125
0 0.3125 0.60703125 0.1515625 0.0484375
0 0.54765625 0.60546875 0.303125 0.0921875
0 0.80703125 0.57109375 0.2015625 0.0734375
0 0.1296875 0.6828125 0.046875 0.0359375
0 0.278125 0.67265625 0.2015625 0.06875
0 0.41640625 0.65625 0.059375 0.0453125
0 0.49140625 0.64609375 0.0859375 0.0375
0 0.60625 0.634375 0.1421875 0.0625
0 0.7328125 0.625 0.1 0.0359375
0 0.80234375 0.6140625 0.025 0.0328125
0 0.1828125 0.728125 0.16875 0.0515625
0 0.3375 0.709375 0.1109375 0.0421875
0 0.4375 0.69921875 0.05 0.040625
0 0.53515625 0.68984375 0.14375 0.0453125
0 0.68359375 0.6859375 0.1390625 0.034375
0 0.78125 0.66875 0.0546875 0.0359375
0 0.16640625 0.77734375 0.1484375 0.0546875
0 0.31640625 0.7703125 0.103125 0.0546875
0 0.41015625 0.753125 0.059375 0.034375
0 0.51953125 0.7515625 0.1234375 0.0328125
0 0.65 0.7421875 0.1296875 0.0625
0 0.79296875 0.71875 0.1421875 0.053125
0 0.16484375 0.8359375 0.1078125 0.05625
0 0.2703125 0.82109375 0.0546875 0.0390625
0 0.4015625 0.81015625 0.1890625 0.0625
0 0.6984375 0.80234375 0.378125 0.096875
0 0.1453125 0.89765625 0.05 0.0453125
0 0.2078125 0.88515625 0.0359375 0.028125
0 0.3578125 0.8828125 0.2375 0.0640625
0 0.57734375 0.86640625 0.16875 0.065625
0 0.7921875 0.83828125 0.2265625 0.071875
0 0.40859375 0.32890625 0.1125 0.1203125
0 0.371875 0.05703125 0.0515625 0.03125
0 0.159375 0.37265625 0.040625 0.04375
0 0.36875 0.3546875 0.053125 0.0484375
0 0.5734375 0.3390625 0.0515625 0.0484375
0 0.734375 0.3265625 0.046875 0.0453125