0 0.19921875 0.24453125 0.1390625 0.0625
0 0.34296875 0.240625 0.0734375 0.0515625
0 0.48828125 0.25078125 0.1515625 0.103125
0 0.628125 0.22578125 0.0828125 0.0546875
0 0.771875 0.21796875 0.1375 0.0703125
0 0.21015625 0.39375 0.15625 0.1140625
0 0.34765625 0.390625 0.1046875 0.078125
0 0.46328125 0.35859375 0.1140625 0.0546875
0 0.59296875 0.346875 0.090625 0.046875
0 0.6703125 0.34140625 0.0421875 0.0375
0 0.76796875 0.334375 0.090625 0.040625
0 0.26328125 0.55546875 0.2359375 0.1078125
0 0.4453125 0.51640625 0.1109375 0.0453125
0 0.60078125 0.50390625 0.1203125 0.053125
0 0.77578125 0.50390625 0.178125 0.09375
0 0.228125 0.7109375 0.1328125 0.0984375
0 0.39765625 0.70234375 0.1515625 0.103125
0 0.53046875 0.67109375 0.1078125 0.05
0 0.64921875 0.65546875 0.0703125 0.05625
0 0.79765625 0.65234375 0.171875 0.0953125
0 0.2421875 0.8484375 0.1546875 0.0921875
0 0.3796875 0.82421875 0.0953125 0.0953125
0 0.51328125 0.82265625 0.1375 0.1046875
0 0.43828125 0.90625 0.1046875 0.0625
0 0.5625 0.8921875 0.1109375 0.0640625
0 0.72265625 0.884375 0.153125 0.065625