0 0.19609375 0.15078125 0.36875 0.1203125
0 0.44921875 0.08671875 0.040625 0.0234375
0 0.45234375 0.10234375 0.040625 0.021875
0 0.45625 0.125 0.0421875 0.0296875
0 0.7 0.053125 0.325 0.10625
0 0.02421875 0.228125 0.0109375 0.00625
0 0.0984375 0.2109375 0.13125 0.046875
0 0.02890625 0.24453125 0.0140625 0.00625
0 0.19921875 0.21328125 0.31875 0.084375
0 0.03359375 0.2625 0.0109375 0.0046875
0 0.10625 0.25234375 0.1140625 0.0484375
0 0.18046875 0.234375 0.0296875 0.0234375
0 0.2234375 0.2265625 0.0546875 0.028125
0 0.29453125 0.21328125 0.0765625 0.034375
0 0.0375 0.27890625 0.0078125 0.0046875
0 0.09296875 0.2734375 0.075 0.0359375
0 0.15078125 0.26015625 0.03125 0.021875
0 0.25625 0.23671875 0.1578125 0.0515625
0 0.54765625 0.11953125 0.009375 0.0046875
0 0.58359375 0.115625 0.0421875 0.0203125
0 0.665625 0.09765625 0.1140625 0.0421875
0 0.5515625 0.1390625 0.0140625 0.00625
0 0.64375 0.12421875 0.1484375 0.053125
0 0.55859375 0.15703125 0.0140625 0.00625
0 0.628125 0.14140625 0.1109375 0.0421875
0 0.728125 0.1203125 0.0828125 0.0359375
0 0.25546875 0.2953125 0.459375 0.153125
0 0.66171875 0.20859375 0.340625 0.115625
0 0.0734375 0.37265625 0.034375 0.0109375
0 0.16484375 0.35234375 0.153125 0.05
0 0.3015625 0.3265625 0.103125 0.04375
0 0.36796875 0.31171875 0.0109375 0.0046875
0 0.43984375 0.2953125 0.1234375 0.046875
0 0.56015625 0.275 0.1078125 0.040625
0 0.6609375 0.24921875 0.0984375 0.0390625
0 0.76015625 0.234375 0.0890625 0.04375
0 0.0765625 0.39140625 0.0265625 0.009375
0 0.184375 0.37265625 0.1625 0.05
0 0.29765625 0.34921875 0.0359375 0.021875
0 0.37109375 0.33203125 0.090625 0.0359375
0 0.48359375 0.309375 0.084375 0.0359375
0 0.55859375 0.29140625 0.0375 0.021875
0 0.615625 0.27734375 0.0671875 0.0296875
0 0.1359375 0.40390625 0.140625 0.046875
0 0.2765625 0.37265625 0.1078125 0.040625
0 0.40703125 0.34765625 0.1359375 0.0484375
0 0.51015625 0.32421875 0.06875 0.0359375
0 0.60234375 0.3015625 0.0921875 0.0375
0 0.66484375 0.2875 0.0328125 0.0203125
0 0.69921875 0.28203125 0.0234375 0.0140625
0 0.759375 0.265625 0.096875 0.0453125
0 0.1453125 0.4234375 0.1375 0.0484375
0 0.18515625 0.4328125 0.1203125 0.04375
0 0.11171875 0.46640625 0.01875 0.01875
0 0.2109375 0.44765625 0.115625 0.0421875
0 0.31015625 0.42265625 0.053125 0.028125
0 0.40390625 0.4046875 0.1171875 0.0421875
0 0.11875 0.4875 0.0234375 0.0203125
0 0.22109375 0.46875 0.096875 0.0421875
0 0.33515625 0.440625 0.1140625 0.040625
0 0.1234375 0.50859375 0.0265625 0.0203125
0 0.2125 0.48984375 0.0515625 0.028125
0 0.1359375 0.52890625 0.028125 0.0234375
0 0.19921875 0.50859375 0.034375 0.0234375
0 0.3046875 0.48671875 0.159375 0.0546875
0 0.4390625 0.45859375 0.0890625 0.034375
0 0.5125 0.43984375 0.0640625 0.03125
0 0.5828125 0.4234375 0.078125 0.0359375
0 0.1375 0.546875 0.0265625 0.021875
0 0.25625 0.51875 0.121875 0.0453125
0 0.14140625 0.56484375 0.028125 0.021875
0 0.2203125 0.54609375 0.05625 0.028125
0 0.26015625 0.53984375 0.0203125 0.0171875
0 0.33984375 0.51796875 0.1078125 0.0421875
0 0.44765625 0.4953125 0.0828125 0.040625
0 0.53046875 0.478125 0.075 0.0359375
0 0.14375 0.58359375 0.01875 0.0171875
0 0.19296875 0.5734375 0.0375 0.025
0 0.265625 0.56171875 0.09375 0.04375
0 0.36328125 0.53515625 0.109375 0.0453125
0 0.48671875 0.50703125 0.121875 0.0453125
0 0.59296875 0.48359375 0.0796875 0.040625
0 0.6890625 0.45703125 0.1171875 0.046875
0 0.775 0.43671875 0.0609375 0.0328125
0 0.15 0.60390625 0.0265625 0.01875
0 0.24140625 0.58203125 0.0796875 0.0359375
0 0.3171875 0.5671875 0.05625 0.03125
0 0.3765625 0.55390625 0.0578125 0.03125
0 0.45625 0.53671875 0.084375 0.0375
0 0.5296875 0.51640625 0.040625 0.0265625
0 0.58046875 0.50546875 0.059375 0.03125
0 0.63515625 0.4953125 0.05625 0.0390625
0 0.15625 0.621875 0.028125 0.0234375
0 0.20703125 0.61328125 0.034375 0.021875
0 0.28359375 0.59609375 0.1125 0.0453125
0 0.4078125 0.565625 0.1296875 0.046875
0 0.53359375 0.53828125 0.09375 0.0421875
0 0.61015625 0.51484375 0.0625 0.0296875
0 0.70234375 0.49609375 0.1171875 0.0484375
0 0.77421875 0.478125 0.0265625 0.0203125
0 0.81796875 0.46796875 0.0703125 0.040625
0 0.16875 0.64140625 0.0375 0.021875
0 0.24375 0.62578125 0.078125 0.0375
0 0.35625 0.59453125 0.13125 0.05625
0 0.45 0.575 0.0390625 0.0234375
0 0.51171875 0.56015625 0.0875 0.040625
0 0.6078125 0.5375 0.0921875 0.0390625
0 0.17109375 0.66328125 0.0328125 0.0203125
0 0.22265625 0.65078125 0.034375 0.025
0 0.2859375 0.640625 0.075 0.0375
0 0.3921875 0.6109375 0.1234375 0.046875
0 0.53046875 0.57890625 0.1453125 0.053125
0 0.68359375 0.5375 0.1546875 0.0515625
0 0.18203125 0.68203125 0.0359375 0.021875
0 0.225 0.671875 0.0375 0.0234375
0 0.2875 0.65703125 0.065625 0.0296875
0 0.4078125 0.628125 0.18125 0.065625
0 0.55390625 0.59609375 0.0875 0.040625
0 0.63515625 0.571875 0.078125 0.0375
0 0.70234375 0.553125 0.0515625 0.03125
0 0.18359375 0.70234375 0.03125 0.021875
0 0.2265625 0.6953125 0.03125 0.021875
0 0.3140625 0.671875 0.13125 0.05
0 0.4390625 0.640625 0.0984375 0.040625
0 0.5453125 0.6171875 0.084375 0.0359375
0 0.64765625 0.5890625 0.11875 0.053125
0 0.1546875 0.73203125 0.01875 0.0125
0 0.2171875 0.71796875 0.1 0.0390625
0 0.3078125 0.69375 0.0796875 0.040625
0 0.36640625 0.68125 0.009375 0.0046875
0 0.4390625 0.66328125 0.134375 0.053125
0 0.528125 0.6375 0.0453125 0.028125
0 0.6140625 0.61875 0.1125 0.04375
0 0.1609375 0.7515625 0.0171875 0.0125
0 0.2390625 0.734375 0.1359375 0.0515625
0 0.38125 0.6953125 0.1375 0.053125
0 0.4640625 0.6734375 0.0109375 0.0046875
0 0.51328125 0.665625 0.0546875 0.034375
0 0.5484375 0.65546875 0.0109375 0.0046875
0 0.625 0.634375 0.134375 0.05
0 0.5171875 0.68359375 0.053125 0.028125
0 0.55625 0.67421875 0.009375 0.0046875
0 0.62578125 0.6578125 0.121875 0.0515625
0 0.2640625 0.79609375 0.128125 0.053125
0 0.3765625 0.7625 0.046875 0.028125
0 0.24765625 0.81875 0.134375 0.0515625
0 0.34609375 0.7921875 0.0640625 0.0375
0 0.2 0.8515625 0.0140625 0.0046875
0 0.2625 0.8359375 0.115625 0.046875
0 0.20546875 0.86796875 0.015625 0.00625
0 0.2296875 0.8671875 0.034375 0.021875
0 0.3 0.84375 0.1140625 0.0515625
0 0.21953125 0.88671875 0.009375 0.00625
0 0.29375 0.87265625 0.11875 0.05625
0 0.5109375 0.73046875 0.1640625 0.0625
0 0.534375 0.7453125 0.1625 0.0609375
0 0.625 0.7171875 0.009375 0.0046875
0 0.6875 0.69921875 0.1171875 0.05
0 0.475 0.775 0.0109375 0.0046875
0 0.5296875 0.7671875 0.090625 0.04375
0 0.47890625 0.79921875 0.0109375 0.00625
0 0.5609375 0.77734375 0.11875 0.05
0 0.72578125 0.31484375 0.11875 0.040625
0 0.66484375 0.34765625 0.021875 0.01875
0 0.75859375 0.325 0.165625 0.0546875
0 0.67109375 0.36484375 0.0234375 0.0140625
0 0.71953125 0.3546875 0.0515625 0.0265625
0 0.67421875 0.38359375 0.028125 0.0171875
0 0.72578125 0.36953125 0.065625 0.0296875
0 0.78203125 0.35546875 0.0546875 0.0328125
0 0.87890625 0.33671875 0.1265625 0.046875
0 0.67890625 0.40546875 0.0265625 0.01875
0 0.7296875 0.390625 0.0515625 0.025
0 0.83203125 0.36328125 0.14375 0.0484375
0 0.74609375 0.40546875 0.0515625 0.028125
0 0.84375 0.3796875 0.1453125 0.05
0 0.27890625 0.47265625 0.078125 0.034375