0 0.08125 0.2546875 0.1203125 0.0515625
0 0.21015625 0.225 0.1 0.046875
0 0.35390625 0.1890625 0.14375 0.05625
0 0.51875 0.1515625 0.159375 0.053125
0 0.69140625 0.11015625 0.1109375 0.0421875
0 0.0859375 0.31640625 0.09375 0.0375
0 0.20546875 0.29453125 0.071875 0.0359375
0 0.32421875 0.2578125 0.1390625 0.0640625
0 0.50703125 0.21953125 0.1609375 0.0671875
0 0.68046875 0.1765625 0.15625 0.053125
0 0.1 0.390625 0.115625 0.046875
0 0.234375 0.35390625 0.1078125 0.04375
0 0.41796875 0.30625 0.2265625 0.078125
0 0.58984375 0.26484375 0.0421875 0.0296875
0 0.65546875 0.24765625 0.0609375 0.0296875
0 0.7625 0.21328125 0.1015625 0.0484375
0 0.09375 0.4640625 0.0875 0.04375
0 0.24296875 0.43046875 0.1 0.04375
0 0.35546875 0.4078125 0.084375 0.0390625
0 0.4609375 0.3828125 0.05 0.03125
0 0.55 0.3625 0.0875 0.0390625
0 0.66015625 0.33515625 0.0828125 0.034375