0 0.11953125 0.128125 0.0359375 0.0625
0 0.24453125 0.14921875 0.1140625 0.05625
0 0.41171875 0.1375 0.1109375 0.053125
0 0.57421875 0.1546875 0.1796875 0.053125
0 0.75703125 0.159375 0.1359375 0.0546875
0 0.19140625 0.25703125 0.2359375 0.053125
0 0.4234375 0.265625 0.16875 0.0640625
0 0.66015625 0.27890625 0.221875 0.0734375
0 0.83515625 0.265625 0.0765625 0.0375
0 0.13359375 0.36171875 0.1671875 0.0859375
0 0.36484375 0.36640625 0.1828125 0.08125
0 0.596875 0.35546875 0.1765625 0.0515625
0 0.79609375 0.36875 0.1609375 0.0484375
0 0.2265625 0.4515625 0.2984375 0.0828125
0 0.74765625 0.79375 0.1859375 0.0796875
0 0.278125 0.79453125 0.1953125 0.059375