0 0.02578125 0.0953125 0.0265625 0.025
0 0.1109375 0.08515625 0.134375 0.0421875
0 0.209375 0.0828125 0.046875 0.025
0 0.26796875 0.07265625 0.075 0.0375
0 0.321875 0.0703125 0.0328125 0.0375
0 0.38984375 0.065625 0.0140625 0.021875
0 0.42890625 0.06015625 0.0625 0.0390625
0 0.46953125 0.05859375 0.025 0.0265625
0 0.5375 0.0515625 0.1078125 0.0453125
0 0.609375 0.04453125 0.0390625 0.0265625
0 0.64375 0.0375 0.0390625 0.034375
0 0.70625 0.03515625 0.09375 0.04375
0 0.78125 0.0296875 0.059375 0.04375
0 0.8265625 0.02421875 0.040625 0.03125
0 0.09296875 0.13125 0.0953125 0.040625
0 0.1609375 0.11875 0.0390625 0.0390625
0 0.2625 0.115625 0.0625 0.0328125
0 0.36015625 0.18828125 0.025 0.04375
0 0.46953125 0.18515625 0.1 0.0828125
0 0.3625 0.06796875 0.04375 0.0375
0 0.20703125 0.11484375 0.0515625 0.03125
0 0.30234375 0.10703125 0.021875 0.025
0 0.37109375 0.1015625 0.1078125 0.040625
0 0.44765625 0.09453125 0.0390625 0.0265625
0 0.50078125 0.08984375 0.0609375 0.0296875
0 0.54921875 0.084375 0.0234375 0.025
0 0.6078125 0.08046875 0.0859375 0.0375
0 0.68125 0.0734375 0.05625 0.034375
0 0.059375 0.196875 0.01875 0.0234375
0 0.1328125 0.19375 0.071875 0.0640625
0 0.20546875 0.19375 0.05 0.05625
0 0.30078125 0.1828125 0.103125 0.0640625
0 0.39453125 0.1859375 0.05625 0.059375
0 0.53828125 0.16953125 0.0484375 0.05
0 0.59609375 0.1734375 0.0484375 0.0359375
0 0.640625 0.16640625 0.040625 0.0796875
0 0.7109375 0.1484375 0.103125 0.0625
0 0.7796875 0.1515625 0.0265625 0.0328125
0 0.821875 0.1484375 0.04375 0.0609375
0 0.10625 0.28515625 0.0890625 0.05625
0 0.2046875 0.271875 0.0875 0.053125
0 0.27265625 0.26953125 0.03125 0.040625
0 0.359375 0.27109375 0.1015625 0.0625
0 0.06875 0.3359375 0.0203125 0.025
0 0.12890625 0.34375 0.053125 0.0421875
0 0.18203125 0.33828125 0.0328125 0.040625
0 0.24453125 0.3359375 0.0609375 0.0453125
0 0.3078125 0.32578125 0.046875 0.05625
0 0.3984375 0.31640625 0.1171875 0.0671875
0 0.5140625 0.31796875 0.10625 0.0875
0 0.60390625 0.29765625 0.046875 0.053125
0 0.68046875 0.31015625 0.0734375 0.08125
0 0.7625 0.28515625 0.0734375 0.0515625
0 0.82890625 0.2765625 0.05 0.05
0 0.88359375 0.27421875 0.0671875 0.04375
0 0.06875 0.421875 0.05625 0.0546875
0 0.13984375 0.41796875 0.0484375 0.0515625
0 0.209375 0.4109375 0.0703125 0.0734375
0 0.265625 0.409375 0.034375 0.0359375
0 0.33828125 0.3984375 0.0734375 0.046875
0 0.08046875 0.4796875 0.01875 0.025
0 0.1421875 0.4828125 0.0625 0.0640625
0 0.2390625 0.4984375 0.0875 0.071875
0 0.31640625 0.47265625 0.034375 0.040625
0 0.41171875 0.47890625 0.10625 0.08125
0 0.5 0.453125 0.0578125 0.059375
0 0.5609375 0.4453125 0.0453125 0.059375
0 0.63515625 0.45078125 0.090625 0.0671875
0 0.7234375 0.45078125 0.065625 0.0984375
0 0.7953125 0.43046875 0.0609375 0.040625
0 0.86796875 0.40625 0.0640625 0.0578125
0 0.146875 0.578125 0.090625 0.0703125
0 0.234375 0.5515625 0.05 0.05
0 0.328125 0.5484375 0.128125 0.0640625
0 0.06640625 0.66953125 0.03125 0.0265625
0 0.1203125 0.66328125 0.0671875 0.03125
0 0.178125 0.65546875 0.0453125 0.03125
0 0.21953125 0.65390625 0.0359375 0.0234375
0 0.2609375 0.6515625 0.0375 0.028125
0 0.303125 0.63984375 0.040625 0.028125
0 0.3859375 0.6296875 0.1140625 0.0390625
0 0.4765625 0.61875 0.05625 0.03125
0 0.5609375 0.6078125 0.10625 0.0390625
0 0.64453125 0.60078125 0.059375 0.0375
0 0.12109375 0.7625 0.0234375 0.040625
0 0.20859375 0.74609375 0.0765625 0.05625
0 0.29140625 0.75 0.075 0.0765625
0 0.35390625 0.73125 0.046875 0.04375
0 0.4234375 0.7265625 0.0609375 0.034375
0 0.52890625 0.72109375 0.121875 0.0984375
0 0.63046875 0.7046875 0.0734375 0.0734375
0 0.70234375 0.68828125 0.0546875 0.0453125
0 0.78515625 0.678125 0.0875 0.0484375
0 0.88515625 0.66484375 0.1078125 0.0484375
0 0.159375 0.8390625 0.0640625 0.0484375
0 0.24140625 0.8203125 0.059375 0.0578125
0 0.3671875 0.81171875 0.1703125 0.11875
0 0.49921875 0.80234375 0.0828125 0.0734375
0 0.6234375 0.78125 0.1671875 0.09375