0 0.2390625 0.04765625 0.0671875 0.034375
0 0.278125 0.0546875 0.0140625 0.0234375
0 0.3078125 0.06015625 0.0421875 0.028125
0 0.37421875 0.07265625 0.084375 0.0359375
0 0.43515625 0.084375 0.0296875 0.025
0 0.30625 0.121875 0.15625 0.0703125
0 0.22265625 0.20546875 0.0640625 0.0328125
0 0.26015625 0.21171875 0.0109375 0.0234375
0 0.28671875 0.21640625 0.0390625 0.025
0 0.34609375 0.23125 0.08125 0.0359375
0 0.4109375 0.24140625 0.05625 0.0296875
0 0.2703125 0.25859375 0.1921875 0.0640625
0 0.23984375 0.34296875 0.1296875 0.109375
0 0.34140625 0.35390625 0.028125 0.025
0 0.46640625 0.3828125 0.1046875 0.0515625
0 0.140625 0.4234375 0.053125 0.0359375
0 0.228125 0.45 0.1046875 0.046875
0 0.3625 0.4828125 0.046875 0.028125
0 0.45703125 0.5125 0.084375 0.0484375
0 0.5640625 0.5390625 0.04375 0.0390625
0 0.65078125 0.5515625 0.05625 0.03125
0 0.74140625 0.5640625 0.0609375 0.0421875
0 0.21484375 0.51171875 0.1078125 0.040625
0 0.3703125 0.55390625 0.0484375 0.0296875
0 0.45703125 0.5875 0.034375 0.0453125
0 0.4921875 0.5828125 0.0234375 0.0171875
0 0.5625 0.59765625 0.0390625 0.04375
0 0.171875 0.58046875 0.190625 0.0875
0 0.0875 0.603125 0.05625 0.034375
0 0.2296875 0.64296875 0.1296875 0.046875
0 0.43046875 0.6984375 0.20625 0.08125
0 0.64765625 0.74375 0.1125 0.0484375
0 0.1546875 0.65859375 0.190625 0.0734375
0 0.346875 0.709375 0.0875 0.040625
0 0.5265625 0.75625 0.1625 0.0640625
0 0.72421875 0.79296875 0.18125 0.0828125
0 0.0921875 0.69375 0.1046875 0.0453125
0 0.20625 0.721875 0.075 0.05
0 0.05078125 0.73046875 0.0484375 0.028125
0 0.13984375 0.75390625 0.11875 0.05
0 0.2828125 0.78828125 0.0828125 0.046875
0 0.40625 0.8109375 0.0734375 0.034375
0 0.55234375 0.83359375 0.1078125 0.04375
0 0.7109375 0.865625 0.1734375 0.0640625
0 0.0296875 0.76171875 0.059375 0.0328125
0 0.13046875 0.78828125 0.1140625 0.0546875
0 0.30546875 0.828125 0.0875 0.040625
0 0.45390625 0.85703125 0.0828125 0.0359375
0 0.6578125 0.890625 0.234375 0.075