0 0.21953125 0.015625 0.0796875 0.03125
0 0.26796875 0.01953125 0.021875 0.028125
0 0.3015625 0.02578125 0.053125 0.0375
0 0.3734375 0.0390625 0.1 0.0453125
0 0.440625 0.05546875 0.0390625 0.0421875
0 0.31796875 0.0953125 0.2296875 0.0890625
0 0.2078125 0.19296875 0.075 0.0421875
0 0.24453125 0.2 0.0171875 0.028125
0 0.27890625 0.20390625 0.05 0.03125
0 0.3421875 0.22109375 0.0921875 0.0359375
0 0.41328125 0.23359375 0.0640625 0.0328125
0 0.33046875 0.2640625 0.175 0.071875
0 0.17109375 0.3109375 0.0515625 0.05
0 0.234375 0.325 0.046875 0.0390625
0 0.2953125 0.33671875 0.071875 0.078125
0 0.45546875 0.37734375 0.10625 0.0640625
0 0.540625 0.3921875 0.071875 0.0546875
0 0.5984375 0.4046875 0.0203125 0.0515625
0 0.69375 0.42734375 0.1203125 0.06875
0 0.7953125 0.446875 0.0984375 0.0640625
0 0.17578125 0.39375 0.0796875 0.0484375
0 0.2578125 0.40859375 0.0484375 0.0421875
0 0.35625 0.4140625 0.1046875 0.0671875
0 0.43359375 0.44765625 0.0390625 0.0328125
0 0.56953125 0.4625 0.190625 0.1
0 0.73046875 0.4953125 0.0859375 0.0625
0 0.79765625 0.5125 0.071875 0.0640625
0 0.20390625 0.45859375 0.1515625 0.0734375
0 0.321875 0.47890625 0.0734375 0.05625
0 0.421875 0.4984375 0.0828125 0.0484375
0 0.553125 0.5328125 0.1765625 0.08125
0 0.6578125 0.54609375 0.053125 0.053125
0 0.6921875 0.5609375 0.059375 0.0640625
0 0.753125 0.5703125 0.0609375 0.0484375
0 0.15234375 0.50546875 0.1 0.0515625
0 0.253125 0.52734375 0.1078125 0.065625
0 0.3703125 0.54921875 0.109375 0.0625
0 0.47578125 0.57890625 0.0703125 0.0625
0 0.53359375 0.58125 0.0578125 0.0484375
0 0.625 0.6109375 0.09375 0.0609375
0 0.70390625 0.62109375 0.0484375 0.04375
0 0.77109375 0.634375 0.0734375 0.05625
0 0.153125 0.56484375 0.1296875 0.065625
0 0.278125 0.60078125 0.1046875 0.0765625
0 0.421875 0.6296875 0.1390625 0.084375
0 0.54453125 0.653125 0.0671875 0.059375
0 0.61015625 0.6875 0.065625 0.03125
0 0.69140625 0.68671875 0.0796875 0.053125
0 0.753125 0.7 0.04375 0.046875
0 0.14140625 0.63515625 0.1125 0.040625
0 0.2234375 0.65859375 0.0375 0.025
0 0.31328125 0.67421875 0.103125 0.04375
0 0.4171875 0.6890625 0.0546875 0.04375
0 0.5296875 0.71328125 0.125 0.0640625
0 0.69765625 0.75546875 0.1703125 0.075