0 0.378125 0.33671875 0.1953125 0.0984375
0 0.5578125 0.32421875 0.0921875 0.05625
0 0.6609375 0.31796875 0.05 0.0453125
0 0.33203125 0.45625 0.1265625 0.0921875
0 0.45 0.44296875 0.0390625 0.04375
0 0.53984375 0.4296875 0.071875 0.065625
0 0.6671875 0.42421875 0.1046875 0.0625
0 0.32109375 0.559375 0.0546875 0.0859375
0 0.4 0.5328125 0.0640625 0.059375
0 0.509375 0.5359375 0.075 0.0484375
0 0.3171875 0.63984375 0.0984375 0.053125
0 0.43046875 0.6390625 0.059375 0.0453125
0 0.5328125 0.640625 0.059375 0.0328125
0 0.6234375 0.6265625 0.065625 0.05
0 0.73203125 0.63203125 0.0796875 0.0515625
0 0.46875 0.82734375 0.015625 0.009375
0 0.54296875 0.8125 0.0796875 0.0609375
0 0.69453125 0.81171875 0.1734375 0.0625
0 0.64375 0.53984375 0.1171875 0.0953125