0 0.20390625 0.17265625 0.0828125 0.01875
0 0.46484375 0.18515625 0.2390625 0.028125
0 0.73515625 0.19296875 0.1109375 0.0234375
0 0.1875 0.21640625 0.1859375 0.0234375
0 0.4390625 0.2140625 0.0609375 0.0140625
0 0.528125 0.21640625 0.084375 0.0203125
0 0.453125 0.228125 0.1328125 0.0171875
0 0.63359375 0.234375 0.1953125 0.0328125
0 0.440625 0.284375 0.2734375 0.05
0 0.16015625 0.31796875 0.0609375 0.0125
0 0.2328125 0.31875 0.0390625 0.0140625
0 0.325 0.325 0.0984375 0.0234375
0 0.40859375 0.3265625 0.03125 0.015625
0 0.528125 0.334375 0.165625 0.0359375
0 0.16015625 0.34453125 0.0546875 0.0234375
0 0.2765625 0.35 0.128125 0.028125
0 0.43359375 0.35546875 0.1578125 0.0296875
0 0.63046875 0.36328125 0.196875 0.0328125
0 0.60078125 0.38203125 0.14375 0.01875
0 0.5515625 0.40390625 0.0484375 0.0140625
0 0.74921875 0.4125 0.3046875 0.0375
0 0.746875 0.434375 0.24375 0.034375
0 0.10234375 0.4109375 0.0703125 0.0140625
0 0.18984375 0.41640625 0.0859375 0.0171875
0 0.31875 0.421875 0.1375 0.0203125
0 0.2625 0.4421875 0.203125 0.0265625
0 0.55625 0.45625 0.0484375 0.015625
0 0.72109375 0.46328125 0.1859375 0.03125
0 0.65625 0.48359375 0.096875 0.01875
0 0.821875 0.4921875 0.21875 0.0359375
0 0.63203125 0.51015625 0.2046875 0.0265625
0 0.16328125 0.54453125 0.203125 0.028125
0 0.32734375 0.54921875 0.084375 0.0171875
0 0.475 0.5578125 0.0859375 0.025
0 0.56796875 0.5609375 0.0609375 0.021875
0 0.6578125 0.5625 0.0671875 0.0171875
0 0.7546875 0.56796875 0.0921875 0.015625
0 0.096875 0.57734375 0.0703125 0.0203125
0 0.33125 0.5859375 0.171875 0.0234375
0 0.48984375 0.5921875 0.121875 0.025
0 0.62578125 0.60078125 0.1078125 0.0203125
0 0.82265625 0.6078125 0.159375 0.0296875
0 0.31328125 0.6109375 0.0515625 0.0171875
0 0.18671875 0.65078125 0.2828125 0.034375
0 0.45546875 0.66015625 0.040625 0.021875
0 0.54453125 0.66484375 0.0375 0.0234375
0 0.69140625 0.67265625 0.059375 0.01875
0 0.1875 0.67734375 0.2828125 0.034375
0 0.45390625 0.6859375 0.0375 0.0203125
0 0.5515625 0.69140625 0.0375 0.021875
0 0.690625 0.69765625 0.0640625 0.0171875
0 0.140625 0.72578125 0.084375 0.021875
0 0.38984375 0.740625 0.0984375 0.0265625
0 0.53984375 0.74609375 0.134375 0.021875
0 0.6859375 0.75390625 0.11875 0.01875
0 0.490625 0.78359375 0.178125 0.03125
0 0.61328125 0.7875 0.0515625 0.025
0 0.690625 0.79140625 0.0609375 0.0265625
0 0.16484375 0.796875 0.2359375 0.0328125
0 0.4015625 0.8078125 0.203125 0.0359375
0 0.71171875 0.82109375 0.2109375 0.0328125
0 0.64296875 0.83984375 0.146875 0.021875
0 0.84609375 0.84765625 0.2234375 0.03125
0 0.76953125 0.3890625 0.1609375 0.021875
0 0.28046875 0.178125 0.0375 0.0140625
0 0.0984375 0.309375 0.0171875 0.0046875
0 0.0953125 0.3359375 0.0265625 0.0078125
0 0.61171875 0.45859375 0.0203125 0.00625
0 0.403125 0.5515625 0.03125 0.0078125
0 0.36484375 0.6125 0.028125 0.0140625
0 0.42734375 0.61484375 0.0484375 0.0171875
0 0.3640625 0.65703125 0.025 0.009375
0 0.36328125 0.68359375 0.0203125 0.00625
0 0.22265625 0.73125 0.065625 0.025
0 0.30625 0.73515625 0.01875 0.0125
0 0.13828125 0.16796875 0.0390625 0.0234375
0 0.63125 0.1890625 0.053125 0.0171875
0 0.3328125 0.21875 0.0734375 0.0171875
0 0.18828125 0.58203125 0.084375 0.025
0 0.4140625 0.65703125 0.034375 0.028125
0 0.50859375 0.66015625 0.028125 0.0203125
0 0.63125 0.66796875 0.0359375 0.021875
0 0.41484375 0.68671875 0.0375 0.021875
0 0.51484375 0.68671875 0.0359375 0.0203125
0 0.6296875 0.69453125 0.0375 0.0203125
0 0.5453125 0.81171875 0.0765625 0.0265625
0 0.359375 0.76953125 0.0609375 0.034375
0 0.7109375 0.6015625 0.0375 0.015625