0 0.52109375 0.01875 0.0203125 0.01875
0 0.17578125 0.1109375 0.0984375 0.025
0 0.3265625 0.11875 0.165625 0.040625
0 0.42109375 0.11953125 0.0109375 0.009375
0 0.240625 0.15546875 0.059375 0.0296875
0 0.3421875 0.17265625 0.1078125 0.0515625
0 0.440625 0.15859375 0.05 0.0234375
0 0.51875 0.15546875 0.0859375 0.028125
0 0.61796875 0.1625 0.08125 0.040625
0 0.72734375 0.1671875 0.075 0.0375
0 0.8359375 0.153125 0.0875 0.0265625
0 0.184375 0.1875 0.0265625 0.0328125
0 0.22421875 0.1921875 0.046875 0.0234375
0 0.30390625 0.1953125 0.084375 0.040625
0 0.4203125 0.1875 0.0671875 0.0265625
0 0.50703125 0.196875 0.1078125 0.0390625
0 0.63828125 0.1875 0.0703125 0.01875
0 0.74375 0.18203125 0.1171875 0.0328125
0 0.853125 0.18125 0.084375 0.0296875
0 0.228125 0.2296875 0.1171875 0.0546875
0 0.2203125 0.29609375 0.05 0.025
0 0.27421875 0.30703125 0.08125 0.03125
0 0.35546875 0.3015625 0.0796875 0.015625
0 0.465625 0.3015625 0.109375 0.0203125
0 0.5765625 0.2953125 0.0546875 0.025
0 0.6796875 0.29140625 0.1015625 0.0296875
0 0.759375 0.2890625 0.034375 0.021875
0 0.8609375 0.2953125 0.140625 0.034375
0 0.2296875 0.32890625 0.134375 0.0234375
0 0.3375 0.3265625 0.05 0.01875
0 0.3875 0.32578125 0.021875 0.0140625
0 0.47890625 0.32265625 0.1140625 0.0296875
0 0.57109375 0.32421875 0.0421875 0.0421875
0 0.68125 0.32421875 0.1609375 0.0421875
0 0.85390625 0.31953125 0.13125 0.0296875
0 0.19609375 0.35234375 0.0625 0.0296875
0 0.3375 0.3578125 0.1453125 0.0375
0 0.45 0.35390625 0.05625 0.0359375
0 0.5671875 0.3484375 0.1578125 0.025
0 0.653125 0.3546875 0.015625 0.0078125
0 0.73359375 0.34296875 0.071875 0.028125
0 0.765625 0.35234375 0.01875 0.009375
0 0.8140625 0.346875 0.0390625 0.01875
0 0.8703125 0.346875 0.0421875 0.0203125
0 0.20625 0.37890625 0.0796875 0.0375
0 0.3328125 0.37734375 0.1078125 0.0296875
0 0.428125 0.3765625 0.0859375 0.0296875
0 0.48125 0.37890625 0.0203125 0.015625
0 0.5453125 0.375 0.090625 0.0234375
0 0.64921875 0.37734375 0.0546875 0.0171875
0 0.746875 0.371875 0.10625 0.025
0 0.84140625 0.37734375 0.0828125 0.034375
0 0.9078125 0.37109375 0.0375 0.01875
0 0.2140625 0.4109375 0.096875 0.0421875
0 0.30703125 0.41015625 0.0609375 0.0203125
0 0.41171875 0.403125 0.0453125 0.021875
0 0.47578125 0.4046875 0.034375 0.0171875
0 0.53203125 0.40390625 0.04375 0.0234375
0 0.615625 0.4015625 0.071875 0.0203125
0 0.721875 0.3984375 0.1140625 0.028125
0 0.7796875 0.40859375 0.0109375 0.009375
0 0.8390625 0.40078125 0.0671875 0.0265625
0 0.90625 0.39765625 0.0640625 0.01875
0 0.94453125 0.4 0.015625 0.0140625
0 0.95703125 0.40234375 0.0234375 0.01875
0 0.209375 0.43828125 0.05625 0.0234375
0 0.2859375 0.43515625 0.0765625 0.0296875
0 0.35234375 0.4328125 0.0359375 0.0234375
0 0.475 0.43671875 0.1671875 0.034375
0 0.59921875 0.43203125 0.08125 0.0171875
0 0.71640625 0.43203125 0.1171875 0.0375
0 0.81015625 0.428125 0.0453125 0.0296875
0 0.86171875 0.42109375 0.05 0.025
0 0.27109375 0.47265625 0.1640625 0.0484375
0 0.37109375 0.4625 0.0265625 0.0203125
0 0.41328125 0.4578125 0.0390625 0.0234375
0 0.525 0.4578125 0.115625 0.025
0 0.63125 0.4578125 0.0796875 0.025
0 0.7734375 0.4640625 0.15 0.0359375
0 0.85 0.459375 0.0078125 0.00625
0 0.2 0.59765625 0.03125 0.0359375
0 0.23671875 0.6 0.040625 0.0265625
0 0.30078125 0.596875 0.078125 0.040625
0 0.38046875 0.5953125 0.071875 0.0265625
0 0.41640625 0.60859375 0.01875 0.021875
0 0.48125 0.5953125 0.09375 0.0203125
0 0.56796875 0.59765625 0.0703125 0.0421875
0 0.640625 0.59296875 0.075 0.015625
0 0.68203125 0.59765625 0.009375 0.0125
0 0.74609375 0.5890625 0.0734375 0.03125
0 0.815625 0.58515625 0.040625 0.034375
0 0.86796875 0.5875 0.06875 0.0328125
0 0.21796875 0.6234375 0.040625 0.025
0 0.303125 0.62109375 0.0890625 0.03125
0 0.37890625 0.61875 0.0390625 0.028125
0 0.47734375 0.61953125 0.0765625 0.025
0 0.575 0.61640625 0.0984375 0.025
0 0.7046875 0.615625 0.08125 0.0265625
0 0.7484375 0.62734375 0.0171875 0.0125
0 0.7875 0.6203125 0.053125 0.03125
0 0.86796875 0.615625 0.1078125 0.0234375
0 0.9140625 0.62265625 0.015625 0.0109375
0 0.24140625 0.65 0.071875 0.0265625
0 0.34140625 0.65625 0.08125 0.0265625
0 0.51640625 0.65 0.209375 0.0453125
0 0.6859375 0.64765625 0.0875 0.05