0 0.51953125 0.08203125 0.0796875 0.046875
0 0.62109375 0.09375 0.1109375 0.04375
0 0.19453125 0.08671875 0.0296875 0.0390625
0 0.2609375 0.0984375 0.0890625 0.0484375
0 0.43359375 0.13515625 0.25 0.0890625
0 0.6 0.15234375 0.078125 0.0484375
0 0.68515625 0.16796875 0.0828125 0.05
0 0.75 0.17890625 0.0390625 0.0328125
0 0.8078125 0.1984375 0.071875 0.071875
0 0.86484375 0.21015625 0.0390625 0.0359375
0 0.94609375 0.21015625 0.1078125 0.0609375
0 0.17421875 0.19609375 0.0265625 0.0453125
0 0.2296875 0.21015625 0.053125 0.0359375
0 0.31328125 0.228125 0.1 0.075
0 0.42734375 0.23515625 0.1109375 0.0828125
0 0.53203125 0.24375 0.084375 0.05625
0 0.62734375 0.2578125 0.0984375 0.05625
0 0.690625 0.2703125 0.034375 0.040625
0 0.76796875 0.278125 0.09375 0.046875
0 0.90078125 0.30390625 0.140625 0.075
0 0.17734375 0.24453125 0.0546875 0.046875
0 0.253125 0.25625 0.0765625 0.05
0 0.16640625 0.33046875 0.0359375 0.0390625
0 0.2328125 0.3328125 0.078125 0.0609375
0 0.31796875 0.353125 0.0796875 0.071875
0 0.37890625 0.35625 0.040625 0.0421875
0 0.45390625 0.37265625 0.090625 0.0453125
0 0.534375 0.38984375 0.06875 0.046875
0 0.66953125 0.40625 0.2140625 0.1109375
0 0.8359375 0.421875 0.1328125 0.0703125
0 0.15390625 0.4609375 0.2078125 0.059375
0 0.09765625 0.48984375 0.1015625 0.034375
0 0.07265625 0.57421875 0.0734375 0.0390625
0 0.36171875 0.48828125 0.034375 0.034375
0 0.42265625 0.49609375 0.0859375 0.04375
0 0.5328125 0.5171875 0.1328125 0.0765625
0 0.65546875 0.5203125 0.1203125 0.06875
0 0.746875 0.53984375 0.0734375 0.046875
0 0.83359375 0.54921875 0.0828125 0.0484375
0 0.91953125 0.55546875 0.0890625 0.046875
0 0.371875 0.53828125 0.0609375 0.0421875
0 0.44765625 0.54765625 0.0859375 0.0421875
0 0.55390625 0.55546875 0.1125 0.05
0 0.70390625 0.57578125 0.1734375 0.0671875
0 0.8265625 0.58671875 0.0796875 0.04375
0 0.90625 0.5890625 0.0671875 0.0421875
0 0.375 0.5890625 0.0921875 0.059375
0 0.4734375 0.58046875 0.0796875 0.04375
0 0.565625 0.59296875 0.09375 0.0421875
0 0.64609375 0.609375 0.04375 0.0265625
0 0.71484375 0.61171875 0.0703125 0.0390625
0 0.76875 0.61875 0.034375 0.034375
0 0.4328125 0.6640625 0.1484375 0.0625
0 0.7078125 0.64765625 0.053125 0.0265625
0 0.87265625 0.7 0.0953125 0.0421875
0 0.915625 0.88984375 0.009375 0.0171875