0 0.178125 0.0796875 0.1046875 0.06875
0 0.359375 0.06875 0.2125 0.1015625
0 0.5484375 0.0328125 0.14375 0.065625
0 0.1046875 0.16640625 0.1171875 0.071875
0 0.1984375 0.1546875 0.025 0.021875
0 0.27578125 0.13828125 0.115625 0.053125
0 0.453125 0.1203125 0.109375 0.059375
0 0.58046875 0.10390625 0.1203125 0.0609375
0 0.09140625 0.2125 0.096875 0.053125
0 0.1625 0.19921875 0.0328125 0.0203125
0 0.3203125 0.17421875 0.284375 0.078125
0 0.478125 0.1609375 0.0265625 0.0125
0 0.5546875 0.15234375 0.10625 0.0546875
0 0.6703125 0.12734375 0.121875 0.0671875
0 0.07890625 0.2515625 0.0765625 0.0546875
0 0.1453125 0.24296875 0.0265625 0.0171875
0 0.20234375 0.2296875 0.065625 0.0421875
0 0.27421875 0.21796875 0.0828125 0.046875
0 0.33671875 0.21484375 0.021875 0.0171875
0 0.4203125 0.2015625 0.10625 0.065625
0 0.5609375 0.1875 0.1734375 0.0703125
0 0.68984375 0.16640625 0.0703125 0.04375
0 0.815625 0.15 0.190625 0.078125
0 0.11640625 0.2890625 0.146875 0.05625
0 0.19375 0.27109375 0.01875 0.015625
0 0.23984375 0.25859375 0.05625 0.0421875
0 0.296875 0.2484375 0.05625 0.04375
0 0.39921875 0.24375 0.1484375 0.071875
0 0.49453125 0.228125 0.0234375 0.0125
0 0.5703125 0.21875 0.1109375 0.05
0 0.709375 0.203125 0.1359375 0.053125
0 0.83359375 0.190625 0.1 0.053125
0 0.0796875 0.3328125 0.0796875 0.04375
0 0.16484375 0.325 0.0734375 0.046875
0 0.26640625 0.29296875 0.125 0.0625
0 0.375 0.2796875 0.090625 0.0484375
0 0.428125 0.28203125 0.0234375 0.0140625
0 0.515625 0.2671875 0.146875 0.0765625
0 0.609375 0.2546875 0.028125 0.0140625
0 0.67421875 0.24375 0.11875 0.05625
0 0.803125 0.23046875 0.121875 0.046875
0 0.9046875 0.215625 0.0921875 0.0421875
0 0.096875 0.3703125 0.1265625 0.06875
0 0.16875 0.35078125 0.021875 0.01875
0 0.24453125 0.3375 0.1265625 0.0546875
0 0.346875 0.3234375 0.0734375 0.0359375
0 0.453125 0.31328125 0.15625 0.075
0 0.5875 0.29296875 0.1125 0.0546875
0 0.5390625 0.3125 0.0125 0.0171875
0 0.6859375 0.2859375 0.09375 0.0609375
0 0.87265625 0.2609375 0.1328125 0.059375
0 0.76328125 0.27421875 0.0734375 0.05
0 0.096875 0.39921875 0.0734375 0.0484375
0 0.2265625 0.36640625 0.171875 0.075
0 0.328125 0.37109375 0.0078125 0.0078125
0 0.3421875 0.35703125 0.03125 0.0125
0 0.38671875 0.35625 0.0375 0.0328125
0 0.4515625 0.34921875 0.046875 0.0359375
0 0.415625 0.3546875 0.0328125 0.028125
0 0.5703125 0.328125 0.16875 0.065625
0 0.73359375 0.3109375 0.134375 0.0578125
0 0.15390625 0.42734375 0.1734375 0.078125
0 0.284375 0.4078125 0.034375 0.0171875
0 0.3671875 0.39765625 0.1015625 0.04375
0 0.459375 0.3890625 0.0890625 0.0515625
0 0.665625 0.3578125 0.1421875 0.059375
0 0.575 0.371875 0.01875 0.0078125
0 0.10625 0.48515625 0.0703125 0.0578125
0 0.2109375 0.4515625 0.1140625 0.0609375
0 0.3015625 0.44453125 0.0203125 0.0125
0 0.37734375 0.42890625 0.096875 0.0625
0 0.44375 0.43046875 0.04375 0.0421875
0 0.50078125 0.421875 0.075 0.0640625
0 0.565625 0.41796875 0.0140625 0.0078125
0 0.68359375 0.3890625 0.175 0.06875
0 0.16171875 0.5 0.2109375 0.0796875
0 0.3046875 0.48125 0.025 0.0109375
0 0.3890625 0.46953125 0.084375 0.0453125
0 0.46953125 0.46328125 0.0359375 0.015625
0 0.5828125 0.446875 0.15625 0.0796875
0 0.73046875 0.4265625 0.134375 0.05625
0 0.825 0.39921875 0.075 0.0359375
0 0.921875 0.3734375 0.1265625 0.065625
0 0.89453125 0.40859375 0.1390625 0.053125
0 0.125 0.546875 0.1328125 0.0734375
0 0.2546875 0.5203125 0.1265625 0.065625
0 0.3390625 0.51640625 0.0265625 0.0125
0 0.39921875 0.5078125 0.0859375 0.0453125
0 0.51015625 0.48359375 0.1328125 0.06875
0 0.5953125 0.48125 0.0265625 0.0125
0 0.696875 0.46015625 0.1640625 0.06875
0 0.15625 0.58828125 0.1578125 0.08125
0 0.33984375 0.54765625 0.1890625 0.0734375
0 0.45546875 0.54453125 0.034375 0.0171875
0 0.5484375 0.52890625 0.1515625 0.075
0 0.715625 0.5109375 0.1828125 0.071875
0 0.81875 0.4921875 0.0265625 0.015625
0 0.88359375 0.48203125 0.1140625 0.0515625
0 0.17734375 0.6171875 0.1859375 0.084375
0 0.32265625 0.58828125 0.103125 0.059375
0 0.40390625 0.59453125 0.0078125 0.0078125
0 0.1453125 0.65234375 0.1234375 0.0546875
0 0.28359375 0.6375 0.0890625 0.0671875
0 0.36328125 0.6296875 0.021875 0.0109375
0 0.4265625 0.62421875 0.0796875 0.0359375
0 0.5125 0.609375 0.0703125 0.0578125
0 0.57734375 0.603125 0.0125 0.00625
0 0.1390625 0.69140625 0.0875 0.05625
0 0.2359375 0.675 0.090625 0.0640625
0 0.30625 0.67578125 0.0234375 0.0125
0 0.41484375 0.665625 0.171875 0.065625
0 0.540625 0.64609375 0.03125 0.015625
0 0.62734375 0.63046875 0.140625 0.0609375
0 0.1484375 0.7265625 0.103125 0.059375
0 0.24765625 0.71796875 0.08125 0.05
0 0.30703125 0.71640625 0.0171875 0.0109375
0 0.4265625 0.70546875 0.1875 0.0734375
0 0.54375 0.6875 0.021875 0.0078125
0 0.62890625 0.6671875 0.134375 0.0625