0 0.0984375 0.15625 0.0546875 0.08125
0 0.68046875 0.14453125 0.0875 0.1203125
0 0.28359375 0.17265625 0.190625 0.1046875
0 0.44375 0.19609375 0.1140625 0.0796875
0 0.5765625 0.19921875 0.0953125 0.0875
0 0.7328125 0.265625 0.2 0.15625
0 0.8953125 0.2734375 0.125 0.0875
0 0.0796875 0.2625 0.075 0.0984375
0 0.23671875 0.29921875 0.11875 0.0671875
0 0.38125 0.32578125 0.11875 0.0890625
0 0.56796875 0.34375 0.1953125 0.08125
0 0.05234375 0.37578125 0.071875 0.090625
0 0.18359375 0.3984375 0.0984375 0.09375
0 0.28203125 0.41953125 0.05625 0.0765625
0 0.37109375 0.428125 0.125 0.0796875
0 0.5484375 0.4578125 0.1828125 0.096875
0 0.0328125 0.50234375 0.065625 0.1109375
0 0.13203125 0.53203125 0.0734375 0.078125
0 0.25859375 0.5421875 0.128125 0.1171875
0 0.43125 0.56640625 0.246875 0.1390625