0 0.0640625 0.13046875 0.0171875 0.025
0 0.1390625 0.1234375 0.03125 0.025
0 0.17734375 0.1265625 0.0375 0.028125
0 0.2296875 0.11640625 0.05 0.028125
0 0.2890625 0.11328125 0.05 0.025
0 0.34296875 0.1109375 0.0390625 0.025
0 0.40546875 0.11015625 0.065625 0.025
0 0.45390625 0.11171875 0.0125 0.0203125
0 0.49609375 0.10625 0.053125 0.03125
0 0.571875 0.109375 0.084375 0.025
0 0.2125 0.20390625 0.040625 0.025
0 0.43359375 0.1984375 0.03125 0.025
0 0.140625 0.296875 0.040625 0.025
0 0.18515625 0.29296875 0.034375 0.028125
0 0.2296875 0.29296875 0.0390625 0.025
0 0.2671875 0.29140625 0.021875 0.0265625
0 0.30703125 0.29375 0.046875 0.034375
0 0.38203125 0.29140625 0.0890625 0.0203125
0 0.44921875 0.28671875 0.03125 0.028125
0 0.49609375 0.29453125 0.05 0.0265625
0 0.56953125 0.28984375 0.084375 0.0203125
0 0.15390625 0.3671875 0.05 0.04375
0 0.271875 0.3546875 0.1171875 0.075
0 0.40234375 0.353125 0.109375 0.06875
0 0.50546875 0.3671875 0.04375 0.04375
0 0.5859375 0.35625 0.090625 0.0703125
0 0.73984375 0.36796875 0.1796875 0.096875
0 0.16484375 0.44609375 0.0625 0.0421875
0 0.2828125 0.46640625 0.153125 0.13125
0 0.415625 0.43515625 0.1375 0.06875
0 0.54375 0.43671875 0.1015625 0.065625
0 0.65703125 0.43828125 0.1 0.0625
0 0.7609375 0.440625 0.0984375 0.071875
0 0.16171875 0.52421875 0.06875 0.053125
0 0.27109375 0.52109375 0.125 0.08125
0 0.4046875 0.5125 0.1234375 0.084375
0 0.50234375 0.515625 0.046875 0.071875
0 0.59609375 0.53203125 0.109375 0.0890625
0 0.709375 0.51953125 0.06875 0.0609375
0 0.784375 0.53515625 0.09375 0.065625
0 0.2078125 0.625 0.15625 0.0875
0 0.34140625 0.61328125 0.0796875 0.053125
0 0.46015625 0.6109375 0.13125 0.0625
0 0.5921875 0.59609375 0.11875 0.075
0 0.69375 0.625 0.05625 0.071875
0 0.79140625 0.59765625 0.125 0.0734375
0 0.159375 0.6953125 0.078125 0.0546875
0 0.91875 0.86015625 0.0421875 0.075
0 0.89140625 0.92265625 0.009375 0.021875
0 0.9265625 0.91796875 0.0484375 0.028125