0 0.28125 0.05625 0.184375 0.1125
0 0.4640625 0.09921875 0.2 0.125
0 0.60703125 0.134375 0.1234375 0.0984375
0 0.72890625 0.15 0.115625 0.103125
0 0.90625 0.2046875 0.1875 0.11875
0 0.178125 0.12734375 0.1125 0.09375
0 0.3203125 0.1609375 0.178125 0.1078125
0 0.47265625 0.2015625 0.175 0.1109375
0 0.5859375 0.2578125 0.165625 0.165625
0 0.75546875 0.2515625 0.2234375 0.125
0 0.93671875 0.28984375 0.1265625 0.0953125
0 0.67890625 0.31796875 0.146875 0.096875
0 0.84609375 0.34453125 0.2109375 0.1203125
0 0.46796875 0.28125 0.30625 0.1484375
0 0.26484375 0.2375 0.1390625 0.1234375
0 0.159375 0.2046875 0.1078125 0.1046875
0 0.15390625 0.3 0.1578125 0.109375
0 0.13203125 0.4125 0.1453125 0.1109375
0 0.49375 0.39921875 0.6171875 0.325
0 0.23203125 0.4546875 0.0078125 0.0125