0 0.07421875 0.1859375 0.0640625 0.0453125
0 0.13671875 0.17578125 0.0140625 0.0390625
0 0.21953125 0.175 0.0828125 0.0359375
0 0.146875 0.2953125 0.0375 0.025
0 0.215625 0.29140625 0.053125 0.025
0 0.28125 0.29765625 0.0390625 0.0390625
0 0.35625 0.29375 0.0546875 0.0328125
0 0.4265625 0.29140625 0.0140625 0.0203125
0 0.52890625 0.2859375 0.1046875 0.0296875
0 0.63125 0.2890625 0.028125 0.028125
0 0.69765625 0.290625 0.0515625 0.0234375
0 0.28828125 0.38125 0.0140625 0.0390625
0 0.40625 0.38125 0.1234375 0.0421875
0 0.56015625 0.3734375 0.11875 0.0421875
0 0.39609375 0.49609375 0.0203125 0.0515625
0 0.490625 0.48984375 0.0484375 0.0375
0 0.5703125 0.48671875 0.028125 0.0390625
0 0.70546875 0.46796875 0.165625 0.05
0 0.8390625 0.6671875 0.0765625 0.040625
0 0.74453125 0.76484375 0.1 0.04375
0 0.84453125 0.7609375 0.0203125 0.0484375
0 0.91484375 0.76875 0.0796875 0.0390625