0 0.1171875 0.08515625 0.040625 0.01875
0 0.1484375 0.07578125 0.0203125 0.0109375
0 0.196875 0.06484375 0.0796875 0.028125
0 0.246875 0.05078125 0.0203125 0.0109375
0 0.26875 0.0453125 0.021875 0.0109375
0 0.3046875 0.0375 0.0484375 0.01875
0 0.33828125 0.028125 0.015625 0.009375
0 0.35546875 0.02421875 0.0171875 0.009375
0 0.396875 0.01328125 0.0640625 0.021875
0 0.4375 0.00390625 0.0125 0.0078125
0 0.4640625 0.0015625 0.034375 0.003125
0 0.30859375 0.06796875 0.175 0.065625
0 0.53359375 0.03359375 0.2703125 0.0671875
0 0.32265625 0.09140625 0.034375 0.0265625
0 0.45234375 0.06328125 0.03125 0.028125
0 0.59921875 0.025 0.03125 0.0234375
0 0.0046875 0.2265625 0.009375 0.009375
0 0.0953125 0.20234375 0.103125 0.0421875
0 0.26796875 0.16328125 0.140625 0.053125
0 0.390625 0.12890625 0.0671875 0.034375
0 0.4703125 0.12109375 0.0765625 0.046875
0 0.559375 0.08828125 0.08125 0.0359375
0 0.696875 0.0484375 0.1671875 0.071875
0 0.0984375 0.228125 0.0953125 0.04375
0 0.2359375 0.196875 0.11875 0.0484375
0 0.3375 0.17421875 0.053125 0.0328125
0 0.0203125 0.321875 0.040625 0.059375
0 0.1359375 0.27734375 0.0859375 0.0390625
0 0.23203125 0.259375 0.0421875 0.0421875
0 0.4234375 0.20546875 0.2578125 0.0828125
0 0.596875 0.16640625 0.046875 0.0421875
0 0.6953125 0.1359375 0.121875 0.0515625
0 0.78359375 0.11640625 0.05 0.0296875
0 0.00859375 0.3890625 0.0171875 0.06875
0 0.09453125 0.3453125 0.028125 0.021875
0 0.21015625 0.315625 0.1484375 0.059375
0 0.3953125 0.27265625 0.1515625 0.0546875
0 0.584375 0.23125 0.171875 0.0828125
0 0.74453125 0.18828125 0.1171875 0.0640625
0 0.83515625 0.15234375 0.0421875 0.0359375
0 0.09453125 0.375 0.04375 0.025
0 0.15390625 0.36015625 0.0453125 0.028125
0 0.29921875 0.321875 0.184375 0.065625
0 0.484375 0.27734375 0.075 0.0390625
0 0.62265625 0.24140625 0.1125 0.05
0 0.784375 0.21328125 0.159375 0.075
0 0.16953125 0.38515625 0.1640625 0.059375
0 0.3546875 0.34140625 0.1 0.0453125
0 0.459375 0.31640625 0.0421875 0.028125
0 0.52265625 0.29765625 0.0859375 0.0421875
0 0.67578125 0.26640625 0.171875 0.0765625
0 0.79375 0.23203125 0.0421875 0.025
0 0.8671875 0.20859375 0.08125 0.0421875
0 0.14296875 0.4296875 0.096875 0.046875
0 0.296875 0.3828125 0.1390625 0.0546875
0 0.53046875 0.3265625 0.2390625 0.0859375
0 0.16171875 0.4546875 0.08125 0.046875
0 0.2671875 0.4234375 0.0890625 0.0484375
0 0.3796875 0.39453125 0.0484375 0.028125
0 0.446875 0.378125 0.065625 0.034375
0 0.67109375 0.31875 0.2609375 0.096875
0 0.86171875 0.27265625 0.1109375 0.0640625
0 0.17734375 0.478125 0.0953125 0.0453125
0 0.35703125 0.4328125 0.1578125 0.05625
0 0.60859375 0.36875 0.2703125 0.0859375
0 0.83125 0.3109375 0.1671875 0.059375
0 0.15859375 0.5140625 0.0765625 0.040625
0 0.35625 0.4875 0.2734375 0.1265625
0 0.56953125 0.41171875 0.1515625 0.05625
0 0.17890625 0.5453125 0.0796875 0.0421875
0 0.2953125 0.52421875 0.0921875 0.05625
0 0.43984375 0.4734375 0.0828125 0.040625
0 0.5828125 0.43671875 0.109375 0.0453125
0 0.68046875 0.4125 0.05 0.0296875
0 0.78203125 0.3875 0.109375 0.046875
0 0.88984375 0.36015625 0.0890625 0.0515625
0 0.18984375 0.56875 0.090625 0.0484375
0 0.3671875 0.52421875 0.1703125 0.065625
0 0.5859375 0.4765625 0.253125 0.1046875
0 0.83671875 0.4125 0.26875 0.103125
0 0.19453125 0.59921875 0.0703125 0.0359375
0 0.35546875 0.56875 0.1734375 0.078125
0 0.5921875 0.51484375 0.225 0.1015625
0 0.790625 0.45234375 0.159375 0.0703125
0 0.21328125 0.69765625 0.1296875 0.0671875
0 0.43828125 0.63828125 0.2046875 0.075
0 0.62890625 0.59296875 0.071875 0.03125
0 0.74296875 0.56328125 0.0828125 0.0359375
0 0.88125 0.52890625 0.1328125 0.0578125
0 0.209375 0.7296875 0.1390625 0.065625
0 0.4171875 0.68203125 0.2 0.084375
0 0.5796875 0.63515625 0.0640625 0.034375
0 0.6953125 0.6109375 0.09375 0.05625
0 0.86328125 0.57890625 0.1453125 0.0859375
0 0.95 0.5390625 0.021875 0.0296875
0 0.3609375 0.7625 0.4109375 0.134375
0 0.71640625 0.6734375 0.2671875 0.0921875
0 0.9265625 0.61328125 0.146875 0.0703125
0 0.46875 0.77109375 0.1734375 0.071875
0 0.64296875 0.72734375 0.0828125 0.046875
0 0.809375 0.6890625 0.1796875 0.084375