0 0.2921875 0.07734375 0.13125 0.0734375
0 0.459375 0.08984375 0.1734375 0.1109375
0 0.59375 0.05546875 0.071875 0.0515625
0 0.7125 0.046875 0.1171875 0.0703125
0 0.30078125 0.165625 0.103125 0.06875
0 0.41796875 0.14765625 0.075 0.0515625
0 0.55 0.14140625 0.1265625 0.09375
0 0.19765625 0.39453125 0.1734375 0.1359375
0 0.47109375 0.36015625 0.2828125 0.10625
0 0.0671875 0.52265625 0.0296875 0.0140625
0 0.17109375 0.50546875 0.121875 0.0640625
0 0.26953125 0.496875 0.0796875 0.053125
0 0.3859375 0.4859375 0.1265625 0.06875
0 0.5171875 0.478125 0.0375 0.040625
0 0.6234375 0.46953125 0.13125 0.059375
0 0.80390625 0.45625 0.240625 0.0859375