0 0.0390625 0.1046875 0.078125 0.04375
0 0.328125 0.05234375 0.1375 0.05625
0 0.1453125 0.12265625 0.084375 0.059375
0 0.24609375 0.11015625 0.1140625 0.059375
0 0.36328125 0.09921875 0.103125 0.0640625
0 0.47578125 0.08125 0.10625 0.05625
0 0.59765625 0.06953125 0.1390625 0.0609375
0 0.72578125 0.0515625 0.121875 0.0578125
0 0.825 0.03828125 0.0578125 0.0328125
0 0.89609375 0.02421875 0.0734375 0.0484375
0 0.134375 0.17734375 0.0953125 0.059375
0 0.22109375 0.1640625 0.040625 0.0375
0 0.35 0.1546875 0.2046875 0.0796875
0 0.5140625 0.13125 0.115625 0.040625
0 0.62578125 0.1125 0.0703125 0.034375
0 0.68984375 0.09765625 0.0375 0.0390625
0 0.7375 0.08828125 0.0421875 0.034375
0 0.83671875 0.08671875 0.1328125 0.034375
0 0.92265625 0.06953125 0.046875 0.0453125
0 0.14609375 0.22890625 0.0890625 0.053125
0 0.30390625 0.20546875 0.2140625 0.06875
0 0.21328125 0.3046875 0.0765625 0.0546875
0 0.4640625 0.27578125 0.1765625 0.0765625
0 0.25390625 0.34140625 0.171875 0.0703125
0 0.4453125 0.3125 0.0953125 0.046875
0 0.2671875 0.39296875 0.1703125 0.05625
0 0.46015625 0.36015625 0.1453125 0.0546875
0 0.22890625 0.4453125 0.071875 0.046875
0 0.4234375 0.415625 0.06875 0.0390625
0 0.48046875 0.40703125 0.05625 0.0359375
0 0.540625 0.396875 0.0609375 0.0390625
0 0.2328125 0.48671875 0.0796875 0.0484375
0 0.46796875 0.4609375 0.146875 0.053125
0 0.25703125 0.53046875 0.1265625 0.0546875
0 0.459375 0.4953125 0.1046875 0.0515625
0 0.096875 0.60390625 0.01875 0.0265625
0 0.20234375 0.58359375 0.1109375 0.059375
0 0.3 0.57734375 0.0328125 0.0328125
0 0.353125 0.5625 0.059375 0.0484375
0 0.4890625 0.546875 0.1796875 0.0734375
0 0.68203125 0.51640625 0.1859375 0.059375
0 0.8140625 0.5 0.075 0.0515625
0 0.8703125 0.48984375 0.0578125 0.040625
0 0.9484375 0.490625 0.0671875 0.0578125
0 0.21015625 0.6359375 0.1265625 0.065625
0 0.0984375 0.69375 0.0296875 0.034375
0 0.18515625 0.68671875 0.0671875 0.053125
0 0.31171875 0.665625 0.196875 0.0578125
0 0.44453125 0.64296875 0.04375 0.03125
0 0.553125 0.63671875 0.1640625 0.0640625
0 0.7140625 0.59921875 0.1671875 0.0609375
0 0.85078125 0.59140625 0.065625 0.0453125
0 0.946875 0.58046875 0.10625 0.0640625
0 0.184375 0.7328125 0.0625 0.0375
0 0.25859375 0.71640625 0.0671875 0.0421875
0 0.234375 0.77421875 0.1375 0.0515625
0 0.3234375 0.76328125 0.028125 0.021875
0 0.41328125 0.740625 0.090625 0.0578125
0 0.515625 0.72578125 0.0828125 0.0578125
0 0.64296875 0.7171875 0.1265625 0.0625
0 0.76484375 0.6890625 0.09375 0.0546875
0 0.20390625 0.81953125 0.0734375 0.04375
0 0.2859375 0.809375 0.071875 0.046875
0 0.39609375 0.79453125 0.1453125 0.071875
0 0.51953125 0.78203125 0.075 0.05625
0 0.5984375 0.76484375 0.05 0.034375
0 0.70234375 0.746875 0.1328125 0.059375