0 0.06953125 0.24453125 0.096875 0.053125
0 0.2421875 0.2578125 0.16875 0.075
0 0.40859375 0.2390625 0.153125 0.05625
0 0.57578125 0.2375 0.1296875 0.071875
0 0.67421875 0.21953125 0.0328125 0.03125
0 0.16953125 0.3265625 0.2125 0.078125
0 0.365625 0.30234375 0.128125 0.04375
0 0.45390625 0.28203125 0.0140625 0.0375
0 0.5328125 0.27890625 0.1 0.0375
0 0.65234375 0.2734375 0.0953125 0.034375
0 0.10234375 0.375 0.059375 0.0328125
0 0.221875 0.36875 0.08125 0.03125
0 0.32734375 0.35234375 0.08125 0.0390625
0 0.44765625 0.34609375 0.109375 0.0375
0 0.5421875 0.3328125 0.0125 0.0328125
0 0.6671875 0.33359375 0.1484375 0.0609375
0 0.17734375 0.4296875 0.1875 0.0625
0 0.3359375 0.41796875 0.075 0.028125
0 0.43125 0.396875 0.0859375 0.04375
0 0.57265625 0.3984375 0.1390625 0.06875
0 0.71015625 0.38203125 0.1125 0.0453125
0 0.17734375 0.4859375 0.1703125 0.0984375
0 0.30859375 0.4796875 0.0796875 0.053125
0 0.43046875 0.4640625 0.1015625 0.0359375
0 0.55 0.4453125 0.09375 0.040625
0 0.64765625 0.43828125 0.0453125 0.0328125
0 0.740625 0.43828125 0.125 0.05625
0 0.2765625 0.534375 0.0890625 0.0421875
0 0.40546875 0.51640625 0.1 0.0484375
0 0.4984375 0.51484375 0.0375 0.0296875
0 0.6 0.50078125 0.09375 0.034375
0 0.753125 0.496875 0.1796875 0.0859375
0 0.159375 0.61640625 0.121875 0.05
0 0.26953125 0.59765625 0.0625 0.0328125
0 0.36875 0.58359375 0.0796875 0.034375
0 0.51484375 0.57578125 0.178125 0.071875
0 0.71484375 0.565625 0.1546875 0.0734375
0 0.828125 0.53828125 0.0359375 0.0328125
0 0.25078125 0.659375 0.2609375 0.0734375