0 0.1859375 0.0453125 0.071875 0.0328125
0 0.23203125 0.05 0.009375 0.025
0 0.26484375 0.053125 0.0453125 0.028125
0 0.33984375 0.0609375 0.0921875 0.0328125
0 0.4078125 0.06875 0.0328125 0.028125
0 0.32109375 0.12421875 0.2140625 0.0765625
0 0.1921875 0.23046875 0.0671875 0.0296875
0 0.23359375 0.2328125 0.00625 0.0171875
0 0.2625 0.2359375 0.040625 0.021875
0 0.32734375 0.24921875 0.084375 0.0328125
0 0.40078125 0.25234375 0.05625 0.025
0 0.16484375 0.2734375 0.05 0.0328125
0 0.3078125 0.3015625 0.1640625 0.0859375
0 0.528125 0.3171875 0.253125 0.0921875
0 0.62578125 0.37421875 0.028125 0.0296875
0 0.65703125 0.36953125 0.0203125 0.015625
0 0.765625 0.38125 0.1890625 0.0796875
0 0.30078125 0.3640625 0.0265625 0.0453125
0 0.3453125 0.36953125 0.0359375 0.0265625
0 0.4234375 0.378125 0.1234375 0.075
0 0.7 0.40625 0.0484375 0.021875
0 0.8078125 0.42734375 0.1671875 0.0671875
0 0.61796875 0.4359375 0.0296875 0.0265625
0 0.653125 0.44140625 0.0296875 0.0203125
0 0.7578125 0.453125 0.1671875 0.046875
0 0.1234375 0.42265625 0.025 0.009375
0 0.29765625 0.44140625 0.2953125 0.0890625
0 0.721875 0.4828125 0.103125 0.04375
0 0.1828125 0.4734375 0.0828125 0.04375
0 0.29765625 0.496875 0.1265625 0.0609375
0 0.625 0.52109375 0.0484375 0.04375
0 0.66875 0.52421875 0.0296875 0.01875
0 0.75078125 0.52890625 0.13125 0.0453125
0 0.25078125 0.53203125 0.196875 0.0671875
0 0.415625 0.546875 0.1375 0.0734375
0 0.1078125 0.5671875 0.028125 0.0078125
0 0.1984375 0.57109375 0.1046875 0.0515625
0 0.41640625 0.6109375 0.3 0.1203125
0 0.21171875 0.63359375 0.05625 0.03125
0 0.321875 0.65234375 0.0765625 0.046875
0 0.38671875 0.65859375 0.03125 0.0296875
0 0.48828125 0.66875 0.1546875 0.0515625
0 0.59609375 0.67734375 0.0296875 0.025
0 0.66484375 0.6765625 0.0671875 0.0453125