0 0.1890625 0.07734375 0.096875 0.0703125
0 0.30078125 0.11328125 0.1203125 0.115625
0 0.38125 0.11484375 0.021875 0.0296875
0 0.45859375 0.14921875 0.1515625 0.1296875
0 0.15703125 0.171875 0.08125 0.0765625
0 0.24296875 0.184375 0.090625 0.065625
0 0.33828125 0.20390625 0.0890625 0.0515625
0 0.4078125 0.22890625 0.03125 0.021875
0 0.49140625 0.2515625 0.1140625 0.103125
0 0.6375 0.28828125 0.1984375 0.140625
0 0.8 0.325 0.2015625 0.1328125
0 0.92734375 0.3421875 0.0484375 0.046875
0 0.13203125 0.24765625 0.08125 0.0546875
0 0.19609375 0.2765625 0.0625 0.08125
0 0.315625 0.3078125 0.178125 0.128125
0 0.440625 0.32265625 0.0671875 0.04375
0 0.48984375 0.32734375 0.046875 0.0546875
0 0.55078125 0.34765625 0.0640625 0.0765625
0 0.634375 0.375 0.0984375 0.078125
0 0.69609375 0.39140625 0.0421875 0.078125
0 0.75859375 0.38828125 0.06875 0.08125
0 0.79921875 0.40390625 0.009375 0.009375
0 0.09140625 0.34140625 0.0671875 0.0921875
0 0.18046875 0.3671875 0.1125 0.0875
0 0.32734375 0.41328125 0.1859375 0.171875
0 0.47734375 0.425 0.090625 0.0625
0 0.57890625 0.44921875 0.1 0.0609375
0 0.6578125 0.46875 0.025 0.028125
0 0.746875 0.49296875 0.1171875 0.0984375
0 0.88515625 0.5203125 0.159375 0.103125
0 0.0875 0.48046875 0.1109375 0.0984375
0 0.24375 0.49453125 0.1578125 0.0796875
0 0.3890625 0.5359375 0.1265625 0.078125
0 0.53828125 0.565625 0.1609375 0.08125
0 0.728125 0.6125 0.215625 0.121875
0 0.8375 0.62265625 0.078125 0.10625
0 0.9015625 0.64609375 0.1140625 0.08125
0 0.03203125 0.5609375 0.0640625 0.090625
0 0.109375 0.57734375 0.1 0.134375
0 0.28046875 0.66875 0.1546875 0.1140625
0 0.39921875 0.67890625 0.0796875 0.0625
0 0.4640625 0.68671875 0.040625 0.05
0 0.525 0.7265625 0.0890625 0.0875
0 0.6234375 0.70390625 0.0984375 0.0734375
0 0.64296875 0.79921875 0.2453125 0.128125
0 0.82578125 0.8046875 0.1171875 0.078125
0 0.64296875 0.83515625 0.0625 0.06875
0 0.66484375 0.85 0.0546875 0.053125
0 0.68984375 0.85859375 0.0375 0.0546875
0 0.89296875 0.83984375 0.04375 0.059375
0 0.85 0.88828125 0.1328125 0.0875