0 0.034375 0.27890625 0.06875 0.2296875
0 0.1203125 0.28515625 0.1859375 0.29375
0 0.328125 0.21171875 0.1578125 0.228125
0 0.4171875 0.20859375 0.0640625 0.1140625
0 0.5546875 0.175 0.290625 0.35
0 0.74296875 0.14453125 0.159375 0.1609375
0 0.85 0.09921875 0.15625 0.1984375
0 0.15 0.62421875 0.2265625 0.4015625
0 0.31875 0.4875 0.2796875 0.34375
0 0.5015625 0.43828125 0.1546875 0.178125
0 0.34765625 0.76484375 0.1328125 0.2171875
0 0.440625 0.74296875 0.128125 0.290625
0 0.55390625 0.709375 0.1703125 0.253125
0 0.76171875 0.79921875 0.253125 0.2875
0 0.93515625 0.7921875 0.1296875 0.18125
0 0.2484375 0.31953125 0.178125 0.3046875