0 0.14609375 0.23671875 0.0921875 0.034375
0 0.6765625 0.21640625 0.153125 0.040625
0 0.14296875 0.2703125 0.053125 0.0265625
0 0.2421875 0.26796875 0.1015625 0.0359375
0 0.36328125 0.2546875 0.05625 0.028125
0 0.121875 0.3046875 0.040625 0.0421875
0 0.1765625 0.303125 0.0609375 0.0390625
0 0.27421875 0.29296875 0.125 0.0375
0 0.3859375 0.28046875 0.1015625 0.0328125
0 0.49765625 0.26796875 0.0609375 0.034375
0 0.6328125 0.27265625 0.0265625 0.028125
0 0.67421875 0.26875 0.0421875 0.03125
0 0.72109375 0.265625 0.0265625 0.0296875
0 0.8 0.26328125 0.1046875 0.046875
0 0.9109375 0.24453125 0.0515625 0.034375
0 0.1640625 0.3390625 0.0890625 0.0421875
0 0.26015625 0.3265625 0.1015625 0.03125
0 0.35859375 0.31953125 0.08125 0.034375
0 0.4671875 0.3046875 0.065625 0.028125
0 0.16328125 0.3734375 0.0796875 0.0375
0 0.26640625 0.36328125 0.1171875 0.034375
0 0.36875 0.353125 0.0703125 0.0375
0 0.48203125 0.3359375 0.0625 0.0328125
0 0.69296875 0.3046875 0.1609375 0.0375
0 0.85078125 0.29765625 0.0640625 0.0359375
0 0.9234375 0.290625 0.0703125 0.0359375
0 0.19453125 0.41015625 0.1765625 0.05
0 0.70703125 0.38828125 0.059375 0.0484375
0 0.79375 0.38828125 0.1109375 0.0625
0 0.11953125 0.46015625 0.028125 0.046875
0 0.21015625 0.4546875 0.0453125 0.0359375
0 0.2984375 0.4515625 0.115625 0.0359375
0 0.4265625 0.44609375 0.053125 0.0296875
0 0.121875 0.509375 0.021875 0.0375
0 0.165625 0.5046875 0.0625 0.0421875
0 0.26484375 0.5 0.10625 0.0328125
0 0.3875 0.4890625 0.05 0.028125
0 0.159375 0.54921875 0.0765625 0.0375
0 0.246875 0.54765625 0.0671875 0.0390625
0 0.325 0.53828125 0.0890625 0.0375
0 0.43515625 0.52578125 0.0640625 0.03125
0 0.1640625 0.5921875 0.078125 0.04375
0 0.271875 0.5828125 0.1125 0.0359375
0 0.38125 0.565625 0.05 0.0328125
0 0.24140625 0.62578125 0.29375 0.059375
0 0.19765625 0.675 0.178125 0.040625
0 0.17578125 0.721875 0.1078125 0.0375
0 0.2984375 0.7140625 0.11875 0.0359375
0 0.41875 0.703125 0.0515625 0.028125
0 0.11015625 0.76796875 0.04375 0.05
0 0.15625 0.7625 0.0609375 0.034375
0 0.29296875 0.7515625 0.184375 0.0421875
0 0.45625 0.74296875 0.0734375 0.034375
0 0.13984375 0.81171875 0.0796875 0.040625
0 0.23828125 0.80703125 0.0859375 0.040625
0 0.34375 0.7953125 0.11875 0.034375
0 0.46875 0.78203125 0.0453125 0.0296875
0 0.15234375 0.85546875 0.084375 0.0375
0 0.26796875 0.85390625 0.109375 0.0359375
0 0.39375 0.84140625 0.10625 0.0484375
0 0.51015625 0.815625 0.0703125 0.0328125
0 0.30078125 0.8765625 0.184375 0.0390625
0 0.46328125 0.85859375 0.0546875 0.0359375
0 0.31328125 0.253125 0.0171875 0.0078125
0 0.45546875 0.2734375 0.0203125 0.00625
0 0.421875 0.30859375 0.01875 0.0078125
0 0.43125 0.3453125 0.01875 0.0078125
0 0.38125 0.446875 0.0234375 0.009375
0 0.33984375 0.4921875 0.01875 0.0078125
0 0.3890625 0.53046875 0.0171875 0.00625
0 0.3453125 0.5703125 0.028125 0.009375
0 0.37578125 0.70390625 0.0296875 0.0109375
0 0.40234375 0.746875 0.01875 0.0078125
0 0.42578125 0.78359375 0.025 0.00625
0 0.46015625 0.82265625 0.03125 0.0171875
0 0.42109375 0.865625 0.03125 0.0140625
0 0.87109375 0.24453125 0.0296875 0.00625
0 0.79375 0.30625 0.0265625 0.0109375
0 0.16171875 0.46171875 0.046875 0.03125