0 0.08203125 0.20234375 0.0484375 0.0328125
0 0.16640625 0.19609375 0.065625 0.034375
0 0.0484375 0.2375 0.0390625 0.025
0 0.1 0.24765625 0.0546875 0.0328125
0 0.209375 0.2296875 0.0484375 0.025
0 0.05703125 0.2796875 0.040625 0.025
0 0.11796875 0.28671875 0.0640625 0.028125
0 0.18203125 0.28203125 0.0296875 0.0265625
0 0.1734375 0.23984375 0.0265625 0.0234375
0 0.2265625 0.26953125 0.0453125 0.0265625
0 0.52734375 0.084375 0.0625 0.0359375
0 0.4921875 0.12265625 0.08125 0.028125
0 0.60703125 0.09453125 0.1171875 0.0453125
0 0.43671875 0.203125 0.0265625 0.025
0 0.49296875 0.18984375 0.0265625 0.0234375
0 0.57578125 0.17109375 0.10625 0.0421875
0 0.74375 0.05859375 0.10625 0.046875
0 0.08046875 0.328125 0.0375 0.028125
0 0.12265625 0.334375 0.0453125 0.028125
0 0.175 0.3265625 0.0234375 0.01875
0 0.2109375 0.315625 0.0375 0.0203125
0 0.31015625 0.3 0.0984375 0.04375
0 0.0921875 0.40390625 0.065625 0.0328125
0 0.10859375 0.43984375 0.0125 0.0140625
0 0.13046875 0.4375 0.021875 0.01875
0 0.1765625 0.4265625 0.0171875 0.01875
0 0.22109375 0.41640625 0.0390625 0.021875
0 0.28984375 0.4015625 0.05625 0.0265625
0 0.11328125 0.47265625 0.0390625 0.0234375
0 0.1875 0.45390625 0.040625 0.0234375
0 0.2359375 0.446875 0.021875 0.0171875
0 0.284375 0.43828125 0.0296875 0.025
0 0.35546875 0.42265625 0.03125 0.0265625
0 0.4078125 0.4078125 0.0453125 0.025
0 0.52109375 0.37265625 0.075 0.0296875
0 0.459375 0.3859375 0.0234375 0.01875
0 0.3921875 0.43671875 0.040625 0.0234375
0 0.4640625 0.42109375 0.0625 0.03125
0 0.1796875 0.51484375 0.08125 0.046875
0 0.315625 0.48984375 0.0390625 0.0265625
0 0.39140625 0.475 0.0234375 0.0171875
0 0.49296875 0.45234375 0.03125 0.0234375
0 0.29375 0.53359375 0.071875 0.0359375
0 0.45390625 0.4984375 0.0609375 0.034375
0 0.5296875 0.4859375 0.0296875 0.0265625
0 0.3125 0.5609375 0.0828125 0.03125
0 0.41328125 0.540625 0.0390625 0.0203125
0 0.31953125 0.58515625 0.1234375 0.0546875
0 0.33125 0.63046875 0.1078125 0.0484375
0 0.440625 0.6046875 0.0984375 0.0484375
0 0.525 0.590625 0.03125 0.0359375
0 0.56875 0.56953125 0.053125 0.0421875
0 0.61328125 0.5640625 0.03125 0.0234375
0 0.80078125 0.534375 0.0625 0.0515625
0 0.31171875 0.6984375 0.0578125 0.034375
0 0.3703125 0.68125 0.0359375 0.021875
0 0.44453125 0.6640625 0.0703125 0.0296875
0 0.17265625 0.7859375 0.028125 0.021875
0 0.22109375 0.7734375 0.0375 0.01875
0 0.26953125 0.77421875 0.0328125 0.0265625
0 0.56484375 0.696875 0.08125 0.0328125
0 0.42265625 0.73046875 0.03125 0.0203125
0 0.4703125 0.71875 0.0296875 0.0203125
0 0.4109375 0.7765625 0.053125 0.0390625
0 0.478125 0.75859375 0.0328125 0.0171875
0 0.5734375 0.7328125 0.0921875 0.0421875
0 0.64296875 0.72265625 0.021875 0.0140625
0 0.6796875 0.7171875 0.04375 0.03125
0 0.7546875 0.7046875 0.046875 0.021875
0 0.5171875 0.78671875 0.0390625 0.025
0 0.603125 0.77265625 0.0734375 0.028125
0 0.384375 0.85625 0.046875 0.025
0 0.4765625 0.84140625 0.075 0.03125
0 0.53828125 0.83515625 0.025 0.0265625
0 0.6578125 0.80546875 0.0703125 0.0328125
0 0.73125 0.79375 0.04375 0.0296875
0 0.80703125 0.77421875 0.05625 0.028125
0 0.8671875 0.76875 0.025 0.0203125
0 0.90703125 0.76484375 0.040625 0.03125
0 0.475 0.88828125 0.028125 0.01875
0 0.50546875 0.52890625 0.0734375 0.025
0 0.50078125 0.5609375 0.0734375 0.0265625
0 0.69921875 0.54921875 0.059375 0.0234375
0 0.5796875 0.86953125 0.046875 0.0296875
0 0.684375 0.84375 0.05625 0.0375
0 0.753125 0.83359375 0.040625 0.0203125
0 0.7984375 0.8234375 0.021875 0.0171875
0 0.85703125 0.81796875 0.0375 0.028125
0 0.8921875 0.81015625 0.015625 0.0234375
0 0.6515625 0.87578125 0.0421875 0.025
0 0.703125 0.87265625 0.059375 0.0453125
0 0.446875 0.13203125 0.021875 0.0296875
0 0.796875 0.04296875 0.015625 0.021875
0 0.25234375 0.509375 0.0265625 0.01875
0 0.365625 0.44375 0.01875 0.021875
0 0.5125 0.4109375 0.0234375 0.025
0 0.4203125 0.50703125 0.0203125 0.028125
0 0.54765625 0.48203125 0.0203125 0.0265625
0 0.38671875 0.54296875 0.0171875 0.021875
0 0.4375 0.5375 0.0140625 0.0171875
0 0.6609375 0.55546875 0.021875 0.0265625
0 0.83671875 0.52421875 0.0234375 0.028125
0 0.315625 0.7515625 0.0390625 0.025
0 0.37109375 0.746875 0.0171875 0.015625
0 0.45390625 0.79921875 0.01875 0.021875
0 0.54296875 0.784375 0.0109375 0.0109375
0 0.71640625 0.7109375 0.01875 0.0171875
0 0.590625 0.82421875 0.01875 0.015625
0 0.52890625 0.87890625 0.025 0.0203125
0 0.45 0.4609375 0.0265625 0.0265625
0 0.4375 0.896875 0.025 0.021875
0 0.24921875 0.3078125 0.025 0.0171875
0 0.75390625 0.53828125 0.021875 0.0140625