0 0.259375 0.0125 0.065625 0.025
0 0.32265625 0.0171875 0.034375 0.0328125
0 0.3984375 0.01484375 0.0828125 0.0296875
0 0.49375 0.0203125 0.084375 0.040625
0 0.56328125 0.0296875 0.0390625 0.034375
0 0.240625 0.05234375 0.0421875 0.0359375
0 0.29140625 0.05625 0.0453125 0.0296875
0 0.35625 0.05390625 0.05625 0.0453125
0 0.4546875 0.065625 0.125 0.046875
0 0.54921875 0.0703125 0.0515625 0.0515625
0 0.63828125 0.0765625 0.121875 0.0484375
0 0.303125 0.09375 0.16875 0.0765625
0 0.45390625 0.1015625 0.1296875 0.075
0 0.2203125 0.20078125 0.0921875 0.0359375
0 0.321875 0.2046875 0.071875 0.0328125
0 0.915625 0.25078125 0.0796875 0.0453125
0 0.2109375 0.2671875 0.0609375 0.0265625
0 0.2796875 0.26640625 0.040625 0.028125
0 0.3421875 0.27265625 0.046875 0.0296875
0 0.38671875 0.275 0.0296875 0.0234375
0 0.47578125 0.2859375 0.0953125 0.0296875
0 0.1796875 0.375 0.0140625 0.021875
0 0.278125 0.38125 0.165625 0.0515625
0 0.42890625 0.39140625 0.0921875 0.034375
0 0.19453125 0.41640625 0.0109375 0.00625
0 0.2375 0.42890625 0.0546875 0.0421875
0 0.3015625 0.4265625 0.0453125 0.0328125
0 0.36328125 0.43828125 0.0484375 0.0359375
0 0.41953125 0.43515625 0.040625 0.0390625
0 0.47734375 0.4421875 0.046875 0.0265625
0 0.57421875 0.4453125 0.1234375 0.046875
0 0.69375 0.45703125 0.075 0.0453125
0 0.7640625 0.4484375 0.028125 0.034375
0 0.80546875 0.4578125 0.015625 0.01875
0 0.86953125 0.46953125 0.071875 0.0375
0 0.28984375 0.465625 0.1671875 0.046875
0 0.4203125 0.47421875 0.065625 0.03125
0 0.46484375 0.4796875 0.0078125 0.0171875
0 0.4984375 0.49296875 0.0390625 0.0359375
0 0.559375 0.49375 0.065625 0.05
0 0.62265625 0.496875 0.0265625 0.04375
0 0.6734375 0.490625 0.0390625 0.03125
0 0.7375 0.4953125 0.05 0.0296875
0 0.81171875 0.50078125 0.065625 0.03125
0 0.88359375 0.50625 0.0359375 0.028125
0 0.9265625 0.51171875 0.0296875 0.028125
0 0.26328125 0.49296875 0.1125 0.0390625
0 0.17578125 0.58125 0.015625 0.021875
0 0.25546875 0.58125 0.13125 0.0453125
0 0.390625 0.58828125 0.0921875 0.03125
0 0.18203125 0.63125 0.009375 0.00625
0 0.21796875 0.63671875 0.0515625 0.0453125
0 0.28125 0.63828125 0.046875 0.0328125
0 0.33671875 0.63828125 0.0375 0.0359375
0 0.403125 0.65234375 0.065625 0.05625
0 0.465625 0.65234375 0.0171875 0.0234375
0 0.57890625 0.65625 0.1484375 0.05
0 0.70703125 0.659375 0.071875 0.0390625
0 0.746875 0.68125 0.0046875 0.0140625
0 0.78828125 0.66328125 0.040625 0.03125
0 0.84921875 0.6671875 0.0578125 0.0265625
0 0.90703125 0.66640625 0.025 0.03125
0 0.20703125 0.6796875 0.05 0.040625
0 0.28984375 0.6828125 0.06875 0.028125
0 0.36328125 0.69140625 0.025 0.03125
0 0.4765625 0.6984375 0.13125 0.0484375
0 0.55625 0.7078125 0.0046875 0.015625
0 0.59296875 0.6984375 0.0578125 0.0359375
0 0.66875 0.70703125 0.078125 0.0421875
0 0.73125 0.7078125 0.0203125 0.034375
0 0.7625 0.71015625 0.0296875 0.034375
0 0.809375 0.71484375 0.034375 0.0328125
0 0.8578125 0.71640625 0.059375 0.034375
0 0.90859375 0.7125 0.0375 0.03125
0 0.2 0.72890625 0.021875 0.034375
0 0.3 0.7328125 0.14375 0.0484375
0 0.403125 0.7421875 0.0296875 0.025
0 0.46796875 0.74765625 0.0609375 0.046875
0 0.53671875 0.740625 0.0609375 0.0390625
0 0.61171875 0.7390625 0.053125 0.0359375
0 0.6984375 0.74140625 0.0984375 0.046875
0 0.75546875 0.75625 0.00625 0.015625
0 0.784375 0.75625 0.0375 0.028125
0 0.85625 0.7609375 0.0734375 0.0484375
0 0.909375 0.75 0.021875 0.028125
0 0.2015625 0.771875 0.028125 0.0359375
0 0.24296875 0.77734375 0.01875 0.0234375
0 0.29296875 0.78125 0.06875 0.034375
0 0.4 0.78671875 0.09375 0.0453125
0 0.5171875 0.7875 0.090625 0.0328125
0 0.57109375 0.79375 0.0046875 0.0046875
0 0.14921875 0.84765625 0.0140625 0.0296875
0 0.2453125 0.8453125 0.159375 0.0625
0 0.39296875 0.8609375 0.096875 0.0375
0 0.16953125 0.896875 0.0140625 0.009375
0 0.240625 0.88828125 0.1046875 0.059375
0 0.32890625 0.90703125 0.053125 0.0421875
0 0.41015625 0.90546875 0.078125 0.0484375
0 0.52421875 0.91015625 0.121875 0.04375
0 0.62578125 0.9234375 0.03125 0.03125
0 0.6828125 0.91484375 0.05625 0.0359375
0 0.7953125 0.91875 0.13125 0.0609375
0 0.88359375 0.90859375 0.0296875 0.0390625