0 0.06328125 0.32421875 0.1265625 0.1890625
0 0.22265625 0.31796875 0.1625 0.221875
0 0.38671875 0.28515625 0.2125 0.1703125
0 0.53984375 0.23359375 0.103125 0.1578125
0 0.6875 0.18828125 0.1765625 0.2015625
0 0.865625 0.19453125 0.1625 0.2203125
0 0.07421875 0.5265625 0.1359375 0.2078125
0 0.18671875 0.49609375 0.1203125 0.1875
0 0.25234375 0.53671875 0.025 0.0640625
0 0.340625 0.459375 0.16875 0.153125
0 0.4765625 0.44375 0.1453125 0.1859375
0 0.61796875 0.415625 0.18125 0.1921875
0 0.7328125 0.3984375 0.0921875 0.190625
0 0.82265625 0.365625 0.128125 0.1828125
0 0.90234375 0.36328125 0.0578125 0.1390625
0 0.38046875 0.6515625 0.65 0.275
0 0.13984375 0.82734375 0.1359375 0.2
0 0.584375 0.76484375 0.7546875 0.31875