0 0.11875 0.29140625 0.125 0.1140625
0 0.02265625 0.2375 0.034375 0.0203125
0 0.309375 0.303125 0.125 0.065625
0 0.4953125 0.275 0.153125 0.0609375
0 0.5921875 0.27578125 0.01875 0.025
0 0.69765625 0.25390625 0.15 0.046875
0 0.79765625 0.25703125 0.0171875 0.0234375
0 0.88203125 0.23046875 0.109375 0.0484375
0 0.134375 0.3890625 0.1296875 0.040625
0 0.2875 0.37421875 0.1 0.0359375
0 0.4453125 0.3640625 0.1328125 0.0359375
0 0.60078125 0.35390625 0.125 0.05
0 0.78125 0.32578125 0.2140625 0.046875
0 0.9453125 0.30625 0.0765625 0.0421875
0 0.13203125 0.47265625 0.1171875 0.0421875
0 0.25390625 0.459375 0.040625 0.0265625
0 0.35390625 0.4515625 0.0953125 0.0359375
0 0.51796875 0.434375 0.1703125 0.040625
0 0.6640625 0.43046875 0.06875 0.0453125
0 0.8234375 0.39453125 0.21875 0.0640625
0 0.2046875 0.63125 0.1796875 0.053125
0 0.534375 0.59765625 0.2953125 0.0640625