0 0.034375 0.09765625 0.0375 0.034375
0 0.1328125 0.10234375 0.1140625 0.0390625
0 0.25703125 0.103125 0.08125 0.0375
0 0.36875 0.11171875 0.109375 0.0515625
0 0.515625 0.10703125 0.1421875 0.0484375
0 0.8125 0.11796875 0.1953125 0.0328125
0 0.33671875 0.1453125 0.471875 0.0546875
0 0.034375 0.21015625 0.03125 0.0328125
0 0.11484375 0.2078125 0.090625 0.034375
0 0.228125 0.21484375 0.075 0.0484375
0 0.15546875 0.2421875 0.0265625 0.0265625
0 0.20078125 0.24375 0.0375 0.025
0 0.32734375 0.246875 0.16875 0.04375
0 0.4578125 0.2484375 0.05625 0.0390625
0 0.5203125 0.24609375 0.04375 0.025
0 0.746875 0.25390625 0.1984375 0.03125
0 0.91328125 0.26484375 0.0640625 0.034375
0 0.9875 0.265625 0.025 0.025
0 0.146875 0.271875 0.0890625 0.0375
0 0.19609375 0.28515625 0.0109375 0.01875
0 0.3546875 0.284375 0.2390625 0.046875
0 0.03828125 0.346875 0.03125 0.025
0 0.1421875 0.3453125 0.1234375 0.0296875
0 0.31484375 0.3515625 0.1703125 0.0328125
0 0.48046875 0.35703125 0.0765625 0.0328125
0 0.528125 0.36875 0.00625 0.0046875
0 0.640625 0.36171875 0.065625 0.0296875
0 0.7078125 0.36328125 0.0453125 0.025
0 0.8109375 0.3640625 0.1328125 0.0328125
0 0.9359375 0.37265625 0.0578125 0.028125
0 0.99296875 0.3734375 0.0140625 0.01875
0 0.1578125 0.37890625 0.071875 0.03125
0 0.23984375 0.38359375 0.059375 0.03125
0 0.34296875 0.3828125 0.1140625 0.03125
0 0.45546875 0.3890625 0.0703125 0.0328125
0 0.5796875 0.39296875 0.1296875 0.0328125
0 0.715625 0.40078125 0.1609375 0.040625
0 0.82578125 0.39921875 0.0609375 0.0296875
0 0.89140625 0.403125 0.05 0.0265625
0 0.96875 0.4015625 0.0625 0.028125
0 0.29765625 0.41875 0.2265625 0.0453125
0 0.48125 0.42421875 0.1046875 0.03125
0 0.58046875 0.42890625 0.0546875 0.021875
0 0.35859375 0.45390625 0.51875 0.053125
0 0.69609375 0.4640625 0.090625 0.0390625
0 0.87265625 0.46640625 0.2546875 0.0546875
0 0.0390625 0.5125 0.0265625 0.0265625
0 0.1140625 0.51015625 0.0625 0.03125
0 0.19375 0.5171875 0.10625 0.0359375
0 0.3984375 0.52265625 0.06875 0.028125
0 0.603125 0.528125 0.3140625 0.0375
0 0.8125 0.5390625 0.0625 0.0296875
0 0.915625 0.5390625 0.1234375 0.0328125
0 0.9953125 0.53984375 0.0078125 0.015625
0 0.11796875 0.546875 0.0671875 0.0296875
0 0.17109375 0.5484375 0.0265625 0.0296875
0 0.27421875 0.553125 0.1296875 0.040625
0 0.38671875 0.5546875 0.0671875 0.0296875
0 0.4703125 0.56171875 0.075 0.0421875
0 0.603125 0.56171875 0.1671875 0.046875
0 0.740625 0.56796875 0.0953125 0.0375
0 0.9 0.57109375 0.1953125 0.04375
0 0.275 0.58515625 0.4046875 0.053125
0 0.61640625 0.59375 0.0984375 0.0359375
0 0.84140625 0.6046875 0.3109375 0.0515625
0 0.0390625 0.64375 0.0421875 0.0265625
0 0.15546875 0.64453125 0.140625 0.04375
0 0.30546875 0.65 0.109375 0.046875
0 0.43828125 0.6515625 0.140625 0.0328125
0 0.6578125 0.66328125 0.0515625 0.0265625
0 0.90078125 0.67734375 0.0703125 0.03125
0 0.97265625 0.67890625 0.0421875 0.028125
0 0.16328125 0.68046875 0.053125 0.0265625
0 0.30625 0.68203125 0.1890625 0.0390625
0 0.440625 0.6859375 0.040625 0.028125
0 0.5125 0.68828125 0.0671875 0.0328125
0 0.578125 0.6890625 0.0359375 0.0296875
0 0.16875 0.70546875 0.1140625 0.04375
0 0.44140625 0.72109375 0.3625 0.0515625
0 0.04140625 0.76796875 0.046875 0.0328125
0 0.16953125 0.77265625 0.1875 0.0359375
0 0.32265625 0.77890625 0.0765625 0.0359375
0 0.18046875 0.81171875 0.040625 0.0234375
0 0.315625 0.8140625 0.1453125 0.034375
0 0.4578125 0.8203125 0.0875 0.0296875
0 0.58515625 0.82578125 0.1265625 0.0359375
0 0.69765625 0.82890625 0.0578125 0.0375
0 0.81875 0.84140625 0.0796875 0.046875
0 0.93984375 0.83828125 0.0984375 0.0359375
0 0.18203125 0.8359375 0.1046875 0.0390625
0 0.446875 0.85703125 0.3671875 0.0640625
0 0.04140625 0.8953125 0.040625 0.0265625
0 0.12734375 0.90625 0.1078125 0.046875
0 0.27578125 0.90546875 0.1359375 0.0359375
0 0.42578125 0.91640625 0.1265625 0.0328125
0 0.53671875 0.91953125 0.0796875 0.0296875
0 0.1109375 0.93203125 0.0921875 0.034375
0 0.41796875 0.953125 0.4609375 0.0609375
0 0.76640625 0.66640625 0.125 0.03125