0 0.19296875 0.3453125 0.175 0.04375
0 0.37421875 0.21328125 0.1890625 0.0421875
0 0.20859375 0.4578125 0.275 0.04375
0 0.1421875 0.40703125 0.171875 0.040625
0 0.18515625 0.278125 0.171875 0.0375
0 0.48671875 0.44609375 0.175 0.0390625
0 0.1625 0.36328125 0.2 0.0375
0 0.37890625 0.23125 0.1453125 0.034375
0 0.46484375 0.37265625 0.1484375 0.0328125
0 0.3484375 0.45234375 0.1703125 0.034375
0 0.428125 0.25859375 0.1390625 0.0375
0 0.4015625 0.38984375 0.1609375 0.0375
0 0.16484375 0.3015625 0.1265625 0.03125
0 0.16953125 0.21015625 0.128125 0.0296875
0 0.1671875 0.23203125 0.1078125 0.03125
0 0.20546875 0.43359375 0.0875 0.021875
0 0.284375 0.4203125 0.08125 0.025
0 0.20546875 0.196875 0.084375 0.021875
0 0.4734375 0.30859375 0.084375 0.021875
0 0.08828125 0.246875 0.0515625 0.0203125
0 0.1046875 0.1578125 0.0640625 0.01875
0 0.3296875 0.29140625 0.065625 0.0203125
0 0.325 0.35859375 0.0609375 0.0171875
0 0.2703125 0.24140625 0.0515625 0.01875
0 0.4203125 0.325 0.0640625 0.01875
0 0.12265625 0.1859375 0.0578125 0.0171875
0 0.09765625 0.13125 0.046875 0.0171875
0 0.071875 0.33203125 0.046875 0.0171875
0 0.48359375 0.46484375 0.03125 0.0171875
0 0.39609375 0.3 0.0453125 0.015625
0 0.29609375 0.3796875 0.0375 0.015625
0 0.403125 0.47890625 0.0453125 0.0171875
0 0.3546875 0.31796875 0.0375 0.015625
0 0.275 0.21953125 0.03125 0.0171875
0 0.359375 0.42890625 0.0359375 0.015625
0 0.33046875 0.2484375 0.021875 0.0125
0 0.159375 0.44140625 0.025 0.0109375
0 0.46640625 0.328125 0.00625 0.0125
0 0.46640625 0.4984375 0.1453125 0.034375
0 0.15 0.47578125 0.165625 0.040625
0 0.28125 0.4875 0.059375 0.0203125
0 0.34921875 0.4953125 0.059375 0.0171875
0 0.38515625 0.49921875 0.0109375 0.003125
0 0.42109375 0.5046875 0.0671875 0.0171875
0 0.10625 0.4875 0.0859375 0.0234375
0 0.10546875 0.5328125 0.1078125 0.025
0 0.19375 0.546875 0.0421875 0.0125
0 0.721875 0.6359375 0.1265625 0.0296875
0 0.828125 0.65234375 0.0640625 0.0234375
0 0.9046875 0.65546875 0.0203125 0.015625
0 0.73671875 0.65703125 0.134375 0.0296875
0 0.86953125 0.67265625 0.096875 0.025
0 0.11796875 0.603125 0.175 0.034375
0 0.1984375 0.6375 0.1234375 0.03125
0 0.29375 0.64921875 0.040625 0.0171875
0 0.396875 0.66015625 0.1375 0.0296875
0 0.25 0.66875 0.2171875 0.04375
0 0.4734375 0.690625 0.115625 0.025
0 0.60546875 0.709375 0.1265625 0.028125
0 0.7234375 0.72109375 0.0859375 0.0203125
0 0.85625 0.73828125 0.15625 0.0359375
0 0.96015625 0.74453125 0.028125 0.0125
0 0.4796875 0.703125 0.1140625 0.0234375
0 0.575 0.71484375 0.0515625 0.0171875
0 0.6359375 0.7203125 0.028125 0.015625
0 0.7453125 0.73671875 0.140625 0.03125
0 0.2453125 0.68828125 0.178125 0.04375
0 0.3953125 0.6875 0.0203125 0.0078125
0 0.37265625 0.70546875 0.015625 0.00625
0 0.44921875 0.71953125 0.128125 0.0296875
0 0.61953125 0.7421875 0.159375 0.0375
0 0.7609375 0.75625 0.0796875 0.0265625
0 0.88828125 0.76640625 0.1640625 0.0359375
0 0.30078125 0.721875 0.3015625 0.0578125
0 0.48046875 0.740625 0.0203125 0.0109375
0 0.55078125 0.75078125 0.1171875 0.028125
0 0.6578125 0.76484375 0.0390625 0.01875
0 0.74296875 0.775 0.103125 0.028125
0 0.84140625 0.784375 0.053125 0.01875
0 0.5515625 0.7734375 0.1171875 0.0328125
0 0.3859375 0.78125 0.0703125 0.0234375
0 0.5015625 0.79921875 0.11875 0.03125
0 0.65078125 0.8109375 0.140625 0.03125
0 0.73359375 0.82265625 0.0140625 0.015625
0 0.125 0.77421875 0.1859375 0.0421875
0 0.2828125 0.79140625 0.0796875 0.0234375
0 0.36484375 0.8078125 0.0546875 0.01875
0 0.4859375 0.82578125 0.1703125 0.0390625
0 0.61953125 0.83828125 0.0484375 0.021875
0 0.80703125 0.85625 0.2625 0.05625
0 0.1 0.78828125 0.13125 0.0328125
0 0.25 0.8109375 0.1515625 0.0359375
0 0.3796875 0.8515625 0.0765625 0.025
0 0.5015625 0.86875 0.14375 0.034375
0 0.0546875 0.840625 0.109375 0.03125