0 0.50390625 0.1609375 0.059375 0.0421875
0 0.60078125 0.14765625 0.10625 0.0625
0 0.5890625 0.309375 0.1234375 0.075
0 0.728125 0.26640625 0.1671875 0.1109375
0 0.5984375 0.39296875 0.090625 0.0578125
0 0.7265625 0.378125 0.0984375 0.0609375
0 0.81015625 0.35078125 0.078125 0.05625
0 0.64375 0.4703125 0.065625 0.0453125
0 0.69375 0.45546875 0.0390625 0.04375
0 0.7578125 0.4375 0.0703125 0.040625
0 0.65390625 0.55078125 0.1046875 0.075
0 0.7484375 0.5171875 0.0953125 0.0625
0 0.81015625 0.5078125 0.0265625 0.03125
0 0.86015625 0.49765625 0.0765625 0.0546875
0 0.76953125 0.58203125 0.0765625 0.040625
0 0.6546875 0.3828125 0.0296875 0.025