0 0.2828125 0.15234375 0.25 0.140625
0 0.659375 0.14453125 0.215625 0.153125
0 0.27890625 0.26953125 0.159375 0.10625
0 0.5265625 0.265625 0.153125 0.09375
0 0.19765625 0.38828125 0.090625 0.0953125
0 0.41640625 0.39375 0.25625 0.1
0 0.3625 0.52109375 0.2609375 0.121875
0 0.15 0.6515625 0.178125 0.1578125
0 0.359375 0.63671875 0.128125 0.11875
0 0.53671875 0.62578125 0.1203125 0.128125
0 0.69375 0.6421875 0.090625 0.1453125
0 0.840625 0.64453125 0.19375 0.121875
0 0.34921875 0.80078125 0.140625 0.1328125
0 0.5375 0.815625 0.065625 0.08125
0 0.69140625 0.79453125 0.06875 0.128125