0 0.11796875 0.1265625 0.0125 0.0296875
0 0.15078125 0.12578125 0.0484375 0.034375
0 0.228125 0.115625 0.1046875 0.040625
0 0.3 0.1078125 0.0359375 0.0359375
0 0.228125 0.19453125 0.334375 0.096875
0 0.11640625 0.32265625 0.075 0.040625
0 0.1578125 0.31640625 0.015625 0.0265625
0 0.18984375 0.3125 0.0453125 0.03125
0 0.259375 0.3078125 0.0890625 0.0375
0 0.334375 0.29609375 0.0625 0.03125
0 0.21171875 0.384375 0.2015625 0.078125
0 0.4640625 0.3546875 0.2265625 0.065625
0 0.6609375 0.33125 0.0828125 0.0390625
0 0.2421875 0.434375 0.2796875 0.0703125
0 0.47109375 0.40390625 0.08125 0.053125
0 0.59609375 0.3890625 0.071875 0.0421875
0 0.3078125 0.48359375 0.3453125 0.090625
0 0.55 0.45390625 0.075 0.0453125
0 0.71484375 0.43125 0.175 0.065625
0 0.1625 0.559375 0.0859375 0.0421875
0 0.30546875 0.55 0.121875 0.04375
0 0.53125 0.51875 0.2015625 0.0640625
0 0.69765625 0.4921875 0.071875 0.0375
0 0.790625 0.4796875 0.0921875 0.040625
0 0.2296875 0.6140625 0.215625 0.0609375
0 0.42890625 0.596875 0.0609375 0.05625
0 0.546875 0.59296875 0.159375 0.0703125
0 0.73984375 0.540625 0.1703125 0.05625
0 0.89765625 0.52421875 0.090625 0.065625
0 0.24921875 0.7078125 0.190625 0.0546875
0 0.4984375 0.67578125 0.1890625 0.0578125
0 0.7171875 0.67109375 0.1453125 0.0640625
0 0.390625 0.74296875 0.471875 0.096875
0 0.72421875 0.70234375 0.121875 0.0546875
0 0.865625 0.68515625 0.121875 0.0421875
0 0.28359375 0.81171875 0.2046875 0.06875
0 0.49375 0.77734375 0.1015625 0.0421875
0 0.65 0.7609375 0.14375 0.05
0 0.29609375 0.853125 0.228125 0.05625
0 0.67421875 0.80546875 0.340625 0.096875
0 0.0875 0.39296875 0.0359375 0.0328125
0 0.12109375 0.7203125 0.0375 0.0296875
0 0.06875 0.1375 0.075 0.0375