0 0.4859375 0.1609375 0.0609375 0.0453125
0 0.58203125 0.14296875 0.10625 0.0671875
0 0.57890625 0.3046875 0.125 0.0796875
0 0.715625 0.2546875 0.16875 0.11875
0 0.59296875 0.3875 0.0921875 0.0625
0 0.71953125 0.36640625 0.1 0.065625
0 0.8015625 0.33515625 0.0796875 0.059375
0 0.6421875 0.4625 0.065625 0.0484375
0 0.690625 0.4453125 0.040625 0.04375
0 0.75390625 0.42421875 0.0703125 0.04375
0 0.65625 0.54296875 0.10625 0.0796875
0 0.7484375 0.5046875 0.096875 0.0671875
0 0.81015625 0.49140625 0.028125 0.0328125
0 0.86015625 0.47890625 0.078125 0.0578125
0 0.77421875 0.56796875 0.078125 0.04375
0 0.6484375 0.37421875 0.03125 0.0265625