0 0.04296875 0.16796875 0.034375 0.0203125
0 0.05546875 0.1984375 0.0484375 0.025
0 0.065625 0.22734375 0.04375 0.0359375
0 0.1375 0.23125 0.0640625 0.0375
0 0.2015625 0.21875 0.071875 0.0375
0 0.2734375 0.20625 0.084375 0.0515625
0 0.43515625 0.15234375 0.203125 0.078125
0 0.66328125 0.08984375 0.2125 0.084375
0 0.17109375 0.26484375 0.071875 0.04375
0 0.296875 0.234375 0.13125 0.06875
0 0.1953125 0.33984375 0.103125 0.059375
0 0.34296875 0.29609375 0.1203125 0.0609375
0 0.52578125 0.25703125 0.209375 0.09375
0 0.40390625 0.384375 0.1671875 0.0921875
0 0.740625 0.3109375 0.2234375 0.084375
0 0.4171875 0.41640625 0.075 0.04375
0 0.25234375 0.4859375 0.0640625 0.053125
0 0.303125 0.47421875 0.0171875 0.009375
0 0.3953125 0.45703125 0.1515625 0.0625
0 0.65546875 0.3921875 0.0484375 0.0640625
0 0.77890625 0.36953125 0.1671875 0.0765625
0 0.36640625 0.4984375 0.1 0.05
0 0.82734375 0.43046875 0.1 0.1359375
0 0.3609375 0.52421875 0.065625 0.0359375
0 0.16953125 0.646875 0.1390625 0.2265625
0 0.28828125 0.56484375 0.10625 0.05625
0 0.5984375 0.48359375 0.1421875 0.0625
0 0.39921875 0.5890625 0.10625 0.0578125
0 0.74609375 0.54453125 0.171875 0.084375
0 0.35 0.70078125 0.1234375 0.0796875
0 0.4796875 0.67890625 0.1625 0.0671875
0 0.709375 0.609375 0.121875 0.1
0 0.8546875 0.59140625 0.1796875 0.09375
0 0.68125 0.68359375 0.1625 0.0765625
0 0.33671875 0.80859375 0.1421875 0.06875
0 0.44765625 0.84296875 0.06875 0.0515625
0 0.57265625 0.81015625 0.1421875 0.078125