0 0.6171875 0.08125 0.065625 0.021875
0 0.78203125 0.0671875 0.071875 0.0265625
0 0.175 0.221875 0.1375 0.04375
0 0.32578125 0.2109375 0.090625 0.0359375
0 0.4875 0.19765625 0.1671875 0.0484375
0 0.16953125 0.28046875 0.0421875 0.0421875
0 0.26953125 0.2796875 0.0796875 0.025
0 0.4625 0.26875 0.2265625 0.071875
0 0.671875 0.25 0.125 0.04375
0 0.81328125 0.23046875 0.0765625 0.034375
0 0.140625 0.38203125 0.178125 0.078125
0 0.31875 0.36875 0.08125 0.05
0 0.4734375 0.3390625 0.159375 0.0484375
0 0.6078125 0.32265625 0.0453125 0.0375
0 0.721875 0.32109375 0.090625 0.028125
0 0.903125 0.30234375 0.1703125 0.0453125
0 0.0953125 0.434375 0.065625 0.0375
0 0.22578125 0.440625 0.0625 0.0546875
0 0.328125 0.41953125 0.0765625 0.0390625
0 0.4765625 0.4078125 0.128125 0.0390625
0 0.69765625 0.4078125 0.259375 0.078125
0 0.87421875 0.3734375 0.05 0.0390625
0 0.178125 0.5015625 0.2296875 0.0546875
0 0.35234375 0.4875 0.0421875 0.0265625
0 0.5703125 0.47421875 0.3125 0.0734375
0 0.8484375 0.45234375 0.1578125 0.05
0 0.11328125 0.5828125 0.1203125 0.0546875
0 0.30234375 0.565625 0.2125 0.0484375
0 0.2859375 0.6671875 0.2734375 0.0921875