0 0.19453125 0.04765625 0.0703125 0.0296875
0 0.23828125 0.05078125 0.0109375 0.0234375
0 0.2703125 0.05390625 0.0421875 0.028125
0 0.34375 0.05859375 0.09375 0.03125
0 0.40859375 0.06328125 0.0328125 0.025
0 0.54140625 0.14140625 0.096875 0.0390625
0 0.19921875 0.2203125 0.065625 0.0296875
0 0.23984375 0.22109375 0.009375 0.0171875
0 0.26796875 0.22265625 0.0390625 0.0234375
0 0.33125 0.23203125 0.08125 0.0265625
0 0.40234375 0.234375 0.0546875 0.0234375
0 0.21328125 0.29375 0.084375 0.0359375
0 0.3265625 0.30859375 0.0328125 0.0234375
0 0.4296875 0.315625 0.0578125 0.034375
0 0.18125 0.36015625 0.084375 0.03125
0 0.34453125 0.38671875 0.125 0.0328125
0 0.5234375 0.41171875 0.121875 0.0296875
0 0.73359375 0.43203125 0.1578125 0.034375
0 0.23203125 0.4484375 0.0765625 0.0390625
0 0.371875 0.47109375 0.1328125 0.034375
0 0.54453125 0.48984375 0.071875 0.0328125
0 0.634375 0.49921875 0.0484375 0.0265625
0 0.775 0.52265625 0.1546875 0.0375
0 0.18359375 0.51640625 0.065625 0.028125
0 0.33828125 0.5359375 0.1109375 0.0375
0 0.51953125 0.5625 0.140625 0.0359375
0 0.69453125 0.57890625 0.1421875 0.040625
0 0.19375 0.61484375 0.14375 0.0390625
0 0.36875 0.634375 0.0578125 0.03125
0 0.52578125 0.65390625 0.096875 0.0609375
0 0.66640625 0.67265625 0.06875 0.03125
0 0.38671875 0.71796875 0.1046875 0.03125
0 0.62265625 0.73671875 0.2234375 0.05
0 0.1890625 0.7640625 0.1859375 0.0453125
0 0.39765625 0.784375 0.1109375 0.040625
0 0.65703125 0.809375 0.215625 0.046875
0 0.21015625 0.8421875 0.190625 0.0484375
0 0.43046875 0.85234375 0.0625 0.0328125
0 0.6265625 0.86484375 0.209375 0.0421875
0 0.24609375 0.8828125 0.134375 0.046875
0 0.5046875 0.8984375 0.190625 0.0453125
0 0.225 0.69375 0.153125 0.05625