0 0.1390625 0.04765625 0.11875 0.0421875
0 0.23046875 0.04140625 0.0484375 0.03125
0 0.30859375 0.04453125 0.0890625 0.040625
0 0.4109375 0.03828125 0.0890625 0.0390625
0 0.48828125 0.0359375 0.0421875 0.028125
0 0.58515625 0.0390625 0.134375 0.0453125
0 0.70546875 0.02734375 0.0890625 0.0359375
0 0.09765625 0.11015625 0.021875 0.028125
0 0.19453125 0.09921875 0.146875 0.0421875
0 0.32109375 0.0921875 0.08125 0.0296875
0 0.428125 0.0890625 0.1140625 0.034375
0 0.5484375 0.0859375 0.10625 0.0328125
0 0.10546875 0.13984375 0.009375 0.0125
0 0.1765625 0.13125 0.1046875 0.040625
0 0.26953125 0.12890625 0.059375 0.034375
0 0.36953125 0.1203125 0.13125 0.028125
0 0.471875 0.12265625 0.0296875 0.0234375
0 0.534375 0.11875 0.0546875 0.0296875
0 0.59296875 0.11328125 0.0296875 0.021875
0 0.66015625 0.11015625 0.0703125 0.028125
0 0.74765625 0.10703125 0.08125 0.0234375
0 0.21328125 0.15859375 0.1828125 0.04375
0 0.31640625 0.15546875 0.0125 0.0046875
0 0.359375 0.1515625 0.0578125 0.0265625
0 0.43984375 0.15546875 0.0859375 0.0328125
0 0.51640625 0.15 0.05 0.0234375
0 0.0984375 0.2109375 0.0296875 0.028125
0 0.17109375 0.2015625 0.090625 0.028125
0 0.271875 0.19375 0.08125 0.0234375
0 0.4203125 0.19140625 0.16875 0.0359375
0 0.1015625 0.24140625 0.009375 0.0125
0 0.2078125 0.22734375 0.1671875 0.0421875
0 0.3578125 0.22578125 0.1015625 0.034375
0 0.44140625 0.22109375 0.0234375 0.021875
0 0.50390625 0.215625 0.0625 0.0265625
0 0.59296875 0.2140625 0.08125 0.0234375
0 0.66328125 0.21640625 0.040625 0.0265625
0 0.7234375 0.21015625 0.059375 0.021875
0 0.80078125 0.2078125 0.0640625 0.028125
0 0.20625 0.26328125 0.10625 0.03125
0 0.290625 0.26015625 0.0296875 0.021875
0 0.31015625 0.25859375 0.0125 0.0046875
0 0.3484375 0.253125 0.053125 0.0328125
0 0.4359375 0.25546875 0.0953125 0.034375
0 0.09375 0.31328125 0.0296875 0.0265625
0 0.1765625 0.303125 0.0984375 0.034375
0 0.303125 0.30078125 0.11875 0.0421875
0 0.10078125 0.34765625 0.0125 0.0125
0 0.1625 0.340625 0.0703125 0.0296875
0 0.2234375 0.33203125 0.0234375 0.021875
0 0.29609375 0.334375 0.084375 0.0328125
0 0.37890625 0.32890625 0.053125 0.0328125
0 0.4328125 0.3265625 0.0296875 0.028125
0 0.50078125 0.33125 0.071875 0.034375
0 0.5765625 0.31953125 0.0546875 0.0265625
0 0.67734375 0.3203125 0.1078125 0.0421875
0 0.7890625 0.3125 0.09375 0.034375
0 0.14140625 0.37734375 0.075 0.03125
0 0.2140625 0.36484375 0.04375 0.0234375
0 0.2875 0.36640625 0.096875 0.034375
0 0.38203125 0.3609375 0.053125 0.025
0 0.5109375 0.3625 0.1703125 0.034375
0 0.10859375 0.4171875 0.034375 0.03125
0 0.16796875 0.41015625 0.0734375 0.0265625
0 0.2796875 0.40078125 0.121875 0.0328125
0 0.4609375 0.39609375 0.2234375 0.03125
0 0.63359375 0.3890625 0.10625 0.0328125
0 0.10859375 0.44921875 0.0140625 0.0109375
0 0.1640625 0.44453125 0.078125 0.0359375
0 0.2859375 0.4390625 0.1171875 0.03125
0 0.41484375 0.43515625 0.1 0.03125
0 0.5125 0.43046875 0.0734375 0.0265625
0 0.60859375 0.42578125 0.1015625 0.0296875
0 0.7046875 0.4203125 0.0734375 0.025
0 0.7921875 0.41640625 0.0765625 0.0234375
0 0.15703125 0.4859375 0.109375 0.0390625
0 0.25625 0.4734375 0.078125 0.028125
0 0.33984375 0.46796875 0.0609375 0.0296875
0 0.4421875 0.46953125 0.103125 0.0328125
0 0.50234375 0.46328125 0.009375 0.0046875
0 0.53984375 0.45859375 0.05625 0.0328125
0 0.6109375 0.4640625 0.0609375 0.0265625
0 0.6640625 0.459375 0.04375 0.0203125
0 0.73828125 0.45546875 0.084375 0.0265625
0 0.8234375 0.453125 0.053125 0.0328125
0 0.90078125 0.44296875 0.0859375 0.028125
0 0.1703125 0.5171875 0.1421875 0.0359375
0 0.29765625 0.50859375 0.09375 0.0328125
0 0.39921875 0.5046875 0.078125 0.0359375
0 0.48125 0.49765625 0.0609375 0.0265625
0 0.58359375 0.4984375 0.1171875 0.0375
0 0.696875 0.4921875 0.09375 0.0328125
0 0.78984375 0.48515625 0.075 0.0265625
0 0.8671875 0.48125 0.05 0.025
0 0.94296875 0.478125 0.0703125 0.028125
0 0.1078125 0.56015625 0.03125 0.0296875
0 0.16875 0.553125 0.05625 0.025
0 0.28984375 0.54296875 0.159375 0.0375
0 0.10234375 0.59296875 0.0140625 0.0125
0 0.17890625 0.590625 0.115625 0.03125
0 0.315625 0.584375 0.1484375 0.04375
0 0.425 0.58046875 0.0421875 0.0359375
0 0.50625 0.57265625 0.109375 0.040625
0 0.61796875 0.5671875 0.084375 0.0234375
0 0.69453125 0.56328125 0.0828125 0.03125
0 0.771875 0.55546875 0.0578125 0.0296875
0 0.9078125 0.55390625 0.184375 0.0359375
0 0.1484375 0.62421875 0.0828125 0.034375
0 0.240625 0.61796875 0.075 0.03125
0 0.334375 0.61875 0.090625 0.0421875
0 0.45625 0.6078125 0.11875 0.0328125
0 0.1140625 0.6671875 0.0328125 0.0328125
0 0.1828125 0.6578125 0.0828125 0.0265625
0 0.29140625 0.653125 0.1046875 0.025
0 0.46328125 0.64375 0.1921875 0.0375
0 0.11328125 0.70078125 0.0125 0.0125
0 0.2015625 0.696875 0.1421875 0.03125
0 0.3734375 0.68828125 0.1640625 0.034375
0 0.48984375 0.67890625 0.0578125 0.03125
0 0.58203125 0.6765625 0.096875 0.025
0 0.696875 0.66953125 0.1171875 0.034375
0 0.7921875 0.66484375 0.059375 0.028125
0 0.87421875 0.66796875 0.084375 0.0265625
0 0.2078125 0.73203125 0.065625 0.03125
0 0.33359375 0.72578125 0.1375 0.0328125
0 0.7875 0.71796875 0.075 0.0265625
0 0.896875 0.7109375 0.1234375 0.0234375
0 0.1171875 0.77265625 0.028125 0.028125
0 0.18984375 0.7765625 0.0703125 0.0375
0 0.2765625 0.7625 0.065625 0.03125
0 0.36484375 0.75703125 0.065625 0.0234375
0 0.4984375 0.759375 0.15625 0.0453125
0 0.1140625 0.80859375 0.009375 0.0140625
0 0.17734375 0.8078125 0.078125 0.025
0 0.2640625 0.8 0.0625 0.034375
0 0.34609375 0.803125 0.0734375 0.03125
0 0.44296875 0.790625 0.0859375 0.0328125
0 0.5546875 0.7859375 0.1046875 0.034375
0 0.64140625 0.78515625 0.0328125 0.028125
0 0.7671875 0.78046875 0.18125 0.040625
0 0.1671875 0.81875 0.0328125 0.01875
0 0.203125 0.821875 0.0234375 0.0140625
0 0.2671875 0.81796875 0.090625 0.0203125
0 0.1578125 0.84453125 0.0765625 0.0265625
0 0.21953125 0.8421875 0.0203125 0.0203125
0 0.29453125 0.84765625 0.1140625 0.040625
0 0.38359375 0.83984375 0.0453125 0.0234375
0 0.46015625 0.828125 0.09375 0.0328125
0 0.56484375 0.82421875 0.0859375 0.0328125
0 0.6875 0.81875 0.121875 0.0390625
0 0.7890625 0.81328125 0.0546875 0.0296875
0 0.85625 0.8109375 0.0609375 0.028125
0 0.17734375 0.9171875 0.13125 0.0296875
0 0.325 0.91484375 0.1375 0.0359375
0 0.3171875 0.95859375 0.3875 0.053125
0 0.54375 0.940625 0.0609375 0.0234375
0 0.4265625 0.95859375 0.0625 0.0203125
0 0.5 0.95390625 0.0625 0.0234375
0 0.56484375 0.95078125 0.0484375 0.01875
0 0.6203125 0.9484375 0.04375 0.01875
0 0.6734375 0.94765625 0.040625 0.0109375
0 0.73828125 0.9421875 0.0734375 0.021875
0 0.82265625 0.93984375 0.0828125 0.021875