0 0.27734375 0.20859375 0.0703125 0.034375
0 0.3328125 0.1953125 0.0359375 0.0234375
0 0.39140625 0.1828125 0.0765625 0.0390625
0 0.5578125 0.1390625 0.25 0.078125
0 0.7015625 0.1125 0.0421875 0.0328125
0 0.78203125 0.09375 0.1078125 0.04375
0 0.3453125 0.21328125 0.046875 0.0265625
0 0.40625 0.196875 0.0640625 0.028125
0 0.4859375 0.178125 0.1125 0.04375
0 0.07421875 0.29296875 0.14375 0.059375
0 0.21015625 0.26796875 0.13125 0.05625
0 0.059375 0.3390625 0.09375 0.0546875
0 0.165625 0.321875 0.1140625 0.046875
0 0.275 0.29140625 0.1109375 0.059375
0 0.0375 0.3734375 0.03125 0.0109375
0 0.12109375 0.36171875 0.103125 0.04375
0 0.23125 0.33046875 0.1265625 0.0484375
0 0.4265625 0.28515625 0.2515625 0.0796875
0 0.6328125 0.23515625 0.1234375 0.0484375
0 0.76171875 0.2046875 0.14375 0.0609375
0 0.0359375 0.3953125 0.0296875 0.0109375
0 0.09921875 0.38984375 0.0625 0.0265625
0 0.17578125 0.36953125 0.0921875 0.0375
0 0.27890625 0.34453125 0.096875 0.04375
0 0.42890625 0.31640625 0.1796875 0.071875
0 0.5703125 0.2796875 0.0890625 0.0328125
0 0.67421875 0.25078125 0.1359375 0.05
0 0.03203125 0.42421875 0.03125 0.015625
0 0.121875 0.4109375 0.1140625 0.05625
0 0.2671875 0.3765625 0.1578125 0.0609375
0 0.428125 0.340625 0.1375 0.0546875
0 0.56875 0.3015625 0.13125 0.0484375
0 0.70625 0.26640625 0.1203125 0.0453125
0 0.79296875 0.246875 0.05 0.021875
0 0.84609375 0.2359375 0.046875 0.0265625
0 0.0796875 0.44296875 0.10625 0.046875
0 0.21875 0.4140625 0.2078125 0.078125
0 0.04921875 0.46875 0.0265625 0.009375
0 0.109375 0.45625 0.0734375 0.034375
0 0.21640625 0.43984375 0.1578125 0.0625
0 0.325 0.4125 0.0578125 0.0296875
0 0.371875 0.40078125 0.0328125 0.01875
0 0.465625 0.378125 0.140625 0.0625
0 0.5859375 0.346875 0.09375 0.0421875
0 0.68125 0.328125 0.090625 0.046875
0 0.80546875 0.29453125 0.1578125 0.0671875
0 0.053125 0.49453125 0.0296875 0.0109375
0 0.153125 0.47109375 0.1546875 0.0546875
0 0.2765625 0.44453125 0.10625 0.0390625
0 0.353125 0.43515625 0.0171875 0.015625
0 0.4421875 0.41171875 0.171875 0.065625
0 0.60703125 0.36640625 0.15625 0.0546875
0 0.05625 0.51875 0.0296875 0.0125
0 0.17890625 0.48984375 0.15 0.05625
0 0.278125 0.4671875 0.046875 0.028125
0 0.43203125 0.440625 0.2265625 0.08125
0 0.60859375 0.38671875 0.103125 0.04375
0 0.79609375 0.3453125 0.278125 0.078125
0 0.12421875 0.52890625 0.165625 0.05625
0 0.27734375 0.4984375 0.1328125 0.0609375
0 0.384375 0.4671875 0.059375 0.0328125
0 0.4390625 0.45625 0.0640625 0.0328125
0 0.5703125 0.4296875 0.2078125 0.078125
0 0.71171875 0.39140625 0.03125 0.0234375
0 0.8 0.3671875 0.1203125 0.0484375
0 0.109375 0.5546875 0.140625 0.0546875
0 0.259375 0.521875 0.1390625 0.05
0 0.41171875 0.48984375 0.1421875 0.0546875
0 0.553125 0.4578125 0.1453125 0.0578125
0 0.6640625 0.43046875 0.0875 0.05
0 0.7875 0.403125 0.1515625 0.0625
0 0.0703125 0.58828125 0.034375 0.0125
0 0.1625 0.57265625 0.0984375 0.0546875
0 0.23125 0.55625 0.0296875 0.015625
0 0.3171875 0.534375 0.1265625 0.053125
0 0.43359375 0.50546875 0.0828125 0.0390625
0 0.55703125 0.47578125 0.1515625 0.0515625
0 0.6578125 0.45234375 0.0453125 0.0265625
0 0.765625 0.4328125 0.159375 0.065625
0 0.0734375 0.61328125 0.0265625 0.0109375
0 0.21015625 0.5859375 0.203125 0.06875
0 0.35859375 0.546875 0.0953125 0.04375
0 0.48046875 0.5203125 0.1390625 0.053125
0 0.6203125 0.490625 0.134375 0.0609375
0 0.7796875 0.4546875 0.1234375 0.0609375
0 0.10703125 0.6359375 0.0765625 0.0328125
0 0.228125 0.60390625 0.165625 0.0578125
0 0.359375 0.57265625 0.0765625 0.0359375
0 0.45703125 0.55234375 0.0890625 0.0328125
0 0.6140625 0.521875 0.2015625 0.0765625
0 0.784375 0.4703125 0.1171875 0.046875
0 0.165625 0.64765625 0.203125 0.0734375
0 0.08828125 0.68828125 0.0265625 0.009375
0 0.2296875 0.65390625 0.2140625 0.0828125
0 0.41328125 0.61796875 0.153125 0.0609375
0 0.59375 0.56875 0.1984375 0.08125
0 0.78359375 0.5234375 0.2140625 0.071875
0 0.11640625 0.709375 0.0609375 0.028125
0 0.2578125 0.678125 0.2328125 0.08125
0 0.396875 0.6375 0.0484375 0.028125
0 0.4859375 0.62421875 0.1046875 0.0515625
0 0.5671875 0.6 0.0359375 0.0203125
0 0.6453125 0.58125 0.128125 0.053125
0 0.1046875 0.73515625 0.0265625 0.0109375
0 0.18203125 0.7234375 0.1171875 0.0546875
0 0.3296875 0.68046875 0.1625 0.0546875
0 0.44140625 0.65703125 0.0328125 0.0203125
0 0.515625 0.6359375 0.1015625 0.04375
0 0.6296875 0.60625 0.1125 0.0484375
0 0.71875 0.59453125 0.059375 0.04375
0 0.81796875 0.575 0.1359375 0.053125
0 0.15546875 0.775 0.128125 0.0515625
0 0.2859375 0.73984375 0.121875 0.0546875
0 0.11640625 0.8125 0.0359375 0.015625
0 0.25703125 0.78125 0.2171875 0.0859375
0 0.38515625 0.74375 0.0296875 0.01875
0 0.475 0.728125 0.1640625 0.0703125
0 0.66328125 0.6890625 0.203125 0.0859375
0 0.84921875 0.6390625 0.175 0.065625
0 0.1171875 0.8390625 0.028125 0.0125
0 0.2375 0.81171875 0.2015625 0.078125
0 0.35390625 0.78515625 0.0671875 0.0484375
0 0.4734375 0.75625 0.203125 0.078125
0 0.71015625 0.70625 0.25625 0.0921875
0 0.22265625 0.8421875 0.23125 0.08125
0 0.1171875 0.8921875 0.025 0.0109375
0 0.24921875 0.86484375 0.20625 0.0796875
0 0.41640625 0.81875 0.1015625 0.0484375
0 0.51875 0.79453125 0.0921875 0.04375
0 0.5875 0.7796875 0.05 0.0328125
0 0.67109375 0.75859375 0.096875 0.04375
0 0.7390625 0.75625 0.0609375 0.0484375
0 0.81875 0.7265625 0.10625 0.046875
0 0.93125 0.703125 0.1375 0.0625
0 0.1390625 0.91171875 0.065625 0.0390625
0 0.2390625 0.88828125 0.11875 0.053125
0 0.13515625 0.940625 0.0296875 0.0125
0 0.21875 0.9171875 0.0828125 0.0390625
0 0.29296875 0.91171875 0.0734375 0.0421875
0 0.37421875 0.8828125 0.090625 0.0546875
0 0.14453125 0.96484375 0.0296875 0.0140625
0 0.2703125 0.940625 0.165625 0.06875
0 0.41640625 0.90078125 0.128125 0.0546875
0 0.52109375 0.87109375 0.0828125 0.0421875
0 0.584375 0.86484375 0.0328125 0.0203125
0 0.65 0.85546875 0.121875 0.053125
0 0.76875 0.821875 0.1140625 0.0609375
0 0.88125 0.79140625 0.090625 0.04375
0 0.9421875 0.7765625 0.0546875 0.034375
0 0.22421875 0.9703125 0.1734375 0.059375
0 0.40078125 0.9390625 0.1765625 0.071875
0 0.540625 0.89609375 0.0921875 0.04375
0 0.63125 0.87421875 0.084375 0.0421875
0 0.6953125 0.859375 0.053125 0.0359375
0 0.79765625 0.83671875 0.128125 0.05
0 0.89296875 0.8171875 0.0671875 0.0375
0 0.20703125 0.9875 0.1484375 0.025
0 0.340625 0.97109375 0.1078125 0.0421875
0 0.47421875 0.940625 0.1296875 0.05