0 0.7296875 0.14609375 0.0671875 0.04375
0 0.8875 0.16640625 0.0734375 0.053125
0 0.19453125 0.21875 0.0375 0.053125
0 0.35703125 0.2484375 0.2609375 0.11875
0 0.6125 0.2828125 0.18125 0.071875
0 0.17265625 0.33515625 0.065625 0.0546875
0 0.34609375 0.35703125 0.2578125 0.13125
0 0.678125 0.3921875 0.359375 0.165625
0 0.1421875 0.4703125 0.08125 0.0984375
0 0.31875 0.5234375 0.2359375 0.1359375
0 0.53046875 0.53203125 0.075 0.06875
0 0.740625 0.56640625 0.30625 0.1484375
0 0.1078125 0.64375 0.0890625 0.09375
0 0.2921875 0.7 0.2734375 0.16875
0 0.59921875 0.71875 0.265625 0.1515625
0 0.859375 0.73515625 0.14375 0.0890625