0 0.03515625 0.06875 0.0703125 0.021875
0 0.0859375 0.0609375 0.0296875 0.0140625
0 0.128125 0.05390625 0.053125 0.0140625
0 0.1734375 0.04609375 0.0296875 0.0109375
0 0.22578125 0.0375 0.0703125 0.0171875
0 0.3015625 0.02578125 0.0796875 0.0171875
0 0.353125 0.01796875 0.021875 0.0078125
0 0.38046875 0.0140625 0.021875 0.0078125
0 0.44140625 0.00625 0.0890625 0.0125
0 0.02421875 0.08203125 0.0453125 0.0140625
0 0.0734375 0.0734375 0.053125 0.0171875
0 0.11015625 0.0671875 0.015625 0.009375
0 0.13359375 0.06328125 0.0265625 0.0109375
0 0.16953125 0.0578125 0.0390625 0.0125
0 0.209375 0.05078125 0.0359375 0.0125
0 0.2359375 0.04609375 0.0125 0.0078125
0 0.28359375 0.03984375 0.078125 0.01875
0 0.346875 0.02890625 0.04375 0.0140625
0 0.3890625 0.02109375 0.0359375 0.0125
0 0.434375 0.0140625 0.05 0.0140625
0 0.0375 0.09921875 0.0546875 0.0140625
0 0.11484375 0.08828125 0.09375 0.021875
0 0.1734375 0.078125 0.0203125 0.009375
0 0.19921875 0.07421875 0.0234375 0.0109375
0 0.24453125 0.065625 0.0578125 0.0171875
0 0.29296875 0.05625 0.0375 0.0140625
0 0.3484375 0.0484375 0.0703125 0.01875
0 0.08125 0.23125 0.1625 0.040625
0 0.10078125 0.25 0.0125 0.0078125
0 0.215625 0.23046875 0.1609375 0.0375
0 0.41875 0.1984375 0.215625 0.0546875
0 0.61953125 0.165625 0.1453125 0.034375
0 0.73203125 0.14765625 0.0671875 0.0234375
0 0.8109375 0.1390625 0.0375 0.0171875
0 0.17890625 0.26015625 0.0578125 0.021875
0 0.3328125 0.23515625 0.2296875 0.05
0 0.534375 0.2 0.15 0.0390625
0 0.12109375 0.29296875 0.0234375 0.0140625
0 0.2765625 0.26796875 0.2 0.046875
0 0.42890625 0.24140625 0.05 0.0203125
0 0.53515625 0.2265625 0.14375 0.034375
0 0.6984375 0.2 0.14375 0.0375
0 0.8234375 0.18515625 0.0375 0.0171875
0 0.26328125 0.2921875 0.165625 0.04375
0 0.4609375 0.26484375 0.1859375 0.04375
0 0.60859375 0.2375 0.059375 0.0203125
0 0.67578125 0.228125 0.0640625 0.0203125
0 0.79453125 0.21015625 0.146875 0.034375
0 0.2234375 0.32734375 0.0609375 0.01875
0 0.36015625 0.3 0.196875 0.046875
0 0.5078125 0.2796875 0.0375 0.015625
0 0.56640625 0.27109375 0.040625 0.0140625
0 0.67421875 0.253125 0.15625 0.034375
0 0.796875 0.23671875 0.04375 0.015625
0 0.3078125 0.334375 0.1921875 0.0421875
0 0.1734375 0.38046875 0.021875 0.0140625
0 0.29375 0.3609375 0.1390625 0.0328125
0 0.434375 0.33984375 0.103125 0.03125
0 0.55390625 0.32421875 0.0859375 0.0296875
0 0.63359375 0.30625 0.0625 0.0203125
0 0.709375 0.29765625 0.0703125 0.0265625
0 0.82890625 0.2796875 0.1265625 0.034375
0 0.93203125 0.2671875 0.0515625 0.0203125
0 0.29453125 0.384375 0.1484375 0.0375
0 0.4109375 0.3640625 0.0390625 0.0203125
0 0.52890625 0.346875 0.1796875 0.040625
0 0.7015625 0.3234375 0.09375 0.0265625
0 0.784375 0.30859375 0.05625 0.0203125
0 0.8875 0.29453125 0.1359375 0.0328125
0 0.18671875 0.42421875 0.0265625 0.0125
0 0.265625 0.41015625 0.0984375 0.028125
0 0.41953125 0.384375 0.1625 0.0421875
0 0.53359375 0.36953125 0.015625 0.0046875
0 0.61640625 0.3578125 0.140625 0.0375
0 0.7296875 0.33984375 0.0390625 0.0171875
0 0.828125 0.32734375 0.1328125 0.0390625
0 0.25546875 0.43515625 0.040625 0.0171875
0 0.31640625 0.425 0.071875 0.0203125
0 0.40546875 0.4125 0.0875 0.025
0 0.121875 0.4796875 0.0703125 0.0234375
0 0.271875 0.4578125 0.196875 0.0421875
0 0.4515625 0.42890625 0.1484375 0.0390625
0 0.56171875 0.4203125 0.009375 0.00625
0 0.64765625 0.3984375 0.146875 0.0359375
0 0.75703125 0.3828125 0.0671875 0.021875
0 0.8859375 0.36484375 0.1640625 0.0421875
0 0.22421875 0.484375 0.0765625 0.0234375
0 0.3 0.4734375 0.0546875 0.021875
0 0.35390625 0.46484375 0.0375 0.0171875
0 0.41484375 0.45625 0.0640625 0.021875
0 0.5984375 0.43046875 0.246875 0.0484375
0 0.26015625 0.5078125 0.090625 0.0265625
0 0.38515625 0.490625 0.1453125 0.0375
0 0.4890625 0.47578125 0.015625 0.00625
0 0.61875 0.453125 0.190625 0.0421875
0 0.74765625 0.4328125 0.040625 0.0171875
0 0.80703125 0.425 0.0609375 0.021875
0 0.88828125 0.41015625 0.071875 0.0234375
0 0.26640625 0.53203125 0.0734375 0.0265625
0 0.3859375 0.509375 0.159375 0.0453125
0 0.528125 0.49375 0.1140625 0.0296875
0 0.6828125 0.46953125 0.1796875 0.0390625
0 0.825 0.45 0.0421875 0.0171875
0 0.88984375 0.43984375 0.06875 0.025
0 0.55390625 0.5125 0.15 0.034375
0 0.6734375 0.49375 0.059375 0.01875
0 0.75390625 0.48515625 0.040625 0.0171875
0 0.79921875 0.475 0.0375 0.01875
0 0.14140625 0.61640625 0.125 0.0328125
0 0.2453125 0.6015625 0.0421875 0.0171875
0 0.36796875 0.584375 0.1859375 0.0375
0 0.55859375 0.55625 0.153125 0.0328125
0 0.66171875 0.5421875 0.0109375 0.0078125
0 0.69921875 0.5375 0.05 0.0171875
0 0.84765625 0.5140625 0.2265625 0.0515625
0 0.2359375 0.62734375 0.18125 0.0375
0 0.38203125 0.62734375 0.01875 0.00625
0 0.44296875 0.61875 0.0921875 0.025
0 0.56796875 0.59921875 0.134375 0.03125
0 0.709375 0.5828125 0.115625 0.0328125
0 0.79375 0.571875 0.028125 0.01875
0 0.90078125 0.5546875 0.1703125 0.0421875
0 0.19375 0.67890625 0.0390625 0.01875
0 0.25234375 0.67109375 0.0515625 0.01875
0 0.3875 0.653125 0.175 0.0421875
0 0.56953125 0.625 0.1625 0.0390625
0 0.4453125 0.67421875 0.1828125 0.05625
0 0.07578125 0.73515625 0.021875 0.0140625
0 0.165625 0.7296875 0.1296875 0.0359375
0 0.275 0.715625 0.071875 0.0234375
0 0.4046875 0.69765625 0.15625 0.0421875
0 0.56015625 0.67578125 0.0265625 0.0078125
0 0.6453125 0.6640625 0.1203125 0.0359375
0 0.75703125 0.6484375 0.0671875 0.021875
0 0.9 0.6265625 0.18125 0.0453125
0 0.53359375 0.70546875 0.225 0.05
0 0.71640625 0.6796875 0.0609375 0.025
0 0.79921875 0.66171875 0.1046875 0.03125
0 0.196875 0.8 0.14375 0.0328125
0 0.40625 0.7765625 0.0109375 0.009375
0 0.4734375 0.76953125 0.0921875 0.028125
0 0.64140625 0.74609375 0.2078125 0.05
0 0.80859375 0.721875 0.0484375 0.0203125
0 0.425 0.82578125 0.021875 0.0140625
0 0.12265625 0.92578125 0.13125 0.034375