0 0.1921875 0.48046875 0.1953125 0.090625
0 0.328125 0.46875 0.1640625 0.0921875
0 0.2515625 0.31953125 0.1703125 0.0765625
0 0.12734375 0.51640625 0.165625 0.084375
0 0.334375 0.25234375 0.1625 0.071875
0 0.71484375 0.31875 0.16875 0.0734375
0 0.9265625 0.37109375 0.1328125 0.0625
0 0.91171875 0.584375 0.1234375 0.0609375
0 0.47734375 0.50546875 0.1203125 0.0625
0 0.63125 0.546875 0.1515625 0.071875
0 0.77734375 0.63828125 0.1125 0.0578125
0 0.79375 0.54609375 0.0953125 0.05625
0 0.53203125 0.4796875 0.1078125 0.0515625
0 0.2203125 0.13125 0.11875 0.059375
0 0.49296875 0.559375 0.1015625 0.05
0 0.5734375 0.2765625 0.134375 0.0578125
0 0.875 0.2375 0.1421875 0.0734375
0 0.27734375 0.40859375 0.1140625 0.05625
0 0.75703125 0.28046875 0.2984375 0.1078125
0 0.14296875 0.28671875 0.0734375 0.05
0 0.5953125 0.325 0.1421875 0.0609375
0 0.909375 0.6265625 0.1140625 0.0578125
0 0.6703125 0.515625 0.1140625 0.05
0 0.359375 0.134375 0.1171875 0.05
0 0.55234375 0.23125 0.1171875 0.0546875
0 0.70546875 0.22578125 0.10625 0.0484375
0 0.39296875 0.53046875 0.084375 0.04375
0 0.8890625 0.403125 0.13125 0.053125
0 0.9640625 0.459375 0.071875 0.046875
0 0.1765625 0.38515625 0.08125 0.046875
0 0.471875 0.290625 0.0921875 0.0484375
0 0.38046875 0.4421875 0.0828125 0.0453125
0 0.16875 0.2078125 0.0640625 0.0375
0 0.278125 0.065625 0.103125 0.05
0 0.23828125 0.54453125 0.0625 0.0484375
0 0.4640625 0.2015625 0.078125 0.04375
0 0.5734375 0.15078125 0.0984375 0.05
0 0.9703125 0.43203125 0.059375 0.0421875
0 0.87109375 0.66328125 0.065625 0.0421875
0 0.36875 0.175 0.0921875 0.0421875
0 0.76640625 0.20234375 0.0828125 0.053125
0 0.18203125 0.1640625 0.0734375 0.046875
0 0.20078125 0.4359375 0.0703125 0.0421875
0 0.97890625 0.3125 0.0421875 0.04375
0 0.35234375 0.2171875 0.0640625 0.0375
0 0.71953125 0.3578125 0.084375 0.0421875
0 0.2671875 0.196875 0.0984375 0.0546875
0 0.32578125 0.52421875 0.05625 0.0578125
0 0.20390625 0.0875 0.0703125 0.0375
0 0.4453125 0.459375 0.0640625 0.0375
0 0.809375 0.59296875 0.0625 0.0359375
0 0.61953125 0.59765625 0.06875 0.040625
0 0.6859375 0.615625 0.0515625 0.0421875
0 0.41171875 0.10546875 0.0859375 0.0453125
0 0.696875 0.184375 0.06875 0.040625
0 0.565625 0.1921875 0.1671875 0.071875
0 0.0828125 0.459375 0.04375 0.0390625
0 0.453125 0.1625 0.0578125 0.0359375
0 0.4140625 0.2328125 0.0625 0.0375
0 0.2640625 0.10390625 0.059375 0.03125
0 0.85 0.26796875 0.078125 0.040625
0 0.73125 0.57265625 0.0484375 0.0328125
0 0.4890625 0.12265625 0.06875 0.0390625
0 0.10625 0.41875 0.053125 0.034375
0 0.93125 0.2875 0.075 0.0390625
0 0.83125 0.35078125 0.059375 0.0390625
0 0.4859375 0.25078125 0.0484375 0.0296875
0 0.15078125 0.428125 0.0453125 0.040625
0 0.5734375 0.584375 0.0453125 0.0515625
0 0.784375 0.246875 0.040625 0.034375
0 0.30390625 0.159375 0.0484375 0.034375
0 0.978125 0.259375 0.0390625 0.0328125
0 0.35390625 0.0921875 0.0390625 0.0328125
0 0.81015625 0.37890625 0.0375 0.034375
0 0.225 0.22578125 0.0328125 0.0234375
0 0.6359375 0.1578125 0.0296875 0.025
0 0.7734375 0.36484375 0.0390625 0.028125
0 0.946875 0.24453125 0.021875 0.01875
0 0.959375 0.34765625 0.08125 0.0609375
0 0.75546875 0.14921875 0.0546875 0.03125
0 0.90859375 0.18984375 0.053125 0.0265625