0 0.37421875 0.059375 0.2359375 0.11875
0 0.55078125 0.0796875 0.1328125 0.059375
0 0.7140625 0.0578125 0.1484375 0.0734375
0 0.840625 0.07421875 0.0875 0.059375
0 0.17421875 0.1390625 0.0703125 0.053125
0 0.2796875 0.1390625 0.0859375 0.0515625
0 0.40703125 0.15234375 0.1625 0.084375
0 0.625 0.16484375 0.21875 0.075
0 0.23984375 0.24140625 0.215625 0.090625
0 0.434375 0.24296875 0.13125 0.0453125
0 0.5953125 0.23203125 0.1296875 0.05
0 0.7546875 0.2453125 0.1359375 0.046875
0 0.85859375 0.2609375 0.0390625 0.025
0 0.18203125 0.334375 0.140625 0.075
0 0.61328125 0.33125 0.159375 0.06875
0 0.78515625 0.33515625 0.125 0.053125
0 0.19609375 0.39296875 0.1421875 0.0515625
0 0.34453125 0.4046875 0.1265625 0.0890625
0 0.4984375 0.42109375 0.1421875 0.0484375
0 0.70859375 0.41640625 0.234375 0.0828125
0 0.19375 0.47890625 0.228125 0.0796875
0 0.37265625 0.471875 0.115625 0.040625
0 0.53515625 0.48515625 0.1515625 0.075
0 0.725 0.4828125 0.2078125 0.0828125
0 0.83359375 0.16640625 0.159375 0.065625
0 0.39140625 0.3328125 0.190625 0.0796875