0 0.065625 0.19296875 0.0453125 0.0671875
0 0.19296875 0.19296875 0.1203125 0.0734375
0 0.35625 0.15546875 0.1171875 0.06875
0 0.51953125 0.14765625 0.184375 0.0796875
0 0.70078125 0.1234375 0.1421875 0.075
0 0.15703125 0.30859375 0.240625 0.0890625
0 0.3875 0.28046875 0.175 0.0890625
0 0.6234375 0.25703125 0.2296875 0.1078125
0 0.79453125 0.21640625 0.08125 0.0484375
0 0.11640625 0.42109375 0.178125 0.1109375
0 0.3453125 0.3890625 0.1921875 0.1078125
0 0.57265625 0.3421875 0.18125 0.0796875
0 0.771875 0.32421875 0.165625 0.071875
0 0.221875 0.4953125 0.30625 0.128125
0 0.78984375 0.75078125 0.1953125 0.10625
0 0.3265625 0.82578125 0.2015625 0.0890625