0 0.3984375 0.3234375 0.2046875 0.1203125
0 0.57890625 0.3328125 0.096875 0.0671875
0 0.68203125 0.33828125 0.0546875 0.0515625
0 0.33828125 0.4359375 0.1359375 0.10625
0 0.4578125 0.4375 0.0453125 0.0484375
0 0.54765625 0.43515625 0.078125 0.0734375
0 0.675 0.44453125 0.1109375 0.075
0 0.31484375 0.53671875 0.0640625 0.090625
0 0.396875 0.5203125 0.0703125 0.0671875
0 0.5046875 0.53671875 0.0796875 0.05625
0 0.3015625 0.61640625 0.103125 0.0640625
0 0.4140625 0.6296875 0.065625 0.0515625
0 0.515625 0.64375 0.0625 0.0390625
0 0.60703125 0.640625 0.0703125 0.05625
0 0.7140625 0.659375 0.084375 0.0609375
0 0.42890625 0.82109375 0.0171875 0.0109375
0 0.5046875 0.815625 0.0859375 0.0703125
0 0.65546875 0.83359375 0.178125 0.0828125
0 0.63828125 0.55703125 0.1265625 0.109375