0 0.14375 0.07109375 0.08125 0.05625
0 0.221875 0.078125 0.053125 0.0359375
0 0.30859375 0.09375 0.0765625 0.065625
0 0.12265625 0.13515625 0.0765625 0.05
0 0.42265625 0.14921875 0.0375 0.0359375
0 0.47734375 0.1578125 0.0578125 0.0359375
0 0.53359375 0.171875 0.0328125 0.04375
0 0.58203125 0.18046875 0.0578125 0.040625
0 0.65078125 0.17890625 0.0421875 0.028125
0 0.715625 0.18671875 0.0609375 0.0421875
0 0.8046875 0.19375 0.084375 0.0453125
0 0.87890625 0.19765625 0.03125 0.028125
0 0.9234375 0.196875 0.04375 0.03125
0 0.9828125 0.2015625 0.034375 0.040625
0 0.13984375 0.1921875 0.1359375 0.0796875
0 0.23984375 0.20546875 0.053125 0.04375
0 0.33125 0.21328125 0.11875 0.075
0 0.4453125 0.2171875 0.078125 0.04375
0 0.5125 0.22265625 0.01875 0.015625
0 0.5578125 0.23046875 0.046875 0.0390625
0 0.62265625 0.2328125 0.053125 0.040625
0 0.7078125 0.246875 0.0859375 0.0484375
0 0.80390625 0.24765625 0.0625 0.040625
0 0.8953125 0.2484375 0.11875 0.0734375
0 0.22421875 0.27265625 0.0453125 0.0328125
0 0.26875 0.2671875 0.0359375 0.0578125
0 0.33515625 0.26953125 0.0609375 0.0390625
0 0.4234375 0.284375 0.0671875 0.0515625
0 0.525 0.27265625 0.1 0.075
0 0.21796875 0.33984375 0.1109375 0.0703125
0 0.321875 0.34765625 0.0546875 0.0390625
0 0.42109375 0.34921875 0.09375 0.05625
0 0.5484375 0.36640625 0.0953125 0.0625
0 0.63203125 0.3609375 0.05625 0.0359375
0 0.690625 0.36015625 0.0578125 0.04375
0 0.215625 0.3953125 0.0234375 0.0328125
0 0.31171875 0.40078125 0.0203125 0.0296875
0 0.36171875 0.40234375 0.0234375 0.025
0 0.53359375 0.4140625 0.0125 0.01875
0 0.6125 0.4171875 0.0171875 0.021875
0 0.65859375 0.41953125 0.021875 0.0296875
0 0.28125 0.14609375 0.1921875 0.0921875