0 0.24296875 0.01484375 0.0703125 0.0296875
0 0.2859375 0.01953125 0.0125 0.025
0 0.31640625 0.028125 0.046875 0.0328125
0 0.3828125 0.0453125 0.0875 0.04375
0 0.44609375 0.0625 0.034375 0.03125
0 0.29296875 0.09375 0.15 0.075
0 0.22265625 0.17890625 0.0671875 0.0375
0 0.2609375 0.18515625 0.0078125 0.0171875
0 0.2875 0.19296875 0.0390625 0.025
0 0.346875 0.21328125 0.0796875 0.040625
0 0.41328125 0.22578125 0.0546875 0.0296875
0 0.26484375 0.24140625 0.209375 0.096875
0 0.22265625 0.29140625 0.1671875 0.0765625
0 0.36171875 0.33515625 0.0546875 0.028125
0 0.50625 0.3859375 0.19375 0.09375
0 0.71484375 0.43359375 0.1796875 0.08125
0 0.425 0.39453125 0.05 0.0328125
0 0.50625 0.421875 0.05 0.034375
0 0.6125 0.45390625 0.0421875 0.0296875
0 0.71953125 0.4859375 0.11875 0.05
0 0.42265625 0.43515625 0.0921875 0.0515625
0 0.646875 0.5125 0.246875 0.103125
0 0.18125 0.4734375 0.19375 0.0859375
0 0.32578125 0.51796875 0.05625 0.03125
0 0.3953125 0.53203125 0.05 0.0328125
0 0.52734375 0.57578125 0.1265625 0.0703125
0 0.63203125 0.6015625 0.0421875 0.0296875
0 0.4125 0.5953125 0.1125 0.05
0 0.603125 0.6515625 0.2046875 0.0828125
0 0.7578125 0.6921875 0.1046875 0.053125
0 0.39609375 0.63125 0.05 0.0390625
0 0.50546875 0.6609375 0.1171875 0.0640625
0 0.140625 0.60703125 0.178125 0.0765625
0 0.134375 0.646875 0.1921875 0.08125
0 0.36640625 0.69609375 0.209375 0.0859375
0 0.0859375 0.68828125 0.046875 0.0421875
0 0.14453125 0.70703125 0.084375 0.05625
0 0.2 0.71875 0.0171875 0.0078125
0 0.2390625 0.7296875 0.0375 0.0296875
0 0.5125 0.80234375 0.2140625 0.078125
0 0.67421875 0.8515625 0.05 0.034375
0 0.47109375 0.82421875 0.146875 0.0625
0 0.64140625 0.8734375 0.1234375 0.05
0 0.0078125 0.72578125 0.015625 0.0109375
0 0.0484375 0.73671875 0.059375 0.034375
0 0.10546875 0.75234375 0.0578125 0.040625
0 0.15078125 0.76328125 0.0171875 0.009375
0 0.225 0.7859375 0.1234375 0.0625
0 0.43125 0.8453125 0.1078125 0.059375
0 0.5875 0.8921875 0.0984375 0.0578125
0 0.45625 0.88984375 0.1578125 0.065625
0 0.62265625 0.9359375 0.1328125 0.0578125
0 0.36484375 0.7609375 0.0265625 0.0234375