0 0.2671875 0.0296875 0.296875 0.059375
0 0.68828125 0.1125 0.4609375 0.1953125
0 0.228125 0.08515625 0.2109375 0.1359375
0 0.48828125 0.15078125 0.2171875 0.1234375
0 0.71015625 0.21015625 0.115625 0.1015625
0 0.8671875 0.25546875 0.0984375 0.0828125
0 0.4046875 0.2515625 0.7203125 0.3140625
0 0.790625 0.3484375 0.1171875 0.0984375
0 0.26171875 0.3171875 0.440625 0.2109375
0 0.61796875 0.4140625 0.2625 0.15
0 0.8625 0.4828125 0.2234375 0.1296875
0 0.2046875 0.40625 0.3375 0.1609375
0 0.47265625 0.47109375 0.15 0.10625
0 0.615625 0.51171875 0.146875 0.1046875
0 0.39453125 0.55078125 0.7296875 0.259375
0 0.215625 0.63203125 0.43125 0.1953125