0 0.18515625 0.028125 0.0796875 0.05625
0 0.32890625 0.0515625 0.153125 0.0515625
0 0.490625 0.06875 0.125 0.0625
0 0.65390625 0.07109375 0.1828125 0.0546875
0 0.2515625 0.17890625 0.1171875 0.05625
0 0.37109375 0.19296875 0.0953125 0.0453125
0 0.44921875 0.19921875 0.0484375 0.0375
0 0.5375 0.209375 0.0953125 0.046875
0 0.634375 0.2078125 0.08125 0.0421875
0 0.80390625 0.221875 0.225 0.0859375
0 0.2046875 0.26875 0.165625 0.0859375
0 0.35546875 0.25625 0.0796875 0.046875
0 0.52578125 0.2640625 0.221875 0.06875
0 0.76796875 0.28671875 0.2046875 0.0578125
0 0.1625 0.31953125 0.05625 0.059375
0 0.24375 0.3234375 0.059375 0.05
0 0.328125 0.321875 0.084375 0.053125
0 0.46640625 0.3375 0.140625 0.0453125
0 0.646875 0.34375 0.1171875 0.0484375
0 0.8046875 0.36328125 0.1515625 0.0671875
0 0.2078125 0.41328125 0.16875 0.075
0 0.34921875 0.4 0.0640625 0.04375
0 0.48046875 0.4140625 0.165625 0.065625
0 0.66171875 0.4140625 0.15625 0.0484375
0 0.8328125 0.4296875 0.140625 0.05625
0 0.26015625 0.46796875 0.221875 0.0546875
0 0.215625 0.6078125 0.0734375 0.034375
0 0.31796875 0.6125 0.0734375 0.0390625
0 0.45234375 0.61796875 0.146875 0.0546875
0 0.60234375 0.61875 0.0890625 0.0375
0 0.7015625 0.61953125 0.06875 0.0359375
0 0.8125 0.62421875 0.121875 0.04375
0 0.20390625 0.746875 0.084375 0.05625
0 0.37265625 0.76875 0.1890625 0.0890625
0 0.5078125 0.75390625 0.0359375 0.034375
0 0.565625 0.74765625 0.03125 0.0234375
0 0.69609375 0.75546875 0.175 0.0765625
0 0.86796875 0.765625 0.128125 0.0390625
0 0.13203125 0.8359375 0.0546875 0.0765625
0 0.29140625 0.828125 0.184375 0.071875
0 0.47265625 0.8265625 0.1234375 0.0453125
0 0.60546875 0.828125 0.10625 0.0375
0 0.75859375 0.82734375 0.153125 0.0671875
0 0.15625 0.16640625 0.0625 0.0390625
0 0.1296875 0.6046875 0.0703125 0.0484375
0 0.11484375 0.7546875 0.059375 0.05