0 0.07265625 0.16953125 0.0546875 0.040625
0 0.153125 0.14921875 0.09375 0.0578125
0 0.2265625 0.125 0.0359375 0.04375
0 0.28359375 0.1359375 0.06875 0.0640625
0 0.38828125 0.1015625 0.1203125 0.0546875
0 0.0921875 0.26875 0.0296875 0.046875
0 0.1515625 0.2640625 0.0515625 0.0359375
0 0.2671875 0.23984375 0.1453125 0.0828125
0 0.3640625 0.22421875 0.01875 0.01875
0 0.41796875 0.21328125 0.0359375 0.034375
0 0.440625 0.20546875 0.0140625 0.0125
0 0.4578125 0.196875 0.034375 0.040625
0 0.49609375 0.190625 0.059375 0.0484375
0 0.56796875 0.18203125 0.0796875 0.0703125
0 0.63203125 0.17109375 0.0359375 0.04375
0 0.684375 0.16015625 0.0203125 0.0265625
0 0.75 0.140625 0.0859375 0.05
0 0.82578125 0.12265625 0.05625 0.0609375
0 0.1734375 0.34375 0.146875 0.0796875
0 0.2859375 0.31953125 0.0765625 0.071875
0 0.365625 0.30078125 0.0578125 0.04375
0 0.446875 0.28671875 0.109375 0.0734375
0 0.5640625 0.253125 0.1359375 0.0828125
0 0.6890625 0.23515625 0.1015625 0.0828125
0 0.76796875 0.21796875 0.059375 0.0640625
0 0.825 0.2 0.06875 0.0609375
0 0.13515625 0.47421875 0.0265625 0.040625
0 0.19296875 0.45703125 0.0609375 0.0515625
0 0.271875 0.43828125 0.0734375 0.059375
0 0.34765625 0.41171875 0.0546875 0.0484375
0 0.45625 0.4015625 0.13125 0.084375
0 0.5578125 0.36875 0.040625 0.0421875
0 0.57734375 0.359375 0.0140625 0.0125
0 0.59375 0.35234375 0.0328125 0.04375
0 0.640625 0.33984375 0.059375 0.05
0 0.71015625 0.32578125 0.0421875 0.04375
0 0.77734375 0.3140625 0.053125 0.05
0 0.86171875 0.29453125 0.1 0.05625
0 0.1640625 0.55078125 0.05625 0.0671875
0 0.28828125 0.53671875 0.18125 0.1046875
0 0.4078125 0.49453125 0.0671875 0.065625
0 0.48359375 0.4734375 0.06875 0.04375
0 0.5734375 0.44921875 0.1203125 0.075
0 0.69765625 0.4125 0.13125 0.071875
0 0.81953125 0.38671875 0.09375 0.08125
0 0.17890625 0.6515625 0.065625 0.071875
0 0.2640625 0.625 0.1046875 0.0625
0 0.36328125 0.6015625 0.0859375 0.0625
0 0.471875 0.5734375 0.10625 0.078125
0 0.2125 0.775 0.0640625 0.0703125
0 0.2875 0.7453125 0.0890625 0.0640625
0 0.35 0.72734375 0.0265625 0.0359375
0 0.39921875 0.72109375 0.05625 0.053125
0 0.503125 0.69140625 0.146875 0.0953125
0 0.6296875 0.65234375 0.08125 0.0578125
0 0.73125 0.62890625 0.0953125 0.0671875
0 0.82890625 0.60390625 0.1046875 0.0671875
0 0.253125 0.85234375 0.11875 0.0984375
0 0.371875 0.8171875 0.1015625 0.05625
0 0.47109375 0.78828125 0.05625 0.0328125
0 0.56640625 0.7671875 0.0921875 0.0625
0 0.2640625 0.91484375 0.1234375 0.071875
0 0.35625 0.90078125 0.0234375 0.0375
0 0.45390625 0.88671875 0.1109375 0.0734375
0 0.30078125 0.971875 0.1765625 0.05625