0 0.09140625 0.64453125 0.0984375 0.0953125
0 0.18203125 0.6140625 0.0546875 0.0359375
0 0.278125 0.61484375 0.0984375 0.0640625
0 0.38515625 0.60859375 0.0671875 0.0234375
0 0.47578125 0.60546875 0.084375 0.028125
0 0.565625 0.61015625 0.0703125 0.04375
0 0.675 0.5984375 0.115625 0.05625
0 0.8140625 0.58984375 0.16875 0.0453125
0 0.07890625 0.70625 0.034375 0.0125
0 0.13828125 0.7140625 0.0703125 0.05
0 0.24921875 0.6953125 0.10625 0.0421875
0 0.3390625 0.7 0.0828125 0.0671875
0 0.415625 0.671875 0.0609375 0.0484375
0 0.5015625 0.678125 0.09375 0.0484375
0 0.59296875 0.66953125 0.0671875 0.0375
0 0.671875 0.66484375 0.0828125 0.0359375
0 0.7421875 0.6515625 0.03125 0.01875
0 0.81875 0.64296875 0.1171875 0.0546875
0 0.93125 0.64140625 0.0984375 0.0515625
0 0.115625 0.7890625 0.071875 0.0671875
0 0.228125 0.7734375 0.153125 0.053125
0 0.35859375 0.76484375 0.0625 0.0390625
0 0.415625 0.7578125 0.0484375 0.021875
0 0.51328125 0.753125 0.109375 0.0265625
0 0.65625 0.7484375 0.1375 0.028125
0 0.74375 0.7390625 0.015625 0.0125
0 0.8109375 0.72890625 0.090625 0.0328125
0 0.8421875 0.75703125 0.0359375 0.028125
0 0.8703125 0.7578125 0.028125 0.0234375
0 0.8953125 0.746875 0.0390625 0.0234375
0 0.91875 0.75 0.025 0.025