0 0.2703125 0.021875 0.09375 0.04375
0 0.340625 0.025 0.046875 0.05
0 0.3796875 0.02890625 0.034375 0.0484375
0 0.446875 0.04765625 0.0890625 0.0640625
0 0.475 0.0578125 0.015625 0.0125
0 0.56640625 0.07890625 0.175 0.13125
0 0.71484375 0.1140625 0.1046875 0.090625
0 0.83671875 0.1484375 0.1921875 0.13125
0 0.28203125 0.13125 0.2765625 0.1828125
0 0.49296875 0.15859375 0.171875 0.1171875
0 0.634375 0.19296875 0.0390625 0.0515625
0 0.68828125 0.19296875 0.0734375 0.0734375
0 0.74453125 0.2125 0.040625 0.046875
0 0.87734375 0.2671875 0.2453125 0.15625
0 0.2203125 0.3109375 0.1515625 0.1203125
0 0.3328125 0.30625 0.0578125 0.0625
0 0.3890625 0.325 0.0609375 0.084375
0 0.43671875 0.33203125 0.0625 0.0703125
0 0.51328125 0.35234375 0.103125 0.103125
0 0.696875 0.40859375 0.059375 0.0671875
0 0.79453125 0.4453125 0.175 0.1671875
0 0.1390625 0.37734375 0.06875 0.065625
0 0.33203125 0.440625 0.19375 0.146875
0 0.5078125 0.46328125 0.103125 0.121875
0 0.5921875 0.4765625 0.0890625 0.096875
0 0.68046875 0.50234375 0.0390625 0.0546875
0 0.7515625 0.51953125 0.1296875 0.125
0 0.07109375 0.58046875 0.0640625 0.0828125
0 0.13359375 0.596875 0.071875 0.0796875
0 0.21953125 0.60234375 0.0984375 0.0984375
0 0.33125 0.63125 0.04375 0.0640625
0 0.37734375 0.64296875 0.0484375 0.0625
0 0.43671875 0.659375 0.09375 0.0984375
0 0.56953125 0.68984375 0.15 0.125
0 0.7328125 0.72890625 0.1828125 0.1140625
0 0.06015625 0.659375 0.0953125 0.103125
0 0.153125 0.67109375 0.0609375 0.0703125
0 0.29921875 0.7375 0.209375 0.1453125
0 0.42109375 0.77578125 0.0734375 0.08125
0 0.53671875 0.7765625 0.1 0.1015625
0 0.60703125 0.80859375 0.059375 0.0671875
0 0.696875 0.83828125 0.0671875 0.096875
0 0.8 0.84375 0.1734375 0.171875
0 0.00703125 0.81796875 0.0140625 0.0734375
0 0.06875 0.81953125 0.075 0.075
0 0.17734375 0.83984375 0.090625 0.0875
0 0.30234375 0.86328125 0.0921875 0.0765625
0 0.44375 0.90625 0.171875 0.11875
0 0.6234375 0.93203125 0.0921875 0.0953125
0 0.70859375 0.9625 0.0671875 0.075
0 0.7859375 0.96875 0.09375 0.0625