0 0.128125 0.1078125 0.25625 0.084375
0 0.5140625 0.05546875 0.284375 0.1109375
0 0.1640625 0.184375 0.15 0.0765625
0 0.31484375 0.1375 0.0765625 0.0390625
0 0.56953125 0.1015625 0.309375 0.0875
0 0.1953125 0.25 0.171875 0.0578125
0 0.384375 0.203125 0.115625 0.0515625
0 0.64609375 0.1703125 0.2625 0.0875
0 0.23359375 0.33046875 0.1921875 0.0734375
0 0.4765625 0.28203125 0.171875 0.0625
0 0.71640625 0.26953125 0.246875 0.1140625
0 0.8875 0.2625 0.075 0.05
0 0.2578125 0.421875 0.196875 0.071875
0 0.49296875 0.37421875 0.146875 0.0578125
0 0.71171875 0.3453125 0.1390625 0.0625
0 0.32890625 0.5203125 0.2859375 0.1078125
0 0.59921875 0.4640625 0.1140625 0.0515625
0 0.84140625 0.4328125 0.2078125 0.078125
0 0.3046875 0.6328125 0.23125 0.0734375
0 0.31328125 0.05625 0.0390625 0.015625