0 0.415625 0.86875 0.3421875 0.075
0 0.21484375 0.821875 0.2625 0.071875
0 0.29453125 0.653125 0.2390625 0.0703125
0 0.178125 0.7265625 0.19375 0.06875
0 0.6359375 0.77734375 0.2546875 0.0625
0 0.50234375 0.49140625 0.2078125 0.0484375
0 0.41953125 0.7640625 0.1703125 0.0578125
0 0.46015625 0.70703125 0.1484375 0.0484375
0 0.56171875 0.65703125 0.1125 0.0546875
0 0.62890625 0.596875 0.140625 0.0390625
0 0.16875 0.58828125 0.125 0.053125
0 0.140625 0.76875 0.115625 0.05
0 0.68046875 0.83125 0.1234375 0.0453125
0 0.43671875 0.58828125 0.1125 0.0453125
0 0.646875 0.70859375 0.1046875 0.0625
0 0.315625 0.14140625 0.084375 0.028125
0 0.3328125 0.70859375 0.090625 0.0484375
0 0.625 0.471875 0.0921875 0.053125
0 0.20078125 0.49453125 0.1125 0.040625
0 0.2640625 0.76484375 0.1046875 0.046875
0 0.3171875 0.5921875 0.1171875 0.040625
0 0.45546875 0.6515625 0.078125 0.046875
0 0.446875 0.4484375 0.096875 0.046875
0 0.5265625 0.14765625 0.1671875 0.021875
0 0.39921875 0.81171875 0.0953125 0.0390625
0 0.3140625 0.1734375 0.121875 0.03125
0 0.12890625 0.65 0.0640625 0.05
0 0.6578125 0.65390625 0.08125 0.0484375
0 0.5609375 0.8171875 0.0640625 0.0484375
0 0.3421875 0.26171875 0.075 0.0359375
0 0.42265625 0.2703125 0.0640625 0.034375
0 0.484375 0.81875 0.05625 0.0328125
0 0.46171875 0.5375 0.096875 0.021875
0 0.68515625 0.2 0.05625 0.0328125
0 0.26875 0.44921875 0.078125 0.021875
0 0.5265625 0.59140625 0.0390625 0.05
0 0.371875 0.5328125 0.075 0.0203125
0 0.18984375 0.4453125 0.0703125 0.021875
0 0.63359375 0.20234375 0.0484375 0.034375
0 0.21015625 0.23359375 0.0625 0.0234375
0 0.20703125 0.16640625 0.0546875 0.0203125
0 0.5390625 0.20859375 0.05 0.021875
0 0.4046875 0.175 0.028125 0.0390625
0 0.56796875 0.7109375 0.0359375 0.0296875
0 0.1984375 0.2 0.046875 0.0203125
0 0.27734375 0.2375 0.0671875 0.0140625
0 0.33515625 0.4953125 0.0296875 0.0234375
0 0.1375 0.4453125 0.0296875 0.021875
0 0.33828125 0.44921875 0.05 0.0203125
0 0.53125 0.45390625 0.0640625 0.0328125
0 0.2890625 0.49921875 0.0484375 0.0421875
0 0.41484375 0.14453125 0.0390625 0.0171875