0 0.1375 0.1078125 0.1875 0.0890625
0 0.35 0.121875 0.15 0.0609375
0 0.59921875 0.159375 0.228125 0.084375
0 0.884375 0.1703125 0.23125 0.075
0 0.1421875 0.21640625 0.2171875 0.10625
0 0.33828125 0.20234375 0.090625 0.0734375
0 0.615625 0.253125 0.378125 0.1109375
0 0.3046875 0.296875 0.5484375 0.146875
0 0.8109375 0.334375 0.34375 0.075
0 0.19296875 0.3984375 0.365625 0.125
0 0.55625 0.409375 0.2828125 0.0765625
0 0.7953125 0.42265625 0.0921875 0.0484375
0 0.1046875 0.47734375 0.1234375 0.05625
0 0.3671875 0.49453125 0.2734375 0.08125