0 0.21171875 0.09453125 0.1734375 0.0640625
0 0.20078125 0.04140625 0.1640625 0.0515625
0 0.86015625 0.1234375 0.0890625 0.0734375
0 0.42421875 0.078125 0.1359375 0.040625
0 0.65234375 0.11796875 0.09375 0.034375
0 0.88125 0.159375 0.1359375 0.040625
0 0.31171875 0.109375 0.0546875 0.05
0 0.4609375 0.15546875 0.2625 0.10625
0 0.20234375 0.153125 0.20625 0.0796875
0 0.33203125 0.1734375 0.04375 0.0453125
0 0.1984375 0.20546875 0.20625 0.065625
0 0.45859375 0.26171875 0.2796875 0.121875
0 0.7109375 0.30234375 0.221875 0.075
0 0.17734375 0.284375 0.1953125 0.078125
0 0.12109375 0.32890625 0.021875 0.009375
0 0.2421875 0.34453125 0.209375 0.0921875
0 0.421875 0.37578125 0.065625 0.0359375
0 0.5703125 0.39921875 0.2203125 0.10625
0 0.7265625 0.41875 0.05 0.0375
0 0.79609375 0.43125 0.0328125 0.0203125
0 0.10234375 0.3671875 0.103125 0.0515625
0 0.20390625 0.396875 0.05625 0.05625
0 0.3328125 0.4046875 0.1421875 0.0578125
0 0.4421875 0.42578125 0.0453125 0.04375
0 0.52421875 0.43203125 0.0765625 0.05
0 0.609375 0.45234375 0.084375 0.053125
0 0.76640625 0.47578125 0.1796875 0.0921875
0 0.17734375 0.43046875 0.2625 0.0890625
0 0.38359375 0.4609375 0.0890625 0.0515625
0 0.53828125 0.48125 0.165625 0.0578125
0 0.675 0.5203125 0.05625 0.0546875
0 0.7671875 0.52109375 0.0859375 0.0453125
0 0.88984375 0.54765625 0.134375 0.0546875
0 0.12265625 0.48046875 0.1359375 0.0546875
0 0.225 0.4984375 0.015625 0.00625
0 0.37265625 0.51875 0.2375 0.0734375
0 0.54140625 0.5546875 0.0375 0.0265625
0 0.68125 0.5765625 0.209375 0.075
0 0.1125 0.528125 0.1484375 0.05625
0 0.24453125 0.54921875 0.078125 0.04375
0 0.384375 0.56796875 0.178125 0.084375
0 0.6109375 0.6109375 0.2296875 0.0890625
0 0.7765625 0.63671875 0.084375 0.0609375
0 0.09765625 0.5671875 0.140625 0.0640625
0 0.2984375 0.61171875 0.1765625 0.084375
0 0.4515625 0.64375 0.0828125 0.0734375
0 0.52890625 0.64296875 0.0828125 0.05625
0 0.64453125 0.67109375 0.1234375 0.053125
0 0.03828125 0.6390625 0.034375 0.0375
0 0.121875 0.6546875 0.1359375 0.0640625
0 0.2734375 0.6890625 0.0484375 0.0421875
0 0.39375 0.7078125 0.1421875 0.05625
0 0.54140625 0.7390625 0.103125 0.0546875
0 0.70546875 0.76328125 0.1984375 0.071875
0 0.8546875 0.79296875 0.0515625 0.0296875
0 0.08671875 0.70234375 0.1140625 0.0484375
0 0.27421875 0.7453125 0.175 0.0640625
0 0.53359375 0.78984375 0.15 0.0609375