0 0.03984375 0.04921875 0.0796875 0.0421875
0 0.16171875 0.034375 0.1328125 0.0328125
0 0.0984375 0.2109375 0.071875 0.0453125
0 0.16875 0.20703125 0.0609375 0.0375
0 0.2765625 0.20390625 0.121875 0.05
0 0.39609375 0.1875 0.1015625 0.034375
0 0.48671875 0.18046875 0.06875 0.0296875
0 0.6390625 0.17734375 0.190625 0.0609375
0 0.115625 0.259375 0.0984375 0.0390625
0 0.18125 0.2546875 0.0125 0.0234375
0 0.25234375 0.253125 0.0859375 0.03125
0 0.321875 0.24296875 0.0390625 0.03125
0 0.384375 0.2421875 0.065625 0.03125
0 0.53828125 0.23671875 0.215625 0.0609375
0 0.1015625 0.3109375 0.059375 0.0328125
0 0.23984375 0.303125 0.1796875 0.040625
0 0.409375 0.2921875 0.1140625 0.053125
0 0.52265625 0.2765625 0.0671875 0.03125
0 0.6234375 0.27265625 0.125 0.0375
0 0.78671875 0.25546875 0.1609375 0.046875
0 0.1359375 0.35234375 0.1046875 0.0390625
0 0.21953125 0.35078125 0.015625 0.0234375
0 0.2765625 0.3484375 0.05625 0.021875
0 0.35546875 0.3453125 0.0875 0.040625
0 0.471875 0.32734375 0.103125 0.0375
0 0.575 0.3234375 0.0625 0.034375
0 0.675 0.30859375 0.09375 0.0421875
0 0.11171875 0.3953125 0.0453125 0.040625
0 0.15859375 0.3984375 0.0109375 0.0234375
0 0.24375 0.40078125 0.125 0.0421875
0 0.36484375 0.3859375 0.0796875 0.03125
0 0.43125 0.37890625 0.0359375 0.03125
0 0.49453125 0.3765625 0.0484375 0.028125
0 0.55 0.375 0.0375 0.0203125
0 0.65859375 0.36171875 0.140625 0.0421875
0 0.1359375 0.44609375 0.1015625 0.0359375
0 0.24375 0.44375 0.0578125 0.03125
0 0.36875 0.43828125 0.165625 0.0515625
0 0.5265625 0.4328125 0.140625 0.04375
0 0.6515625 0.41015625 0.08125 0.0375
0 0.7421875 0.40625 0.0578125 0.03125
0 0.84765625 0.3953125 0.096875 0.04375
0 0.10546875 0.546875 0.0125 0.025
0 0.1640625 0.540625 0.0828125 0.034375
0 0.2359375 0.53828125 0.0390625 0.0296875
0 0.3125 0.53359375 0.0875 0.034375
0 0.40078125 0.52578125 0.0640625 0.0328125
0 0.490625 0.52421875 0.0921875 0.040625
0 0.58359375 0.5109375 0.0671875 0.03125
0 0.68046875 0.509375 0.071875 0.0296875
0 0.796875 0.50859375 0.1390625 0.053125
0 0.915625 0.49453125 0.0609375 0.0453125
0 0.146875 0.590625 0.0703125 0.0296875
0 0.22578125 0.58671875 0.05 0.0203125
0 0.31875 0.58125 0.10625 0.0375
0 0.4203125 0.56953125 0.06875 0.0265625
0 0.528125 0.565625 0.0921875 0.034375
0 0.61328125 0.55859375 0.0140625 0.025
0 0.671875 0.5546875 0.096875 0.0390625
0 0.12265625 0.6421875 0.0109375 0.028125
0 0.17421875 0.64296875 0.059375 0.0234375
0 0.28125 0.63515625 0.11875 0.053125
0 0.4265625 0.62890625 0.1203125 0.0515625
0 0.5125 0.6140625 0.0421875 0.0296875
0 0.5734375 0.61484375 0.0671875 0.0265625
0 0.721875 0.6265625 0.2125 0.0921875