0 0.14765625 0.22734375 0.178125 0.0734375
0 0.365625 0.225 0.1375 0.1015625
0 0.53046875 0.17578125 0.175 0.1234375
0 0.6796875 0.165625 0.0859375 0.078125
0 0.09609375 0.340625 0.0640625 0.0515625
0 0.25390625 0.31015625 0.171875 0.090625
0 0.48046875 0.28671875 0.1625 0.0828125
0 0.61796875 0.26171875 0.0328125 0.0203125
0 0.70078125 0.2515625 0.0734375 0.071875
0 0.79375 0.23359375 0.0703125 0.078125
0 0.221875 0.44140625 0.2578125 0.14375
0 0.409375 0.3875 0.05625 0.059375
0 0.546875 0.36015625 0.1765625 0.11875
0 0.73515625 0.36875 0.1734375 0.0984375
0 0.271875 0.52890625 0.3078125 0.1203125
0 0.503125 0.50234375 0.08125 0.0734375
0 0.690625 0.47890625 0.2078125 0.1015625
0 0.2234375 0.646875 0.171875 0.096875
0 0.37578125 0.646875 0.06875 0.05625
0 0.52890625 0.6296875 0.1671875 0.10625
0 0.75703125 0.60234375 0.26875 0.178125
0 0.2265625 0.94375 0.0890625 0.065625
0 0.43671875 0.91484375 0.2421875 0.1015625
0 0.7265625 0.871875 0.1484375 0.1015625