0 0.65234375 0.0765625 0.1796875 0.0859375
0 0.72734375 0.09765625 0.1984375 0.103125
0 0.19765625 0.07578125 0.0171875 0.0203125
0 0.31328125 0.1 0.128125 0.0578125
0 0.49296875 0.14140625 0.184375 0.0765625
0 0.86328125 0.225 0.040625 0.028125
0 0.18984375 0.11328125 0.053125 0.0359375
0 0.346875 0.146875 0.1953125 0.0734375
0 0.515625 0.1890625 0.1109375 0.059375
0 0.86015625 0.26875 0.04375 0.0375
0 0.9296875 0.28046875 0.0875 0.0453125
0 0.1734375 0.15 0.0390625 0.0328125
0 0.36484375 0.19765625 0.2765625 0.1
0 0.85859375 0.30234375 0.0421875 0.0359375
0 0.92265625 0.3203125 0.09375 0.0453125
0 0.1671875 0.19765625 0.0453125 0.0328125
0 0.31484375 0.2328125 0.1765625 0.071875
0 0.484375 0.26953125 0.1359375 0.0578125
0 0.89609375 0.35390625 0.1203125 0.0578125
0 0.16328125 0.24296875 0.0390625 0.0328125
0 0.31484375 0.27421875 0.21875 0.08125
0 0.54453125 0.32734375 0.228125 0.0828125
0 0.88359375 0.40234375 0.1203125 0.0609375
0 0.1578125 0.2828125 0.040625 0.0390625
0 0.26796875 0.31171875 0.1421875 0.0578125
0 0.40390625 0.3390625 0.1015625 0.0515625
0 0.55390625 0.3765625 0.04375 0.025
0 0.87890625 0.44375 0.13125 0.0625
0 0.1390625 0.3328125 0.0328125 0.0390625
0 0.3359375 0.37578125 0.1703125 0.0734375
0 0.51328125 0.41484375 0.1453125 0.0671875
0 0.86640625 0.48359375 0.1171875 0.059375
0 0.13125 0.37421875 0.0375 0.034375
0 0.23203125 0.403125 0.1078125 0.0625
0 0.36328125 0.42421875 0.1203125 0.053125
0 0.8625 0.52890625 0.140625 0.0640625
0 0.8578125 0.5734375 0.1796875 0.078125
0 0.1078125 0.46875 0.0609375 0.0484375
0 0.25390625 0.4984375 0.15 0.0625
0 0.52578125 0.55625 0.1125 0.05625
0 0.10703125 0.5078125 0.0328125 0.0390625
0 0.19453125 0.5296875 0.0609375 0.05
0 0.28984375 0.5546875 0.0828125 0.0515625
0 0.48359375 0.58828125 0.0515625 0.0390625
0 0.55078125 0.603125 0.0578125 0.040625
0 0.09296875 0.5609375 0.0359375 0.034375
0 0.21953125 0.58828125 0.1640625 0.071875
0 0.49921875 0.6453125 0.1296875 0.059375
0 0.45 0.68203125 0.053125 0.04375
0 0.5234375 0.68984375 0.090625 0.0578125
0 0.2796875 0.878125 0.2234375 0.121875
0 0.27578125 0.90234375 0.0359375 0.0359375
0 0.2671875 0.925 0.1953125 0.10625
0 0.51171875 0.94375 0.053125 0.034375
0 0.57890625 0.95859375 0.0734375 0.04375
0 0.66015625 0.971875 0.078125 0.040625
0 0.4765625 0.971875 0.121875 0.05625
0 0.60234375 0.984375 0.1359375 0.03125
0 0.934375 0.24375 0.0984375 0.0484375
0 0.2203125 0.346875 0.06875 0.04375