0 0.47109375 0.17578125 0.0640625 0.059375
0 0.5484375 0.1640625 0.09375 0.06875
0 0.56015625 0.271875 0.134375 0.1109375
0 0.70859375 0.24140625 0.20625 0.1453125
0 0.51484375 0.36953125 0.0515625 0.0546875
0 0.5734375 0.36796875 0.0734375 0.0703125
0 0.675 0.33359375 0.1421875 0.075
0 0.78046875 0.3234375 0.0640625 0.0296875
0 0.84453125 0.31015625 0.0609375 0.05625
0 0.90703125 0.29609375 0.0609375 0.0328125
0 0.52890625 0.43046875 0.053125 0.0453125
0 0.57890625 0.42109375 0.0375 0.03125
0 0.62890625 0.41640625 0.046875 0.03125
0 0.68828125 0.4 0.05 0.034375
0 0.7453125 0.4125 0.053125 0.0609375
0 0.78671875 0.3765625 0.0375 0.046875
0 0.878125 0.36328125 0.1421875 0.06875
0 0.55703125 0.49921875 0.08125 0.08125
0 0.6171875 0.4703125 0.059375 0.046875
0 0.70390625 0.4859375 0.1 0.075
0 0.77578125 0.45546875 0.04375 0.034375
0 0.83984375 0.45859375 0.0796875 0.0703125
0 0.91640625 0.44609375 0.0734375 0.06875
0 0.56015625 0.54921875 0.0625 0.046875
0 0.615625 0.55 0.0515625 0.0734375
0 0.6640625 0.55234375 0.059375 0.0578125
0 0.70234375 0.5296875 0.04375 0.0421875
0 0.76796875 0.525 0.0890625 0.06875
0 0.8359375 0.5125 0.0421875 0.0296875
0 0.884375 0.5171875 0.0640625 0.0609375
0 0.94140625 0.4828125 0.065625 0.05
0 0.61328125 0.625 0.0609375 0.059375
0 0.66328125 0.628125 0.0390625 0.0765625
0 0.7234375 0.6 0.078125 0.0640625
0 0.84140625 0.61015625 0.165625 0.075
0 0.71484375 0.7140625 0.1203125 0.084375
0 0.78984375 0.678125 0.0359375 0.05
0 0.88828125 0.65078125 0.115625 0.075
0 0.96171875 0.6859375 0.0359375 0.040625