0 0.15546875 0.4 0.1578125 0.0453125
0 0.49296875 0.38671875 0.1296875 0.0484375
0 0.68671875 0.3671875 0.1453125 0.0421875
0 0.8828125 0.359375 0.209375 0.05
0 0.12890625 0.44921875 0.0953125 0.0359375
0 0.2234375 0.46015625 0.09375 0.05
0 0.31171875 0.44296875 0.0875 0.0328125
0 0.1359375 0.5 0.109375 0.0359375
0 0.23828125 0.51328125 0.0953125 0.0609375
0 0.34140625 0.4984375 0.090625 0.0390625
0 0.12890625 0.55390625 0.0984375 0.04375
0 0.26328125 0.55390625 0.1609375 0.0609375
0 0.40546875 0.54453125 0.15625 0.0421875
0 0.15234375 0.60234375 0.1390625 0.0609375
0 0.29140625 0.603125 0.1640625 0.065625
0 0.39765625 0.59609375 0.075 0.040625
0 0.4875 0.58828125 0.1125 0.0453125
0 0.16484375 0.64375 0.1484375 0.0453125
0 0.19140625 0.69453125 0.1984375 0.078125
0 0.1796875 0.721875 0.134375 0.0453125