0 0.72734375 0.190625 0.08125 0.034375
0 0.7984375 0.2046875 0.0484375 0.028125
0 0.18046875 0.10390625 0.025 0.015625
0 0.21171875 0.109375 0.0203125 0.0140625
0 0.24453125 0.11640625 0.028125 0.015625
0 0.2765625 0.12265625 0.021875 0.0140625
0 0.31015625 0.12890625 0.01875 0.0140625
0 0.34140625 0.1359375 0.0234375 0.0140625
0 0.37421875 0.14140625 0.021875 0.0140625
0 0.7109375 0.21640625 0.0640625 0.028125
0 0.85 0.24375 0.0171875 0.0203125
0 0.925 0.26015625 0.015625 0.01875
0 0.2453125 0.184375 0.190625 0.084375
0 0.46875 0.21875 0.190625 0.0828125
0 0.69453125 0.26796875 0.19375 0.08125
0 0.2296875 0.228125 0.1890625 0.065625
0 0.34375 0.2390625 0.0265625 0.03125
0 0.415625 0.25546875 0.10625 0.0515625
0 0.5078125 0.271875 0.05 0.04375
0 0.5765625 0.2984375 0.1078125 0.0484375
0 0.15859375 0.25546875 0.0296875 0.025
0 0.2578125 0.27578125 0.1453125 0.046875
0 0.4234375 0.31328125 0.1375 0.0546875
0 0.53359375 0.33671875 0.0734375 0.034375
0 0.66328125 0.35859375 0.125 0.0484375
0 0.759375 0.38046875 0.0734375 0.03125
0 0.14140625 0.29765625 0.05 0.028125
0 0.2109375 0.30703125 0.0859375 0.0453125
0 0.2828125 0.325 0.0515625 0.03125
0 0.3765625 0.34453125 0.10625 0.046875
0 0.4515625 0.3625 0.03125 0.0234375
0 0.4984375 0.3703125 0.0359375 0.034375
0 0.13828125 0.34140625 0.04375 0.0265625
0 0.2125 0.353125 0.08125 0.040625
0 0.30625 0.38515625 0.096875 0.0609375
0 0.38515625 0.3890625 0.0484375 0.0359375
0 0.4765625 0.41171875 0.0921875 0.040625
0 0.5421875 0.43359375 0.034375 0.0171875
0 0.59609375 0.4390625 0.0484375 0.028125
0 0.68046875 0.46171875 0.103125 0.0453125
0 0.28046875 0.41640625 0.128125 0.05
0 0.38828125 0.44375 0.0421875 0.0203125
0 0.478125 0.4609375 0.121875 0.046875
0 0.5828125 0.49296875 0.1078125 0.0453125
0 0.17109375 0.4421875 0.128125 0.059375
0 0.27734375 0.4640625 0.053125 0.046875
0 0.3515625 0.48671875 0.1125 0.053125
0 0.48828125 0.51953125 0.10625 0.053125
0 0.590625 0.52734375 0.0703125 0.0359375
0 0.69375 0.54765625 0.1390625 0.0515625
0 0.821875 0.58671875 0.0796875 0.0453125
0 0.34453125 0.5203125 0.2390625 0.0828125
0 0.17890625 0.5296875 0.0296875 0.0328125
0 0.2421875 0.54375 0.075 0.0453125
0 0.35078125 0.578125 0.0890625 0.05625
0 0.43671875 0.58515625 0.0484375 0.0359375
0 0.509375 0.6109375 0.0796875 0.05
0 0.58984375 0.61796875 0.059375 0.0359375
0 0.6796875 0.65234375 0.10625 0.046875
0 0.159375 0.58125 0.1828125 0.0640625
0 0.3546875 0.6328125 0.1640625 0.0546875
0 0.16875 0.63203125 0.1890625 0.0859375
0 0.27734375 0.65859375 0.025 0.0171875
0 0.40546875 0.68125 0.19375 0.065625
0 0.51640625 0.7 0.025 0.028125
0 0.60703125 0.7265625 0.1453125 0.06875
0 0.7546875 0.75390625 0.1296875 0.0421875
0 0.8734375 0.7765625 0.0640625 0.034375
0 0.928125 0.790625 0.0515625 0.0328125
0 0.078125 0.6578125 0.0734375 0.040625
0 0.14453125 0.68515625 0.0703125 0.0375
0 0.2296875 0.69453125 0.09375 0.0375
0 0.31015625 0.7125 0.0609375 0.034375
0 0.37109375 0.7203125 0.0359375 0.03125
0 0.43828125 0.7296875 0.0828125 0.0421875
0 0.54296875 0.75546875 0.115625 0.0484375
0 0.65078125 0.784375 0.084375 0.0390625
0 0.75703125 0.7984375 0.09375 0.04375
0 0.11640625 0.71328125 0.1421875 0.053125
0 0.22578125 0.74609375 0.065625 0.040625
0 0.31640625 0.76640625 0.096875 0.05
0 0.39765625 0.7703125 0.084375 0.0421875
0 0.13984375 0.76640625 0.1359375 0.0515625
0 0.340625 0.8109375 0.2078125 0.075
0 0.5796875 0.85859375 0.1328125 0.0609375
0 0.115625 0.81640625 0.1453125 0.071875
0 0.33203125 0.85625 0.2140625 0.075
0 0.653125 0.93671875 0.2375 0.075
0 0.08828125 0.853125 0.1296875 0.0609375
0 0.19453125 0.87421875 0.11875 0.0546875
0 0.38671875 0.9125 0.2 0.084375
0 0.6234375 0.95703125 0.209375 0.0671875
0 0.10546875 0.90625 0.1953125 0.0796875
0 0.32734375 0.94765625 0.10625 0.053125
0 0.43515625 0.9703125 0.0953125 0.0421875
0 0.5421875 0.98125 0.103125 0.0375
0 0.49296875 0.93984375 0.0078125 0.0078125
0 0.215625 0.93359375 0.00625 0.00625