0 0.203125 0.02109375 0.090625 0.0421875
0 0.2703125 0.0546875 0.171875 0.0640625
0 0.51640625 0.08203125 0.1796875 0.0703125
0 0.675 0.11328125 0.128125 0.0640625
0 0.17109375 0.0890625 0.078125 0.0328125
0 0.3359375 0.11796875 0.1828125 0.06875
0 0.58046875 0.16953125 0.290625 0.1
0 0.1515625 0.134375 0.0671875 0.0296875
0 0.31953125 0.16796875 0.2234375 0.0859375
0 0.5453125 0.2171875 0.0703125 0.0328125
0 0.6734375 0.24921875 0.0625 0.0453125
0 0.5078125 0.28515625 0.0421875 0.0359375
0 0.46015625 0.2765625 0.0421875 0.03125
0 0.38671875 0.26484375 0.071875 0.0421875
0 0.17421875 0.18984375 0.1015625 0.040625
0 0.28125 0.2125 0.1125 0.040625
0 0.30859375 0.25390625 0.06875 0.0421875
0 0.125 0.2765625 0.0453125 0.0296875
0 0.18125 0.28828125 0.065625 0.0359375
0 0.23828125 0.2984375 0.0453125 0.0296875
0 0.2875 0.31015625 0.0546875 0.0328125
0 0.37265625 0.328125 0.1125 0.0421875
0 0.17734375 0.33125 0.1609375 0.06875
0 0.3125 0.35390625 0.1046875 0.0578125
0 0.4609375 0.3828125 0.1765625 0.071875
0 0.7125 0.45078125 0.2953125 0.103125
0 0.1265625 0.3828125 0.121875 0.0640625
0 0.20234375 0.39296875 0.0234375 0.0328125
0 0.24609375 0.40234375 0.0703125 0.0421875
0 0.35 0.4296875 0.1578125 0.065625
0 0.47421875 0.45234375 0.0953125 0.046875
0 0.25078125 0.46171875 0.3859375 0.1640625
0 0.58046875 0.5296875 0.303125 0.125
0 0.11796875 0.55390625 0.1765625 0.0875
0 0.29375 0.56875 0.1515625 0.08125
0 0.41171875 0.59765625 0.06875 0.04375
0 0.5140625 0.61171875 0.159375 0.090625
0 0.28203125 0.6140625 0.5015625 0.1703125
0 0.61796875 0.6609375 0.1546875 0.075
0 0.12109375 0.6375 0.13125 0.0796875
0 0.2953125 0.66484375 0.1703125 0.0984375
0 0.43125 0.671875 0.0796875 0.065625
0 0.59140625 0.69453125 0.225 0.0953125
0 0.734375 0.71171875 0.084375 0.046875
0 0.11640625 0.67890625 0.2265625 0.090625
0 0.27734375 0.709375 0.08125 0.05625
0 0.42890625 0.7234375 0.1875 0.0828125
0 0.62421875 0.74296875 0.184375 0.0796875
0 0.0921875 0.72578125 0.134375 0.0671875
0 0.021875 0.765625 0.04375 0.05
0 0.33671875 0.76171875 0.3390625 0.1296875
0 0.10703125 0.7828125 0.1109375 0.0546875
0 0.2359375 0.80703125 0.15 0.071875
0 0.509375 0.84375 0.3390625 0.1390625
0 0.51484375 0.88828125 0.25 0.1015625
0 0.709375 0.91015625 0.125 0.059375
0 0.02890625 0.85390625 0.0578125 0.0359375
0 0.08828125 0.87578125 0.0625 0.0265625
0 0.1453125 0.88828125 0.05 0.0234375
0 0.30234375 0.03671875 0.0484375 0.0296875