0 0.1828125 0.0234375 0.096875 0.04375
0 0.51953125 0.06015625 0.1875 0.0578125
0 0.68828125 0.075 0.134375 0.0609375
0 0.86015625 0.0875 0.0125 0.034375
0 0.15625 0.10546875 0.0859375 0.0296875
0 0.334375 0.1171875 0.171875 0.0703125
0 0.1421875 0.15625 0.0671875 0.025
0 0.33125 0.17890625 0.1984375 0.0640625
0 0.559375 0.20546875 0.0734375 0.0296875
0 0.73046875 0.225 0.1546875 0.0625
0 0.1703125 0.21328125 0.1109375 0.0375
0 0.2890625 0.2265625 0.1171875 0.03125
0 0.24765625 0.2578125 0.1265625 0.0546875
0 0.4140625 0.28203125 0.11875 0.05
0 0.1328125 0.31015625 0.0484375 0.028125
0 0.190625 0.31640625 0.065625 0.028125
0 0.25078125 0.32109375 0.0453125 0.021875
0 0.303125 0.328125 0.0546875 0.0234375
0 0.3921875 0.3390625 0.1109375 0.0296875
0 0.19453125 0.35 0.1375 0.06875
0 0.334375 0.371875 0.059375 0.0546875
0 0.42265625 0.38359375 0.084375 0.0625
0 0.50859375 0.38828125 0.0625 0.0578125
0 0.6390625 0.4078125 0.1765625 0.059375
0 0.1421875 0.4171875 0.11875 0.053125
0 0.2234375 0.42265625 0.0265625 0.0328125
0 0.2703125 0.428125 0.075 0.0390625
0 0.3828125 0.44609375 0.1515625 0.04375
0 0.50546875 0.45625 0.0921875 0.0390625
0 0.2546875 0.059375 0.184375 0.0546875
0 0.0703125 0.47421875 0.0515625 0.04375
0 0.14765625 0.4734375 0.0984375 0.0421875
0 0.35234375 0.49921875 0.259375 0.059375
0 0.5421875 0.51875 0.0609375 0.034375
0 0.73203125 0.53828125 0.2703125 0.065625
0 0.1703125 0.53125 0.175 0.0546875
0 0.35703125 0.5546875 0.0890625 0.0421875
0 0.5390625 0.57109375 0.234375 0.053125
0 0.75703125 0.58671875 0.1609375 0.046875
0 0.075 0.60234375 0.059375 0.046875
0 0.18046875 0.6109375 0.1203125 0.0515625
0 0.378125 0.62109375 0.190625 0.059375
0 0.5625 0.640625 0.1375 0.046875
0 0.7140625 0.6484375 0.103125 0.05625
0 0.80390625 0.66328125 0.05625 0.034375
0 0.27109375 0.69140625 0.3234375 0.0703125
0 0.53671875 0.7015625 0.159375 0.0625
0 0.6546875 0.709375 0.065625 0.046875
0 0.7625 0.7265625 0.1390625 0.0609375
0 0.05703125 0.74765625 0.06875 0.0578125
0 0.27109375 0.76015625 0.2953125 0.09375
0 0.46953125 0.7875 0.071875 0.053125
0 0.6171875 0.79453125 0.153125 0.06875
0 0.76328125 0.8 0.0890625 0.046875
0 0.24921875 0.8171875 0.2765625 0.0796875
0 0.06171875 0.91875 0.121875 0.03125
0 0.15546875 0.928125 0.0625 0.01875
0 0.215625 0.934375 0.0515625 0.0171875
0 0.2890625 0.03359375 0.0453125 0.028125