0 0.12734375 0.0984375 0.065625 0.0234375
0 0.17265625 0.09765625 0.00625 0.021875
0 0.2046875 0.09921875 0.040625 0.021875
0 0.275 0.1 0.084375 0.021875
0 0.340625 0.09921875 0.028125 0.021875
0 0.27265625 0.1703125 0.2 0.046875
0 0.153125 0.271875 0.0625 0.021875
0 0.19296875 0.26953125 0.003125 0.015625
0 0.2203125 0.26953125 0.034375 0.015625
0 0.28359375 0.275 0.075 0.021875
0 0.35078125 0.27109375 0.05 0.01875
0 0.26015625 0.34296875 0.2875 0.065625
0 0.59375 0.31953125 0.321875 0.04375
0 0.1828125 0.46171875 0.1515625 0.028125
0 0.4953125 0.44296875 0.053125 0.025
0 0.61640625 0.43203125 0.1875 0.0671875
0 0.18671875 0.509375 0.184375 0.04375
0 0.3796875 0.49765625 0.196875 0.0375
0 0.5515625 0.48125 0.090625 0.040625
0 0.6625 0.4796875 0.1265625 0.03125
0 0.20625 0.55859375 0.21875 0.0453125
0 0.37890625 0.54375 0.09375 0.0265625
0 0.55703125 0.53046875 0.2203125 0.0515625
0 0.74140625 0.52734375 0.090625 0.025
0 0.503125 0.6625 0.040625 0.021875
0 0.6125 0.64765625 0.14375 0.04375
0 0.53125 0.7 0.0984375 0.040625
0 0.6375 0.6890625 0.0734375 0.04375
0 0.72734375 0.678125 0.09375 0.040625
0 0.50703125 0.7421875 0.2046875 0.0515625
0 0.66328125 0.734375 0.05625 0.0421875
0 0.34140625 0.77578125 0.1875 0.046875
0 0.6640625 0.77109375 0.2921875 0.0546875
0 0.18359375 0.83125 0.125 0.0453125
0 0.5140625 0.8140625 0.196875 0.0375
0 0.4625 0.85859375 0.0625 0.028125
0 0.19921875 0.6734375 0.109375 0.0609375
0 0.340625 0.45078125 0.1796875 0.03125
0 0.284375 0.66640625 0.04375 0.034375
0 0.35234375 0.66875 0.0375 0.015625
0 0.42734375 0.6640625 0.0625 0.046875
0 0.271875 0.83046875 0.0375 0.009375
0 0.3328125 0.828125 0.0375 0.00625
0 0.38828125 0.8265625 0.0546875 0.040625
0 0.59765625 0.8515625 0.2 0.034375