0 0.28515625 0.01171875 0.0828125 0.0234375
0 0.38125 0.01953125 0.096875 0.0390625
0 0.45625 0.03359375 0.0375 0.03125
0 0.53671875 0.05546875 0.10625 0.0640625
0 0.6453125 0.08671875 0.1078125 0.053125
0 0.73671875 0.096875 0.05 0.0390625
0 0.84921875 0.13125 0.1578125 0.0734375
0 0.96640625 0.16328125 0.0671875 0.0359375
0 0.22890625 0.0203125 0.0671875 0.040625
0 0.35625 0.04375 0.184375 0.08125
0 0.20703125 0.05 0.075 0.040625
0 0.27421875 0.06640625 0.0390625 0.03125
0 0.396875 0.09921875 0.1890625 0.075
0 0.54921875 0.146875 0.1015625 0.0578125
0 0.62890625 0.1546875 0.0453125 0.0359375
0 0.7203125 0.1796875 0.1296875 0.0609375
0 0.81328125 0.2015625 0.0484375 0.025
0 0.921875 0.2265625 0.15625 0.0625
0 0.21328125 0.084375 0.1078125 0.046875
0 0.175 0.1171875 0.0421875 0.03125
0 0.25859375 0.1421875 0.1171875 0.0515625
0 0.33671875 0.1609375 0.04375 0.0296875
0 0.41875 0.18046875 0.1078125 0.05
0 0.5234375 0.21171875 0.10625 0.0578125
0 0.58125 0.2109375 0.04375 0.0296875
0 0.62578125 0.24296875 0.1 0.046875
0 0.7078125 0.259375 0.05625 0.0484375
0 0.784375 0.2703125 0.0875 0.0453125
0 0.86796875 0.296875 0.0578125 0.034375
0 0.95078125 0.3109375 0.0984375 0.05
0 0.1609375 0.16640625 0.034375 0.0296875
0 0.20546875 0.18359375 0.0515625 0.0296875
0 0.27578125 0.20390625 0.090625 0.0546875
0 0.34140625 0.2140625 0.0359375 0.0296875
0 0.4125 0.23984375 0.10625 0.059375
0 0.52265625 0.2640625 0.11875 0.053125
0 0.61484375 0.2890625 0.059375 0.0515625
0 0.7375 0.309375 0.1609375 0.0609375
0 0.8703125 0.34375 0.0984375 0.0390625
0 0.1625 0.2546875 0.1203125 0.065625
0 0.8328125 0.40625 0.0625 0.040625
0 0.88828125 0.4203125 0.059375 0.0359375
0 0.9515625 0.43515625 0.059375 0.0328125
0 0.08671875 0.3078125 0.05625 0.0453125
0 0.8015625 0.47578125 0.059375 0.0421875
0 0.8515625 0.4859375 0.0296875 0.03125
0 0.91640625 0.50078125 0.06875 0.0390625
0 0.125 0.39140625 0.0875 0.0484375
0 0.2265625 0.41328125 0.115625 0.0515625
0 0.33203125 0.4390625 0.0828125 0.040625
0 0.3921875 0.45390625 0.0375 0.03125
0 0.4296875 0.46171875 0.04375 0.0359375
0 0.50703125 0.478125 0.1015625 0.0484375
0 0.57578125 0.4953125 0.0359375 0.028125
0 0.628125 0.5125 0.0671875 0.0296875
0 0.69375 0.528125 0.0609375 0.046875
0 0.77109375 0.54140625 0.071875 0.04375
0 0.83515625 0.55703125 0.0421875 0.0328125
0 0.91171875 0.575 0.0890625 0.0484375
0 0.146875 0.42421875 0.146875 0.065625
0 0.24453125 0.440625 0.0375 0.0328125
0 0.29609375 0.46171875 0.0546875 0.028125
0 0.4015625 0.478125 0.1265625 0.059375
0 0.51328125 0.50703125 0.0921875 0.04375
0 0.59765625 0.53203125 0.05625 0.028125
0 0.65234375 0.54296875 0.0546875 0.028125
0 0.7078125 0.55234375 0.04375 0.03125
0 0.80703125 0.57734375 0.1359375 0.0515625
0 0.9140625 0.603125 0.0671875 0.0359375
0 0.09453125 0.43671875 0.04375 0.0359375
0 0.153125 0.44765625 0.0484375 0.034375
0 0.25859375 0.46953125 0.140625 0.059375
0 0.35234375 0.49453125 0.034375 0.0296875
0 0.43828125 0.51328125 0.1140625 0.0515625
0 0.52578125 0.53515625 0.0484375 0.03125
0 0.60859375 0.55390625 0.10625 0.0515625
0 0.68671875 0.57265625 0.046875 0.0359375
0 0.75859375 0.58984375 0.075 0.04375
0 0.8453125 0.609375 0.0890625 0.0421875
0 0.91328125 0.62578125 0.0484375 0.034375
0 0.11015625 0.4703125 0.0921875 0.05
0 0.22578125 0.4921875 0.09375 0.0453125
0 0.30234375 0.50859375 0.046875 0.03125
0 0.3546875 0.5234375 0.0625 0.04375
0 0.44140625 0.53984375 0.1015625 0.0484375
0 0.58125 0.571875 0.171875 0.0625
0 0.7046875 0.603125 0.053125 0.0359375
0 0.80234375 0.62578125 0.1234375 0.0484375
0 0.890625 0.64453125 0.05 0.034375
0 0.12578125 0.496875 0.125 0.0625
0 0.24453125 0.51875 0.0828125 0.040625
0 0.31953125 0.53984375 0.065625 0.04375
0 0.4 0.55625 0.0796875 0.04375
0 0.48359375 0.58203125 0.0765625 0.0515625
0 0.55859375 0.59296875 0.0609375 0.034375
0 0.63203125 0.609375 0.0609375 0.0359375
0 0.69765625 0.62578125 0.0609375 0.0359375
0 0.78203125 0.64375 0.1015625 0.0484375
0 0.8984375 0.6734375 0.109375 0.0484375
0 0.0890625 0.50703125 0.0515625 0.0328125
0 0.14609375 0.52265625 0.0328125 0.0265625
0 0.19765625 0.5359375 0.0328125 0.0234375
0 0.2671875 0.5515625 0.0890625 0.0515625
0 0.37890625 0.57421875 0.11875 0.053125
0 0.4515625 0.59375 0.034375 0.0359375
0 0.5046875 0.60546875 0.0515625 0.0359375
0 0.575 0.62421875 0.078125 0.0484375
0 0.6390625 0.6328125 0.0421875 0.0375
0 0.71015625 0.65 0.06875 0.040625
0 0.79609375 0.675 0.0734375 0.04375
0 0.8734375 0.69140625 0.065625 0.0421875
0 0.1328125 0.5546875 0.146875 0.0734375
0 0.2359375 0.575 0.0765625 0.0546875
0 0.2984375 0.58125 0.0359375 0.0265625
0 0.34765625 0.59140625 0.0578125 0.0375
0 0.4140625 0.6171875 0.0765625 0.04375
0 0.4828125 0.62265625 0.053125 0.0296875
0 0.5421875 0.63359375 0.04375 0.034375
0 0.58984375 0.6578125 0.0875 0.0546875
0 0.6734375 0.675 0.0796875 0.05
0 0.7703125 0.68984375 0.0890625 0.05
0 0.84375 0.709375 0.0453125 0.034375
0 0.1125 0.57578125 0.1078125 0.059375
0 0.1953125 0.5859375 0.0625 0.034375
0 0.04375 0.6234375 0.0421875 0.034375
0 0.11484375 0.63828125 0.078125 0.0453125
0 0.19921875 0.65625 0.0546875 0.0359375
0 0.27421875 0.67265625 0.0640625 0.0359375
0 0.3796875 0.696875 0.11875 0.0484375
0 0.47265625 0.71875 0.0453125 0.03125
0 0.53046875 0.73359375 0.0578125 0.034375
0 0.61953125 0.75625 0.109375 0.05
0 0.7171875 0.790625 0.0828125 0.0421875
0 0.82265625 0.8109375 0.1015625 0.0515625
0 0.06875 0.653125 0.065625 0.0375
0 0.12265625 0.66640625 0.0390625 0.034375
0 0.17734375 0.6796875 0.075 0.0375
0 0.234375 0.69609375 0.075 0.04375
0 0.28984375 0.70390625 0.0390625 0.03125
0 0.38046875 0.7296875 0.1265625 0.0578125
0 0.48125 0.74765625 0.0640625 0.0359375
0 0.52890625 0.76484375 0.0328125 0.0203125
0 0.5859375 0.78671875 0.078125 0.0453125
0 0.68515625 0.79921875 0.128125 0.05625
0 0.77109375 0.821875 0.040625 0.021875
0 0.82421875 0.83828125 0.0609375 0.040625
0 0.87265625 0.8453125 0.0328125 0.0203125
0 0.03984375 0.7484375 0.0796875 0.065625
0 0.7171875 0.90390625 0.065625 0.040625
0 0.778125 0.91875 0.0578125 0.0359375
0 0.83046875 0.93046875 0.05 0.034375
0 0.02890625 0.796875 0.01875 0.009375
0 0.15625 0.825 0.025 0.0125
0 0.2953125 0.85859375 0.0203125 0.009375
0 0.40078125 0.88203125 0.0171875 0.009375
0 0.52421875 0.909375 0.01875 0.009375
0 0.0296875 0.8140625 0.059375 0.0375
0 0.08984375 0.8328125 0.0578125 0.0328125
0 0.15703125 0.84375 0.059375 0.0375
0 0.2203125 0.86015625 0.0671875 0.0390625
0 0.28984375 0.87578125 0.05625 0.0375
0 0.34375 0.8859375 0.0640625 0.04375
0 0.39765625 0.89921875 0.0484375 0.0359375
0 0.44921875 0.909375 0.071875 0.0390625
0 0.521875 0.92734375 0.059375 0.0390625
0 0.60625 0.94921875 0.0875 0.05
0 0.009375 0.83671875 0.01875 0.0078125
0 0.2015625 0.88046875 0.0265625 0.0125
0 0.39453125 0.92421875 0.0296875 0.0140625
0 0.0265625 0.86796875 0.053125 0.0515625
0 0.103125 0.89296875 0.0859375 0.059375
0 0.2 0.91015625 0.0921875 0.05625
0 0.29765625 0.93125 0.0796875 0.0484375
0 0.4 0.953125 0.0953125 0.05625
0 0.45390625 0.9671875 0.0296875 0.025
0 0.5171875 0.97734375 0.084375 0.0453125
0 0.08046875 0.6828125 0.1015625 0.0453125
0 0.17265625 0.703125 0.08125 0.046875
0 0.2703125 0.73359375 0.125 0.0484375
0 0.35625 0.74453125 0.0296875 0.0265625
0 0.42890625 0.7625 0.103125 0.0546875