0 0.1359375 0.16328125 0.1015625 0.103125
0 0.2 0.1640625 0.015625 0.00625
0 0.259375 0.1453125 0.0984375 0.0734375
0 0.0390625 0.30859375 0.0234375 0.0125
0 0.1078125 0.31015625 0.1109375 0.0859375
0 0.18828125 0.29140625 0.0515625 0.0515625
0 0.253125 0.27421875 0.0546875 0.0671875
0 0.37109375 0.29453125 0.134375 0.1234375
0 0.49453125 0.24765625 0.0796875 0.0921875
0 0.64296875 0.234375 0.209375 0.090625
0 0.84609375 0.22109375 0.1625 0.10625
0 0.09921875 0.41015625 0.0953125 0.0765625
0 0.1921875 0.40625 0.0578125 0.0328125
0 0.321875 0.359375 0.159375 0.0828125
0 0.42265625 0.359375 0.0375 0.0421875
0 0.50390625 0.34375 0.0984375 0.0640625
0 0.596875 0.359375 0.065625 0.0921875
0 0.6796875 0.3421875 0.1046875 0.103125
0 0.75703125 0.3140625 0.0359375 0.046875
0 0.86171875 0.30234375 0.175 0.096875
0 0.10078125 0.4890625 0.0765625 0.06875
0 0.2140625 0.48671875 0.1 0.0984375
0 0.28984375 0.478125 0.046875 0.1015625
0 0.3671875 0.45546875 0.0875 0.065625