0 0.05078125 0.00546875 0.0515625 0.0109375
0 0.09609375 0.00625 0.0359375 0.0125
0 0.13046875 0.00625 0.0265625 0.0125
0 0.16640625 0.0078125 0.0421875 0.015625
0 0.21640625 0.009375 0.0515625 0.01875
0 0.278125 0.0109375 0.0625 0.021875
0 0.36484375 0.01875 0.10625 0.025
0 0.44921875 0.02109375 0.0546875 0.0234375
0 0.53515625 0.02421875 0.1125 0.0296875
0 0.60703125 0.02578125 0.021875 0.01875
0 0.64375 0.02734375 0.040625 0.0203125
0 0.70703125 0.034375 0.078125 0.0234375
0 0.80703125 0.0359375 0.1109375 0.03125
0 0.07578125 0.05703125 0.046875 0.0234375
0 0.12578125 0.059375 0.0515625 0.0234375
0 0.16640625 0.0625 0.025 0.0203125
0 0.225 0.06640625 0.0859375 0.028125
0 0.33828125 0.07109375 0.1390625 0.03125
0 0.4234375 0.07421875 0.0203125 0.0203125
0 0.490625 0.07890625 0.0671875 0.028125
0 0.5640625 0.08125 0.078125 0.025
0 0.44375 0.07734375 0.0171875 0.0171875
0 0.06875 0.1046875 0.034375 0.028125
0 0.1609375 0.11015625 0.0828125 0.0296875
0 0.22734375 0.1109375 0.0453125 0.021875
0 0.31328125 0.11640625 0.1265625 0.025
0 0.0859375 0.14296875 0.0609375 0.034375
0 0.16640625 0.14609375 0.0609375 0.0390625
0 0.2515625 0.15859375 0.065625 0.0234375
0 0.32109375 0.1578125 0.0328125 0.0234375
0 0.36328125 0.15546875 0.0296875 0.03125
0 0.4078125 0.15859375 0.03125 0.0265625
0 0.4671875 0.15703125 0.0453125 0.0421875
0 0.5125 0.165625 0.03125 0.015625
0 0.5609375 0.15703125 0.034375 0.0375
0 0.62734375 0.15546875 0.0703125 0.0421875
0 0.703125 0.16484375 0.0375 0.0390625
0 0.78203125 0.171875 0.0921875 0.04375
0 0.89296875 0.17734375 0.053125 0.05
0 0.0890625 0.20390625 0.0703125 0.03125
0 0.17734375 0.21015625 0.0640625 0.04375
0 0.26484375 0.2078125 0.0609375 0.040625
0 0.35625 0.2171875 0.0578125 0.034375
0 0.46171875 0.225 0.0984375 0.0484375
0 0.56171875 0.225 0.0625 0.040625
0 0.625 0.23359375 0.028125 0.021875
0 0.6828125 0.228125 0.0734375 0.0453125
0 0.771875 0.23671875 0.1 0.05
0 0.87890625 0.24296875 0.0671875 0.0484375
0 0.9234375 0.240625 0.04375 0.0359375
0 0.10234375 0.25234375 0.090625 0.04375
0 0.1765625 0.2546875 0.0296875 0.040625
0 0.234375 0.2671875 0.05 0.0265625
0 0.31015625 0.26484375 0.0484375 0.040625
0 0.409375 0.2703125 0.1 0.0515625
0 0.5046875 0.2734375 0.0484375 0.0421875
0 0.58359375 0.278125 0.0953125 0.05
0 0.6703125 0.29375 0.0578125 0.0296875
0 0.0671875 0.31484375 0.034375 0.025
0 0.1484375 0.3171875 0.0671875 0.021875
0 0.21015625 0.32109375 0.053125 0.0203125
0 0.27109375 0.32578125 0.05625 0.0234375
0 0.34140625 0.32890625 0.078125 0.025
0 0.42421875 0.33203125 0.0796875 0.021875
0 0.49140625 0.3375 0.046875 0.01875
0 0.59765625 0.34140625 0.1578125 0.028125
0 0.6953125 0.34609375 0.0265625 0.01875
0 0.7171875 0.34921875 0.0125 0.0140625
0 0.78046875 0.35234375 0.1015625 0.0265625
0 0.9015625 0.3578125 0.134375 0.028125
0 0.9859375 0.3625 0.028125 0.015625
0 0.0609375 0.3671875 0.025 0.0234375
0 0.125 0.36796875 0.05 0.0296875
0 0.278125 0.36875 0.178125 0.0453125
0 0.434375 0.38125 0.0671875 0.03125
0 0.5625 0.38828125 0.0625 0.0296875
0 0.64609375 0.39296875 0.028125 0.0203125
0 0.74375 0.39609375 0.0984375 0.0421875
0 0.85625 0.3921875 0.025 0.0296875
0 0.10703125 0.42109375 0.0796875 0.0328125
0 0.2125 0.41953125 0.0609375 0.0453125
0 0.30078125 0.42734375 0.065625 0.0375
0 0.06171875 0.47421875 0.03125 0.025
0 0.11015625 0.465625 0.05625 0.0390625
0 0.2015625 0.471875 0.0609375 0.0359375
0 0.33125 0.48515625 0.103125 0.028125
0 0.4609375 0.49140625 0.0375 0.0328125
0 0.55546875 0.4859375 0.03125 0.0234375
0 0.6375 0.48515625 0.0828125 0.05
0 0.73828125 0.49140625 0.034375 0.0453125
0 0.82109375 0.50390625 0.034375 0.021875
0 0.934375 0.5015625 0.121875 0.0625
0 0.10078125 0.51171875 0.0953125 0.04375
0 0.1875 0.51953125 0.0375 0.03125
0 0.29140625 0.521875 0.1125 0.04375
0 0.40546875 0.53046875 0.05625 0.0390625
0 0.49921875 0.53125 0.0625 0.04375
0 0.60546875 0.53359375 0.0953125 0.0421875
0 0.70078125 0.55 0.1125 0.059375
0 0.93125 0.5953125 0.0390625 0.0234375
0 0.975 0.5984375 0.040625 0.015625
0 0.08359375 0.60703125 0.08125 0.0265625
0 0.17109375 0.61015625 0.0875 0.0203125
0 0.24609375 0.61328125 0.0578125 0.01875
0 0.31484375 0.61640625 0.0734375 0.025
0 0.37421875 0.6171875 0.0375 0.0203125
0 0.41875 0.61875 0.04375 0.0203125
0 0.45625 0.62265625 0.0296875 0.021875
0 0.4890625 0.62265625 0.0359375 0.01875
0 0.55 0.625 0.0796875 0.021875
0 0.62265625 0.628125 0.0609375 0.0203125
0 0.70234375 0.63203125 0.09375 0.021875
0 0.771875 0.63515625 0.0375 0.01875
0 0.81875 0.640625 0.05 0.025
0 0.8890625 0.64296875 0.0890625 0.0265625
0 0.9546875 0.64765625 0.05625 0.0234375
0 0.09453125 0.6328125 0.1078125 0.0234375
0 0.1984375 0.640625 0.096875 0.021875
0 0.26171875 0.63984375 0.0234375 0.01875
0 0.2953125 0.64140625 0.040625 0.01875
0 0.37265625 0.6453125 0.1078125 0.0234375
0 0.44921875 0.646875 0.0390625 0.0203125
0 0.50390625 0.65 0.0609375 0.0203125
0 0.5578125 0.65078125 0.040625 0.01875
0 0.625 0.65390625 0.0875 0.021875
0 0.08203125 0.675 0.084375 0.021875
0 0.14921875 0.6796875 0.05 0.0203125
0 0.221875 0.68359375 0.090625 0.025
0 0.32578125 0.6859375 0.109375 0.0234375
0 0.4203125 0.6890625 0.075 0.0203125
0 0.475 0.6921875 0.0234375 0.01875
0 0.50390625 0.69453125 0.0265625 0.0140625
0 0.5671875 0.6953125 0.0875 0.0203125
0 0.62734375 0.69765625 0.0203125 0.0171875
0 0.684375 0.70078125 0.0828125 0.01875
0 0.7578125 0.7046875 0.0546875 0.0171875
0 0.803125 0.70703125 0.028125 0.0140625
0 0.83984375 0.70625 0.0359375 0.01875
0 0.88671875 0.7078125 0.0453125 0.01875
0 0.95234375 0.71328125 0.075 0.0171875
0 0.05234375 0.72578125 0.0234375 0.0234375
0 0.10859375 0.72265625 0.0796875 0.03125
0 0.24296875 0.7328125 0.06875 0.021875
0 0.3546875 0.728125 0.0796875 0.05
0 0.44765625 0.73828125 0.04375 0.01875
0 0.53828125 0.7390625 0.065625 0.025
0 0.65546875 0.74296875 0.1078125 0.053125
0 0.75390625 0.7453125 0.0296875 0.028125
0 0.83359375 0.75234375 0.053125 0.0453125
0 0.92421875 0.76015625 0.075 0.025
0 0.0796875 0.76796875 0.028125 0.0421875
0 0.15625 0.76796875 0.0796875 0.0390625
0 0.28984375 0.78203125 0.0890625 0.0453125
0 0.428125 0.7859375 0.1421875 0.0546875
0 0.5734375 0.78671875 0.0921875 0.0359375
0 0.67578125 0.78828125 0.0515625 0.0328125
0 0.77109375 0.78984375 0.09375 0.0421875
0 0.884375 0.79140625 0.0828125 0.0390625
0 0.96484375 0.79296875 0.0421875 0.0375
0 0.0515625 0.82578125 0.0328125 0.0234375
0 0.12421875 0.81875 0.103125 0.0375
0 0.24140625 0.8203125 0.0640625 0.0375
0 0.3296875 0.828125 0.05625 0.05
0 0.459375 0.83203125 0.1625 0.05
0 0.61875 0.840625 0.1078125 0.05625
0 0.71640625 0.834375 0.0609375 0.046875
0 0.8640625 0.8546875 0.1890625 0.06875
0 0.125 0.87890625 0.1375 0.046875
0 0.9109375 0.9375 0.0375 0.025
0 0.9546875 0.9390625 0.0453125 0.0203125
0 0.05 0.95546875 0.0421875 0.01875
0 0.0921875 0.95703125 0.028125 0.0171875
0 0.121875 0.95859375 0.0171875 0.0171875
0 0.14921875 0.96015625 0.0265625 0.015625
0 0.21484375 0.96171875 0.09375 0.0265625
0 0.27890625 0.9625 0.025 0.01875
0 0.3 0.96484375 0.0140625 0.0125
0 0.359375 0.965625 0.09375 0.021875
0 0.4453125 0.9671875 0.0703125 0.0234375
0 0.52265625 0.97265625 0.075 0.0234375
0 0.58515625 0.97578125 0.0375 0.01875
0 0.634375 0.978125 0.0546875 0.01875
0 0.7109375 0.98125 0.090625 0.021875
0 0.7953125 0.98515625 0.0671875 0.021875