0 0.0796875 0.31171875 0.14375 0.159375
0 0.1921875 0.3109375 0.0609375 0.1140625
0 0.3125 0.3625 0.1703125 0.2203125
0 0.45078125 0.28359375 0.1390625 0.1734375
0 0.6078125 0.25703125 0.1828125 0.1671875
0 0.10703125 0.51171875 0.1171875 0.146875
0 0.225 0.49765625 0.1125 0.14375
0 0.346875 0.4953125 0.1265625 0.1484375
0 0.4921875 0.48046875 0.1640625 0.175
0 0.65546875 0.44921875 0.165625 0.1578125
0 0.77890625 0.44765625 0.078125 0.103125
0 0.896875 0.41171875 0.175 0.165625
0 0.2015625 0.740625 0.240625 0.25625
0 0.425 0.71328125 0.2421875 0.25
0 0.59609375 0.6578125 0.1203125 0.1421875
0 0.74609375 0.634375 0.1859375 0.153125
0 0.92265625 0.7046875 0.1546875 0.33125
0 0.7328125 0.8890625 0.1390625 0.1703125
0 0.62421875 0.8484375 0.0765625 0.1421875
0 0.43046875 0.8984375 0.3546875 0.203125
0 0.18359375 0.90625 0.1328125 0.1328125