0 0.18125 0.08828125 0.153125 0.10625
0 0.315625 0.0859375 0.084375 0.0578125
0 0.4265625 0.08203125 0.1171875 0.0671875
0 0.5859375 0.0765625 0.18125 0.1359375
0 0.7640625 0.046875 0.175 0.09375
0 0.028125 0.178125 0.0140625 0.0265625
0 0.171875 0.1828125 0.2015625 0.0921875
0 0.30625 0.1484375 0.0953125 0.075
0 0.4359375 0.159375 0.16875 0.078125
0 0.60390625 0.1484375 0.1234375 0.0765625
0 0.79453125 0.13203125 0.209375 0.0984375
0 0.91015625 0.1984375 0.1046875 0.08125
0 0.75859375 0.19921875 0.0515625 0.0546875
0 0.8203125 0.18984375 0.071875 0.0578125
0 0.68671875 0.225 0.1078125 0.0890625
0 0.61953125 0.21640625 0.0421875 0.0375
0 0.53671875 0.21484375 0.0984375 0.0734375
0 0.40234375 0.2296875 0.15 0.0734375
0 0.24765625 0.21328125 0.0953125 0.0578125
0 0.13359375 0.2484375 0.125 0.0734375
0 0.05703125 0.3265625 0.0296875 0.046875
0 0.1390625 0.32265625 0.121875 0.103125
0 0.2484375 0.3125 0.0765625 0.0609375
0 0.33046875 0.3203125 0.0921875 0.078125
0 0.425 0.29609375 0.0890625 0.0640625
0 0.5296875 0.28203125 0.0859375 0.0796875
0 0.65625 0.2765625 0.140625 0.08125
0 0.77734375 0.27734375 0.0890625 0.0515625
0 0.8828125 0.2671875 0.1109375 0.059375
0 0.790625 0.34140625 0.0765625 0.053125
0 0.8859375 0.3375 0.1234375 0.078125
0 0.709375 0.35703125 0.090625 0.0640625
0 0.64375 0.3515625 0.0484375 0.0515625
0 0.575 0.36328125 0.078125 0.0515625
0 0.471875 0.3703125 0.1265625 0.0625
0 0.3734375 0.375 0.0609375 0.053125
0 0.2890625 0.38125 0.1046875 0.0703125
0 0.20703125 0.38984375 0.0515625 0.0640625
0 0.128125 0.396875 0.084375 0.0671875
0 0.109375 0.47421875 0.0484375 0.0515625
0 0.16953125 0.4953125 0.0859375 0.0828125
0 0.25078125 0.4671875 0.078125 0.0703125
0 0.40703125 0.465625 0.2078125 0.0984375
0 0.05859375 0.56484375 0.0296875 0.046875
0 0.15703125 0.54765625 0.121875 0.078125
0 0.25703125 0.540625 0.06875 0.05
0 0.4125 0.54375 0.225 0.10625
0 0.5375 0.5171875 0.0421875 0.05
0 0.5890625 0.51171875 0.0578125 0.0515625
0 0.7046875 0.503125 0.1515625 0.078125
0 0.8375 0.509375 0.1 0.1015625
0 0.93828125 0.4703125 0.1234375 0.0625
0 0.946875 0.55234375 0.04375 0.05
0 0.86875 0.55859375 0.0921875 0.0765625
0 0.7453125 0.571875 0.09375 0.0671875
0 0.6578125 0.57421875 0.078125 0.06875
0 0.56953125 0.58984375 0.103125 0.071875
0 0.44296875 0.59921875 0.1578125 0.0859375
0 0.30859375 0.609375 0.0984375 0.05625
0 0.23203125 0.621875 0.0515625 0.0515625
0 0.14921875 0.62734375 0.08125 0.0625
0 0.178125 0.70390625 0.1265625 0.0640625
0 0.2984375 0.6859375 0.084375 0.0703125
0 0.384375 0.68671875 0.08125 0.0671875
0 0.4890625 0.6703125 0.13125 0.0640625
0 0.21328125 0.79296875 0.1890625 0.1265625
0 0.08515625 0.775 0.0296875 0.0484375
0 0.35 0.759375 0.1 0.0640625
0 0.490625 0.75 0.1578125 0.06875
0 0.6375 0.73203125 0.1328125 0.059375
0 0.77421875 0.7375 0.1453125 0.103125
0 0.9234375 0.71796875 0.1359375 0.090625
0 0.9703125 0.76875 0.059375 0.05
0 0.853125 0.78828125 0.1609375 0.08125
0 0.7421875 0.784375 0.04375 0.0421875
0 0.65390625 0.81484375 0.1390625 0.065625
0 0.55546875 0.8390625 0.0703125 0.0984375
0 0.45234375 0.84375 0.1390625 0.134375
0 0.34765625 0.83125 0.078125 0.0546875
0 0.25625 0.86953125 0.0828125 0.0859375
0 0.1671875 0.85390625 0.0703125 0.059375
0 0.175 0.9296875 0.0765625 0.075
0 0.2671875 0.9234375 0.1046875 0.0578125
0 0.365625 0.90703125 0.08125 0.0578125
0 0.46328125 0.903125 0.0921875 0.0640625
0 0.5578125 0.90390625 0.09375 0.0515625
0 0.66484375 0.90234375 0.1265625 0.096875
0 0.7625 0.875 0.0703125 0.0671875
0 0.9078125 0.86875 0.184375 0.084375
0 0.203125 0.98828125 0.11875 0.0234375
0 0.32578125 0.99296875 0.0984375 0.0140625
0 0.45546875 0.97890625 0.1265625 0.0421875