0 0.1578125 0.2546875 0.2125 0.1296875
0 0.29296875 0.1953125 0.0796875 0.103125
0 0.49453125 0.1515625 0.3015625 0.1015625
0 0.13671875 0.3734375 0.090625 0.0578125
0 0.253125 0.38046875 0.1078125 0.115625
0 0.35390625 0.33359375 0.128125 0.0703125
0 0.465625 0.31328125 0.084375 0.0671875
0 0.5578125 0.30625 0.078125 0.0484375
0 0.6546875 0.278125 0.1125 0.071875
0 0.8078125 0.253125 0.16875 0.06875
0 0.115625 0.46640625 0.046875 0.05
0 0.22265625 0.46796875 0.1296875 0.0875
0 0.3765625 0.43984375 0.1421875 0.1015625
0 0.4921875 0.4 0.0765625 0.0640625
0 0.58828125 0.396875 0.09375 0.0453125
0 0.69296875 0.38515625 0.1296875 0.0703125
0 0.84453125 0.36640625 0.1671875 0.090625
0 0.0546875 0.39453125 0.0171875 0.015625