0 0.034375 0.10859375 0.053125 0.0203125
0 0.08203125 0.09765625 0.03125 0.0234375
0 0.2046875 0.075 0.1796875 0.0515625
0 0.040625 0.16875 0.04375 0.0484375
0 0.18046875 0.1625 0.1453125 0.0609375
0 0.396875 0.11953125 0.1828125 0.0703125
0 0.66953125 0.08828125 0.271875 0.05625
0 0.040625 0.21171875 0.046875 0.0453125
0 0.1515625 0.265625 0.0828125 0.0390625
0 0.1765625 0.30703125 0.171875 0.0609375
0 0.41640625 0.27109375 0.215625 0.046875
0 0.75078125 0.22421875 0.1765625 0.05625
0 0.896875 0.2328125 0.103125 0.0421875
0 0.215625 0.3546875 0.2234375 0.0703125
0 0.48125 0.3109375 0.2203125 0.046875
0 0.7453125 0.2796875 0.1734375 0.0609375
0 0.9046875 0.271875 0.121875 0.0359375
0 0.16953125 0.38046875 0.1140625 0.034375
0 0.45234375 0.35390625 0.2578125 0.0609375
0 0.7140625 0.3453125 0.1859375 0.0546875
0 0.8484375 0.346875 0.0625 0.03125
0 0.69921875 0.3984375 0.15625 0.0359375
0 0.76171875 0.4859375 0.0484375 0.0234375
0 0.86015625 0.49921875 0.1109375 0.0609375