0 0.39765625 0.56953125 0.1875 0.065625
0 0.86796875 0.52109375 0.128125 0.0578125
0 0.61875 0.8390625 0.14375 0.065625
0 0.73125 0.5390625 0.13125 0.059375
0 0.6921875 0.484375 0.1796875 0.05625
0 0.1640625 0.496875 0.125 0.0625
0 0.63671875 0.30703125 0.115625 0.05625
0 0.7390625 0.41171875 0.096875 0.0546875
0 0.384375 0.39296875 0.134375 0.0515625
0 0.25390625 0.77578125 0.121875 0.05
0 0.19140625 0.728125 0.1015625 0.0578125
0 0.275 0.421875 0.1203125 0.0484375
0 0.3921875 0.3515625 0.125 0.046875
0 0.26328125 0.64453125 0.10625 0.0640625
0 0.75859375 0.90625 0.090625 0.0546875
0 0.140625 0.8 0.096875 0.0515625
0 0.6109375 0.25703125 0.11875 0.0484375
0 0.50625 0.28359375 0.1125 0.046875
0 0.74375 0.85859375 0.09375 0.053125
0 0.228125 0.86640625 0.1140625 0.053125
0 0.4 0.2296875 0.1109375 0.0453125
0 0.40625 0.44296875 0.10625 0.04375
0 0.41875 0.85 0.11875 0.05
0 0.83046875 0.28984375 0.096875 0.046875
0 0.31953125 0.09765625 0.096875 0.0546875
0 0.86484375 0.21875 0.09375 0.05
0 0.7734375 0.32578125 0.1 0.0484375
0 0.46328125 0.19921875 0.109375 0.04375
0 0.2375 0.37578125 0.1125 0.0484375
0 0.23046875 0.2953125 0.0984375 0.046875
0 0.2890625 0.5109375 0.0921875 0.0453125
0 0.23828125 0.25390625 0.0953125 0.0515625
0 0.28125 0.68984375 0.0765625 0.0421875
0 0.30234375 0.18515625 0.090625 0.0484375
0 0.4796875 0.32265625 0.08125 0.04375
0 0.23671875 0.2171875 0.084375 0.046875
0 0.80390625 0.4609375 0.0984375 0.0390625
0 0.1578125 0.575 0.0921875 0.040625
0 0.14921875 0.44765625 0.0875 0.0390625
0 0.21171875 0.0890625 0.0828125 0.040625
0 0.2578125 0.47265625 0.08125 0.0375
0 0.13203125 0.75078125 0.0796875 0.040625
0 0.33671875 0.13984375 0.0828125 0.0390625
0 0.51875 0.07734375 0.084375 0.034375
0 0.24453125 0.81328125 0.0734375 0.0421875
0 0.30625 0.609375 0.0703125 0.040625
0 0.11796875 0.8484375 0.0578125 0.0390625
0 0.2375 0.1359375 0.0671875 0.0328125
0 0.21015625 0.05 0.0765625 0.0359375
0 0.4 0.76484375 0.0515625 0.040625
0 0.128125 0.5390625 0.05 0.034375
0 0.45390625 0.8078125 0.0578125 0.034375
0 0.725 0.28359375 0.0640625 0.0328125
0 0.21484375 0.32734375 0.05625 0.028125
0 0.5234375 0.87109375 0.053125 0.034375
0 0.6078125 0.87734375 0.0625 0.0265625
0 0.3328125 0.74140625 0.0453125 0.03125
0 0.346875 0.48984375 0.0578125 0.0328125
0 0.434375 0.1546875 0.0484375 0.0375
0 0.884375 0.89296875 0.05 0.0421875
0 0.13046875 0.6640625 0.04375 0.034375
0 0.1390625 0.6203125 0.0484375 0.028125
0 0.64140625 0.3984375 0.0578125 0.0328125
0 0.903125 0.471875 0.04375 0.028125
0 0.3828125 0.3078125 0.05625 0.03125
0 0.18828125 0.0140625 0.0640625 0.028125
0 0.6203125 0.178125 0.0578125 0.025
0 0.36484375 0.79296875 0.0484375 0.03125
0 0.20078125 0.6765625 0.05 0.0296875
0 0.32265625 0.83046875 0.0453125 0.0296875
0 0.50390625 0.24453125 0.0453125 0.028125
0 0.18671875 0.41171875 0.0421875 0.0265625
0 0.27109375 0.74453125 0.034375 0.0359375
0 0.5 0.37265625 0.05 0.025
0 0.378125 0.059375 0.046875 0.0265625
0 0.77421875 0.21015625 0.046875 0.028125
0 0.246875 0.553125 0.040625 0.025
0 0.39921875 0.27109375 0.040625 0.025
0 0.83984375 0.91953125 0.0328125 0.028125
0 0.7015625 0.19140625 0.0375 0.021875
0 0.33125 0.2703125 0.028125 0.028125
0 0.5171875 0.83046875 0.0296875 0.0359375
0 0.56328125 0.38203125 0.0390625 0.0203125
0 0.19453125 0.55 0.028125 0.0234375
0 0.1375 0.4015625 0.025 0.028125
0 0.71796875 0.4453125 0.025 0.028125
0 0.084375 0.5625 0.028125 0.0265625
0 0.1703125 0.12109375 0.021875 0.021875
0 0.63125 0.5171875 0.021875 0.021875
0 0.11484375 0.70390625 0.028125 0.028125
0 0.29140625 0.3375 0.0265625 0.0203125
0 0.2375 0.59140625 0.0234375 0.021875
0 0.36015625 0.0203125 0.0203125 0.0234375
0 0.19453125 0.628125 0.025 0.0203125
0 0.2984375 0.015625 0.0203125 0.01875
0 0.33828125 0.703125 0.0203125 0.0171875
0 0.37578125 0.1796875 0.0265625 0.025
0 0.48984375 0.16015625 0.021875 0.0265625
0 0.37421875 0.52578125 0.01875 0.0171875
0 0.68359375 0.88828125 0.01875 0.01875
0 0.24453125 0.01328125 0.0171875 0.0171875
0 0.3125 0.21796875 0.01875 0.0234375
0 0.0625 0.734375 0.025 0.0109375
0 0.8234375 0.86328125 0.0234375 0.03125
0 0.31953125 0.29765625 0.025 0.028125
0 0.4390625 0.06640625 0.0234375 0.028125
0 0.31171875 0.05 0.025 0.0109375
0 0.1609375 0.2015625 0.01875 0.009375
0 0.1453125 0.31796875 0.01875 0.0109375
0 0.5453125 0.17734375 0.0421875 0.034375
0 0.82734375 0.41796875 0.01875 0.028125