0 0.19296875 0.04609375 0.1546875 0.0921875
0 0.36328125 0.05390625 0.1296875 0.1078125
0 0.49765625 0.03203125 0.0484375 0.0640625
0 0.64140625 0.05234375 0.1578125 0.08125
0 0.8015625 0.059375 0.11875 0.071875
0 0.88984375 0.05625 0.0109375 0.0171875
0 0.13359375 0.54453125 0.1390625 0.06875
0 0.246875 0.5328125 0.04375 0.0640625
0 0.1453125 0.6125 0.1109375 0.0859375
0 0.21484375 0.61484375 0.0140625 0.0140625
0 0.18984375 0.17109375 0.1734375 0.0828125
0 0.19765625 0.25859375 0.1953125 0.1234375
0 0.65859375 0.16875 0.0734375 0.059375
0 0.725 0.1765625 0.0421875 0.059375
0 0.6515625 0.26171875 0.084375 0.1015625
0 0.753125 0.25 0.115625 0.08125
0 0.62890625 0.54609375 0.134375 0.1140625
0 0.34609375 0.88359375 0.1546875 0.1375
0 0.78828125 0.8921875 0.1921875 0.1703125