0 0.01171875 0.17109375 0.0234375 0.0515625
0 0.06328125 0.1609375 0.053125 0.04375
0 0.1984375 0.15390625 0.1484375 0.078125
0 0.3203125 0.13984375 0.1046875 0.0765625
0 0.55234375 0.10546875 0.04375 0.071875
0 0.6328125 0.11328125 0.115625 0.0875
0 0.0484375 0.25625 0.01875 0.0515625
0 0.09375 0.2515625 0.059375 0.071875
0 0.16875 0.24375 0.0734375 0.0421875
0 0.35703125 0.228125 0.0359375 0.046875
0 0.39765625 0.21953125 0.05 0.05
0 0.465625 0.21484375 0.0875 0.05625
0 0.52734375 0.20546875 0.046875 0.0625
0 0.60703125 0.20390625 0.1109375 0.075
0 0.72109375 0.190625 0.1078125 0.0703125
0 0.79921875 0.1890625 0.0484375 0.0375
0 0.884375 0.19375 0.009375 0.009375
0 0.02890625 0.36015625 0.028125 0.0328125
0 0.1203125 0.34375 0.1265625 0.084375
0 0.22578125 0.33046875 0.096875 0.0515625
0 0.3421875 0.32421875 0.1359375 0.078125
0 0.45078125 0.29921875 0.0421875 0.0515625
0 0.50078125 0.30390625 0.05625 0.04375
0 0.55546875 0.2875 0.0234375 0.046875
0 0.59921875 0.29140625 0.0671875 0.0515625
0 0.6515625 0.30078125 0.009375 0.01875
0 0.69453125 0.27890625 0.065625 0.0484375
0 0.7453125 0.28359375 0.0375 0.0328125
0 0.78125 0.27578125 0.0390625 0.0390625
0 0.8203125 0.26953125 0.04375 0.0484375
0 0.8640625 0.2671875 0.065625 0.0609375
0 0.0359375 0.44609375 0.03125 0.053125
0 0.0984375 0.43515625 0.0578125 0.0546875
0 0.2 0.41875 0.134375 0.0640625
0 0.35390625 0.40546875 0.1796875 0.0671875
0 0.46484375 0.3890625 0.0390625 0.04375
0 0.54453125 0.3890625 0.1265625 0.0859375
0 0.6140625 0.38125 0.025 0.0515625
0 0.66796875 0.3734375 0.0859375 0.0546875
0 0.7375 0.365625 0.0390625 0.021875
0 0.8265625 0.35703125 0.1375 0.0609375
0 0.91328125 0.34609375 0.0296875 0.0140625
0 0.9609375 0.33828125 0.05625 0.046875
0 0.15078125 0.53046875 0.0859375 0.040625
0 0.26328125 0.51640625 0.11875 0.0703125
0 0.05625 0.6328125 0.0421875 0.0671875
0 0.11015625 0.62265625 0.0328125 0.0421875
0 0.19375 0.6125 0.1234375 0.0546875
0 0.34453125 0.60234375 0.1625 0.109375
0 0.45703125 0.571875 0.0765625 0.0546875
0 0.56328125 0.575 0.1328125 0.090625
0 0.10078125 0.70703125 0.01875 0.0625
0 0.14140625 0.715625 0.0609375 0.06875
0 0.209375 0.70390625 0.0828125 0.0578125
0 0.2875 0.69765625 0.0953125 0.0640625
0 0.415625 0.67421875 0.0421875 0.040625
0 0.65390625 0.64375 0.05625 0.05
0 0.75234375 0.63359375 0.1296875 0.071875
0 0.85546875 0.62109375 0.0625 0.05625
0 0.91875 0.609375 0.05625 0.059375
0 0.971875 0.6078125 0.05625 0.06875
0 0.07109375 0.8140625 0.0375 0.0578125
0 0.14296875 0.80859375 0.0484375 0.0453125
0 0.2375 0.79375 0.121875 0.0625
0 0.32734375 0.78828125 0.04375 0.0390625
0 0.41796875 0.76953125 0.1203125 0.075
0 0.52265625 0.75390625 0.09375 0.0765625
0 0.63046875 0.7484375 0.1203125 0.075
0 0.715625 0.72578125 0.0171875 0.028125
0 0.75078125 0.71640625 0.059375 0.059375
0 0.8421875 0.70546875 0.0765625 0.0609375
0 0.16015625 0.8828125 0.1140625 0.065625
0 0.26640625 0.8828125 0.090625 0.059375
0 0.31875 0.88984375 0.0140625 0.021875
0 0.42421875 0.86953125 0.2015625 0.10625
0 0.55703125 0.85234375 0.0484375 0.05
0 0.63671875 0.846875 0.10625 0.0890625
0 0.7328125 0.8203125 0.0640625 0.05
0 0.7953125 0.81171875 0.0703125 0.0546875
0 0.8921875 0.796875 0.1265625 0.05625
0 0.12265625 0.98515625 0.0296875 0.0296875
0 0.16015625 0.97734375 0.0515625 0.0453125
0 0.2734375 0.96875 0.15 0.0625
0 0.4640625 0.95234375 0.0796875 0.0625
0 0.68671875 0.91796875 0.034375 0.0625
0 0.77109375 0.90859375 0.1453125 0.0859375
0 0.86015625 0.89453125 0.0296875 0.0484375
0 0.915625 0.88359375 0.0859375 0.0828125
0 0.4546875 0.13515625 0.1625 0.11875
0 0.10078125 0.1625 0.0234375 0.046875
0 0.2640625 0.23046875 0.1359375 0.0703125
0 0.846875 0.1921875 0.0515625 0.0625
0 0.3921875 0.95 0.071875 0.0671875
0 0.5890625 0.93828125 0.1015625 0.0546875
0 0.4234375 0.48515625 0.1046875 0.059375
0 0.37109375 0.68125 0.0453125 0.0421875
0 0.54765625 0.6625 0.090625 0.05
0 0.0890625 0.528125 0.04375 0.0390625
0 0.9453125 0.175 0.059375 0.053125
0 0.946875 0.26328125 0.071875 0.0484375
0 0.4828125 0.665625 0.0328125 0.0609375
0 0.9859375 0.871875 0.028125 0.0625
0 0.5234375 0.94453125 0.0234375 0.0578125
0 0.35703125 0.49609375 0.0296875 0.0453125
0 0.8875 0.65859375 0.0359375 0.04375
0 0.903125 0.17890625 0.0171875 0.0328125