0 0.17265625 0.075 0.228125 0.1140625
0 0.3328125 0.05078125 0.071875 0.0859375
0 0.46328125 0.046875 0.178125 0.0796875
0 0.6296875 0.0359375 0.1609375 0.06875
0 0.75390625 0.0359375 0.0609375 0.0484375
0 0.85 0.03671875 0.1171875 0.0625
0 0.95703125 0.04375 0.075 0.05
0 0.36484375 0.121875 0.13125 0.0890625
0 0.53671875 0.1125 0.109375 0.0921875
0 0.68671875 0.11171875 0.0828125 0.1015625
0 0.0859375 0.2046875 0.1234375 0.0984375
0 0.18984375 0.2234375 0.059375 0.06875
0 0.2546875 0.2140625 0.0390625 0.059375
0 0.31640625 0.2046875 0.0734375 0.08125
0 0.51640625 0.20390625 0.0578125 0.0828125
0 0.64296875 0.209375 0.1390625 0.0609375
0 0.73203125 0.20546875 0.028125 0.0515625
0 0.42109375 0.20625 0.10625 0.090625
0 0.76171875 0.2015625 0.025 0.0546875
0 0.8015625 0.1953125 0.0421875 0.0375
0 0.85625 0.1921875 0.0390625 0.053125
0 0.1453125 0.29375 0.203125 0.0984375
0 0.3578125 0.28125 0.1734375 0.0921875
0 0.4625 0.2953125 0.0453125 0.059375
0 0.57890625 0.3046875 0.1703125 0.0953125
0 0.76640625 0.28125 0.1640625 0.0703125
0 0.928125 0.26796875 0.14375 0.0890625
0 0.121875 0.38203125 0.146875 0.053125
0 0.24375 0.378125 0.0828125 0.0734375
0 0.35078125 0.38125 0.096875 0.0703125
0 0.4328125 0.3859375 0.0359375 0.040625
0 0.52890625 0.37265625 0.125 0.05
0 0.76484375 0.371875 0.3140625 0.1265625
0 0.934375 0.43828125 0.1015625 0.084375
0 0.8375 0.43046875 0.0515625 0.0546875
0 0.746875 0.44140625 0.1265625 0.08125
0 0.64296875 0.46484375 0.059375 0.05625
0 0.5265625 0.4609375 0.15625 0.090625
0 0.34765625 0.44765625 0.171875 0.071875
0 0.153125 0.475 0.20625 0.1109375
0 0.134375 0.53203125 0.1765625 0.0953125
0 0.28203125 0.54375 0.0984375 0.084375
0 0.41640625 0.52734375 0.13125 0.084375
0 0.58203125 0.534375 0.1484375 0.0921875
0 0.12890625 0.63359375 0.171875 0.0828125
0 0.29765625 0.6078125 0.1625 0.09375
0 0.409375 0.63203125 0.0296875 0.0671875
0 0.52578125 0.63203125 0.196875 0.0921875
0 0.6921875 0.61875 0.1234375 0.065625
0 0.8625 0.6375 0.1640625 0.0921875
0 0.93671875 0.70078125 0.1078125 0.0953125
0 0.81953125 0.6984375 0.0921875 0.0625
0 0.62421875 0.715625 0.2546875 0.1203125
0 0.38203125 0.72578125 0.1953125 0.1046875
0 0.19453125 0.6984375 0.1546875 0.0734375
0 0.07109375 0.69765625 0.0609375 0.0640625
0 0.059375 0.796875 0.0359375 0.0453125
0 0.209375 0.79609375 0.2390625 0.0609375
0 0.415625 0.7984375 0.15625 0.0640625
0 0.6078125 0.77421875 0.2078125 0.090625
0 0.77890625 0.78671875 0.1140625 0.065625
0 0.853125 0.78671875 0.0546875 0.0609375
0 0.91953125 0.78125 0.05 0.05
0 0.16640625 0.86484375 0.2515625 0.103125
0 0.4 0.8859375 0.19375 0.1125
0 0.61796875 0.8796875 0.2234375 0.1015625
0 0.79453125 0.86171875 0.1078125 0.0859375
0 0.921875 0.85703125 0.121875 0.0890625
0 0.09765625 0.9515625 0.1 0.084375
0 0.21171875 0.9484375 0.18125 0.0875
0 0.4609375 0.11796875 0.0375 0.090625
0 0.62578125 0.1 0.0375 0.0828125