0 0.28984375 0.02578125 0.1859375 0.0515625
0 0.27421875 0.05 0.121875 0.0625
0 0.434375 0.08828125 0.14375 0.0609375
0 0.30078125 0.1 0.015625 0.009375
0 0.37578125 0.125 0.1078125 0.0671875
0 0.52578125 0.16875 0.1703125 0.08125
0 0.66015625 0.19609375 0.046875 0.034375
0 0.7875 0.23515625 0.16875 0.0703125
0 0.296875 0.146875 0.20625 0.0875
0 0.52421875 0.2046875 0.1890625 0.0765625
0 0.68125 0.24765625 0.078125 0.04375
0 0.81171875 0.28984375 0.1296875 0.071875
0 0.23125 0.16953125 0.0734375 0.0421875
0 0.3359375 0.196875 0.06875 0.040625
0 0.51640625 0.25234375 0.24375 0.103125
0 0.728125 0.3203125 0.134375 0.0671875
0 0.2671875 0.22109375 0.203125 0.0859375
0 0.4453125 0.27265625 0.109375 0.05625
0 0.5296875 0.303125 0.025 0.0171875
0 0.63125 0.3328125 0.1296875 0.0765625
0 0.25078125 0.3109375 0.209375 0.0796875
0 0.459375 0.37265625 0.159375 0.065625
0 0.61875 0.4140625 0.1125 0.0546875
0 0.7484375 0.446875 0.11875 0.0609375
0 0.3140625 0.37578125 0.078125 0.0453125
0 0.43046875 0.41015625 0.096875 0.0515625
0 0.60078125 0.45078125 0.140625 0.0609375
0 0.178125 0.37734375 0.0296875 0.025
0 0.2515625 0.40703125 0.1046875 0.05
0 0.40859375 0.453125 0.1359375 0.0515625
0 0.5515625 0.49453125 0.0890625 0.0609375
0 0.64921875 0.50859375 0.05 0.0359375
0 0.746875 0.53671875 0.1328125 0.0578125
0 0.16328125 0.4234375 0.021875 0.0171875
0 0.22578125 0.44453125 0.078125 0.04375
0 0.3734375 0.48671875 0.14375 0.0640625
0 0.49609375 0.5140625 0.046875 0.034375
0 0.603125 0.5484375 0.1171875 0.065625
0 0.14765625 0.46640625 0.0234375 0.025
0 0.2109375 0.49453125 0.0953125 0.0421875
0 0.34921875 0.52578125 0.0890625 0.04375
0 0.4671875 0.56015625 0.078125 0.0421875
0 0.61796875 0.6 0.175 0.084375
0 0.1390625 0.5125 0.0234375 0.021875
0 0.21015625 0.54375 0.0953125 0.065625
0 0.37421875 0.578125 0.153125 0.071875
0 0.5296875 0.61953125 0.071875 0.04375
0 0.703125 0.659375 0.221875 0.0953125
0 0.15078125 0.5671875 0.171875 0.0796875
0 0.28515625 0.5984375 0.0765625 0.05625
0 0.37265625 0.62109375 0.0546875 0.04375
0 0.4875 0.65703125 0.1203125 0.0625
0 0.628125 0.7015625 0.1171875 0.0796875