0 0.1515625 0.14765625 0.021875 0.034375
0 0.365625 0.17421875 0.390625 0.103125
0 0.690625 0.2109375 0.240625 0.078125
0 0.31640625 0.23359375 0.1046875 0.0375
0 0.515625 0.259375 0.23125 0.0765625
0 0.21171875 0.34296875 0.1546875 0.1078125
0 0.41875 0.35703125 0.2046875 0.084375
0 0.55078125 0.353125 0.0203125 0.028125
0 0.7203125 0.3515625 0.284375 0.0828125
0 0.28671875 0.41796875 0.284375 0.0515625
0 0.49375 0.41953125 0.1078125 0.0453125
0 0.62578125 0.43125 0.121875 0.06875
0 0.790625 0.4203125 0.1796875 0.0484375
0 0.19609375 0.478125 0.103125 0.05
0 0.35390625 0.47109375 0.140625 0.046875
0 0.459375 0.47265625 0.059375 0.0578125
0 0.61953125 0.4875 0.221875 0.05
0 0.8265625 0.48984375 0.1546875 0.065625
0 0.23671875 0.5390625 0.203125 0.0546875
0 0.45859375 0.5375 0.1875 0.046875
0 0.54296875 0.60234375 0.04375 0.046875
0 0.6015625 0.59921875 0.05625 0.040625
0 0.71796875 0.60703125 0.178125 0.040625