0 0.12109375 0.16796875 0.0859375 0.0453125
0 0.21875 0.11328125 0.0703125 0.075
0 0.275 0.0921875 0.075 0.040625
0 0.33359375 0.08359375 0.04375 0.0328125
0 0.38671875 0.0671875 0.075 0.034375
0 0.4453125 0.0546875 0.04375 0.0515625
0 0.21328125 0.16640625 0.0421875 0.071875
0 0.26171875 0.1296875 0.1015625 0.0515625
0 0.2390625 0.1625 0.028125 0.0234375
0 0.29375 0.1421875 0.0875 0.0453125
0 0.42734375 0.09921875 0.0921875 0.06875
0 0.59609375 0.05234375 0.1359375 0.09375
0 0.66171875 0.0765625 0.0921875 0.153125
0 0.7015625 0.00625 0.009375 0.0125
0 0.71015625 0.0578125 0.01875 0.015625
0 0.76171875 0.01015625 0.0515625 0.0203125
0 0.80859375 0.04765625 0.1390625 0.0671875
0 0.78203125 0.084375 0.0515625 0.03125
0 0.83125 0.078125 0.0484375 0.0328125
0 0.175 0.221875 0.0578125 0.040625
0 0.26171875 0.2046875 0.115625 0.0453125
0 0.40390625 0.15703125 0.0546875 0.03125
0 0.42265625 0.17109375 0.1328125 0.053125
0 0.553125 0.14765625 0.0640625 0.046875
0 0.625 0.13046875 0.0890625 0.0609375
0 0.434375 0.20546875 0.0828125 0.0484375
0 0.19296875 0.278125 0.0578125 0.03125
0 0.278125 0.2671875 0.1140625 0.05625
0 0.40390625 0.2328125 0.071875 0.0328125
0 0.49375 0.22265625 0.1109375 0.0609375
0 0.553125 0.1953125 0.071875 0.0703125
0 0.59765625 0.1671875 0.0359375 0.0359375
0 0.61171875 0.19140625 0.1265625 0.065625
0 0.2140625 0.3390625 0.06875 0.0359375
0 0.27734375 0.321875 0.0734375 0.034375
0 0.446875 0.28359375 0.1359375 0.0578125
0 0.54609375 0.309375 0.0953125 0.071875
0 0.15078125 0.43671875 0.084375 0.04375
0 0.28046875 0.415625 0.0765625 0.046875
0 0.34609375 0.40234375 0.05625 0.0296875
0 0.2765625 0.446875 0.0546875 0.0296875
0 0.3265625 0.4359375 0.0421875 0.021875
0 0.35859375 0.43203125 0.015625 0.0140625
0 0.3984375 0.421875 0.034375 0.0703125
0 0.4390625 0.41171875 0.0609375 0.0421875
0 0.4765625 0.40390625 0.0203125 0.021875
0 0.525 0.39453125 0.0578125 0.0375
0 0.56484375 0.38984375 0.0265625 0.0234375
0 0.634375 0.375 0.1015625 0.046875
0 0.73125 0.35390625 0.0875 0.071875
0 0.84375 0.3421875 0.165625 0.0890625
0 0.284375 0.5109375 0.0546875 0.0328125
0 0.35859375 0.49609375 0.09375 0.046875
0 0.42734375 0.51484375 0.059375 0.115625
0 0.47578125 0.4703125 0.090625 0.0484375
0 0.55234375 0.43828125 0.0421875 0.0296875
0 0.58125 0.43125 0.025 0.0234375
0 0.62578125 0.41953125 0.0578125 0.0328125
0 0.4796875 0.5140625 0.0765625 0.0375
0 0.57890625 0.48984375 0.0796875 0.0390625
0 0.48359375 0.55 0.0484375 0.03125
0 0.55 0.5375 0.0890625 0.0375
0 0.65859375 0.51953125 0.0875 0.053125
0 0.709375 0.503125 0.0234375 0.021875
0 0.74140625 0.49921875 0.04375 0.0390625
0 0.77578125 0.4875 0.0234375 0.025
0 0.8515625 0.47890625 0.125 0.0546875
0 0.32734375 0.6390625 0.0625 0.040625
0 0.390625 0.6203125 0.0671875 0.0375
0 0.490625 0.6046875 0.078125 0.0453125
0 0.5609375 0.58359375 0.0625 0.0390625
0 0.6109375 0.58203125 0.05 0.0546875
0 0.7015625 0.56328125 0.115625 0.0703125
0 0.88515625 0.521875 0.1109375 0.0734375
0 0.50546875 0.6640625 0.1296875 0.084375
0 0.6140625 0.6390625 0.071875 0.0421875
0 0.78984375 0.5890625 0.0828125 0.04375
0 0.8734375 0.5765625 0.0875 0.0546875
0 0.28359375 0.7640625 0.1046875 0.0546875
0 0.38671875 0.740625 0.103125 0.04375
0 0.55546875 0.67734375 0.08125 0.0453125
0 0.49921875 0.7203125 0.059375 0.1078125
0 0.57578125 0.7109375 0.115625 0.05
0 0.690625 0.6828125 0.096875 0.071875
0 0.80859375 0.63671875 0.090625 0.0421875
0 0.8109375 0.67421875 0.0484375 0.028125
0 0.85078125 0.6625 0.0140625 0.0140625
0 0.88125 0.65625 0.0359375 0.025
0 0.9046875 0.65546875 0.009375 0.0078125
0 0.815625 0.71015625 0.040625 0.028125
0 0.85625 0.69765625 0.0140625 0.015625
0 0.8890625 0.6890625 0.040625 0.0296875
0 0.8296875 0.74375 0.0546875 0.0328125
0 0.86640625 0.73359375 0.009375 0.0125
0 0.90546875 0.721875 0.0421875 0.028125
0 0.56328125 0.75078125 0.08125 0.0359375
0 0.528125 0.79296875 0.090625 0.0546875
0 0.175 0.8703125 0.09375 0.0796875
0 0.2703125 0.8453125 0.1078125 0.0578125
0 0.35078125 0.82109375 0.0609375 0.0796875
0 0.58125 0.803125 0.084375 0.0390625
0 0.678125 0.78984375 0.1140625 0.0921875
0 0.58984375 0.83984375 0.078125 0.034375
0 0.5890625 0.87265625 0.065625 0.034375
0 0.634375 0.8609375 0.03125 0.0234375
0 0.27265625 0.915625 0.10625 0.0609375
0 0.33515625 0.90234375 0.0515625 0.0640625
0 0.28203125 0.96171875 0.1234375 0.0765625
0 0.39609375 0.88359375 0.0890625 0.05625
0 0.46328125 0.86171875 0.0640625 0.040625
0 0.38671875 0.9296875 0.0453125 0.053125
0 0.4421875 0.909375 0.0890625 0.0625
0 0.44609375 0.94609375 0.0859375 0.0609375
0 0.53671875 0.84609375 0.046875 0.09375
0 0.7125 0.83828125 0.071875 0.1171875
0 0.74921875 0.81171875 0.0765625 0.0484375
0 0.8234375 0.7953125 0.0875 0.0484375
0 0.765625 0.846875 0.0703125 0.0453125
0 0.83046875 0.83125 0.0765625 0.0421875
0 0.87109375 0.8109375 0.078125 0.1140625
0 0.75546875 0.6765625 0.078125 0.2015625
0 0.13671875 0.29765625 0.0875 0.1875
0 0.3671875 0.04609375 0.046875 0.03125
0 0.334375 0.1359375 0.0421875 0.06875
0 0.36171875 0.134375 0.046875 0.065625
0 0.69296875 0.1671875 0.0421875 0.0328125
0 0.8 0.53515625 0.0453125 0.0359375
0 0.43984375 0.80859375 0.0421875 0.040625
0 0.25234375 0.8875 0.0390625 0.0421875
0 0.9109375 0.7640625 0.040625 0.0296875