0 0.25546875 0.01171875 0.0765625 0.0234375
0 0.2984375 0.01328125 0.015625 0.025
0 0.328125 0.02109375 0.046875 0.0328125
0 0.39609375 0.0375 0.090625 0.04375
0 0.46015625 0.05234375 0.034375 0.0296875
0 0.2703125 0.0796875 0.1203125 0.0546875
0 0.23515625 0.1734375 0.0671875 0.0375
0 0.27421875 0.1796875 0.009375 0.0203125
0 0.30078125 0.1859375 0.040625 0.028125
0 0.36171875 0.2078125 0.084375 0.040625
0 0.428125 0.21953125 0.0546875 0.0296875
0 0.25234375 0.228125 0.1484375 0.06875
0 0.48515625 0.278125 0.26875 0.0921875
0 0.21015625 0.2578125 0.0984375 0.05625
0 0.35390625 0.30078125 0.1578125 0.065625
0 0.5203125 0.34453125 0.178125 0.08125
0 0.63515625 0.37265625 0.040625 0.0265625
0 0.753125 0.4015625 0.178125 0.0765625
0 0.22265625 0.28984375 0.134375 0.0609375
0 0.33046875 0.321875 0.0625 0.0375
0 0.42421875 0.35078125 0.0921875 0.0484375
0 0.49921875 0.37421875 0.065625 0.0375
0 0.590625 0.39765625 0.09375 0.0484375
0 0.75078125 0.434375 0.2140625 0.0796875
0 0.19140625 0.3125 0.0890625 0.0515625
0 0.2875 0.340625 0.078125 0.0421875
0 0.41875 0.38203125 0.15625 0.0625
0 0.578125 0.425 0.153125 0.0609375
0 0.6921875 0.4546875 0.053125 0.0390625
0 0.75703125 0.47265625 0.0734375 0.0453125
0 0.2046875 0.34375 0.115625 0.053125
0 0.384375 0.40703125 0.234375 0.1046875
0 0.53671875 0.44453125 0.0703125 0.0390625
0 0.675 0.48984375 0.196875 0.0828125
0 0.2765625 0.40546875 0.284375 0.109375
0 0.44921875 0.44921875 0.0640625 0.0375
0 0.5796875 0.49609375 0.190625 0.08125
0 0.70859375 0.52578125 0.0453125 0.03125
0 0.184375 0.40703125 0.1171875 0.0546875
0 0.32734375 0.45 0.1734375 0.078125
0 0.49375 0.49453125 0.1484375 0.0625
0 0.6421875 0.53515625 0.1265625 0.0546875
0 0.734375 0.5625 0.0546875 0.0375
0 0.16796875 0.4375 0.09375 0.0421875
0 0.303125 0.475 0.15 0.08125
0 0.15859375 0.50546875 0.1328125 0.0609375
0 0.121875 0.540625 0.125 0.0625
0 0.2453125 0.5734375 0.115625 0.0578125
0 0.34140625 0.60078125 0.065625 0.0359375
0 0.42265625 0.61875 0.0671875 0.0453125
0 0.52890625 0.65078125 0.140625 0.078125
0 0.675 0.6921875 0.159375 0.06875
0 0.1609375 0.59140625 0.20625 0.0828125
0 0.3359375 0.63828125 0.13125 0.0703125
0 0.50625 0.67890625 0.1875 0.078125
0 0.675 0.7265625 0.1359375 0.0578125
0 0.12421875 0.628125 0.140625 0.0765625
0 0.3125 0.665625 0.2125 0.078125
0 0.46171875 0.70390625 0.06875 0.040625
0 0.55234375 0.72734375 0.1015625 0.05
0 0.62890625 0.74921875 0.05625 0.0359375
0 0.71640625 0.77109375 0.1 0.046875
0 0.15546875 0.66015625 0.2125 0.0796875
0 0.29375 0.69765625 0.065625 0.04375
0 0.46796875 0.73828125 0.259375 0.09375
0 0.66171875 0.7875 0.090625 0.046875
0 0.73125 0.80234375 0.0640625 0.0390625
0 0.13203125 0.68828125 0.178125 0.071875
0 0.28359375 0.72890625 0.1 0.05625
0 0.359375 0.75234375 0.05625 0.0359375
0 0.4265625 0.7640625 0.06875 0.046875
0 0.49375 0.7828125 0.0734375 0.05