0 0.45 0.015625 0.06875 0.03125
0 0.53046875 0.02578125 0.071875 0.0328125
0 0.675 0.06171875 0.10625 0.0453125
0 0.3 0.0078125 0.0625 0.015625
0 0.67265625 0.0875 0.0921875 0.0390625
0 0.25390625 0.02578125 0.1171875 0.0515625
0 0.365625 0.0453125 0.0796875 0.034375
0 0.4546875 0.0703125 0.0875 0.0484375
0 0.51171875 0.08203125 0.0359375 0.025
0 0.56015625 0.09140625 0.05625 0.028125
0 0.6609375 0.11328125 0.109375 0.046875
0 0.2265625 0.03984375 0.0734375 0.0390625
0 0.321875 0.06640625 0.078125 0.0328125
0 0.38984375 0.08125 0.0453125 0.0265625
0 0.4703125 0.103125 0.1078125 0.0453125
0 0.63515625 0.14140625 0.1359375 0.0625
0 0.71484375 0.159375 0.0203125 0.0171875
0 0.77265625 0.17109375 0.1046875 0.046875
0 0.21484375 0.071875 0.053125 0.034375
0 0.2828125 0.0890625 0.046875 0.025
0 0.390625 0.11171875 0.1640625 0.0625
0 0.64140625 0.1734375 0.10625 0.046875
0 0.2234375 0.1 0.0890625 0.0390625
0 0.31328125 0.121875 0.0765625 0.034375
0 0.384375 0.14140625 0.0578125 0.03125
0 0.4734375 0.16328125 0.1046875 0.05
0 0.65078125 0.2015625 0.15625 0.059375
0 0.73828125 0.221875 0.0234375 0.015625
0 0.7984375 0.2359375 0.0984375 0.0421875
0 0.23046875 0.13203125 0.1 0.05
0 0.31875 0.15390625 0.0765625 0.0328125
0 0.38125 0.16953125 0.0140625 0.0140625
0 0.48359375 0.19453125 0.19375 0.065625
0 0.58984375 0.21875 0.0234375 0.0140625
0 0.64140625 0.23046875 0.0796875 0.0359375
0 0.2125 0.159375 0.0875 0.0390625
0 0.30859375 0.17890625 0.096875 0.0421875
0 0.39140625 0.1984375 0.0609375 0.0328125
0 0.48515625 0.2234375 0.1171875 0.0515625
0 0.6734375 0.26015625 0.0984375 0.0453125
0 0.28515625 0.20078125 0.0921875 0.0375
0 0.3703125 0.22109375 0.0703125 0.03125
0 0.4609375 0.24140625 0.0953125 0.0515625
0 0.80859375 0.31484375 0.1015625 0.0484375
0 0.2125 0.21640625 0.109375 0.05
0 0.3203125 0.240625 0.078125 0.0375
0 0.39609375 0.2578125 0.0609375 0.03125
0 0.49765625 0.28359375 0.1171875 0.0515625
0 0.66796875 0.31875 0.0890625 0.0390625
0 0.27578125 0.265625 0.0953125 0.0515625
0 0.365625 0.28203125 0.078125 0.034375
0 0.43671875 0.29765625 0.05 0.028125
0 0.62421875 0.34375 0.0921875 0.0515625
0 0.73671875 0.38203125 0.0546875 0.0546875
0 0.81328125 0.3796875 0.075 0.040625
0 0.6109375 0.36328125 0.0859375 0.0375
0 0.103125 0.2609375 0.0453125 0.03125
0 0.2046875 0.28359375 0.1171875 0.0546875
0 0.30625 0.30859375 0.071875 0.0359375
0 0.36640625 0.32109375 0.021875 0.0125
0 0.49453125 0.35 0.215625 0.071875
0 0.60078125 0.3796875 0.01875 0.0125
0 0.65859375 0.39296875 0.0953125 0.040625
0 0.1765625 0.31015625 0.0796875 0.0375
0 0.24453125 0.32734375 0.04375 0.0265625
0 0.328125 0.34609375 0.1125 0.0515625
0 0.6359375 0.409375 0.1125 0.04375
0 0.24921875 0.35390625 0.0953125 0.040625
0 0.334375 0.3734375 0.078125 0.0328125
0 0.4421875 0.3984375 0.1015625 0.053125
0 0.759375 0.45859375 0.1 0.04375
0 0.175 0.37578125 0.1171875 0.059375
0 0.26953125 0.39453125 0.0515625 0.0296875
0 0.35625 0.41171875 0.1 0.0453125
0 0.61015625 0.46796875 0.1046875 0.04375
0 0.24609375 0.4203125 0.121875 0.059375
0 0.36015625 0.44375 0.0859375 0.034375
0 0.44765625 0.46328125 0.053125 0.028125
0 0.7265625 0.4921875 0.065625 0.0546875
0 0.54140625 0.4875 0.1015625 0.0578125
0 0.640625 0.51328125 0.084375 0.05
0 0.74375 0.52265625 0.1046875 0.04375
0 0.0828125 0.43046875 0.1 0.05
0 0.17421875 0.44609375 0.021875 0.025
0 0.1609375 0.4828125 0.1046875 0.05
0 0.2640625 0.49921875 0.075 0.03125
0 0.34765625 0.51875 0.071875 0.0421875
0 0.425 0.5328125 0.065625 0.03125
0 0.5828125 0.5609375 0.10625 0.04375
0 0.1296875 0.50390625 0.0640625 0.0390625
0 0.2140625 0.5203125 0.084375 0.04375
0 0.28359375 0.5359375 0.0453125 0.0234375
0 0.36953125 0.55546875 0.0953125 0.04375
0 0.58515625 0.59296875 0.165625 0.0625
0 0.675 0.6140625 0.0140625 0.0109375
0 0.73984375 0.62578125 0.103125 0.040625
0 0.1734375 0.5421875 0.15 0.065625
0 0.6609375 0.6359375 0.1125 0.04375
0 0.12109375 0.5578125 0.059375 0.034375
0 0.6578125 0.66015625 0.1375 0.0546875
0 0.14921875 0.58984375 0.121875 0.0578125
0 0.246875 0.60703125 0.053125 0.03125
0 0.30390625 0.615625 0.03125 0.0203125
0 0.35 0.62265625 0.05 0.0296875
0 0.39921875 0.63515625 0.0328125 0.0328125
0 0.46015625 0.646875 0.0921875 0.04375
0 0.54140625 0.6625 0.0578125 0.0296875
0 0.659375 0.68671875 0.1046875 0.0421875
0 0.140625 0.6171875 0.115625 0.053125
0 0.2625 0.640625 0.1078125 0.04375
0 0.64296875 0.71015625 0.1125 0.046875
0 0.1328125 0.65 0.1109375 0.0515625
0 0.24375 0.66640625 0.0609375 0.034375
0 0.65078125 0.7390625 0.1140625 0.0515625
0 0.1015625 0.66875 0.0609375 0.0296875
0 0.23359375 0.6921875 0.175 0.0796875
0 0.634375 0.76796875 0.1390625 0.0546875
0 0.1140625 0.696875 0.090625 0.0421875
0 0.21171875 0.71640625 0.078125 0.0375
0 0.63046875 0.79609375 0.13125 0.05625
0 0.1109375 0.72421875 0.096875 0.0421875
0 0.2171875 0.74296875 0.090625 0.0390625
0 0.28203125 0.753125 0.0453125 0.021875
0 0.359375 0.76953125 0.1 0.0453125
0 0.55 0.80234375 0.1609375 0.0625
0 0.64140625 0.821875 0.0125 0.0109375
0 0.69140625 0.834375 0.0828125 0.0375
0 0.10703125 0.75390625 0.0984375 0.0546875
0 0.18828125 0.76875 0.053125 0.0265625
0 0.28203125 0.784375 0.103125 0.05
0 0.3453125 0.79140625 0.01875 0.0140625
0 0.40859375 0.80703125 0.10625 0.040625
0 0.47734375 0.82109375 0.0140625 0.009375
0 0.53671875 0.83203125 0.09375 0.040625
0 0.59921875 0.8453125 0.0265625 0.01875
0 0.6640625 0.86015625 0.103125 0.040625
0 0.1125 0.7859375 0.121875 0.05625
0 0.22578125 0.80546875 0.0828125 0.0375
0 0.31171875 0.81875 0.06875 0.040625
0 0.390625 0.83203125 0.078125 0.0359375
0 0.61640625 0.8796875 0.121875 0.046875
0 0.10625 0.8125 0.1140625 0.0515625
0 0.2 0.8265625 0.08125 0.0359375
0 0.2703125 0.83828125 0.0484375 0.0296875
0 0.35234375 0.8515625 0.1046875 0.05
0 0.61640625 0.90078125 0.1328125 0.0515625
0 0.1 0.83671875 0.1171875 0.065625
0 0.19140625 0.85078125 0.053125 0.028125
0 0.2828125 0.865625 0.1046875 0.0484375
0 0.60234375 0.92109375 0.15 0.0671875
0 0.0703125 0.86328125 0.0734375 0.040625
0 0.16875 0.87734375 0.0875 0.0390625
0 0.59453125 0.95078125 0.1328125 0.05625
0 0.52734375 0.325 0.1203125 0.0703125