0 0.24453125 0.26796875 0.2875 0.096875
0 0.41796875 0.22421875 0.0546875 0.0390625
0 0.08984375 0.34765625 0.0953125 0.040625
0 0.15703125 0.3296875 0.034375 0.0234375
0 0.2234375 0.315625 0.090625 0.0390625
0 0.296875 0.29296875 0.0296875 0.0203125
0 0.36484375 0.278125 0.0859375 0.0390625
0 0.52109375 0.2359375 0.2125 0.0734375
0 0.67421875 0.19375 0.1078125 0.04375
0 0.0984375 0.36953125 0.1015625 0.0453125
0 0.1125 0.41171875 0.225 0.0734375
0 0.2640625 0.37421875 0.0421875 0.0234375
0 0.359375 0.3515625 0.1078125 0.040625
0 0.52421875 0.30625 0.1921875 0.065625
0 0.16015625 0.425 0.2046875 0.0625
0 0.55078125 0.32578125 0.175 0.0640625
0 0.69453125 0.28671875 0.1 0.0390625
0 0.7859375 0.26015625 0.059375 0.028125
0 0.8359375 0.2453125 0.0421875 0.025
0 0.15390625 0.4515625 0.18125 0.059375
0 0.57265625 0.34453125 0.1375 0.0484375
0 0.73046875 0.3015625 0.1671875 0.05625
0 0.0890625 0.54375 0.11875 0.0421875
0 0.23515625 0.5078125 0.1484375 0.0484375
0 0.34453125 0.48046875 0.0390625 0.0203125
0 0.47734375 0.4453125 0.1828125 0.059375
0 0.15546875 0.55234375 0.09375 0.0359375
0 0.2609375 0.5234375 0.109375 0.0390625
0 0.0921875 0.6203125 0.09375 0.0359375
0 0.53359375 0.51171875 0.128125 0.04375
0 0.659375 0.48046875 0.1203125 0.0421875
0 0.2703125 0.584375 0.075 0.03125
0 0.3625 0.5609375 0.0875 0.034375
0 0.1046875 0.64453125 0.115625 0.0375
0 0.54765625 0.53046875 0.0640625 0.0296875
0 0.60546875 0.51640625 0.046875 0.0234375
0 0.67890625 0.49765625 0.0765625 0.03125
0 0.1421875 0.68515625 0.1921875 0.059375
0 0.2984375 0.64453125 0.103125 0.040625
0 0.3703125 0.625 0.034375 0.01875
0 0.453125 0.60546875 0.1296875 0.0453125
0 0.6390625 0.56015625 0.109375 0.0421875
0 0.86484375 0.5015625 0.1796875 0.059375
0 0.61484375 0.59609375 0.109375 0.0484375
0 0.8640625 0.53203125 0.153125 0.0546875
0 0.96015625 0.51171875 0.0796875 0.0515625
0 0.11875 0.74609375 0.10625 0.0375
0 0.28828125 0.7015625 0.0734375 0.03125
0 0.64140625 0.6140625 0.1265625 0.0453125
0 0.853125 0.5578125 0.1359375 0.0515625
0 0.671875 0.63671875 0.171875 0.0578125
0 0.87890625 0.58359375 0.14375 0.0515625
0 0.65703125 0.665625 0.1359375 0.05625
0 0.64609375 0.7265625 0.0796875 0.0328125
0 0.71171875 0.709375 0.034375 0.01875
0 0.83515625 0.6796875 0.1828125 0.05625
0 0.0234375 0.36015625 0.0234375 0.0125