0 0.11328125 0.22265625 0.1484375 0.040625
0 0.10390625 0.240625 0.1390625 0.0375
0 0.0734375 0.284375 0.075 0.028125
0 0.13203125 0.28046875 0.0390625 0.0171875
0 0.309375 0.25078125 0.128125 0.0359375
0 0.125 0.303125 0.196875 0.0546875
0 0.284375 0.2765625 0.0984375 0.03125
0 0.48515625 0.24609375 0.284375 0.0625
0 0.053125 0.32890625 0.0453125 0.021875
0 0.30859375 0.296875 0.1859375 0.0390625
0 0.06171875 0.3484375 0.05625 0.025
0 0.3015625 0.32265625 0.15 0.04375
0 0.065625 0.371875 0.0859375 0.0328125
0 0.284375 0.3390625 0.0875 0.028125
0 0.0609375 0.39375 0.0765625 0.0296875
0 0.31171875 0.35625 0.1578125 0.0421875
0 0.07578125 0.4171875 0.10625 0.04375
0 0.3046875 0.38828125 0.075 0.03125
0 0.453125 0.36640625 0.19375 0.0515625
0 0.1328125 0.45859375 0.225 0.0609375
0 0.31484375 0.42890625 0.1109375 0.034375
0 0.471875 0.4078125 0.1484375 0.0421875
0 0.09921875 0.48203125 0.1390625 0.04375
0 0.19921875 0.46953125 0.0390625 0.021875
0 0.41640625 0.440625 0.1015625 0.0296875
0 0.15078125 0.4984375 0.2421875 0.05625
0 0.3625 0.4671875 0.1359375 0.0421875
0 0.471875 0.45625 0.0546875 0.028125
0 0.55703125 0.4453125 0.1 0.0296875
0 0.8609375 0.40234375 0.253125 0.0625
0 0.0578125 0.53515625 0.053125 0.025
0 0.1296875 0.5328125 0.0640625 0.034375
0 0.19765625 0.51640625 0.05 0.0296875
0 0.434375 0.484375 0.1578125 0.040625
0 0.5609375 0.46953125 0.046875 0.021875
0 0.64765625 0.4546875 0.0859375 0.0328125
0 0.13125 0.5765625 0.209375 0.05625
0 0.31015625 0.5515625 0.1046875 0.034375
0 0.6296875 0.509375 0.490625 0.0984375
0 0.090625 0.603125 0.1 0.0328125
0 0.275 0.5828125 0.21875 0.053125
0 0.49609375 0.5546875 0.190625 0.05625
0 0.6421875 0.528125 0.0625 0.0296875
0 0.7328125 0.52109375 0.0890625 0.0234375
0 0.8453125 0.503125 0.090625 0.03125
0 0.09609375 0.628125 0.09375 0.0328125
0 0.19140625 0.61484375 0.046875 0.0234375
0 0.278125 0.61171875 0.0828125 0.0375
0 0.42265625 0.58359375 0.175 0.046875
0 0.590625 0.56171875 0.1140625 0.0359375
0 0.771875 0.4375 0.1453125 0.040625
0 0.72109375 0.54296875 0.096875 0.03125
0 0.9609375 0.50859375 0.078125 0.0296875
0 0.0984375 0.65234375 0.1 0.040625
0 0.19140625 0.64296875 0.0515625 0.0234375
0 0.2734375 0.63828125 0.075 0.034375
0 0.41796875 0.6109375 0.1578125 0.0421875
0 0.6140625 0.58359375 0.165625 0.046875
0 0.76015625 0.56640625 0.0953125 0.0359375
0 0.971875 0.53359375 0.05625 0.0296875
0 0.1484375 0.70234375 0.2328125 0.065625
0 0.31640625 0.6765625 0.10625 0.0328125
0 0.45546875 0.65625 0.1421875 0.0375
0 0.55390625 0.64296875 0.04375 0.021875
0 0.628125 0.63515625 0.05625 0.0203125
0 0.73984375 0.6171875 0.1515625 0.0390625
0 0.8890625 0.59921875 0.1140625 0.0296875
0 0.0828125 0.73515625 0.075 0.025
0 0.16796875 0.7296875 0.0734375 0.0328125
0 0.3 0.70546875 0.1515625 0.0484375
0 0.646875 0.659375 0.0578125 0.0234375
0 0.84453125 0.6328125 0.3109375 0.078125
0 0.11875 0.7546875 0.140625 0.0390625
0 0.30234375 0.73515625 0.2203125 0.0640625
0 0.50546875 0.7015625 0.159375 0.040625
0 0.08359375 0.78671875 0.0734375 0.0328125
0 0.20390625 0.77109375 0.15 0.046875
0 0.58203125 0.71796875 0.115625 0.0359375
0 0.784375 0.68984375 0.265625 0.059375
0 0.97109375 0.66796875 0.0578125 0.0265625
0 0.06171875 0.81875 0.040625 0.0203125
0 0.240625 0.79375 0.2953125 0.059375
0 0.121875 0.86171875 0.1515625 0.0453125
0 0.26328125 0.84375 0.096875 0.04375
0 0.3796875 0.82734375 0.103125 0.04375
0 0.51875 0.8109375 0.1390625 0.0578125
0 0.63359375 0.7921875 0.0734375 0.0359375
0 0.7359375 0.775 0.1046875 0.0390625
0 0.88828125 0.759375 0.1609375 0.0453125
0 0.0671875 0.896875 0.0359375 0.0296875
0 0.14140625 0.8859375 0.09375 0.0375
0 0.28125 0.878125 0.171875 0.053125
0 0.9875 0.74453125 0.025 0.0234375
0 0.178125 0.91640625 0.2484375 0.071875
0 0.16484375 0.98828125 0.1984375 0.0234375
0 0.8171875 0.91953125 0.365625 0.0921875
0 0.19765625 0.26875 0.0765625 0.028125
0 0.61640625 0.86484375 0.0171875 0.01875
0 0.9203125 0.82265625 0.0203125 0.0171875
0 0.9265625 0.8515625 0.0203125 0.015625
0 0.61640625 0.896875 0.0234375 0.0171875
0 0.27890625 0.9421875 0.03125 0.0171875
0 0.3421875 0.9671875 0.0328125 0.01875
0 0.59609375 0.96171875 0.01875 0.015625
0 0.73359375 0.96640625 0.0234375 0.0140625
0 0.096875 0.07265625 0.03125 0.0171875
0 0.2203125 0.053125 0.0328125 0.0171875
0 0.34140625 0.03359375 0.021875 0.015625
0 0.4640625 0.015625 0.0234375 0.015625
0 0.5859375 0.003125 0.034375 0.00625
0 0.0078125 0.12109375 0.015625 0.0171875
0 0.00859375 0.15078125 0.0171875 0.0234375
0 0.6953125 0.01796875 0.0359375 0.0171875
0 0.7421875 0.03515625 0.10625 0.0296875
0 0.8875 0.0125 0.071875 0.021875