0 0.121875 0.09921875 0.0734375 0.028125
0 0.16796875 0.096875 0.0078125 0.0234375
0 0.20078125 0.0953125 0.04375 0.0265625
0 0.27265625 0.09140625 0.0859375 0.0265625
0 0.33828125 0.0875 0.028125 0.025
0 0.146875 0.16484375 0.1 0.0546875
0 0.33203125 0.17421875 0.1984375 0.0578125
0 0.159375 0.275 0.0625 0.0265625
0 0.19921875 0.26953125 0.0046875 0.0171875
0 0.2265625 0.26796875 0.0375 0.0203125
0 0.28984375 0.26953125 0.078125 0.0265625
0 0.359375 0.2609375 0.0546875 0.0203125
0 0.51640625 0.2578125 0.2296875 0.0625
0 0.22265625 0.33515625 0.1046875 0.046875
0 0.4203125 0.3265625 0.16875 0.0578125
0 0.634375 0.325 0.24375 0.0640625
0 0.15546875 0.39140625 0.078125 0.046875
0 0.33984375 0.38359375 0.275 0.0703125
0 0.5484375 0.365625 0.046875 0.0484375
0 0.68359375 0.36171875 0.175 0.065625
0 0.190625 0.4546875 0.165625 0.053125
0 0.36171875 0.44140625 0.11875 0.0453125
0 0.73671875 0.4140625 0.134375 0.0546875
0 0.5578125 0.434375 0.2125 0.071875
0 0.1484375 0.509375 0.0578125 0.059375
0 0.2765625 0.50546875 0.14375 0.0671875
0 0.42421875 0.49765625 0.184375 0.0640625
0 0.5890625 0.48203125 0.059375 0.0625
0 0.75625 0.48046875 0.2203125 0.065625
0 0.1578125 0.64453125 0.0578125 0.0453125
0 0.4484375 0.6234375 0.184375 0.0515625
0 0.62421875 0.6109375 0.1015625 0.0515625
0 0.26640625 0.571875 0.1515625 0.0609375
0 0.659375 0.553125 0.2265625 0.059375
0 0.50859375 0.7421875 0.3375 0.0859375
0 0.746875 0.74453125 0.121875 0.0453125
0 0.28984375 0.8375 0.2953125 0.084375
0 0.1296875 0.32890625 0.065625 0.05
0 0.1390625 0.57734375 0.078125 0.059375
0 0.44296875 0.5609375 0.1578125 0.0671875
0 0.2703125 0.63046875 0.1328125 0.053125
0 0.76640625 0.60546875 0.1046875 0.05
0 0.25546875 0.69765625 0.253125 0.0625
0 0.51484375 0.68359375 0.1015625 0.046875
0 0.72109375 0.66640625 0.2140625 0.0671875
0 0.16171875 0.7546875 0.0625 0.059375
0 0.25859375 0.75625 0.059375 0.0484375