0 0.06171875 0.1703125 0.084375 0.034375
0 0.146875 0.1546875 0.0828125 0.0484375
0 0.25703125 0.1390625 0.13125 0.0515625
0 0.375 0.11640625 0.103125 0.0453125
0 0.06953125 0.2296875 0.0875 0.0375
0 0.12890625 0.22109375 0.025 0.0203125
0 0.17265625 0.2109375 0.05625 0.0296875
0 0.221875 0.203125 0.0375 0.0265625
0 0.25859375 0.19609375 0.0296875 0.025
0 0.3171875 0.1890625 0.084375 0.0421875
0 0.08125 0.259375 0.1171875 0.05
0 0.0640625 0.29140625 0.0765625 0.040625
0 0.13671875 0.2828125 0.0640625 0.03125
0 0.18359375 0.2703125 0.0375 0.025
0 0.25625 0.26171875 0.096875 0.034375
0 0.5703125 0.07421875 0.1265625 0.0515625
0 0.66953125 0.04765625 0.0765625 0.0359375
0 0.73515625 0.0328125 0.0609375 0.0359375
0 0.77890625 0.0203125 0.0359375 0.028125
0 0.821875 0.0125 0.05 0.025
0 0.54296875 0.1078125 0.0640625 0.0328125
0 0.5484375 0.1546875 0.059375 0.0375
0 0.609375 0.1359375 0.05625 0.034375
0 0.70078125 0.1140625 0.1015625 0.04375
0 0.55390625 0.184375 0.0515625 0.0390625
0 0.6 0.17421875 0.0390625 0.025
0 0.6796875 0.1515625 0.109375 0.0515625
0 0.5578125 0.2234375 0.0515625 0.0296875
0 0.60625 0.215625 0.0453125 0.034375
0 0.70390625 0.20078125 0.121875 0.0484375
0 0.08671875 0.34921875 0.10625 0.0484375
0 0.15234375 0.3375 0.025 0.021875
0 0.2046875 0.32890625 0.0765625 0.0359375
0 0.28125 0.31796875 0.078125 0.0328125
0 0.35390625 0.309375 0.065625 0.0421875
0 0.090625 0.37890625 0.09375 0.046875
0 0.1828125 0.36796875 0.059375 0.04375
0 0.29609375 0.35390625 0.0953125 0.0484375
0 0.37890625 0.3515625 0.0484375 0.034375
0 0.4390625 0.328125 0.03125 0.03125
0 0.49296875 0.3203125 0.0328125 0.0359375
0 0.584375 0.3078125 0.11875 0.059375
0 0.6921875 0.28671875 0.0875 0.05
0 0.78671875 0.2734375 0.0625 0.0359375
0 0.12578125 0.42109375 0.165625 0.0703125
0 0.2734375 0.4 0.09375 0.05
0 0.40546875 0.38359375 0.1328125 0.0484375
0 0.52578125 0.3609375 0.06875 0.0421875
0 0.59609375 0.3515625 0.0296875 0.0265625
0 0.6578125 0.33671875 0.0703125 0.0421875
0 0.7203125 0.32578125 0.034375 0.0375
0 0.83046875 0.30703125 0.1640625 0.0625
0 0.1140625 0.4609375 0.1390625 0.05625
0 0.23359375 0.44765625 0.059375 0.053125
0 0.31875 0.43828125 0.090625 0.0578125
0 0.39296875 0.4171875 0.05 0.0390625
0 0.48515625 0.41484375 0.125 0.06875
0 0.59765625 0.3890625 0.078125 0.0484375
0 0.678125 0.38046875 0.0640625 0.040625
0 0.775 0.36796875 0.1015625 0.0484375
0 0.89609375 0.34296875 0.1171875 0.0515625
0 0.078125 0.50859375 0.0484375 0.0390625
0 0.15234375 0.49375 0.0328125 0.0328125
0 0.1984375 0.48359375 0.046875 0.028125
0 0.290625 0.46640625 0.075 0.040625
0 0.3875 0.45703125 0.065625 0.0390625
0 0.48828125 0.44765625 0.096875 0.046875
0 0.59765625 0.43359375 0.090625 0.0515625
0 0.71953125 0.4109375 0.1359375 0.059375
0 0.071875 0.603125 0.0578125 0.034375
0 0.13828125 0.5953125 0.06875 0.040625
0 0.1421875 0.740625 0.13125 0.05625
0 0.2296875 0.7203125 0.0421875 0.0296875
0 0.33828125 0.70234375 0.165625 0.0609375
0 0.43671875 0.68125 0.0265625 0.0265625
0 0.47265625 0.67578125 0.04375 0.0296875
0 0.521875 0.6671875 0.0625 0.0328125
0 0.68828125 0.640625 0.1328125 0.0546875
0 0.7890625 0.6171875 0.075 0.0359375
0 0.85546875 0.60859375 0.0546875 0.0375
0 0.89765625 0.5984375 0.03125 0.025
0 0.93984375 0.5921875 0.0484375 0.0296875
0 0.66015625 0.6734375 0.0671875 0.0328125
0 0.14765625 0.84765625 0.103125 0.05
0 0.221875 0.83046875 0.040625 0.03125
0 0.3125 0.81875 0.134375 0.059375
0 0.15703125 0.8828125 0.109375 0.0515625
0 0.234375 0.86484375 0.040625 0.03125
0 0.296875 0.8546875 0.08125 0.0453125
0 0.13046875 0.9203125 0.0421875 0.03125
0 0.14296875 0.9546875 0.05625 0.034375
0 0.15234375 0.9859375 0.0640625 0.028125
0 0.67578125 0.73359375 0.05625 0.0359375
0 0.73125 0.7234375 0.0421875 0.034375
0 0.81015625 0.70703125 0.1046875 0.0453125
0 0.6796875 0.76484375 0.0453125 0.0328125
0 0.7203125 0.75703125 0.0375 0.0328125
0 0.809375 0.7375 0.103125 0.0453125
0 0.67890625 0.79765625 0.0421875 0.0375
0 0.72734375 0.79140625 0.05 0.0328125
0 0.8265625 0.77109375 0.121875 0.0484375
0 0.6953125 0.846875 0.0390625 0.0296875
0 0.74375 0.8359375 0.065625 0.0390625
0 0.85 0.81328125 0.11875 0.0453125
0 0.7 0.8875 0.0421875 0.03125
0 0.753125 0.8703125 0.0703125 0.04375
0 0.8578125 0.8453125 0.125 0.0546875
0 0.71015625 0.91796875 0.05 0.0359375
0 0.76875 0.903125 0.078125 0.046875
0 0.875 0.87734375 0.115625 0.0484375