0 0.109375 0.1265625 0.0515625 0.0359375
0 0.1921875 0.11484375 0.090625 0.05
0 0.2671875 0.09921875 0.0328125 0.0421875
0 0.32265625 0.115625 0.0640625 0.0578125
0 0.43046875 0.0921875 0.1171875 0.0421875
0 0.11796875 0.22734375 0.025 0.0453125
0 0.178125 0.22890625 0.05 0.03125
0 0.2953125 0.21640625 0.140625 0.06875
0 0.39375 0.21171875 0.0171875 0.0171875
0 0.4484375 0.20625 0.0328125 0.03125
0 0.471875 0.2015625 0.0125 0.0125
0 0.48984375 0.19375 0.03125 0.0375
0 0.52890625 0.19140625 0.05625 0.04375
0 0.60078125 0.190625 0.075 0.0640625
0 0.665625 0.18671875 0.0328125 0.0421875
0 0.71875 0.18125 0.01875 0.025
0 0.7859375 0.16875 0.0828125 0.0421875
0 0.86328125 0.159375 0.0515625 0.05625
0 0.19140625 0.31015625 0.14375 0.065625
0 0.30546875 0.2984375 0.071875 0.065625
0 0.3875 0.2875 0.0546875 0.0375
0 0.46953125 0.28203125 0.1046875 0.0625
0 0.58984375 0.2609375 0.13125 0.0703125
0 0.715625 0.25625 0.0953125 0.0734375
0 0.7953125 0.24765625 0.053125 0.059375
0 0.85390625 0.2359375 0.0640625 0.05625
0 0.13984375 0.4359375 0.021875 0.0390625
0 0.1984375 0.42578125 0.0578125 0.0453125
0 0.2796875 0.4140625 0.06875 0.053125
0 0.3578125 0.39609375 0.0515625 0.04375
0 0.4671875 0.39765625 0.1265625 0.071875
0 0.57109375 0.375 0.0375 0.0390625
0 0.5921875 0.36796875 0.0125 0.0125
0 0.60859375 0.36328125 0.028125 0.0421875
0 0.65703125 0.35546875 0.05625 0.0453125
0 0.72734375 0.3484375 0.0390625 0.040625
0 0.7953125 0.34375 0.0484375 0.0453125
0 0.88125 0.3328125 0.096875 0.046875
0 0.16015625 0.51484375 0.0515625 0.0625
0 0.2859375 0.5140625 0.1765625 0.0890625
0 0.40859375 0.48515625 0.0625 0.0609375
0 0.4859375 0.471875 0.065625 0.0375
0 0.578125 0.45703125 0.115625 0.0640625
0 0.70625 0.43359375 0.128125 0.059375
0 0.8296875 0.4203125 0.0875 0.0734375
0 0.16484375 0.6171875 0.059375 0.0671875
0 0.25234375 0.59921875 0.1 0.053125
0 0.353125 0.58671875 0.08125 0.0546875
0 0.4640625 0.56953125 0.1015625 0.06875
0 0.18515625 0.74375 0.0578125 0.065625
0 0.26328125 0.721875 0.0859375 0.05625
0 0.3265625 0.71015625 0.021875 0.034375
0 0.3765625 0.709375 0.0515625 0.0484375
0 0.4828125 0.690625 0.1421875 0.08125
0 0.61328125 0.66484375 0.078125 0.0515625
0 0.71640625 0.65234375 0.090625 0.059375
0 0.81640625 0.6375 0.1015625 0.0578125
0 0.21796875 0.82421875 0.1125 0.0875
0 0.3390625 0.8015625 0.1 0.046875
0 0.440625 0.78359375 0.0546875 0.028125
0 0.5375 0.77265625 0.0875 0.0546875
0 0.221875 0.8875 0.1203125 0.0609375
0 0.315625 0.88359375 0.0203125 0.0359375
0 0.4140625 0.8796875 0.10625 0.0625
0 0.2515625 0.9640625 0.171875 0.071875