0 0.12265625 0.07421875 0.1296875 0.0875
0 0.23515625 0.07421875 0.06875 0.071875
0 0.29765625 0.0859375 0.034375 0.0453125
0 0.35859375 0.1015625 0.065625 0.0609375
0 0.428125 0.10078125 0.053125 0.0515625
0 0.50234375 0.10234375 0.0953125 0.0640625
0 0.6203125 0.1296875 0.1078125 0.0828125
0 0.7203125 0.12578125 0.0640625 0.0671875
0 0.7890625 0.12109375 0.0453125 0.0609375
0 0.86796875 0.13203125 0.1 0.0578125
0 0.96015625 0.15078125 0.06875 0.0921875
0 0.08671875 0.24296875 0.0609375 0.071875
0 0.16640625 0.2484375 0.0859375 0.0765625
0 0.23125 0.26953125 0.0375 0.10625
0 0.33984375 0.26953125 0.1421875 0.0828125
0 0.475 0.2734375 0.084375 0.05
0 0.62421875 0.27734375 0.1953125 0.0921875
0 0.7515625 0.3 0.0328125 0.0578125
0 0.7921875 0.29375 0.034375 0.059375
0 0.85703125 0.30234375 0.0515625 0.05625
0 0.9328125 0.29375 0.078125 0.0703125
0 0.10546875 0.43203125 0.115625 0.1234375
0 0.2046875 0.4125 0.0578125 0.0609375
0 0.3078125 0.4359375 0.128125 0.090625
0 0.43671875 0.45 0.078125 0.075
0 0.52578125 0.46796875 0.065625 0.0953125
0 0.65234375 0.4453125 0.1359375 0.0609375
0 0.75859375 0.44921875 0.053125 0.046875
0 0.8359375 0.47265625 0.0765625 0.10625
0 0.903125 0.46484375 0.0375 0.0515625
0 0.94453125 0.45859375 0.0359375 0.053125
0 0.08671875 0.59375 0.065625 0.05625
0 0.184375 0.621875 0.1046875 0.1078125
0 0.271875 0.59296875 0.0546875 0.0703125
0 0.36953125 0.5984375 0.1265625 0.0609375
0 0.48046875 0.6234375 0.0875 0.1015625
0 0.603125 0.628125 0.1125 0.115625
0 0.73359375 0.63515625 0.109375 0.1328125
0 0.85703125 0.57265625 0.08125 0.08125
0 0.9328125 0.63125 0.134375 0.096875
0 0.0765625 0.78125 0.05625 0.0921875
0 0.18515625 0.78671875 0.134375 0.115625
0 0.28828125 0.8015625 0.0421875 0.1265625
0 0.40546875 0.7875 0.128125 0.096875
0 0.51484375 0.7640625 0.0625 0.0921875
0 0.6671875 0.72578125 0.1453125 0.06875
0 0.8046875 0.7953125 0.084375 0.0875
0 0.903125 0.7796875 0.0921875 0.0671875
0 0.0859375 0.940625 0.0703125 0.0765625
0 0.17890625 0.93671875 0.1078125 0.0828125
0 0.290625 0.9578125 0.103125 0.084375
0 0.38828125 0.94140625 0.0453125 0.0609375
0 0.459375 0.94140625 0.0734375 0.0625
0 0.54375 0.93359375 0.0765625 0.075
0 0.66953125 0.94296875 0.13125 0.065625
0 0.78125 0.94609375 0.071875 0.0703125
0 0.890625 0.96015625 0.0921875 0.0671875
0 0.8265625 0.61640625 0.0390625 0.075
0 0.63828125 0.7859375 0.15625 0.084375