0 0.5125 0.03828125 0.1625 0.0765625
0 0.18359375 0.01484375 0.0515625 0.0296875
0 0.30234375 0.06171875 0.1625 0.11875
0 0.43984375 0.08671875 0.090625 0.065625
0 0.5328125 0.1125 0.0421875 0.053125
0 0.63515625 0.1484375 0.1640625 0.096875
0 0.7984375 0.1875 0.14375 0.0921875
0 0.9359375 0.23828125 0.128125 0.1234375
0 0.77734375 0.253125 0.0515625 0.0453125
0 0.9046875 0.29453125 0.190625 0.1234375
0 0.6703125 0.23046875 0.13125 0.10625
0 0.57578125 0.19453125 0.0828125 0.06875
0 0.5015625 0.1890625 0.059375 0.08125
0 0.3921875 0.14765625 0.1578125 0.0796875
0 0.240625 0.1 0.128125 0.08125
0 0.265625 0.18046875 0.2078125 0.1046875
0 0.40703125 0.23125 0.0578125 0.065625
0 0.50078125 0.25 0.1328125 0.0875
0 0.60546875 0.27265625 0.0765625 0.0609375
0 0.7421875 0.315625 0.1828125 0.1125
0 0.86328125 0.35390625 0.046875 0.059375
0 0.9421875 0.37109375 0.115625 0.0671875
0 0.95859375 0.45859375 0.059375 0.06875
0 0.8234375 0.4 0.209375 0.10625
0 0.68359375 0.371875 0.084375 0.0578125
0 0.60546875 0.3546875 0.04375 0.034375
0 0.5265625 0.3265625 0.0921875 0.0640625
0 0.4203125 0.296875 0.0796875 0.059375
0 0.2984375 0.27265625 0.1265625 0.06875
0 0.18359375 0.234375 0.0671875 0.059375
0 0.15625 0.30859375 0.0625 0.0625
0 0.26171875 0.32890625 0.1109375 0.0734375
0 0.45546875 0.390625 0.2484375 0.1359375
0 0.634375 0.42734375 0.08125 0.0640625
0 0.703125 0.46015625 0.0515625 0.0765625
0 0.8140625 0.475 0.146875 0.0890625
0 0.9375 0.5171875 0.1046875 0.0734375
0 0.9140625 0.571875 0.0390625 0.046875
0 0.84375 0.56015625 0.090625 0.05
0 0.71015625 0.5171875 0.1546875 0.0890625
0 0.590625 0.48984375 0.06875 0.0625
0 0.4890625 0.4640625 0.096875 0.06875
0 0.3421875 0.43984375 0.175 0.109375
0 0.203125 0.38671875 0.071875 0.0578125
0 0.1421875 0.37109375 0.04375 0.0515625
0 0.22890625 0.4671875 0.090625 0.0671875
0 0.12890625 0.43828125 0.06875 0.0609375
0 0.3203125 0.4890625 0.09375 0.06875
0 0.4015625 0.515625 0.071875 0.0625
0 0.51875 0.54921875 0.165625 0.0984375
0 0.65859375 0.5828125 0.075 0.0578125
0 0.74609375 0.5984375 0.0671875 0.0578125
0 0.83515625 0.6265625 0.1046875 0.0609375
0 0.11953125 0.50625 0.0921875 0.075
0 0.21640625 0.5421875 0.1328125 0.0921875
0 0.35390625 0.57890625 0.1234375 0.075
0 0.4953125 0.60390625 0.1515625 0.0921875
0 0.61015625 0.63046875 0.065625 0.0609375
0 0.69921875 0.66171875 0.1078125 0.0671875
0 0.79453125 0.68359375 0.0375 0.0390625
0 0.859375 0.6890625 0.0703125 0.0578125
0 0.08125 0.584375 0.0484375 0.046875
0 0.215625 0.61328125 0.1953125 0.1171875
0 0.36640625 0.65390625 0.1265625 0.0890625
0 0.46015625 0.6734375 0.04375 0.0453125
0 0.57578125 0.7046875 0.190625 0.10625
0 0.7171875 0.74296875 0.1390625 0.0828125
0 0.85625 0.77421875 0.1515625 0.0921875
0 0.74296875 0.815625 0.0625 0.0546875
0 0.83515625 0.8453125 0.146875 0.10625
0 0.65703125 0.79765625 0.103125 0.084375
0 0.54609375 0.77109375 0.09375 0.071875
0 0.39296875 0.72578125 0.175 0.090625
0 0.2328125 0.70078125 0.1 0.0734375
0 0.13671875 0.66796875 0.065625 0.0578125
0 0.05703125 0.6484375 0.046875 0.05
0 0.065625 0.73203125 0.1109375 0.0765625
0 0.21328125 0.759375 0.11875 0.0796875
0 0.37265625 0.79609375 0.1546875 0.0890625
0 0.4859375 0.82421875 0.0484375 0.0515625
0 0.55078125 0.83671875 0.0625 0.0546875
0 0.63828125 0.86484375 0.0875 0.078125
0 0.78359375 0.90703125 0.234375 0.128125
0 0.79765625 0.978125 0.0484375 0.04375
0 0.7078125 0.9578125 0.15 0.084375
0 0.553125 0.91875 0.146875 0.0921875
0 0.8546875 0.9828125 0.06875 0.034375
0 0.41328125 0.8765625 0.134375 0.0828125
0 0.3109375 0.86484375 0.04375 0.046875
0 0.20625 0.83125 0.134375 0.075
0 0.10078125 0.8109375 0.05625 0.0546875
0 0.03203125 0.7890625 0.0640625 0.059375
0 0.0625 0.871875 0.125 0.084375