0 0.26015625 0.0421875 0.015625 0.025
0 0.31796875 0.0546875 0.0359375 0.028125
0 0.378125 0.0625 0.046875 0.028125
0 0.4875 0.0828125 0.1265625 0.0453125
0 0.59453125 0.1109375 0.0421875 0.028125
0 0.68671875 0.1203125 0.0890625 0.0453125
0 0.784375 0.13515625 0.053125 0.0359375
0 0.840625 0.15390625 0.034375 0.04375
0 0.92109375 0.16328125 0.1265625 0.05625
0 0.94609375 0.23671875 0.03125 0.025
0 0.86796875 0.21953125 0.0828125 0.046875
0 0.81484375 0.21796875 0.0078125 0.0140625
0 0.77421875 0.20546875 0.053125 0.034375
0 0.70703125 0.19375 0.0515625 0.034375
0 0.73984375 0.2046875 0.0109375 0.0140625
0 0.64375 0.18125 0.0546875 0.0375
0 0.55 0.1703125 0.0953125 0.0515625
0 0.4265625 0.140625 0.13125 0.0515625
0 0.32578125 0.1203125 0.046875 0.0359375
0 0.26640625 0.11171875 0.0625 0.040625
0 0.19296875 0.09609375 0.05 0.03125
0 0.17265625 0.16484375 0.0421875 0.0328125
0 0.259375 0.1796875 0.0953125 0.0453125
0 0.33984375 0.20703125 0.046875 0.046875
0 0.40390625 0.21015625 0.05 0.03125
0 0.4765625 0.22734375 0.090625 0.040625
0 0.559375 0.23671875 0.0515625 0.0375
0 0.6359375 0.2484375 0.0796875 0.04375
0 0.215625 0.24765625 0.021875 0.025
0 0.30390625 0.26953125 0.1140625 0.0640625
0 0.39921875 0.278125 0.0484375 0.0328125
0 0.47421875 0.296875 0.075 0.0390625
0 0.55 0.30703125 0.01875 0.0234375
0 0.62265625 0.3234375 0.059375 0.0296875
0 0.684375 0.3296875 0.021875 0.01875
0 0.759375 0.35234375 0.0859375 0.0546875
0 0.840625 0.36484375 0.034375 0.0390625
0 0.89921875 0.37734375 0.0921875 0.0546875
0 0.93671875 0.44296875 0.0546875 0.0296875
0 0.8640625 0.4390625 0.0796875 0.05625
0 0.77578125 0.421875 0.0859375 0.0609375
0 0.66796875 0.40078125 0.11875 0.0453125
0 0.559375 0.37890625 0.05 0.0328125
0 0.47578125 0.3625 0.0890625 0.0453125
0 0.36640625 0.353125 0.1 0.046875
0 0.2484375 0.3203125 0.103125 0.0546875
0 0.15078125 0.309375 0.06875 0.053125
0 0.1671875 0.3875 0.1296875 0.06875
0 0.28203125 0.3984375 0.040625 0.0296875
0 0.34375 0.4109375 0.05 0.034375
0 0.44140625 0.434375 0.1015625 0.05
0 0.52890625 0.44609375 0.0421875 0.028125
0 0.11796875 0.4421875 0.0578125 0.034375
0 0.19765625 0.45390625 0.0765625 0.0421875
0 0.296875 0.4734375 0.0921875 0.0484375
0 0.4 0.49375 0.0765625 0.0421875
0 0.4578125 0.50390625 0.0359375 0.0328125
0 0.5171875 0.51640625 0.0546875 0.034375
0 0.13125 0.528125 0.115625 0.075
0 0.21953125 0.53203125 0.0328125 0.03125
0 0.3 0.5484375 0.084375 0.05
0 0.6015625 0.46484375 0.0671875 0.0546875
0 0.68984375 0.4734375 0.0671875 0.0296875
0 0.80234375 0.49296875 0.1265625 0.05
0 0.61796875 0.53671875 0.103125 0.0546875
0 0.72265625 0.55390625 0.065625 0.0453125
0 0.81015625 0.57265625 0.125 0.0578125
0 0.8890625 0.50390625 0.0484375 0.0328125
0 0.96171875 0.52421875 0.0765625 0.0640625
0 0.9421875 0.6 0.1015625 0.071875
0 0.1421875 0.59921875 0.01875 0.028125
0 0.2046875 0.60546875 0.053125 0.0359375
0 0.26953125 0.6171875 0.0578125 0.0359375
0 0.325 0.63515625 0.0359375 0.0484375
0 0.40546875 0.64609375 0.1015625 0.059375
0 0.52578125 0.65859375 0.0984375 0.046875
0 0.63046875 0.675 0.0734375 0.0375
0 0.70078125 0.6890625 0.0375 0.0359375
0 0.7609375 0.69375 0.0546875 0.0421875
0 0.11328125 0.66171875 0.1203125 0.0578125
0 0.22421875 0.6875 0.0796875 0.046875
0 0.3375 0.703125 0.1125 0.05
0 0.4453125 0.725 0.078125 0.0546875
0 0.5171875 0.7328125 0.028125 0.028125
0 0.57578125 0.73671875 0.0484375 0.034375
0 0.6734375 0.76171875 0.0921875 0.0609375
0 0.06640625 0.7328125 0.065625 0.0359375
0 0.134375 0.746875 0.0328125 0.03125
0 0.20234375 0.75234375 0.0546875 0.0453125
0 0.278125 0.76875 0.0609375 0.0390625
0 0.37734375 0.78515625 0.0703125 0.040625
0 0.44921875 0.8015625 0.034375 0.0515625
0 0.51796875 0.8015625 0.04375 0.0390625
0 0.59921875 0.81484375 0.071875 0.0375
0 0.653125 0.83125 0.0109375 0.01875
0 0.70546875 0.8390625 0.0625 0.04375
0 0.84296875 0.71171875 0.071875 0.0375
0 0.90546875 0.72109375 0.034375 0.03125
0 0.7703125 0.77578125 0.053125 0.0359375
0 0.85 0.78984375 0.075 0.046875
0 0.8046875 0.85078125 0.0765625 0.04375
0 0.04375 0.80546875 0.071875 0.0421875
0 0.15546875 0.83046875 0.1125 0.065625
0 0.29140625 0.8546875 0.1203125 0.0671875
0 0.3984375 0.86875 0.05625 0.0453125
0 0.52265625 0.88125 0.1453125 0.053125
0 0.23359375 0.26328125 0.00625 0.009375
0 0.15859375 0.60546875 0.0078125 0.0078125
0 0.27265625 0.05390625 0.00625 0.00625