0 0.153125 0.121875 0.0453125 0.0234375
0 0.23671875 0.13359375 0.0625 0.021875
0 0.11328125 0.14921875 0.0375 0.0171875
0 0.1609375 0.1703125 0.0515625 0.021875
0 0.271875 0.175 0.046875 0.015625
0 0.1125 0.1921875 0.0375 0.01875
0 0.17109375 0.21171875 0.0625 0.015625
0 0.234375 0.2203125 0.025 0.021875
0 0.234375 0.17734375 0.0234375 0.01875
0 0.28046875 0.21796875 0.04375 0.01875
0 0.61328125 0.09921875 0.059375 0.0234375
0 0.57109375 0.1296875 0.08125 0.0125
0 0.6890625 0.12578125 0.115625 0.021875
0 0.5 0.196875 0.021875 0.0203125
0 0.5578125 0.1953125 0.0234375 0.01875
0 0.6421875 0.19375 0.103125 0.021875
0 0.83046875 0.11875 0.103125 0.025
0 0.125 0.24453125 0.034375 0.021875
0 0.165625 0.259375 0.040625 0.0203125
0 0.21796875 0.2625 0.0203125 0.015625
0 0.25546875 0.259375 0.0359375 0.0125
0 0.35625 0.26484375 0.096875 0.025
0 0.12109375 0.32109375 0.0625 0.0203125
0 0.1296875 0.36015625 0.009375 0.0125
0 0.1515625 0.36171875 0.01875 0.015625
0 0.19921875 0.3609375 0.0140625 0.015625
0 0.24453125 0.36015625 0.0375 0.0140625
0 0.31484375 0.36015625 0.053125 0.015625
0 0.12734375 0.39296875 0.0375 0.015625
0 0.20390625 0.38984375 0.0375 0.015625
0 0.253125 0.39296875 0.01875 0.0125
0 0.30234375 0.39453125 0.0265625 0.0203125
0 0.375 0.39453125 0.028125 0.021875
0 0.42890625 0.390625 0.04375 0.015625
0 0.546875 0.3796875 0.071875 0.015625
0 0.484375 0.3796875 0.0203125 0.015625
0 0.4078125 0.415625 0.0375 0.015625
0 0.48125 0.415625 0.059375 0.01875
0 0.18359375 0.44765625 0.075 0.03125
0 0.321875 0.4515625 0.0375 0.01875
0 0.39921875 0.453125 0.021875 0.0125
0 0.503125 0.4515625 0.028125 0.0171875
0 0.29140625 0.48984375 0.06875 0.021875
0 0.45546875 0.4890625 0.05625 0.021875
0 0.53203125 0.4921875 0.0265625 0.021875
0 0.30390625 0.5203125 0.08125 0.0140625
0 0.40703125 0.521875 0.0375 0.0125
0 0.30546875 0.5453125 0.1203125 0.03125
0 0.3078125 0.5921875 0.103125 0.028125
0 0.4203125 0.58984375 0.09375 0.0296875
0 0.50546875 0.59375 0.025 0.03125
0 0.553125 0.58203125 0.046875 0.034375
0 0.59765625 0.5859375 0.028125 0.0171875
0 0.78671875 0.59609375 0.0546875 0.040625
0 0.275 0.6546875 0.0546875 0.025
0 0.33515625 0.65 0.0328125 0.015625
0 0.41171875 0.64921875 0.06875 0.015625
0 0.1203125 0.71171875 0.025 0.015625
0 0.1703125 0.709375 0.0359375 0.0125
0 0.2171875 0.7203125 0.0296875 0.0203125
0 0.52265625 0.70625 0.078125 0.015625
0 0.3765625 0.709375 0.028125 0.0140625
0 0.42578125 0.7078125 0.028125 0.015625
0 0.35546875 0.75234375 0.0484375 0.0296875
0 0.425 0.7484375 0.03125 0.0125
0 0.5234375 0.74296875 0.0890625 0.0234375
0 0.59375 0.74765625 0.01875 0.0109375
0 0.63046875 0.75 0.040625 0.025
0 0.70625 0.753125 0.04375 0.0125
0 0.45703125 0.78359375 0.0375 0.0171875
0 0.54453125 0.78828125 0.071875 0.0140625
0 0.3125 0.82421875 0.0453125 0.015625
0 0.40625 0.82890625 0.071875 0.015625
0 0.46796875 0.8359375 0.021875 0.021875
0 0.590625 0.83125 0.06875 0.01875
0 0.66484375 0.83515625 0.040625 0.021875
0 0.74296875 0.83203125 0.053125 0.01875
0 0.803125 0.8390625 0.021875 0.015625
0 0.84296875 0.84375 0.0375 0.0234375
0 0.39453125 0.87421875 0.025 0.0140625
0 0.49921875 0.5296875 0.071875 0.009375
0 0.48828125 0.56015625 0.071875 0.0125
0 0.684375 0.58984375 0.059375 0.0125
0 0.50078125 0.878125 0.04375 0.021875
0 0.60859375 0.87421875 0.0515625 0.028125
0 0.678125 0.87890625 0.0390625 0.0125
0 0.725 0.878125 0.0203125 0.0125
0 0.7828125 0.88515625 0.034375 0.021875
0 0.81875 0.88515625 0.0125 0.021875
0 0.5703125 0.89921875 0.0390625 0.01875
0 0.62109375 0.90703125 0.053125 0.034375
0 0.52421875 0.12890625 0.015625 0.028125
0 0.88515625 0.11484375 0.0125 0.01875
0 0.25546875 0.4578125 0.025 0.0140625
0 0.38046875 0.4171875 0.015625 0.01875
0 0.53046875 0.415625 0.01875 0.021875
0 0.4203125 0.490625 0.015625 0.025
0 0.55 0.4921875 0.015625 0.025
0 0.38046875 0.51875 0.0125 0.01875
0 0.43125 0.5234375 0.0109375 0.015625
0 0.64609375 0.5875 0.01875 0.0234375
0 0.82421875 0.59375 0.01875 0.025
0 0.2671875 0.7078125 0.034375 0.01875
0 0.32265625 0.71484375 0.015625 0.0125
0 0.39296875 0.7828125 0.015625 0.01875
0 0.4828125 0.78671875 0.009375 0.009375
0 0.66796875 0.7515625 0.015625 0.015625
0 0.52109375 0.8359375 0.0171875 0.0125
0 0.44921875 0.8765625 0.021875 0.015625
0 0.459375 0.4515625 0.021875 0.021875
0 0.35625 0.875 0.021875 0.01875
0 0.29453125 0.26015625 0.021875 0.0125
0 0.740625 0.590625 0.01875 0.0109375