0 0.4140625 0.07890625 0.1625 0.0421875
0 0.60390625 0.0921875 0.1984375 0.0625
0 0.30546875 0.13515625 0.1359375 0.046875
0 0.4953125 0.1421875 0.1 0.0375
0 0.66875 0.165625 0.159375 0.1
0 0.18046875 0.21640625 0.1578125 0.0953125
0 0.34609375 0.2 0.053125 0.046875
0 0.47109375 0.2015625 0.0703125 0.04375
0 0.6828125 0.21640625 0.2296875 0.0765625
0 0.18125 0.26171875 0.171875 0.05625
0 0.37578125 0.259375 0.0796875 0.0453125
0 0.4921875 0.2703125 0.06875 0.0359375
0 0.603125 0.28203125 0.0609375 0.065625
0 0.71953125 0.2765625 0.08125 0.0546875
0 0.153125 0.315625 0.1515625 0.05
0 0.365625 0.33671875 0.1703125 0.0625
0 0.62890625 0.3359375 0.203125 0.08125
0 0.79296875 0.34921875 0.084375 0.04375
0 0.08984375 0.3609375 0.0578125 0.05625
0 0.2578125 0.378125 0.1765625 0.0484375
0 0.53046875 0.41796875 0.278125 0.090625
0 0.16796875 0.4296875 0.171875 0.059375
0 0.33984375 0.45625 0.1109375 0.04375
0 0.4875 0.4734375 0.0875 0.0546875
0 0.6328125 0.46875 0.1296875 0.04375
0 0.78515625 0.50078125 0.1234375 0.103125
0 0.11796875 0.49140625 0.08125 0.05
0 0.22421875 0.49140625 0.078125 0.028125
0 0.37734375 0.51953125 0.1546875 0.08125
0 0.68046875 0.54609375 0.265625 0.1
0 0.10859375 0.54375 0.084375 0.065625
0 0.25859375 0.53515625 0.1125 0.0359375
0 0.421875 0.55859375 0.09375 0.0359375
0 0.621875 0.58125 0.1921875 0.078125
0 0.115625 0.575 0.096875 0.0359375
0 0.228125 0.575 0.0921875 0.0390625
0 0.41015625 0.5953125 0.13125 0.03125
0 0.58203125 0.61015625 0.0984375 0.0375
0 0.72265625 0.6203125 0.1578125 0.0390625
0 0.1265625 0.61796875 0.1140625 0.0375
0 0.284375 0.62890625 0.1296875 0.0421875
0 0.4046875 0.63203125 0.0359375 0.034375
0 0.5453125 0.64296875 0.1921875 0.0390625
0 0.10390625 0.68671875 0.09375 0.028125
0 0.17890625 0.6875 0.040625 0.0203125
0 0.2359375 0.69375 0.0625 0.025
0 0.490625 0.70546875 0.1953125 0.0296875
0 0.7515625 0.721875 0.08125 0.0234375
0 0.1046875 0.7578125 0.1109375 0.0515625
0 0.1796875 0.75390625 0.0203125 0.03125
0 0.22890625 0.7609375 0.0625 0.0296875
0 0.3390625 0.7640625 0.140625 0.0375
0 0.428125 0.7734375 0.046875 0.0390625
0 0.6578125 0.784375 0.3078125 0.103125
0 0.05 0.8078125 0.01875 0.03125
0 0.128125 0.8140625 0.1234375 0.034375
0 0.2578125 0.8203125 0.1296875 0.0375
0 0.38046875 0.828125 0.1 0.0359375
0 0.46796875 0.840625 0.065625 0.0390625
0 0.1015625 0.86171875 0.065625 0.0390625
0 0.21328125 0.8609375 0.065625 0.0359375
0 0.3234375 0.86875 0.04375 0.0375
0 0.41015625 0.8703125 0.0421875 0.0390625
0 0.62734375 0.865625 0.05625 0.0609375
0 0.21796875 0.921875 0.1734375 0.040625
0 0.37734375 0.93203125 0.0859375 0.0234375
0 0.52265625 0.94140625 0.165625 0.0296875