0 0.24765625 0.2375 0.109375 0.015625
0 0.4265625 0.21875 0.1140625 0.028125
0 0.5640625 0.2171875 0.10625 0.03125
0 0.6890625 0.23359375 0.1625 0.015625
0 0.1890625 0.27578125 0.175 0.0421875
0 0.42890625 0.27578125 0.1125 0.021875
0 0.63046875 0.2734375 0.134375 0.0296875
0 0.828125 0.27265625 0.184375 0.0390625
0 0.2328125 0.325 0.159375 0.040625
0 0.42734375 0.33359375 0.165625 0.0390625
0 0.6 0.33203125 0.134375 0.0515625
0 0.77578125 0.32578125 0.1640625 0.04375
0 0.7953125 0.29453125 0.08125 0.025
0 0.86796875 0.30546875 0.071875 0.03125
0 0.35703125 0.34921875 0.14375 0.03125
0 0.49765625 0.35 0.121875 0.034375
0 0.26875 0.375 0.2140625 0.04375
0 0.44609375 0.37265625 0.0765625 0.021875
0 0.68359375 0.3734375 0.309375 0.0578125
0 0.14765625 0.4265625 0.096875 0.046875
0 0.3 0.41953125 0.15 0.0328125
0 0.44765625 0.41171875 0.1140625 0.0265625
0 0.61953125 0.40625 0.18125 0.034375
0 0.81328125 0.4046875 0.1546875 0.0296875
0 0.13046875 0.46015625 0.1515625 0.0265625
0 0.31328125 0.45859375 0.134375 0.0296875
0 0.48125 0.44921875 0.121875 0.028125
0 0.653125 0.45625 0.196875 0.0421875
0 0.846875 0.43828125 0.16875 0.0515625
0 0.1109375 0.50234375 0.115625 0.040625
0 0.2359375 0.49375 0.1234375 0.03125
0 0.37109375 0.503125 0.09375 0.0359375
0 0.490625 0.496875 0.134375 0.0453125
0 0.6015625 0.48359375 0.0609375 0.0296875
0 0.70859375 0.49296875 0.0890625 0.0328125
0 0.809375 0.48671875 0.06875 0.01875
0 0.290625 0.5359375 0.4484375 0.0359375
0 0.6 0.534375 0.0890625 0.0203125
0 0.715625 0.5328125 0.075 0.0203125
0 0.79375 0.540625 0.0484375 0.034375
0 0.109375 0.56640625 0.0875 0.03125
0 0.234375 0.56015625 0.09375 0.0171875
0 0.32890625 0.5625 0.065625 0.0203125
0 0.43828125 0.55859375 0.0796875 0.01875
0 0.6453125 0.56484375 0.2734375 0.040625
0 0.8734375 0.565625 0.1359375 0.03125
0 0.2359375 0.57734375 0.13125 0.015625
0 0.68046875 0.578125 0.1046875 0.0203125
0 0.11015625 0.5921875 0.065625 0.028125
0 0.29375 0.60390625 0.21875 0.05
0 0.4828125 0.59609375 0.0703125 0.0359375
0 0.6171875 0.59921875 0.140625 0.0453125
0 0.2640625 0.64140625 0.240625 0.053125
0 0.5953125 0.6328125 0.3234375 0.046875
0 0.2109375 0.68046875 0.121875 0.0453125
0 0.3640625 0.6796875 0.1140625 0.0296875
0 0.60859375 0.68046875 0.325 0.059375
0 0.15546875 0.71796875 0.1671875 0.0359375
0 0.3234375 0.72265625 0.0828125 0.0234375
0 0.50859375 0.72109375 0.178125 0.0359375
0 0.684375 0.72109375 0.0796875 0.0296875
0 0.78828125 0.71796875 0.0515625 0.0328125
0 0.17421875 0.76328125 0.1703125 0.0328125
0 0.43984375 0.76953125 0.240625 0.053125
0 0.76953125 0.765625 0.3328125 0.0546875
0 0.196875 0.8109375 0.06875 0.0328125
0 0.47421875 0.815625 0.4 0.0625
0 0.74296875 0.80625 0.065625 0.0375
0 0.871875 0.80546875 0.1515625 0.04375
0 0.3640625 0.86171875 0.259375 0.0484375
0 0.59921875 0.85859375 0.065625 0.0390625
0 0.7453125 0.8546875 0.1578125 0.034375
0 0.38125 0.90859375 0.2921875 0.0390625
0 0.60390625 0.8890625 0.06875 0.0375
0 0.7546875 0.89140625 0.1390625 0.034375
0 0.3390625 0.9375 0.1234375 0.03125
0 0.55625 0.93515625 0.2328125 0.0375
0 0.82109375 0.92421875 0.2515625 0.05625
0 0.5265625 0.27421875 0.0359375 0.0109375