0 0.25078125 0.06796875 0.2859375 0.103125
0 0.50546875 0.06953125 0.2328125 0.103125
0 0.24609375 0.225 0.203125 0.0890625
0 0.125 0.2109375 0.0140625 0.009375
0 0.446875 0.23984375 0.1875 0.08125
0 0.56953125 0.25390625 0.046875 0.0390625
0 0.69765625 0.2609375 0.1625 0.071875
0 0.8953125 0.3015625 0.196875 0.0890625
0 0.11875 0.3421875 0.015625 0.0125
0 0.275 0.3515625 0.2578125 0.0890625
0 0.528125 0.39765625 0.18125 0.078125
0 0.66640625 0.39921875 0.0453125 0.0484375
0 0.81484375 0.43515625 0.209375 0.1
0 0.128125 0.26015625 0.175 0.0578125
0 0.6921875 0.35078125 0.15 0.0578125
0 0.65703125 0.459375 0.1796875 0.0609375
0 0.484375 0.43671875 0.14375 0.05625
0 0.09921875 0.44765625 0.184375 0.05625
0 0.09375 0.47578125 0.0125 0.0125
0 0.27265625 0.49140625 0.2140625 0.0640625
0 0.4578125 0.515625 0.090625 0.03125
0 0.6359375 0.5390625 0.190625 0.0609375
0 0.078125 0.596875 0.0203125 0.0109375
0 0.2421875 0.60703125 0.2703125 0.090625
0 0.465625 0.62265625 0.1078125 0.0609375
0 0.62734375 0.6390625 0.175 0.0734375
0 0.809375 0.659375 0.1359375 0.040625
0 0.13984375 0.5203125 0.0890625 0.0484375
0 0.4359375 0.56484375 0.1640625 0.0640625
0 0.54140625 0.57421875 0.0375 0.0359375
0 0.64609375 0.58984375 0.1578125 0.053125
0 0.5421875 0.515625 0.3875 0.08125
0 0.60859375 0.63828125 0.1984375 0.065625
0 0.1015625 0.625 0.1390625 0.05
0 0.35703125 0.6625 0.234375 0.05625
0 0.58984375 0.68984375 0.23125 0.05625
0 0.2578125 0.67421875 0.2453125 0.0796875
0 0.4546875 0.6796875 0.1125 0.0734375
0 0.5734375 0.68828125 0.0921875 0.0484375
0 0.09921875 0.68203125 0.1453125 0.0515625
0 0.3640625 0.7234375 0.225 0.059375
0 0.5921875 0.7484375 0.20625 0.0578125
0 0.05 0.76640625 0.021875 0.0171875
0 0.17421875 0.7515625 0.18125 0.08125
0 0.3859375 0.76875 0.153125 0.071875
0 0.59140625 0.79765625 0.190625 0.0484375
0 0.13203125 0.7953125 0.04375 0.0375
0 0.4 0.82890625 0.2609375 0.0578125
0 0.60625 0.85703125 0.1453125 0.04375
0 0.16171875 0.815625 0.01875 0.009375
0 0.34375 0.83515625 0.315625 0.1234375
0 0.6203125 0.8640625 0.2171875 0.0953125
0 0.16484375 0.8984375 0.025 0.0125
0 0.33203125 0.921875 0.253125 0.075
0 0.5140625 0.94765625 0.103125 0.0546875
0 0.61875 0.9640625 0.0953125 0.053125
0 0.3359375 0.92734375 0.2734375 0.1046875
0 0.590625 0.93515625 0.1640625 0.078125
0 0.49140625 0.95 0.0109375 0.015625
0 0.940625 0.7140625 0.0203125 0.0265625
0 0.9296875 0.8046875 0.0359375 0.03125
0 0.9203125 0.8296875 0.0171875 0.0125