0 0.09296875 0.034375 0.0828125 0.06875
0 0.15078125 0.02109375 0.0328125 0.0421875
0 0.190625 0.02109375 0.05625 0.0421875
0 0.23828125 0.01875 0.0359375 0.0375
0 0.26875 0.0171875 0.021875 0.0328125
0 0.3234375 0.01953125 0.084375 0.0390625
0 0.3875 0.02109375 0.04375 0.0421875
0 0.48046875 0.03828125 0.1421875 0.0765625
0 0.0484375 0.1265625 0.0296875 0.0734375
0 0.1015625 0.1328125 0.053125 0.0578125
0 0.17421875 0.140625 0.090625 0.065625
0 0.290625 0.171875 0.103125 0.096875
0 0.4109375 0.1703125 0.0796875 0.06875
0 0.534375 0.20234375 0.10625 0.109375
0 0.64765625 0.19296875 0.0828125 0.059375
0 0.7296875 0.20625 0.040625 0.0546875
0 0.80078125 0.21015625 0.06875 0.059375
0 0.8890625 0.22734375 0.0828125 0.053125
0 0.9609375 0.2296875 0.046875 0.0421875
0 0.08125 0.221875 0.109375 0.084375
0 0.175 0.2453125 0.059375 0.0546875
0 0.28203125 0.2515625 0.125 0.078125
0 0.38515625 0.26171875 0.0578125 0.065625
0 0.50390625 0.27421875 0.1515625 0.0859375
0 0.04140625 0.290625 0.05 0.059375
0 0.10546875 0.31328125 0.10625 0.10625
0 0.2015625 0.35 0.0765625 0.0703125
0 0.27734375 0.3390625 0.05625 0.0671875
0 0.3515625 0.353125 0.0609375 0.0625
0 0.45546875 0.37734375 0.1296875 0.075
0 0.559375 0.38984375 0.0578125 0.075
0 0.634375 0.409375 0.0859375 0.06875
0 0.71640625 0.421875 0.0515625 0.04375
0 0.78359375 0.42578125 0.05625 0.0609375
0 0.8796875 0.459375 0.1234375 0.0796875
0 0.9734375 0.459375 0.053125 0.09375
0 0.05625 0.40234375 0.1046875 0.0890625
0 0.16328125 0.40546875 0.109375 0.0890625
0 0.24140625 0.43359375 0.034375 0.0421875
0 0.334375 0.44140625 0.1109375 0.109375
0 0.446875 0.4609375 0.096875 0.0765625
0 0.5625 0.47421875 0.109375 0.078125
0 0.015625 0.46484375 0.03125 0.0578125
0 0.10859375 0.48359375 0.1625 0.1
0 0.21953125 0.50546875 0.046875 0.065625
0 0.303125 0.5234375 0.0921875 0.06875
0 0.4203125 0.56796875 0.1078125 0.0890625
0 0.49921875 0.56953125 0.0421875 0.05
0 0.60078125 0.5921875 0.1421875 0.1078125
0 0.73671875 0.62265625 0.1 0.103125
0 0.82578125 0.6296875 0.084375 0.0671875
0 0.90703125 0.6421875 0.0734375 0.065625
0 0.08671875 0.55390625 0.1734375 0.0921875
0 0.21796875 0.5796875 0.0765625 0.0625
0 0.015625 0.615625 0.03125 0.059375
0 0.15078125 0.6328125 0.1375 0.0734375
0 0.265625 0.653125 0.0625 0.059375
0 0.384375 0.67734375 0.140625 0.075
0 0.490625 0.6953125 0.053125 0.0421875
0 0.55390625 0.6890625 0.05625 0.0546875
0 0.66875 0.7078125 0.15 0.075
0 0.78515625 0.7203125 0.0578125 0.065625
0 0.87421875 0.7359375 0.096875 0.071875
0 0.9515625 0.74921875 0.0546875 0.05625
0 0.0140625 0.68671875 0.028125 0.0671875
0 0.07109375 0.71796875 0.0671875 0.0859375
0 0.18125 0.725 0.146875 0.078125
0 0.2875 0.746875 0.0421875 0.05
0 0.39140625 0.765625 0.13125 0.10625
0 0.54453125 0.7921875 0.14375 0.1078125
0 0.00859375 0.77109375 0.0171875 0.0921875
0 0.05546875 0.78984375 0.08125 0.0984375
0 0.20234375 0.81640625 0.2078125 0.109375
0 0.353125 0.8546875 0.0828125 0.0546875
0 0.459375 0.87421875 0.1171875 0.1
0 0.58515625 0.884375 0.1375 0.0703125
0 0.6890625 0.884375 0.0703125 0.0703125
0 0.7671875 0.89609375 0.0703125 0.0609375
0 0.85625 0.91796875 0.1109375 0.0734375
0 0.0359375 0.86953125 0.071875 0.0796875
0 0.09140625 0.88515625 0.0453125 0.0625
0 0.15 0.90390625 0.09375 0.096875
0 0.21484375 0.909375 0.03125 0.040625
0 0.2640625 0.9265625 0.0671875 0.0921875
0 0.32421875 0.92890625 0.0390625 0.0421875
0 0.3578125 0.93125 0.0359375 0.04375
0 0.40390625 0.9546875 0.053125 0.075
0 0.46015625 0.94453125 0.0453125 0.05
0 0.57109375 0.959375 0.1671875 0.08125
0 0.71328125 0.9625 0.1015625 0.075
0 0.02421875 0.9296875 0.0484375 0.040625
0 0.05625 0.615625 0.0484375 0.0671875