0 0.35 0.040625 0.0515625 0.0359375
0 0.38046875 0.0421875 0.00625 0.021875
0 0.4015625 0.04453125 0.03125 0.028125
0 0.4484375 0.0578125 0.0625 0.0375
0 0.50078125 0.05859375 0.0421875 0.0359375
0 0.40390625 0.11796875 0.1296875 0.08125
0 0.31796875 0.19453125 0.0390625 0.0390625
0 0.44921875 0.21796875 0.1765625 0.065625
0 0.56875 0.24140625 0.0375 0.0359375
0 0.2984375 0.26015625 0.0375 0.034375
0 0.42265625 0.278125 0.1671875 0.0625
0 0.540625 0.30546875 0.0375 0.0359375
0 0.63125 0.3171875 0.1046875 0.0515625
0 0.28984375 0.33359375 0.0390625 0.040625
0 0.41875 0.35234375 0.175 0.065625
0 0.54453125 0.3765625 0.0390625 0.0390625
0 0.6546875 0.40078125 0.15625 0.0765625
0 0.34921875 0.40546875 0.0203125 0.01875
0 0.4390625 0.42421875 0.1203125 0.0703125
0 0.521875 0.43515625 0.0390625 0.0390625
0 0.57421875 0.45078125 0.053125 0.03125
0 0.64140625 0.46015625 0.078125 0.0375
0 0.340625 0.45546875 0.0171875 0.0171875
0 0.33671875 0.5171875 0.01875 0.015625
0 0.45 0.54921875 0.1578125 0.0625
0 0.615625 0.58203125 0.1390625 0.078125
0 0.3078125 0.5890625 0.1078125 0.053125
0 0.225 0.68359375 0.04375 0.046875
0 0.340625 0.69765625 0.153125 0.0640625
0 0.4515625 0.721875 0.0375 0.025
0 0.49609375 0.73125 0.01875 0.0234375
0 0.55859375 0.74765625 0.0953125 0.0609375
0 0.21171875 0.74609375 0.034375 0.0421875
0 0.3625 0.78046875 0.253125 0.0875
0 0.53515625 0.80390625 0.0546875 0.0375
0 0.60859375 0.81484375 0.08125 0.046875
0 0.68125 0.821875 0.03125 0.0390625
0 0.29296875 0.82109375 0.2015625 0.0703125
0 0.43203125 0.846875 0.0375 0.0328125
0 0.51015625 0.8484375 0.08125 0.0515625
0 0.58203125 0.8640625 0.0375 0.03125
0 0.62890625 0.87109375 0.028125 0.028125
0 0.6671875 0.87578125 0.03125 0.028125
0 0.259375 0.87265625 0.125 0.053125
0 0.44609375 0.90078125 0.1765625 0.0609375
0 0.5765625 0.91484375 0.0578125 0.0390625
0 0.27421875 0.91484375 0.1296875 0.04375
0 0.37109375 0.93515625 0.0328125 0.0296875
0 0.42421875 0.9421875 0.0453125 0.0359375
0 0.44375 0.4859375 0.16875 0.071875
0 0.56640625 0.4984375 0.0671875 0.040625
0 0.66015625 0.26015625 0.1140625 0.0671875