0 0.40703125 0.08046875 0.1625 0.0390625
0 0.596875 0.090625 0.1984375 0.0578125
0 0.29921875 0.1390625 0.1359375 0.0453125
0 0.4890625 0.1421875 0.0984375 0.0359375
0 0.6625 0.1625 0.1578125 0.096875
0 0.17578125 0.221875 0.15625 0.0921875
0 0.340625 0.203125 0.053125 0.0453125
0 0.465625 0.2015625 0.0703125 0.0421875
0 0.678125 0.21328125 0.2296875 0.0734375
0 0.17734375 0.2671875 0.1703125 0.053125
0 0.371875 0.26171875 0.078125 0.04375
0 0.48828125 0.2703125 0.06875 0.034375
0 0.59921875 0.2796875 0.059375 0.0640625
0 0.715625 0.27265625 0.0796875 0.053125
0 0.15 0.321875 0.1515625 0.0484375
0 0.3625 0.3390625 0.1703125 0.059375
0 0.6265625 0.334375 0.2015625 0.0765625
0 0.78984375 0.34453125 0.084375 0.0421875
0 0.0875 0.36796875 0.05625 0.0546875
0 0.25546875 0.38203125 0.175 0.0453125
0 0.52890625 0.4171875 0.278125 0.0859375
0 0.1671875 0.43515625 0.1703125 0.05625
0 0.3390625 0.459375 0.1109375 0.040625
0 0.48671875 0.4734375 0.0859375 0.053125
0 0.6328125 0.46640625 0.128125 0.0421875
0 0.78515625 0.49609375 0.121875 0.1015625
0 0.11796875 0.4984375 0.08125 0.0484375
0 0.22421875 0.49609375 0.078125 0.0265625
0 0.378125 0.521875 0.153125 0.078125
0 0.68125 0.54296875 0.2640625 0.0953125
0 0.109375 0.55078125 0.084375 0.0640625
0 0.259375 0.5390625 0.1125 0.034375
0 0.42265625 0.56015625 0.09375 0.034375
0 0.6234375 0.5796875 0.190625 0.075
0 0.1171875 0.58203125 0.096875 0.034375
0 0.22890625 0.5796875 0.090625 0.0375
0 0.4125 0.596875 0.13125 0.0296875
0 0.58359375 0.60859375 0.0984375 0.0359375
0 0.725 0.61640625 0.1578125 0.0359375
0 0.12890625 0.625 0.1140625 0.0359375
0 0.28671875 0.6328125 0.128125 0.0390625
0 0.40703125 0.63359375 0.0359375 0.0328125
0 0.5484375 0.6421875 0.1921875 0.0359375
0 0.10703125 0.69375 0.09375 0.0265625
0 0.18203125 0.69296875 0.0390625 0.0203125
0 0.2390625 0.69765625 0.0609375 0.0234375
0 0.49453125 0.70546875 0.1953125 0.025
0 0.7546875 0.71796875 0.0796875 0.021875
0 0.109375 0.76484375 0.1109375 0.05
0 0.184375 0.759375 0.01875 0.03125
0 0.23359375 0.765625 0.0625 0.028125
0 0.34375 0.76640625 0.140625 0.034375
0 0.4328125 0.77421875 0.046875 0.0375
0 0.66328125 0.78125 0.30625 0.0984375
0 0.05546875 0.815625 0.01875 0.03125
0 0.13359375 0.8203125 0.1234375 0.03125
0 0.26328125 0.825 0.1296875 0.034375
0 0.3859375 0.8296875 0.1 0.034375
0 0.47421875 0.84140625 0.0640625 0.0375
0 0.1078125 0.86875 0.0640625 0.0375
0 0.21953125 0.86640625 0.0640625 0.034375
0 0.3296875 0.871875 0.04375 0.0359375
0 0.41640625 0.871875 0.040625 0.0375
0 0.63359375 0.86328125 0.0546875 0.0609375
0 0.22578125 0.9265625 0.1734375 0.0375
0 0.38515625 0.93359375 0.084375 0.021875
0 0.53046875 0.94140625 0.165625 0.0265625