0 0.16953125 0.12421875 0.103125 0.071875
0 0.3296875 0.18984375 0.1765625 0.10625
0 0.49375 0.2234375 0.1578125 0.0859375
0 0.653125 0.27421875 0.1390625 0.0953125
0 0.75234375 0.28671875 0.0390625 0.0359375
0 0.2390625 0.2328125 0.21875 0.11875
0 0.4328125 0.2703125 0.13125 0.06875
0 0.5234375 0.278125 0.0203125 0.0390625
0 0.6 0.3 0.1046875 0.05625
0 0.71484375 0.33203125 0.0984375 0.053125
0 0.16015625 0.25859375 0.0640625 0.04375
0 0.27578125 0.28984375 0.084375 0.046875
0 0.38125 0.30625 0.0859375 0.0546875
0 0.49765625 0.3375 0.1125 0.059375
0 0.59140625 0.35390625 0.01875 0.0328125
0 0.7109375 0.39296875 0.1546875 0.090625
0 0.21484375 0.3328125 0.1921875 0.1
0 0.36953125 0.37109375 0.078125 0.0421875
0 0.46640625 0.38125 0.090625 0.059375
0 0.60078125 0.42578125 0.1484375 0.0953125
0 0.73671875 0.45234375 0.1171875 0.0671875
0 0.19765625 0.38671875 0.184375 0.13125
0 0.32421875 0.42109375 0.0859375 0.0671875
0 0.4453125 0.44375 0.1046875 0.05625
0 0.56484375 0.46328125 0.096875 0.0578125
0 0.659375 0.48671875 0.05 0.0421875
0 0.7484375 0.515625 0.1296875 0.0796875
0 0.2765625 0.46328125 0.09375 0.059375
0 0.4046875 0.48671875 0.10625 0.0671875
0 0.49375 0.5140625 0.0421875 0.0359375
0 0.5953125 0.53203125 0.096875 0.0515625
0 0.7421875 0.575 0.1890625 0.11875
0 0.13984375 0.50546875 0.1265625 0.0734375
0 0.25078125 0.52109375 0.0671875 0.04375
0 0.35 0.5390625 0.0828125 0.05
0 0.490625 0.5765625 0.1859375 0.10625
0 0.68359375 0.62890625 0.1640625 0.103125
0 0.8 0.63828125 0.0421875 0.0390625
0 0.2140625 0.57421875 0.265625 0.125