0 0.47109375 0.215625 0.303125 0.0890625
0 0.78046875 0.26171875 0.1375 0.0453125
0 0.90234375 0.28125 0.10625 0.0359375
0 0.7578125 0.28125 0.0796875 0.0328125
0 0.8609375 0.29609375 0.1015625 0.0359375
0 0.7703125 0.3046875 0.0765625 0.0296875
0 0.8890625 0.325 0.1359375 0.040625
0 0.821875 0.33828125 0.084375 0.0296875
0 0.9296875 0.353125 0.1265625 0.040625
0 0.18203125 0.20546875 0.053125 0.028125
0 0.28359375 0.22578125 0.121875 0.0421875
0 0.39375 0.24375 0.0609375 0.0234375
0 0.55859375 0.27578125 0.2171875 0.065625
0 0.16640625 0.25078125 0.1546875 0.0421875
0 0.36640625 0.28828125 0.2203125 0.05625
0 0.15703125 0.27421875 0.0546875 0.025
0 0.234375 0.28984375 0.071875 0.0265625
0 0.325 0.31015625 0.078125 0.0296875
0 0.49140625 0.3359375 0.2078125 0.05625
0 0.728125 0.37421875 0.2125 0.0578125
0 0.9125 0.4046875 0.125 0.0390625
0 0.16015625 0.3 0.071875 0.021875
0 0.24453125 0.31484375 0.0703125 0.0265625
0 0.33515625 0.334375 0.0765625 0.0296875
0 0.49140625 0.359375 0.209375 0.0578125
0 0.71328125 0.3984375 0.1828125 0.05
0 0.890625 0.4265625 0.134375 0.040625
0 0.16328125 0.35 0.1296875 0.040625
0 0.3046875 0.3765625 0.128125 0.0375
0 0.17109375 0.378125 0.15 0.0421875
0 0.32109375 0.40625 0.1171875 0.0359375
0 0.4953125 0.43515625 0.178125 0.0484375
0 0.67109375 0.46875 0.1421875 0.04375
0 0.77109375 0.48203125 0.05 0.025
0 0.8234375 0.490625 0.034375 0.0203125
0 0.91953125 0.50546875 0.1328125 0.04375
0 0.171875 0.403125 0.1546875 0.0484375
0 0.3484375 0.4359375 0.1796875 0.05
0 0.540625 0.46953125 0.1078125 0.034375
0 0.69375 0.4953125 0.1734375 0.0484375
0 0.1578125 0.44921875 0.2125 0.059375
0 0.33203125 0.48125 0.0859375 0.0296875
0 0.45859375 0.50625 0.1140625 0.0359375
0 0.578125 0.5265625 0.1046875 0.0359375
0 0.7453125 0.55390625 0.1 0.03125
0 0.87421875 0.57734375 0.1453125 0.046875
0 0.44453125 0.52890625 0.078125 0.0328125
0 0.559375 0.55 0.134375 0.05
0 0.73203125 0.58203125 0.10625 0.0375
0 0.8734375 0.60546875 0.1625 0.0453125
0 0.3109375 0.5421875 0.0421875 0.0203125
0 0.45234375 0.5671875 0.0375 0.0171875
0 0.0640625 0.5375 0.128125 0.04375
0 0.059375 0.55625 0.115625 0.0359375
0 0.17421875 0.57578125 0.0984375 0.0375
0 0.415625 0.603125 0.1578125 0.05
0 0.64375 0.6421875 0.2546875 0.0640625
0 0.4546875 0.6328125 0.1796875 0.0484375
0 0.87578125 0.7140625 0.1765625 0.05625
0 0.05390625 0.5828125 0.1078125 0.0375
0 0.1359375 0.5984375 0.0546875 0.0203125
0 0.21796875 0.6125 0.1 0.03125
0 0.45546875 0.66015625 0.18125 0.0484375
0 0.6796875 0.7046875 0.24375 0.06875
0 0.03203125 0.59609375 0.0640625 0.0265625
0 0.11796875 0.61171875 0.0921875 0.0296875
0 0.05390625 0.61484375 0.1078125 0.0359375
0 0.17265625 0.63671875 0.1 0.040625
0 0.06953125 0.64375 0.115625 0.0359375
0 0.2328125 0.67265625 0.1765625 0.0484375
0 0.3765625 0.7 0.0515625 0.025
0 0.5171875 0.7265625 0.165625 0.0484375
0 0.2 0.7046875 0.2453125 0.071875
0 0.38046875 0.728125 0.0671875 0.0296875
0 0.4390625 0.73671875 0.0359375 0.01875
0 0.5421875 0.77109375 0.1453125 0.05
0 0.81015625 0.82109375 0.146875 0.0484375
0 0.0328125 0.709375 0.065625 0.034375
0 0.12890625 0.7265625 0.0859375 0.0296875
0 0.23359375 0.74296875 0.0890625 0.0296875
0 0.04375 0.73359375 0.0875 0.0359375
0 0.5515625 0.83125 0.196875 0.059375
0 0.0265625 0.75703125 0.053125 0.0265625
0 0.16015625 0.78203125 0.2 0.0640625
0 0.125 0.19140625 0.025 0.009375
0 0.10390625 0.2640625 0.021875 0.009375
0 0.09765625 0.28984375 0.021875 0.009375
0 0.75546875 0.328125 0.03125 0.0171875
0 0.46640625 0.45703125 0.0359375 0.021875
0 0.67265625 0.675 0.225 0.0609375
0 0.15546875 0.75625 0.1234375 0.0453125
0 0.33515625 0.78671875 0.2265625 0.0640625