0 0.11328125 0.10078125 0.1140625 0.109375
0 0.2703125 0.08203125 0.1765625 0.14375
0 0.1375 0.28203125 0.071875 0.0859375
0 0.25234375 0.28125 0.115625 0.0875
0 0.39296875 0.25546875 0.1203125 0.109375
0 0.5359375 0.25703125 0.1375 0.1296875
0 0.7109375 0.21484375 0.1890625 0.1375
0 0.90390625 0.21875 0.1671875 0.09375
0 0.0703125 0.44140625 0.128125 0.109375
0 0.215625 0.38984375 0.11875 0.0984375
0 0.371875 0.4109375 0.2 0.128125
0 0.58203125 0.3765625 0.171875 0.11875
0 0.775 0.38359375 0.171875 0.096875
0 0.92734375 0.36875 0.0859375 0.0796875
0 0.03828125 0.5671875 0.0765625 0.0875
0 0.209375 0.51484375 0.228125 0.1265625
0 0.371875 0.51171875 0.0671875 0.090625
0 0.4796875 0.52265625 0.115625 0.0703125
0 0.5796875 0.521875 0.053125 0.0890625
0 0.65859375 0.5203125 0.0953125 0.1015625
0 0.74609375 0.54609375 0.0765625 0.0578125
0 0.86796875 0.534375 0.1359375 0.1140625
0 0.0921875 0.70859375 0.184375 0.1203125
0 0.278125 0.6703125 0.14375 0.14375
0 0.39140625 0.65 0.0609375 0.08125
0 0.503125 0.653125 0.1078125 0.078125
0 0.60234375 0.64921875 0.05625 0.0625
0 0.6921875 0.64921875 0.0734375 0.090625
0 0.79765625 0.6640625 0.1109375 0.1125
0 0.9171875 0.6765625 0.1109375 0.09375
0 0.1078125 0.846875 0.215625 0.10625
0 0.3046875 0.8078125 0.128125 0.1171875
0 0.47890625 0.7890625 0.19375 0.15625