0 0.7734375 0.046875 0.08125 0.034375
0 0.153125 0.05546875 0.16875 0.1109375
0 0.28515625 0.0609375 0.075 0.0859375
0 0.41640625 0.0734375 0.1421875 0.084375
0 0.5734375 0.09375 0.1828125 0.0734375
0 0.15546875 0.128125 0.046875 0.0390625
0 0.31328125 0.1328125 0.196875 0.0828125
0 0.53828125 0.17734375 0.2421875 0.10625
0 0.44609375 0.2015625 0.1875 0.08125
0 0.4515625 0.2546875 0.2171875 0.0984375
0 0.50546875 0.29453125 0.2828125 0.0953125
0 0.77109375 0.334375 0.25625 0.1109375
0 0.48984375 0.3375 0.2640625 0.10625
0 0.51328125 0.3765625 0.3109375 0.090625
0 0.7234375 0.40234375 0.1453125 0.06875
0 0.13203125 0.3984375 0.0578125 0.0390625
0 0.33984375 0.440625 0.2890625 0.1140625
0 0.12890625 0.4796875 0.053125 0.0375
0 0.32265625 0.50625 0.2265625 0.0828125
0 0.55546875 0.53671875 0.2171875 0.0796875
0 0.81875 0.5734375 0.35 0.11875
0 0.12109375 0.55546875 0.0609375 0.05625
0 0.27265625 0.571875 0.1125 0.05625
0 0.4546875 0.60859375 0.2171875 0.0921875
0 0.10703125 0.628125 0.08125 0.05
0 0.49609375 0.690625 0.171875 0.103125
0 0.10234375 0.70625 0.06875 0.0421875
0 0.30390625 0.72421875 0.2109375 0.08125
0 0.484375 0.7484375 0.11875 0.0515625
0 0.6359375 0.78515625 0.2125 0.0953125
0 0.32890625 0.19375 0.028125 0.0171875
0 0.2921875 0.23515625 0.0328125 0.0171875
0 0.296875 0.28125 0.03125 0.015625
0 0.303125 0.31875 0.0359375 0.0125
0 0.2984375 0.3515625 0.053125 0.021875
0 0.29140625 0.66171875 0.178125 0.0859375