0 0.1265625 0.28515625 0.1921875 0.1125
0 0.36015625 0.246875 0.2515625 0.1875
0 0.54921875 0.1828125 0.0859375 0.0578125
0 0.67734375 0.1359375 0.103125 0.0859375
0 0.125 0.40625 0.165625 0.10625
0 0.31015625 0.3625 0.1453125 0.1046875
0 0.5109375 0.32421875 0.2078125 0.1515625
0 0.6421875 0.26953125 0.01875 0.015625
0 0.73828125 0.22890625 0.1015625 0.0921875
0 0.16171875 0.521875 0.18125 0.1078125
0 0.328125 0.48515625 0.1015625 0.0734375
0 0.459375 0.43671875 0.1140625 0.090625
0 0.6359375 0.3796875 0.1921875 0.121875
0 0.80546875 0.3578125 0.1140625 0.115625
0 0.28125 0.64140625 0.359375 0.184375
0 0.59765625 0.55859375 0.246875 0.14375
0 0.771875 0.4640625 0.1015625 0.090625
0 0.26875 0.72109375 0.2734375 0.1453125
0 0.2375 0.97265625 0.06875 0.0546875
0 0.42265625 0.9359375 0.21875 0.1140625
0 0.70390625 0.85625 0.1234375 0.078125
0 0.9125 0.80234375 0.175 0.1109375