0 0.57578125 0.0046875 0.0609375 0.009375
0 0.0421875 0.1265625 0.084375 0.040625
0 0.09140625 0.1390625 0.06875 0.034375
0 0.1453125 0.1265625 0.0265625 0.0203125
0 0.184375 0.11796875 0.0546875 0.03125
0 0.24375 0.10546875 0.0328125 0.021875
0 0.309375 0.096875 0.0953125 0.03125
0 0.4109375 0.08046875 0.10625 0.0375
0 0.49296875 0.06953125 0.0484375 0.025
0 0.56484375 0.05859375 0.0984375 0.034375
0 0.05859375 0.18203125 0.103125 0.05625
0 0.14921875 0.1546875 0.08125 0.0390625
0 0.071875 0.20859375 0.0234375 0.0234375
0 0.11796875 0.2 0.0828125 0.046875
0 0.0765625 0.2359375 0.0296875 0.03125
0 0.12265625 0.2265625 0.071875 0.03125
0 0.2140625 0.2078125 0.109375 0.0390625
0 0.31484375 0.1890625 0.0828125 0.03125
0 0.07890625 0.265625 0.0296875 0.028125
0 0.16953125 0.2453125 0.103125 0.0390625
0 0.24375 0.23046875 0.01875 0.0109375
0 0.28515625 0.22421875 0.059375 0.025
0 0.3296875 0.2171875 0.03125 0.021875
0 0.37890625 0.20546875 0.065625 0.03125
0 0.45390625 0.1953125 0.0828125 0.0359375
0 0.51875 0.18359375 0.040625 0.021875
0 0.56640625 0.17578125 0.059375 0.03125
0 0.62265625 0.17109375 0.0515625 0.025
0 0.08359375 0.29453125 0.0328125 0.0296875
0 0.11875 0.29140625 0.0484375 0.028125
0 0.2125 0.26953125 0.1375 0.0515625
0 0.0515625 0.3703125 0.028125 0.03125
0 0.1078125 0.3578125 0.084375 0.0390625
0 0.23671875 0.33203125 0.171875 0.059375
0 0.353125 0.309375 0.0796875 0.034375
0 0.4328125 0.2953125 0.078125 0.034375
0 0.49296875 0.28203125 0.0375 0.0234375
0 0.540625 0.275 0.0578125 0.028125
0 0.09609375 0.39453125 0.028125 0.01875
0 0.1421875 0.3828125 0.075 0.0375
0 0.234375 0.3671875 0.1171875 0.04375
0 0.378125 0.33984375 0.1578125 0.053125
0 0.50859375 0.30234375 0.103125 0.040625
0 0.58984375 0.2875 0.0609375 0.0265625
0 0.6671875 0.27578125 0.0671875 0.0296875
0 0.71953125 0.26796875 0.0359375 0.021875
0 0.4921875 0.31953125 0.04375 0.0234375
0 0.54453125 0.31328125 0.0625 0.03125
0 0.63984375 0.3 0.078125 0.0296875
0 0.7359375 0.28671875 0.1171875 0.040625
0 0.81484375 0.27734375 0.0484375 0.0265625
0 0.890625 0.2640625 0.1046875 0.0421875
0 0.10234375 0.42265625 0.025 0.0234375
0 0.15546875 0.415625 0.0828125 0.0359375
0 0.25 0.3953125 0.1109375 0.0421875
0 0.3734375 0.36015625 0.0640625 0.034375
0 0.446875 0.346875 0.0890625 0.0359375
0 0.534375 0.33203125 0.0875 0.034375
0 0.63515625 0.32109375 0.08125 0.034375
0 0.70546875 0.30859375 0.065625 0.028125
0 0.4078125 0.36953125 0.1078125 0.0375
0 0.50078125 0.3546875 0.0765625 0.03125
0 0.60078125 0.33515625 0.1125 0.0421875
0 0.78125 0.30859375 0.0765625 0.0296875
0 0.865625 0.2890625 0.1125 0.040625
0 0.9421875 0.27578125 0.053125 0.0265625
0 0.87890625 0.29921875 0.1234375 0.0453125
0 0.1125 0.45546875 0.0328125 0.021875
0 0.1640625 0.44453125 0.08125 0.0375
0 0.27109375 0.4234375 0.1125 0.0390625
0 0.3859375 0.3890625 0.059375 0.028125
0 0.47265625 0.37421875 0.121875 0.040625
0 0.55703125 0.36328125 0.0546875 0.0296875
0 0.63671875 0.3484375 0.115625 0.0375
0 0.41953125 0.396875 0.1015625 0.0359375
0 0.50390625 0.38671875 0.065625 0.0390625
0 0.73828125 0.34296875 0.071875 0.0296875
0 0.82890625 0.321875 0.10625 0.034375
0 0.93046875 0.31015625 0.0875 0.0296875
0 0.8671875 0.33203125 0.134375 0.05
0 0.12578125 0.48984375 0.034375 0.0328125
0 0.17578125 0.4578125 0.0921875 0.0421875
0 0.1875 0.4734375 0.1015625 0.0359375
0 0.346875 0.44609375 0.1953125 0.0625
0 0.503125 0.3984375 0.1390625 0.0453125
0 0.6375 0.378125 0.1453125 0.040625
0 0.5015625 0.415625 0.0828125 0.03125
0 0.5734375 0.40546875 0.0609375 0.0296875
0 0.62265625 0.39609375 0.0421875 0.021875
0 0.665625 0.39375 0.0484375 0.0265625
0 0.7484375 0.38046875 0.0984375 0.0390625
0 0.821875 0.365625 0.0453125 0.0234375
0 0.915625 0.3515625 0.128125 0.0421875
0 0.5015625 0.43359375 0.0640625 0.03125
0 0.553125 0.42890625 0.0375 0.0265625
0 0.62109375 0.41640625 0.0796875 0.0375
0 0.6984375 0.40234375 0.0765625 0.0328125
0 0.0875 0.56015625 0.034375 0.0296875
0 0.1640625 0.54453125 0.1265625 0.046875
0 0.303125 0.51953125 0.1359375 0.0453125
0 0.42109375 0.49453125 0.0625 0.028125
0 0.4734375 0.48671875 0.03125 0.0203125
0 0.5265625 0.4765625 0.065625 0.0265625
0 0.60390625 0.4640625 0.08125 0.0375
0 0.6546875 0.45390625 0.034375 0.0234375
0 0.7015625 0.44765625 0.0640625 0.03125
0 0.1484375 0.5765625 0.0375 0.025
0 0.21953125 0.5671875 0.1203125 0.0421875
0 0.3375 0.54296875 0.10625 0.0359375
0 0.46015625 0.50703125 0.0953125 0.0375
0 0.5390625 0.4921875 0.05625 0.0265625
0 0.603125 0.48359375 0.0734375 0.03125
0 0.484375 0.5203125 0.0859375 0.03125
0 0.58671875 0.50390625 0.1171875 0.046875
0 0.6625 0.48203125 0.0328125 0.025
0 0.7078125 0.47890625 0.0578125 0.03125
0 0.77578125 0.46953125 0.0640625 0.0296875
0 0.834375 0.45859375 0.05 0.034375
0 0.9015625 0.45 0.0875 0.0375
0 0.14765625 0.6109375 0.0203125 0.01875
0 0.2265625 0.5953125 0.1140625 0.046875
0 0.34140625 0.571875 0.103125 0.0375
0 0.45625 0.55625 0.071875 0.0328125
0 0.5265625 0.54765625 0.0828125 0.0421875
0 0.15234375 0.640625 0.025 0.01875
0 0.24921875 0.61953125 0.1046875 0.04375
0 0.37109375 0.5984375 0.13125 0.0421875
0 0.46953125 0.5796875 0.0734375 0.034375
0 0.521875 0.5734375 0.0390625 0.0296875
0 0.5953125 0.5578125 0.1140625 0.0421875
0 0.6921875 0.54140625 0.0859375 0.0390625
0 0.17109375 0.66640625 0.0375 0.0296875
0 0.26015625 0.65859375 0.1390625 0.0421875
0 0.40859375 0.6359375 0.128125 0.05
0 0.52734375 0.61328125 0.0890625 0.03125
0 0.61875 0.59375 0.1140625 0.04375
0 0.7046875 0.56953125 0.0296875 0.0203125
0 0.7546875 0.5625 0.0828125 0.0359375
0 0.84609375 0.5421875 0.10625 0.0375
0 0.7453125 0.578125 0.0921875 0.0328125
0 0.8515625 0.559375 0.1296875 0.040625
0 0.15859375 0.75546875 0.109375 0.04375
0 0.25390625 0.7375 0.078125 0.034375
0 0.340625 0.71875 0.0671875 0.0375
0 0.4109375 0.70703125 0.0546875 0.0328125
0 0.49140625 0.69765625 0.103125 0.040625
0 0.3453125 0.75625 0.0546875 0.0375
0 0.41484375 0.74296875 0.0734375 0.0328125
0 0.4734375 0.7296875 0.0421875 0.0265625
0 0.546875 0.72421875 0.0734375 0.040625
0 0.61875 0.70703125 0.071875 0.03125
0 0.684375 0.6953125 0.0265625 0.0234375
0 0.73203125 0.68828125 0.0515625 0.0296875
0 0.78828125 0.6734375 0.0515625 0.028125
0 0.125 0.83828125 0.0265625 0.0234375
0 0.1875 0.8234375 0.109375 0.0421875
0 0.315625 0.79765625 0.1265625 0.05
0 0.40234375 0.78046875 0.0703125 0.034375
0 0.3625 0.8265625 0.08125 0.0359375
0 0.446875 0.8046875 0.05625 0.034375
0 0.53125 0.79140625 0.09375 0.0359375
0 0.6234375 0.778125 0.0953125 0.0421875
0 0.13515625 0.9046875 0.028125 0.0171875
0 0.19453125 0.89609375 0.0859375 0.034375
0 0.30703125 0.8765625 0.1265625 0.0421875
0 0.428125 0.85546875 0.09375 0.0484375
0 0.13671875 0.94140625 0.028125 0.0265625
0 0.19296875 0.940625 0.090625 0.046875
0 0.27734375 0.92265625 0.078125 0.0359375
0 0.36640625 0.9078125 0.065625 0.0359375
0 0.36640625 0.93984375 0.071875 0.0375
0 0.42890625 0.92265625 0.059375 0.0359375
0 0.4890625 0.91015625 0.059375 0.0328125
0 0.56796875 0.896875 0.078125 0.034375
0 0.6546875 0.87890625 0.0734375 0.040625
0 0.39765625 0.97109375 0.0984375 0.046875
0 0.5015625 0.94921875 0.0875 0.0359375
0 0.57890625 0.93515625 0.0578125 0.034375
0 0.62265625 0.92734375 0.03125 0.0203125
0 0.6765625 0.91796875 0.059375 0.0328125
0 0.753125 0.90234375 0.0734375 0.0328125
0 0.82109375 0.88984375 0.0375 0.0296875
0 0.8796875 0.878125 0.084375 0.0453125
0 0.4671875 0.9875 0.06875 0.025
0 0.53828125 0.9796875 0.0703125 0.040625
0 0.61796875 0.96640625 0.1 0.046875
0 0.6953125 0.94375 0.0484375 0.0265625
0 0.7609375 0.93515625 0.0828125 0.04375
0 0.85390625 0.92265625 0.08125 0.040625
0 0.10625 0.26171875 0.015625 0.0125
0 0.32421875 0.3828125 0.0203125 0.0109375
0 0.340625 0.40859375 0.0203125 0.0109375
0 0.3796875 0.50234375 0.015625 0.0078125
0 0.4078125 0.52734375 0.01875 0.00625
0 0.41328125 0.565625 0.0140625 0.0046875
0 0.340625 0.64609375 0.021875 0.0109375
0 0.29921875 0.7625 0.0171875 0.0125
0 0.30625 0.83671875 0.021875 0.0078125
0 0.33125 0.91796875 0.01875 0.0109375
0 0.325 0.94765625 0.021875 0.0125
0 0.3390625 0.975 0.01875 0.0140625
0 0.209375 0.17734375 0.1015625 0.0375