0 0.096875 0.05390625 0.1015625 0.0390625
0 0.17890625 0.0796875 0.1921875 0.046875
0 0.453125 0.0421875 0.19375 0.053125
0 0.62734375 0.034375 0.13125 0.053125
0 0.0796875 0.1390625 0.0890625 0.0265625
0 0.25078125 0.1265625 0.1984375 0.0578125
0 0.52578125 0.12265625 0.290625 0.0640625
0 0.071875 0.19375 0.0734375 0.0234375
0 0.51875 0.1828125 0.071875 0.021875
0 0.6578125 0.16875 0.1140625 0.053125
0 0.11484375 0.24921875 0.1125 0.03125
0 0.23984375 0.246875 0.121875 0.0234375
0 0.14140625 0.28984375 0.1359375 0.053125
0 0.30625 0.28046875 0.109375 0.053125
0 0.0875 0.3578125 0.0546875 0.028125
0 0.15234375 0.3546875 0.0671875 0.028125
0 0.21484375 0.35 0.046875 0.0234375
0 0.271875 0.3484375 0.05625 0.0234375
0 0.36484375 0.346875 0.1203125 0.028125
0 0.17734375 0.40078125 0.2078125 0.0609375
0 0.325 0.39140625 0.1125 0.0515625
0 0.50078125 0.3796875 0.196875 0.059375
0 0.11875 0.46953125 0.1296875 0.05
0 0.20390625 0.4609375 0.021875 0.0328125
0 0.2546875 0.459375 0.0734375 0.034375
0 0.37265625 0.459375 0.16875 0.0390625
0 0.50625 0.4484375 0.096875 0.034375
0 0.52109375 0.53515625 0.4078125 0.121875
0 0.1828125 0.65546875 0.2046875 0.0609375
0 0.4640625 0.6296875 0.2296875 0.0703125
0 0.72109375 0.590625 0.1734375 0.090625
0 0.1046875 0.734375 0.0671875 0.034375
0 0.3890625 0.7234375 0.334375 0.1078125
0 0.6546875 0.68046875 0.13125 0.05
0 0.8390625 0.659375 0.1390625 0.0640625
0 0.15390625 0.8 0.178125 0.0828125
0 0.33984375 0.771875 0.096875 0.0359375
0 0.60234375 0.74921875 0.309375 0.084375
0 0.2421875 0.828125 0.31875 0.071875
0 0.52890625 0.80078125 0.2140625 0.0515625
0 0.76640625 0.784375 0.0921875 0.0421875
0 0.1953125 0.884375 0.2328125 0.065625
0 0.46875 0.8609375 0.184375 0.0703125
0 0.65 0.84921875 0.128125 0.0484375
0 0.11328125 0.95390625 0.0625 0.034375
0 0.365625 0.9359375 0.396875 0.1125
0 0.21640625 0.99765625 0.0703125 0.0046875
0 0.28046875 0.99609375 0.0546875 0.0078125
0 0.21015625 0.04921875 0.0453125 0.0203125