0 0.19140625 0.4453125 0.1125 0.071875
0 0.39140625 0.4109375 0.1765625 0.075
0 0.196875 0.4984375 0.10625 0.065625
0 0.40234375 0.48125 0.2390625 0.1296875
0 0.2234375 0.5859375 0.1015625 0.0640625
0 0.421875 0.5546875 0.2171875 0.0765625
0 0.2296875 0.6390625 0.0984375 0.0625
0 0.42109375 0.6234375 0.215625 0.1296875
0 0.2390625 0.7375 0.090625 0.065625
0 0.39765625 0.7125 0.1734375 0.0828125
0 0.59453125 0.6796875 0.1546875 0.06875
0 0.2796875 0.78203125 0.165625 0.0796875
0 0.5390625 0.75 0.2765625 0.1328125
0 0.5078125 0.8546875 0.103125 0.06875
0 0.72265625 0.8359375 0.2671875 0.1515625
0 0.72109375 0.7546875 0.084375 0.025