0 0.10703125 0.1078125 0.1125 0.1078125
0 0.2625 0.0859375 0.175 0.1421875
0 0.134375 0.28828125 0.0703125 0.0859375
0 0.2484375 0.2859375 0.1140625 0.0859375
0 0.38828125 0.25703125 0.11875 0.1078125
0 0.53125 0.25703125 0.134375 0.128125
0 0.70625 0.2109375 0.1875 0.134375
0 0.89921875 0.21171875 0.1671875 0.090625
0 0.06953125 0.44921875 0.1265625 0.1078125
0 0.2140625 0.3953125 0.1171875 0.096875
0 0.3703125 0.41328125 0.1984375 0.125
0 0.58046875 0.375 0.1703125 0.115625
0 0.7734375 0.37890625 0.1703125 0.09375
0 0.925 0.3609375 0.084375 0.078125
0 0.0390625 0.57578125 0.0765625 0.0859375
0 0.209375 0.5203125 0.2265625 0.121875
0 0.371875 0.51328125 0.065625 0.0890625
0 0.4796875 0.5234375 0.1140625 0.06875
0 0.58046875 0.5203125 0.0515625 0.0890625
0 0.65859375 0.51796875 0.09375 0.1
0 0.746875 0.5421875 0.075 0.05625
0 0.86875 0.528125 0.134375 0.1125
0 0.09375 0.71640625 0.1875 0.1171875
0 0.28125 0.67421875 0.140625 0.140625
0 0.39453125 0.6515625 0.0609375 0.08125
0 0.50625 0.653125 0.10625 0.0765625
0 0.6046875 0.646875 0.0546875 0.0609375
0 0.6953125 0.6453125 0.071875 0.0890625
0 0.80078125 0.65859375 0.1078125 0.1109375
0 0.91953125 0.66875 0.109375 0.090625
0 0.1109375 0.8546875 0.221875 0.103125
0 0.31015625 0.8109375 0.1265625 0.115625
0 0.484375 0.7890625 0.190625 0.1546875