0 0.075 0.26328125 0.140625 0.171875
0 0.25078125 0.28125 0.1359375 0.2078125
0 0.41796875 0.27109375 0.196875 0.146875
0 0.5765625 0.24140625 0.0828125 0.15
0 0.7296875 0.21796875 0.153125 0.184375
0 0.9046875 0.2484375 0.1359375 0.20625
0 0.07421875 0.4671875 0.1109375 0.1953125
0 0.190625 0.45234375 0.096875 0.178125
0 0.25 0.5015625 0.015625 0.0625
0 0.34765625 0.4375 0.153125 0.134375
0 0.484375 0.44140625 0.1234375 0.171875
0 0.628125 0.4328125 0.1609375 0.171875
0 0.74453125 0.43203125 0.06875 0.184375
0 0.83828125 0.41171875 0.10625 0.171875
0 0.91796875 0.4203125 0.0390625 0.1375
0 0.3609375 0.63359375 0.6359375 0.190625
0 0.09765625 0.77421875 0.1125 0.1875
0 0.54609375 0.77421875 0.7375 0.2203125