0 0.52890625 0.23671875 0.0875 0.0578125
0 0.62578125 0.2296875 0.09375 0.0703125
0 0.603125 0.33125 0.140625 0.0953125
0 0.703125 0.3203125 0.0640625 0.05
0 0.7515625 0.29765625 0.0140625 0.015625
0 0.8078125 0.2953125 0.075 0.053125
0 0.628125 0.3875 0.1140625 0.0890625
0 0.759375 0.3625 0.1609375 0.096875
0 0.675 0.43046875 0.096875 0.0640625
0 0.7671875 0.4203125 0.0796875 0.05
0 0.6421875 0.52421875 0.0890625 0.0984375
0 0.7671875 0.4828125 0.140625 0.059375
0 0.86796875 0.45546875 0.0359375 0.0421875
0 0.58828125 0.60078125 0.090625 0.0859375
0 0.67109375 0.5984375 0.071875 0.05625
0 0.75 0.56953125 0.084375 0.053125
0 0.796875 0.56484375 0.0265625 0.025
0 0.85703125 0.546875 0.09375 0.08125
0 0.94453125 0.5390625 0.0796875 0.0828125
0 0.58828125 0.67734375 0.034375 0.034375
0 0.64609375 0.6671875 0.0625 0.053125
0 0.71484375 0.6640625 0.040625 0.046875
0 0.7921875 0.64296875 0.096875 0.059375
0 0.91171875 0.63828125 0.1078125 0.06875