0 0.3953125 0.03515625 0.121875 0.0703125
0 0.5953125 0.06328125 0.284375 0.1265625
0 0.79453125 0.08515625 0.1296875 0.084375
0 0.91015625 0.12890625 0.13125 0.1140625
0 0.82265625 0.178125 0.115625 0.071875
0 0.9359375 0.21953125 0.128125 0.1203125
0 0.51875 0.1203125 0.1125 0.090625
0 0.65703125 0.1609375 0.1765625 0.1234375
0 0.4046875 0.071875 0.1203125 0.090625
0 0.240625 0.04375 0.2 0.0875
0 0.17109375 0.0796875 0.103125 0.0875
0 0.27109375 0.1125 0.146875 0.0953125
0 0.48046875 0.159375 0.2828125 0.11875
0 0.65625 0.21953125 0.0484375 0.053125
0 0.6921875 0.2296875 0.0171875 0.0359375
0 0.715625 0.2359375 0.015625 0.0140625
0 0.74296875 0.24609375 0.0546875 0.04375
0 0.15234375 0.1546875 0.0875 0.0703125
0 0.2921875 0.1890625 0.2171875 0.1171875
0 0.4265625 0.2265625 0.09375 0.0640625
0 0.50234375 0.25703125 0.04375 0.04375
0 0.61875 0.2796875 0.1734375 0.0921875
0 0.73046875 0.31015625 0.046875 0.0421875
0 0.7765625 0.325 0.0375 0.0546875
0 0.81171875 0.3265625 0.0328125 0.021875
0 0.84453125 0.3390625 0.0375 0.0546875
0 0.8109375 0.403125 0.178125 0.1234375
0 0.63828125 0.37265625 0.1296875 0.109375
0 0.47421875 0.32578125 0.2125 0.090625
0 0.23828125 0.26953125 0.265625 0.13125
0 0.07734375 0.22265625 0.059375 0.0546875
0 0.08515625 0.3046875 0.0765625 0.0546875
0 0.234375 0.3671875 0.2609375 0.159375
0 0.4265625 0.390625 0.1 0.059375
0 0.5296875 0.41875 0.115625 0.0734375
0 0.6484375 0.446875 0.1140625 0.1109375
0 0.73359375 0.4734375 0.1109375 0.103125
0 0.96171875 0.59140625 0.05625 0.0546875
0 0.87421875 0.56484375 0.1390625 0.06875
0 0.7921875 0.55234375 0.0296875 0.021875
0 0.72109375 0.54609375 0.134375 0.1125
0 0.559375 0.49453125 0.1703125 0.0953125
0 0.45 0.4765625 0.034375 0.015625
0 0.35703125 0.4375 0.1484375 0.090625
0 0.23515625 0.41171875 0.109375 0.075
0 0.11953125 0.3765625 0.134375 0.084375
0 0.13984375 0.4421875 0.1953125 0.0875
0 0.03203125 0.475 0.0515625 0.065625
0 0.06796875 0.490625 0.034375 0.021875
0 0.1359375 0.5046875 0.1015625 0.0671875
0 0.29375 0.534375 0.203125 0.090625
0 0.41875 0.5734375 0.046875 0.071875
0 0.54921875 0.59375 0.1984375 0.1
0 0.80078125 0.65625 0.2859375 0.1328125
0 0.8671875 0.7328125 0.1046875 0.0765625
0 0.72109375 0.69453125 0.140625 0.078125
0 0.56796875 0.6578125 0.153125 0.10625
0 0.4109375 0.62109375 0.159375 0.0875
0 0.23203125 0.58359375 0.1921875 0.1109375
0 0.06953125 0.5390625 0.1390625 0.109375
0 0.0640625 0.59765625 0.1234375 0.0796875
0 0.2234375 0.6390625 0.21875 0.1203125
0 0.3875 0.67578125 0.1359375 0.08125
0 0.47890625 0.69921875 0.034375 0.01875
0 0.51640625 0.70703125 0.0265625 0.046875
0 0.58828125 0.7265625 0.103125 0.0734375
0 0.64609375 0.7390625 0.0234375 0.046875
0 0.67265625 0.74921875 0.03125 0.04375
0 0.7 0.75234375 0.05 0.0625
0 0.01328125 0.66015625 0.0265625 0.0171875
0 0.0734375 0.678125 0.0796875 0.05625
0 0.2328125 0.71953125 0.2453125 0.1015625
0 0.44609375 0.775 0.18125 0.1140625
0 0.0375 0.728125 0.075 0.06875
0 0.14765625 0.76796875 0.1765625 0.109375
0 0.2453125 0.78671875 0.0421875 0.0578125
0 0.32578125 0.82734375 0.13125 0.1265625
0 0.43828125 0.83984375 0.05625 0.040625
0 0.51953125 0.84609375 0.1125 0.078125
0 0.6359375 0.88359375 0.1375 0.1
0 0.7421875 0.9140625 0.071875 0.08125
0 0.79921875 0.9265625 0.053125 0.0625
0 0.86640625 0.9390625 0.10625 0.10625
0 0.83984375 0.984375 0.0921875 0.03125
0 0.6921875 0.96015625 0.184375 0.0796875
0 0.57578125 0.9359375 0.065625 0.0609375
0 0.4625 0.915625 0.125 0.075
0 0.3140625 0.88359375 0.1546875 0.0953125
0 0.18515625 0.83359375 0.1390625 0.0859375
0 0.06171875 0.80859375 0.0875 0.0734375
0 0.01640625 0.79140625 0.0328125 0.0734375
0 0.103125 0.88203125 0.1625 0.0953125
0 0.203125 0.896875 0.034375 0.01875
0 0.271875 0.91796875 0.10625 0.0734375
0 0.346875 0.9375 0.0609375 0.053125
0 0.38203125 0.95 0.0296875 0.046875
0 0.43046875 0.96171875 0.075 0.05625
0 0.48203125 0.97265625 0.028125 0.021875
0 0.52578125 0.97265625 0.0859375 0.0546875