0 0.02734375 0.125 0.0453125 0.0234375
0 0.096875 0.1125 0.0296875 0.0234375
0 0.1796875 0.09609375 0.1015625 0.040625
0 0.28046875 0.07578125 0.084375 0.034375
0 0.4078125 0.05234375 0.1265625 0.046875
0 0.625 0.021875 0.215625 0.04375
0 0.01875 0.18828125 0.0265625 0.021875
0 0.09140625 0.17109375 0.025 0.0203125
0 0.25234375 0.14453125 0.221875 0.0703125
0 0.4359375 0.10625 0.0796875 0.0390625
0 0.61640625 0.078125 0.2375 0.0734375
0 0.225 0.17734375 0.2109375 0.0625
0 0.03515625 0.2875 0.03125 0.0234375
0 0.13046875 0.28203125 0.03125 0.025
0 0.26875 0.26640625 0.1359375 0.05625
0 0.39765625 0.23984375 0.090625 0.0421875
0 0.52890625 0.21640625 0.1046875 0.0453125
0 0.76171875 0.16640625 0.253125 0.078125
0 0.08515625 0.4359375 0.1125 0.0453125
0 0.2203125 0.40234375 0.0796875 0.0375
0 0.39375 0.3734375 0.1671875 0.0578125
0 0.51875 0.34765625 0.059375 0.0359375
0 0.64296875 0.3265625 0.1359375 0.0515625
0 0.82421875 0.290625 0.1375 0.053125
0 0.09375 0.459375 0.1296875 0.046875
0 0.2703125 0.4265625 0.11875 0.0421875
0 0.43515625 0.40703125 0.140625 0.0546875
0 0.6359375 0.36953125 0.178125 0.0546875
0 0.7890625 0.3328125 0.0625 0.028125
0 0.87734375 0.31875 0.0609375 0.034375
0 0.1765625 0.4765625 0.25 0.0765625
0 0.40078125 0.4421875 0.1109375 0.0390625
0 0.56953125 0.40859375 0.1265625 0.0453125
0 0.675 0.3953125 0.0390625 0.01875
0 0.81328125 0.36640625 0.2171875 0.0671875
0 0.08984375 0.53125 0.084375 0.034375
0 0.22109375 0.50625 0.140625 0.05
0 0.39609375 0.475 0.1546875 0.053125
0 0.54296875 0.4484375 0.0578125 0.028125
0 0.6515625 0.428125 0.090625 0.04375
0 0.75703125 0.41875 0.0625 0.0484375
0 0.8203125 0.39765625 0.040625 0.0203125
0 0.8921875 0.3828125 0.10625 0.0390625
0 0.1515625 0.553125 0.140625 0.0515625
0 0.35703125 0.53515625 0.125 0.0828125
0 0.6 0.4796875 0.2140625 0.075
0 0.83984375 0.43125 0.2078125 0.071875
0 0.1046875 0.6 0.0515625 0.0296875
0 0.17734375 0.5859375 0.065625 0.03125
0 0.3953125 0.55078125 0.2875 0.08125
0 0.61171875 0.5078125 0.1125 0.0421875
0 0.84296875 0.46484375 0.1671875 0.059375