0 0.07890625 0.20390625 0.065625 0.0390625
0 0.196875 0.1890625 0.1578125 0.0625
0 0.06484375 0.26171875 0.04375 0.0328125
0 0.13125 0.25 0.0875 0.0390625
0 0.22109375 0.23515625 0.1046875 0.040625
0 0.14296875 0.3046875 0.1125 0.0484375
0 0.2453125 0.28515625 0.10625 0.0484375
0 0.07578125 0.3609375 0.025 0.028125
0 0.16171875 0.34765625 0.08125 0.040625
0 0.25078125 0.3375 0.0859375 0.0375
0 0.34375 0.3265625 0.0765625 0.03125
0 0.4421875 0.3109375 0.1046875 0.0453125
0 0.08671875 0.38984375 0.0203125 0.0234375
0 0.0875 0.4078125 0.040625 0.03125
0 0.184375 0.39375 0.0890625 0.040625
0 0.2796875 0.38203125 0.08125 0.0421875
0 0.36875 0.36796875 0.078125 0.0359375
0 0.4765625 0.3546875 0.121875 0.0578125
0 0.09140625 0.45859375 0.034375 0.03125
0 0.19453125 0.44296875 0.078125 0.0359375
0 0.2921875 0.4265625 0.0875 0.040625
0 0.38515625 0.4125 0.0609375 0.0359375
0 0.1046875 0.509375 0.0203125 0.028125
0 0.20703125 0.5015625 0.059375 0.0421875
0 0.27421875 0.4828125 0.06875 0.0390625
0 0.3625 0.46796875 0.0796875 0.0421875
0 0.44609375 0.4515625 0.059375 0.034375
0 0.528125 0.4171875 0.0390625 0.0265625
0 0.5390625 0.43671875 0.1296875 0.0546875
0 0.21953125 0.5375 0.084375 0.04375
0 0.32734375 0.52265625 0.1015625 0.034375
0 0.13203125 0.603125 0.084375 0.0390625
0 0.2375 0.58515625 0.0640625 0.0328125
0 0.2765625 0.57734375 0.0203125 0.021875
0 0.3296875 0.57265625 0.1015625 0.04375
0 0.446875 0.5421875 0.1046875 0.0375
0 0.2328125 0.63515625 0.0421875 0.0328125
0 0.3109375 0.621875 0.090625 0.0484375
0 0.27578125 0.68203125 0.0765625 0.034375
0 0.27109375 0.725 0.0671875 0.03125
0 0.29765625 0.7671875 0.0859375 0.040625
0 0.40390625 0.7453125 0.1046875 0.0546875
0 0.3234375 0.81484375 0.1328125 0.0546875
0 0.478125 0.77890625 0.18125 0.065625
0 0.5953125 0.75234375 0.0625 0.0359375
0 0.6765625 0.73515625 0.0890625 0.0421875
0 0.75625 0.71875 0.0765625 0.0453125
0 0.78984375 0.70859375 0.0359375 0.0359375
0 0.82109375 0.70546875 0.046875 0.0296875
0 0.88828125 0.6875 0.0984375 0.046875
0 0.3203125 0.86875 0.0828125 0.046875
0 0.39296875 0.85234375 0.0359375 0.0375
0 0.48828125 0.83671875 0.096875 0.046875
0 0.60234375 0.8046875 0.115625 0.0453125
0 0.7546875 0.76875 0.1734375 0.0734375
0 0.16484375 0.54453125 0.0125 0.0078125
0 0.1890625 0.63671875 0.0171875 0.009375
0 0.209375 0.68671875 0.015625 0.009375
0 0.2265625 0.73203125 0.0171875 0.0109375
0 0.24375 0.7765625 0.0140625 0.0078125
0 0.2484375 0.825 0.021875 0.009375
0 0.26484375 0.87734375 0.0171875 0.009375
0 0.1453125 0.49765625 0.01875 0.0109375
0 0.128125 0.4484375 0.021875 0.0125
0 0.190625 0.590625 0.01875 0.009375
0 0.1203125 0.4046875 0.0203125 0.0109375
0 0.10390625 0.35625 0.0171875 0.009375