0 0.178125 0.221875 0.165625 0.0609375
0 0.390625 0.22890625 0.125 0.0875
0 0.55625 0.19375 0.1625 0.10625
0 0.6984375 0.1921875 0.06875 0.075
0 0.1234375 0.3234375 0.0546875 0.0390625
0 0.27578125 0.30546875 0.1578125 0.071875
0 0.4984375 0.2984375 0.1453125 0.0703125
0 0.62890625 0.28203125 0.028125 0.0125
0 0.7109375 0.2765625 0.0625 0.0671875
0 0.80234375 0.26328125 0.065625 0.0765625
0 0.23125 0.43046875 0.2328125 0.109375
0 0.41875 0.390625 0.05 0.0484375
0 0.55 0.365625 0.15625 0.125
0 0.73828125 0.39140625 0.153125 0.08125
0 0.2734375 0.5140625 0.2890625 0.096875
0 0.5 0.50625 0.075 0.0640625
0 0.70546875 0.4921875 0.2359375 0.0828125
0 0.22265625 0.62578125 0.1578125 0.08125
0 0.3640625 0.63515625 0.05625 0.0515625
0 0.515625 0.63046875 0.153125 0.090625
0 0.74140625 0.63515625 0.2484375 0.1796875
0 0.20078125 0.915625 0.0734375 0.0640625
0 0.409375 0.90625 0.234375 0.09375
0 0.6921875 0.8828125 0.1359375 0.0890625