0 0.315625 0.13671875 0.2046875 0.1109375
0 0.92734375 0.29296875 0.0515625 0.0484375
0 0.27734375 0.1859375 0.15 0.103125
0 0.44921875 0.246875 0.16875 0.096875
0 0.63828125 0.30390625 0.19375 0.1109375
0 0.7953125 0.34453125 0.0953125 0.08125
0 0.25390625 0.2765625 0.125 0.084375
0 0.39765625 0.309375 0.1296875 0.0859375
0 0.48515625 0.34453125 0.046875 0.065625
0 0.57265625 0.3734375 0.11875 0.0890625
0 0.71484375 0.41953125 0.11875 0.08125
0 0.85625 0.465625 0.153125 0.103125
0 0.18046875 0.34765625 0.04375 0.05625
0 0.28203125 0.3828125 0.1546875 0.1
0 0.41171875 0.40859375 0.0671875 0.075
0 0.55 0.45859375 0.16875 0.1
0 0.765625 0.534375 0.25 0.1734375
0 0.19609375 0.44765625 0.1265625 0.0859375
0 0.3296875 0.50546875 0.1390625 0.1171875
0 0.54453125 0.54140625 0.265625 0.1328125
0 0.1234375 0.81875 0.1125 0.084375