0 0.3765625 0.08671875 0.165625 0.0359375
0 0.56875 0.0875 0.19375 0.0453125
0 0.3625 0.13984375 0.1875 0.03125
0 0.61640625 0.13203125 0.228125 0.040625
0 0.80625 0.1203125 0.0875 0.0359375
0 0.17578125 0.2 0.171875 0.0390625
0 0.446875 0.184375 0.2671875 0.034375
0 0.74765625 0.18359375 0.215625 0.05
0 0.22578125 0.2515625 0.2625 0.0484375
0 0.4625 0.234375 0.1484375 0.03125
0 0.59765625 0.22109375 0.078125 0.028125
0 0.72890625 0.2171875 0.1265625 0.0296875
0 0.25234375 0.28828125 0.3109375 0.0484375
0 0.5421875 0.26953125 0.1859375 0.0390625
0 0.70546875 0.2578125 0.090625 0.0296875
0 0.271875 0.33203125 0.346875 0.0625
0 0.49765625 0.31015625 0.05 0.0203125
0 0.71328125 0.2921875 0.3328125 0.0484375
0 0.12265625 0.3703125 0.0703125 0.0234375
0 0.271875 0.36015625 0.1453125 0.0359375
0 0.4375 0.3421875 0.0734375 0.0328125
0 0.6515625 0.34765625 0.2921875 0.0609375
0 0.10703125 0.41015625 0.078125 0.028125
0 0.2609375 0.41328125 0.1234375 0.040625
0 0.40078125 0.39765625 0.103125 0.0328125
0 0.46015625 0.39609375 0.0140625 0.034375
0 0.51953125 0.39453125 0.084375 0.0265625
0 0.6359375 0.38984375 0.08125 0.0328125
0 0.75859375 0.3703125 0.1546875 0.05625
0 0.10859375 0.45546875 0.053125 0.028125
0 0.2546875 0.45390625 0.13125 0.0359375
0 0.4109375 0.4453125 0.115625 0.0421875
0 0.62578125 0.44375 0.2671875 0.059375
0 0.16875 0.50234375 0.1953125 0.03125
0 0.39140625 0.49921875 0.1234375 0.046875
0 0.56875 0.48671875 0.178125 0.040625
0 0.70546875 0.4734375 0.071875 0.021875
0 0.80546875 0.46953125 0.1125 0.0359375
0 0.17890625 0.5390625 0.2203125 0.04375
0 0.34453125 0.53046875 0.071875 0.0234375
0 0.490625 0.5296875 0.1328125 0.0390625
0 0.69453125 0.51640625 0.2078125 0.04375
0 0.0890625 0.58828125 0.0515625 0.0359375
0 0.24453125 0.58203125 0.128125 0.028125
0 0.41171875 0.58203125 0.1375 0.0328125
0 0.6390625 0.56640625 0.2421875 0.0390625
0 0.11953125 0.628125 0.1265625 0.0296875
0 0.32109375 0.6265625 0.196875 0.03125
0 0.56484375 0.61640625 0.24375 0.03125
0 0.7828125 0.6109375 0.15 0.0328125
0 0.121875 0.67734375 0.121875 0.0390625
0 0.25546875 0.66640625 0.059375 0.0203125
0 0.47578125 0.6578125 0.315625 0.0328125
0 0.1125 0.73125 0.096875 0.025
0 0.1875 0.7265625 0.040625 0.0203125
0 0.246875 0.728125 0.0671875 0.0234375
0 0.5140625 0.71796875 0.2046875 0.025
0 0.78125 0.7140625 0.08125 0.0203125
0 0.11875 0.80078125 0.1140625 0.0421875
0 0.196875 0.79609375 0.0140625 0.0296875
0 0.2453125 0.80078125 0.0625 0.0296875
0 0.35625 0.79140625 0.140625 0.03125
0 0.4546875 0.7953125 0.0390625 0.0359375
0 0.67109375 0.7828125 0.321875 0.053125
0 0.6625 0.83828125 0.19375 0.05
0 0.0671875 0.86171875 0.015625 0.028125
0 0.146875 0.86171875 0.125 0.03125
0 0.2828125 0.859375 0.13125 0.0328125
0 0.40703125 0.85859375 0.1015625 0.0359375
0 0.5 0.8578125 0.065625 0.034375
0 0.7609375 0.84609375 0.165625 0.0515625
0 0.11171875 0.915625 0.075 0.034375
0 0.171875 0.91796875 0.021875 0.0234375
0 0.28515625 0.9171875 0.08125 0.0265625
0 0.453125 0.91328125 0.0640625 0.0453125
0 0.6015625 0.9078125 0.075 0.0421875
0 0.6625 0.9046875 0.03125 0.01875
0 0.73671875 0.89765625 0.053125 0.0296875
0 0.86953125 0.8921875 0.0953125 0.0453125
0 0.85703125 0.91796875 0.0859375 0.040625
0 0.71171875 0.6515625 0.0890625 0.0375
0 0.8296875 0.5578125 0.11875 0.0265625