0 0.20234375 0.171875 0.1484375 0.1140625
0 0.38359375 0.190625 0.1765625 0.0953125
0 0.53046875 0.23671875 0.0625 0.0828125
0 0.62109375 0.21796875 0.0609375 0.0515625
0 0.7734375 0.225 0.20625 0.14375
0 0.1625 0.3515625 0.10625 0.1046875
0 0.2875 0.35625 0.1140625 0.1015625
0 0.41484375 0.38125 0.075 0.0921875
0 0.5515625 0.42421875 0.1796875 0.1796875
0 0.70546875 0.4203125 0.1265625 0.1640625
0 0.8203125 0.4265625 0.0734375 0.0703125
0 0.91796875 0.42578125 0.0859375 0.0640625
0 0.1625 0.484375 0.0984375 0.1015625
0 0.25703125 0.50078125 0.0328125 0.059375
0 0.3171875 0.5125 0.025 0.046875
0 0.42265625 0.50546875 0.1296875 0.0875
0 0.61015625 0.540625 0.1875 0.1140625
0 0.740625 0.55390625 0.0265625 0.034375
0 0.828125 0.55546875 0.1015625 0.0703125
0 0.94296875 0.5765625 0.1046875 0.1
0 0.20390625 0.67421875 0.178125 0.1109375
0 0.3296875 0.68671875 0.0234375 0.0421875
0 0.42734375 0.70390625 0.1296875 0.1234375
0 0.5859375 0.74296875 0.1296875 0.103125
0 0.68984375 0.734375 0.0546875 0.0890625
0 0.778125 0.7703125 0.090625 0.1421875
0 0.8875 0.76875 0.1046875 0.134375
0 0.2 0.821875 0.165625 0.10625
0 0.4 0.8765625 0.2015625 0.1703125