0 0.33828125 0.040625 0.1484375 0.08125
0 0.18671875 0.06328125 0.0421875 0.046875
0 0.2234375 0.065625 0.025 0.03125
0 0.28203125 0.07109375 0.06875 0.0515625
0 0.43828125 0.0984375 0.075 0.046875
0 0.56328125 0.12109375 0.1734375 0.0921875
0 0.7203125 0.13046875 0.0953125 0.05625
0 0.84375 0.1515625 0.10625 0.0609375
0 0.91328125 0.16640625 0.0390625 0.0359375
0 0.97421875 0.17109375 0.0515625 0.0390625
0 0.11796875 0.1671875 0.0296875 0.0359375
0 0.1984375 0.18671875 0.15 0.0859375
0 0.29453125 0.20859375 0.0359375 0.059375
0 0.384375 0.203125 0.121875 0.059375
0 0.4953125 0.22109375 0.0671875 0.05625
0 0.578125 0.23515625 0.071875 0.0484375
0 0.7109375 0.246875 0.1359375 0.075
0 0.8296875 0.271875 0.0609375 0.0390625
0 0.9296875 0.28125 0.134375 0.0703125
0 0.1578125 0.28671875 0.153125 0.0765625
0 0.26953125 0.303125 0.0390625 0.0359375
0 0.34140625 0.30859375 0.0875 0.0578125
0 0.4359375 0.32890625 0.028125 0.0296875
0 0.5375 0.340625 0.13125 0.065625
0 0.67109375 0.3671875 0.1078125 0.075
0 0.78671875 0.37265625 0.1109375 0.06875
0 0.884375 0.390625 0.0546875 0.0578125
0 0.95078125 0.40546875 0.0984375 0.0890625
0 0.09140625 0.403125 0.0578125 0.0515625
0 0.18984375 0.4171875 0.1296875 0.0765625
0 0.665625 0.49765625 0.125 0.1875
0 0.8671875 0.53828125 0.1703125 0.128125