0 0.428125 0.10390625 0.1953125 0.1640625
0 0.49453125 0.22578125 0.175 0.140625
0 0.64609375 0.271875 0.178125 0.1390625
0 0.1578125 0.5625 0.184375 0.16875
0 0.2921875 0.45703125 0.175 0.1203125
0 0.1125 0.6734375 0.1109375 0.10625
0 0.25859375 0.55546875 0.278125 0.2078125
0 0.4421875 0.46875 0.1296875 0.075
0 0.2390625 0.6703125 0.1390625 0.0875
0 0.17109375 0.78125 0.11875 0.0875
0 0.36484375 0.67109375 0.346875 0.19375
0 0.65859375 0.5515625 0.3265625 0.3
0 0.64921875 0.71796875 0.196875 0.215625
0 0.7953125 0.54375 0.2390625 0.23125
0 0.7375 0.76484375 0.215625 0.190625
0 0.81796875 0.64140625 0.084375 0.0796875
0 0.90234375 0.51875 0.1921875 0.21875
0 0.85625 0.7609375 0.278125 0.221875