0 0.0953125 0.09453125 0.1578125 0.0640625
0 0.2671875 0.09609375 0.1390625 0.06875
0 0.4125 0.09375 0.0546875 0.034375
0 0.59296875 0.090625 0.2015625 0.071875
0 0.81875 0.0828125 0.14375 0.065625
0 0.08515625 0.2046875 0.115625 0.0640625
0 0.25546875 0.1984375 0.1390625 0.065625
0 0.48671875 0.19453125 0.2265625 0.0828125
0 0.6765625 0.18515625 0.071875 0.0484375
0 0.8484375 0.18125 0.1203125 0.0625
0 0.121875 0.29765625 0.2015625 0.0984375
0 0.375 0.29140625 0.203125 0.08125
0 0.5984375 0.27421875 0.1578125 0.06875
0 0.82890625 0.30234375 0.24375 0.084375
0 0.128125 0.409375 0.2140625 0.0734375
0 0.4734375 0.40546875 0.4109375 0.109375
0 0.17421875 0.5140625 0.290625 0.096875
0 0.41953125 0.4921875 0.084375 0.0546875
0 0.6140625 0.48125 0.184375 0.0625
0 0.86796875 0.46875 0.225 0.0875
0 0.128125 0.59765625 0.1984375 0.06875
0 0.47265625 0.659375 0.0921875 0.04375
0 0.60390625 0.6453125 0.040625 0.0203125
0 0.69296875 0.63203125 0.0796875 0.0578125
0 0.475 0.71171875 0.0875 0.05
0 0.5796875 0.7109375 0.0375 0.0203125
0 0.66484375 0.69765625 0.0421875 0.0453125
0 0.74140625 0.69375 0.0296875 0.0125
0 0.81484375 0.684375 0.0765625 0.04375
0 0.06171875 0.79765625 0.0796875 0.0484375
0 0.209375 0.79765625 0.159375 0.059375
0 0.49765625 0.7828125 0.1515625 0.0609375
0 0.640625 0.77265625 0.0359375 0.0203125
0 0.7515625 0.76328125 0.1734375 0.0515625