0 0.1265625 0.22421875 0.153125 0.10625
0 0.33046875 0.1859375 0.20625 0.115625
0 0.55703125 0.1453125 0.203125 0.1140625
0 0.74921875 0.1140625 0.1265625 0.0953125
0 0.16640625 0.3140625 0.240625 0.115625
0 0.409375 0.26953125 0.1765625 0.1078125
0 0.5890625 0.23359375 0.13125 0.0953125
0 0.75546875 0.20703125 0.1390625 0.10625
0 0.878125 0.17890625 0.0953125 0.0796875
0 0.159375 0.48046875 0.1484375 0.1015625
0 0.31640625 0.4515625 0.1421875 0.1
0 0.49765625 0.42421875 0.159375 0.09375
0 0.6796875 0.38828125 0.1578125 0.1125
0 0.19140625 0.57265625 0.1515625 0.103125
0 0.37578125 0.5390625 0.20625 0.11875
0 0.58046875 0.4890625 0.1328125 0.0859375
0 0.725 0.46171875 0.1046875 0.0859375
0 0.22578125 0.65859375 0.225 0.128125
0 0.4421875 0.609375 0.115625 0.0921875