0 0.12265625 0.71328125 0.1125 0.1109375
0 0.20703125 0.6671875 0.059375 0.04375
0 0.30078125 0.6515625 0.10625 0.0796875
0 0.40625 0.6265625 0.06875 0.034375
0 0.49453125 0.6078125 0.0875 0.0421875
0 0.584375 0.596875 0.0765625 0.0546875
0 0.68984375 0.56640625 0.1234375 0.075
0 0.825 0.53359375 0.1734375 0.075
0 0.12109375 0.7765625 0.0359375 0.01875
0 0.18046875 0.7734375 0.0765625 0.0609375
0 0.2875 0.7359375 0.1109375 0.059375
0 0.3765625 0.72421875 0.09375 0.08125
0 0.446875 0.68359375 0.06875 0.0578125
0 0.5328125 0.675 0.1 0.0625
0 0.62109375 0.65078125 0.071875 0.0484375
0 0.69765625 0.6328125 0.0875 0.05
0 0.76484375 0.60703125 0.034375 0.0234375
0 0.8390625 0.58515625 0.1234375 0.0734375
0 0.9484375 0.56484375 0.103125 0.0671875
0 0.171875 0.85078125 0.0828125 0.078125
0 0.2796875 0.81640625 0.1578125 0.078125
0 0.40703125 0.7859375 0.06875 0.05
0 0.46171875 0.76875 0.0515625 0.0296875
0 0.55703125 0.746875 0.1125 0.0453125
0 0.696875 0.7171875 0.140625 0.0515625
0 0.78203125 0.69296875 0.0171875 0.0140625
0 0.84609375 0.671875 0.09375 0.0484375
0 0.88125 0.69375 0.0390625 0.0328125
0 0.909375 0.6890625 0.03125 0.028125
0 0.93203125 0.675 0.0421875 0.0296875
0 0.95546875 0.6734375 0.028125 0.0296875