0 0.759375 0.11484375 0.071875 0.021875
0 0.0953125 0.21875 0.125 0.0390625
0 0.1859375 0.21015625 0.0234375 0.0203125
0 0.30390625 0.20390625 0.1734375 0.0421875
0 0.0921875 0.259375 0.1046875 0.034375
0 0.17109375 0.25078125 0.03125 0.01875
0 0.25 0.2484375 0.0953125 0.03125
0 0.3328125 0.23828125 0.0515625 0.0265625
0 0.3796875 0.2328125 0.0296875 0.0171875
0 0.47265625 0.2234375 0.1265625 0.0390625
0 0.5515625 0.20859375 0.0265625 0.0203125
0 0.63984375 0.20234375 0.1390625 0.0359375
0 0.0578125 0.29921875 0.0328125 0.0171875
0 0.15859375 0.28984375 0.14375 0.0375
0 0.2765625 0.278125 0.078125 0.028125
0 0.38515625 0.26640625 0.11875 0.034375
0 0.071875 0.33203125 0.046875 0.021875
0 0.121875 0.33046875 0.0359375 0.0265625
0 0.19921875 0.321875 0.096875 0.0296875
0 0.2796875 0.3140625 0.0453125 0.021875
0 0.36171875 0.3046875 0.1 0.028125
0 0.43515625 0.2921875 0.01875 0.0171875
0 0.52109375 0.2890625 0.1203125 0.034375
0 0.65546875 0.26796875 0.125 0.0359375
0 0.13046875 0.3609375 0.0875 0.03125
0 0.21484375 0.353125 0.0625 0.0234375
0 0.33828125 0.340625 0.15 0.0359375
0 0.15546875 0.39453125 0.1015625 0.03125
0 0.27265625 0.38125 0.096875 0.028125
0 0.35546875 0.37734375 0.0359375 0.01875
0 0.43046875 0.36484375 0.090625 0.0265625
0 0.525 0.3546875 0.0671875 0.0234375
0 0.18203125 0.42890625 0.15 0.0390625
0 0.29375 0.4171875 0.0484375 0.0203125
0 0.390625 0.40546875 0.1265625 0.03125
0 0.47734375 0.3984375 0.0296875 0.0203125
0 0.52265625 0.390625 0.053125 0.021875
0 0.1671875 0.50078125 0.1796875 0.04375
0 0.13125 0.53828125 0.090625 0.03125
0 0.21640625 0.53046875 0.05625 0.0265625
0 0.325 0.521875 0.146875 0.0421875
0 0.140625 0.57421875 0.0640625 0.0265625
0 0.2328125 0.5640625 0.0875 0.028125
0 0.29921875 0.55703125 0.01875 0.015625
0 0.37265625 0.54921875 0.1125 0.034375
0 0.4546875 0.540625 0.0328125 0.0171875
0 0.5296875 0.5328125 0.0875 0.0265625
0 0.66640625 0.51484375 0.1546875 0.0421875
0 0.1734375 0.60703125 0.0328125 0.0171875
0 0.24609375 0.5984375 0.09375 0.028125
0 0.37578125 0.584375 0.1484375 0.0421875
0 0.184375 0.64375 0.1609375 0.0375
0 0.29765625 0.6328125 0.0375 0.028125
0 0.35703125 0.62265625 0.05 0.0203125
0 0.4328125 0.61328125 0.0796875 0.0265625
0 0.50546875 0.6078125 0.0375 0.0203125
0 0.590625 0.5984375 0.1046875 0.0328125
0 0.66953125 0.58828125 0.0296875 0.0234375
0 0.753125 0.58203125 0.121875 0.034375
0 0.190625 0.67890625 0.1234375 0.0375
0 0.2984375 0.66484375 0.06875 0.021875
0 0.4296875 0.6484375 0.1578125 0.0375
0 0.1921875 0.71015625 0.125 0.034375
0 0.30546875 0.7015625 0.0671875 0.025
0 0.378125 0.69375 0.0484375 0.01875
0 0.49921875 0.678125 0.159375 0.0453125
0 0.6390625 0.66640625 0.1171875 0.03125
0 0.7234375 0.653125 0.025 0.021875
0 0.1859375 0.7484375 0.1546875 0.0390625
0 0.30078125 0.7390625 0.040625 0.025
0 0.3625 0.73046875 0.046875 0.0203125
0 0.45546875 0.721875 0.11875 0.0375
0 0.16328125 0.78984375 0.11875 0.0375
0 0.28046875 0.7765625 0.096875 0.028125
0 0.3828125 0.76640625 0.0953125 0.0296875
0 0.51953125 0.75234375 0.15 0.040625
0 0.63671875 0.7421875 0.0515625 0.021875
0 0.73359375 0.72734375 0.121875 0.034375