0 0.23203125 0.07109375 0.0984375 0.05
0 0.3265625 0.059375 0.05 0.03125
0 0.39140625 0.02890625 0.05 0.0328125
0 0.49375 0.07421875 0.0140625 0.0125
0 0.51640625 0.075 0.0203125 0.0125
0 0.54296875 0.075 0.028125 0.0140625
0 0.6421875 0.06015625 0.053125 0.01875
0 0.69453125 0.06015625 0.0453125 0.0140625
0 0.340625 0.09296875 0.00625 0.0140625
0 0.2390625 0.12734375 0.1015625 0.0484375
0 0.340625 0.13125 0.0078125 0.0140625
0 0.2296875 0.15859375 0.071875 0.0390625
0 0.74609375 0.14765625 0.0140625 0.0140625
0 0.7984375 0.140625 0.0609375 0.0328125
0 0.86796875 0.1453125 0.059375 0.0328125
0 0.75 0.2546875 0.0140625 0.0140625
0 0.803125 0.24609375 0.071875 0.0359375
0 0.7484375 0.296875 0.0078125 0.0140625
0 0.80625 0.296875 0.0953125 0.06875
0 0.9 0.3046875 0.0734375 0.065625
0 0.7578125 0.3390625 0.015625 0.0140625
0 0.7859375 0.34296875 0.03125 0.0203125
0 0.75234375 0.375 0.0078125 0.0140625
0 0.821875 0.3734375 0.0859375 0.053125
0 0.89453125 0.36796875 0.0515625 0.0328125
0 0.78515625 0.4109375 0.0296875 0.015625
0 0.81953125 0.41328125 0.0328125 0.01875
0 0.2609375 0.38125 0.0171875 0.015625
0 0.28828125 0.38515625 0.0328125 0.021875
0 0.24921875 0.44140625 0.0328125 0.015625
0 0.28671875 0.44296875 0.034375 0.0203125
0 0.22421875 0.51171875 0.034375 0.0171875
0 0.26171875 0.51328125 0.034375 0.0203125
0 0.75546875 0.471875 0.0078125 0.015625
0 0.79765625 0.4734375 0.0421875 0.0578125
0 0.87890625 0.46484375 0.0921875 0.0453125
0 0.20625 0.553125 0.0671875 0.0546875
0 0.28515625 0.54921875 0.0734375 0.04375
0 0.33046875 0.55546875 0.009375 0.01875
0 0.1953125 0.6296875 0.1015625 0.06875
0 0.27421875 0.61640625 0.046875 0.0390625
0 0.32265625 0.59453125 0.046875 0.0390625
0 0.328125 0.63203125 0.009375 0.015625
0 0.76953125 0.68984375 0.015625 0.015625
0 0.8265625 0.678125 0.0796875 0.05625
0 0.9421875 0.62421875 0.071875 0.0546875
0 0.771875 0.7421875 0.0140625 0.015625
0 0.81484375 0.74453125 0.040625 0.0625
0 0.90703125 0.72890625 0.115625 0.046875
0 0.19453125 0.8953125 0.1046875 0.071875
0 0.28671875 0.87421875 0.059375 0.04375
0 0.321875 0.89453125 0.0078125 0.0203125
0 0.39453125 0.88828125 0.0828125 0.065625
0 0.48359375 0.87421875 0.0921875 0.05
0 0.521875 0.88984375 0.009375 0.01875
0 0.29296875 0.94296875 0.0484375 0.01875
0 0.33828125 0.94296875 0.0359375 0.0203125
0 0.37109375 0.94296875 0.021875 0.01875
0 0.4015625 0.94140625 0.03125 0.0171875
0 0.446875 0.93984375 0.0515625 0.01875
0 0.690625 0.93203125 0.0359375 0.0171875
0 0.72890625 0.93046875 0.034375 0.0171875
0 0.75859375 0.928125 0.021875 0.0171875
0 0.78671875 0.9265625 0.028125 0.0171875
0 0.828125 0.92578125 0.046875 0.01875