0 0.26953125 0.09375 0.1921875 0.1015625
0 0.2125 0.23359375 0.1875 0.103125
0 0.50234375 0.18984375 0.14375 0.09375
0 0.85703125 0.07734375 0.134375 0.0828125
0 0.446875 0.25 0.0859375 0.071875
0 0.3640625 0.1921875 0.0921875 0.0640625
0 0.26796875 0.28984375 0.1078125 0.0453125
0 0.3609375 0.26328125 0.0828125 0.0546875
0 0.7484375 0.1 0.0859375 0.0578125
0 0.165625 0.30703125 0.0734375 0.04375
0 0.66484375 0.12578125 0.0609375 0.04375
0 0.609375 0.14296875 0.0484375 0.03125
0 0.215625 0.44453125 0.134375 0.078125
0 0.31640625 0.43046875 0.0234375 0.0296875
0 0.41328125 0.4171875 0.128125 0.0796875
0 0.565625 0.36015625 0.1890625 0.0890625
0 0.709375 0.33671875 0.0453125 0.0625
0 0.8109375 0.309375 0.1515625 0.0828125
0 0.22890625 0.5296875 0.0859375 0.078125
0 0.3140625 0.5 0.046875 0.0359375
0 0.4203125 0.48515625 0.1109375 0.0921875
0 0.52890625 0.446875 0.1015625 0.0578125
0 0.59921875 0.43125 0.0421875 0.04375
0 0.6984375 0.40390625 0.125 0.0640625
0 0.8015625 0.3734375 0.078125 0.05625
0 0.88046875 0.353125 0.059375 0.040625
0 0.2859375 0.553125 0.1734375 0.090625
0 0.42734375 0.5375 0.05 0.06875
0 0.48515625 0.5328125 0.071875 0.059375
0 0.5828125 0.51328125 0.0828125 0.0734375
0 0.6828125 0.4671875 0.0890625 0.059375
0 0.303125 0.6765625 0.1828125 0.0984375
0 0.43203125 0.65078125 0.028125 0.0296875
0 0.5484375 0.6171875 0.1671875 0.08125
0 0.67265625 0.60859375 0.0734375 0.08125
0 0.7859375 0.59609375 0.1234375 0.0984375
0 0.92890625 0.56875 0.1421875 0.109375
0 0.3140625 0.76640625 0.1640625 0.0953125
0 0.44609375 0.71484375 0.06875 0.05625
0 0.546875 0.69921875 0.121875 0.1
0 0.3390625 0.93203125 0.1875 0.1328125
0 0.496875 0.9015625 0.0921875 0.0875
0 0.59609375 0.8515625 0.0921875 0.0640625
0 0.6703125 0.83203125 0.046875 0.0484375
0 0.74921875 0.81875 0.0796875 0.0703125
0 0.85078125 0.784375 0.10625 0.0546875
0 0.94765625 0.7765625 0.0578125 0.0546875
0 0.990625 0.765625 0.01875 0.059375
0 0.35546875 0.9703125 0.1828125 0.059375
0 0.49921875 0.95 0.109375 0.0703125
0 0.5953125 0.92734375 0.06875 0.05
0 0.7125 0.91015625 0.146875 0.090625
0 0.82734375 0.8703125 0.090625 0.0875
0 0.91484375 0.86484375 0.0609375 0.0578125