0 0.078125 0.17109375 0.090625 0.0484375
0 0.390625 0.11015625 0.18125 0.06875
0 0.5484375 0.07734375 0.128125 0.065625
0 0.15234375 0.18125 0.175 0.0640625
0 0.0734375 0.2484375 0.0796875 0.03125
0 0.20625 0.21875 0.16875 0.0625
0 0.4375 0.17265625 0.2578125 0.0890625
0 0.071875 0.29765625 0.0640625 0.028125
0 0.23359375 0.2671875 0.1609375 0.0765625
0 0.4671875 0.22421875 0.065625 0.0296875
0 0.60078125 0.19765625 0.1625 0.0609375
0 0.11484375 0.340625 0.1 0.0390625
0 0.225 0.3203125 0.109375 0.034375
0 0.153125 0.37265625 0.1140625 0.05
0 0.28515625 0.3484375 0.0953125 0.0515625
0 0.10546875 0.4390625 0.046875 0.03125
0 0.159375 0.43046875 0.0609375 0.0328125
0 0.215625 0.41640625 0.0453125 0.0265625
0 0.26640625 0.4078125 0.053125 0.0265625
0 0.35 0.39296875 0.1078125 0.0390625
0 0.2234375 0.46171875 0.2046875 0.06875
0 0.40546875 0.41875 0.1203125 0.05
0 0.5625 0.3890625 0.1828125 0.0671875
0 0.14140625 0.53515625 0.1140625 0.059375
0 0.21640625 0.51875 0.0234375 0.0328125
0 0.26015625 0.5109375 0.0734375 0.040625
0 0.371875 0.49375 0.1484375 0.0546875
0 0.4890625 0.46875 0.0921875 0.0421875
0 0.24140625 0.5828125 0.240625 0.1109375
0 0.4515625 0.521875 0.1828125 0.0828125
0 0.19609375 0.721875 0.0875 0.075
0 0.31015625 0.6984375 0.15 0.1109375
0 0.43515625 0.6640625 0.1171875 0.0671875
0 0.56484375 0.63203125 0.1328125 0.0734375
0 0.68671875 0.60859375 0.1234375 0.0953125
0 0.2109375 0.771875 0.0953125 0.0609375
0 0.36796875 0.74296875 0.2234375 0.103125
0 0.5203125 0.696875 0.0875 0.0546875
0 0.66328125 0.6765625 0.16875 0.1
0 0.34609375 0.79296875 0.190625 0.0796875
0 0.47734375 0.75703125 0.0359375 0.0515625
0 0.1875 0.9265625 0.0421875 0.0375
0 0.2515625 0.915625 0.0640625 0.0453125
0 0.3671875 0.91484375 0.125 0.09375
0 0.45546875 0.88515625 0.0734375 0.04375
0 0.565625 0.86171875 0.11875 0.059375
0 0.70078125 0.82890625 0.1421875 0.0625
0 0.83125 0.796875 0.1140625 0.053125
0 0.1984375 0.95625 0.0734375 0.0453125
0 0.30703125 0.94453125 0.1203125 0.0546875
0 0.4890625 0.9171875 0.215625 0.0796875
0 0.63515625 0.8828125 0.04375 0.046875
0 0.73046875 0.8609375 0.121875 0.06875
0 0.25703125 0.9734375 0.1515625 0.053125
0 0.38203125 0.96328125 0.078125 0.046875
0 0.51328125 0.93984375 0.175 0.0625
0 0.70859375 0.90234375 0.2140625 0.0703125
0 0.3546875 0.9953125 0.05 0.009375
0 0.1765625 0.15234375 0.0421875 0.025