0 0.36015625 0.0125 0.0484375 0.025
0 0.41953125 0.02109375 0.0765625 0.0421875
0 0.471875 0.03515625 0.0359375 0.0390625
0 0.5375 0.053125 0.015625 0.0234375
0 0.57578125 0.0609375 0.065625 0.04375
0 0.61484375 0.07265625 0.0265625 0.028125
0 0.68203125 0.08828125 0.109375 0.0546875
0 0.7515625 0.1046875 0.040625 0.0296875
0 0.78671875 0.109375 0.040625 0.0359375
0 0.846875 0.128125 0.0953125 0.0515625
0 0.91953125 0.146875 0.0609375 0.046875
0 0.96328125 0.15625 0.0421875 0.034375
0 0.234375 0.02109375 0.096875 0.0421875
0 0.30390625 0.0296875 0.040625 0.0421875
0 0.4 0.059375 0.0625 0.0375
0 0.46953125 0.159375 0.028125 0.0453125
0 0.5734375 0.1921875 0.1046875 0.090625
0 0.5109375 0.046875 0.0453125 0.040625
0 0.3484375 0.040625 0.053125 0.0359375
0 0.440625 0.0640625 0.0234375 0.0265625
0 0.5078125 0.08125 0.109375 0.0484375
0 0.5828125 0.1 0.040625 0.0296875
0 0.634375 0.1125 0.0609375 0.034375
0 0.68125 0.1234375 0.025 0.0265625
0 0.73828125 0.13828125 0.0859375 0.04375
0 0.81015625 0.15546875 0.0578125 0.0390625
0 0.1828125 0.06953125 0.0203125 0.0234375
0 0.25234375 0.09140625 0.075 0.06875
0 0.321875 0.11484375 0.053125 0.059375
0 0.41484375 0.13515625 0.10625 0.071875
0 0.50234375 0.16875 0.059375 0.0625
0 0.64375 0.2 0.0515625 0.053125
0 0.696875 0.22265625 0.05 0.0390625
0 0.7421875 0.23046875 0.046875 0.08125
0 0.8140625 0.2359375 0.10625 0.0703125
0 0.878125 0.26171875 0.0296875 0.034375
0 0.91875 0.27265625 0.0484375 0.0640625
0 0.19765625 0.16875 0.0921875 0.0625
0 0.29453125 0.18828125 0.090625 0.059375
0 0.36015625 0.20859375 0.034375 0.0421875
0 0.44140625 0.2375 0.1046875 0.0703125
0 0.14609375 0.2046875 0.021875 0.0265625
0 0.2 0.23203125 0.05625 0.046875
0 0.2515625 0.24375 0.0359375 0.0421875
0 0.31171875 0.26171875 0.0625 0.0484375
0 0.375 0.27265625 0.05 0.059375
0 0.4640625 0.29375 0.1203125 0.0765625
0 0.57265625 0.3328125 0.1109375 0.09375
0 0.66484375 0.3421875 0.05 0.05625
0 0.7328125 0.3796875 0.0796875 0.0859375
0 0.81796875 0.38203125 0.075 0.05625
0 0.884375 0.3953125 0.053125 0.053125
0 0.93671875 0.41171875 0.0703125 0.0484375
0 0.1171875 0.28515625 0.059375 0.0578125
0 0.1859375 0.30546875 0.0515625 0.0546875
0 0.2546875 0.321875 0.075 0.078125
0 0.3078125 0.3375 0.0359375 0.0375
0 0.3796875 0.3515625 0.075 0.053125
0 0.11015625 0.34453125 0.0203125 0.025
0 0.1671875 0.3671875 0.065625 0.0671875
0 0.25390625 0.41328125 0.0921875 0.078125
0 0.33515625 0.41484375 0.0375 0.04375
0 0.4234375 0.45078125 0.1109375 0.0890625
0 0.51484375 0.45546875 0.0625 0.0625
0 0.57578125 0.46796875 0.0484375 0.0609375
0 0.64375 0.49765625 0.09375 0.0734375
0 0.72734375 0.52578125 0.0734375 0.1015625
0 0.8015625 0.53046875 0.0625 0.0453125
0 0.878125 0.53125 0.0671875 0.0625
0 0.140625 0.45859375 0.09375 0.0765625
0 0.23203125 0.4625 0.053125 0.053125
0 0.321875 0.48984375 0.1296875 0.075
0 0.03515625 0.51953125 0.0328125 0.028125
0 0.0875 0.53046875 0.0671875 0.0359375
0 0.1453125 0.5421875 0.046875 0.034375
0 0.18515625 0.5546875 0.0375 0.025
0 0.225 0.565625 0.0390625 0.0296875
0 0.26796875 0.56796875 0.0421875 0.03125
0 0.35 0.58515625 0.1140625 0.0484375
0 0.4390625 0.6046875 0.0578125 0.034375
0 0.52265625 0.621875 0.10625 0.0484375
0 0.60390625 0.64296875 0.0609375 0.0421875
0 0.05625 0.62421875 0.0265625 0.0421875
0 0.14375 0.6375 0.0796875 0.0625
0 0.22109375 0.66875 0.0796875 0.08125
0 0.28671875 0.67109375 0.05 0.046875
0 0.35390625 0.6890625 0.0625 0.0390625
0 0.45546875 0.71796875 0.1265625 0.10625
0 0.55703125 0.7359375 0.078125 0.078125
0 0.63046875 0.74375 0.05625 0.0484375
0 0.7109375 0.76171875 0.0890625 0.0546875
0 0.8109375 0.78203125 0.109375 0.0578125
0 0.0671875 0.71015625 0.0671875 0.053125
0 0.15078125 0.71875 0.0640625 0.0625
0 0.2734375 0.7515625 0.1765625 0.13125
0 0.40078125 0.7859375 0.0875 0.0796875
0 0.525 0.80625 0.171875 0.10625