0 0.43671875 0.0125 0.2109375 0.025
0 0.19609375 0.03203125 0.1265625 0.0640625
0 0.334375 0.05078125 0.0859375 0.05625
0 0.4546875 0.065625 0.1125 0.0765625
0 0.6390625 0.109375 0.215625 0.121875
0 0.85703125 0.1203125 0.18125 0.0921875
0 0.9890625 0.14921875 0.021875 0.0515625
0 0.16953125 0.11796875 0.1328125 0.0765625
0 0.290625 0.13515625 0.0890625 0.06875
0 0.51328125 0.18125 0.3265625 0.15
0 0.82421875 0.2125 0.24375 0.1328125
0 0.98515625 0.25625 0.0296875 0.071875
0 0.12578125 0.209375 0.065625 0.0671875
0 0.234375 0.2265625 0.0953125 0.06875
0 0.4171875 0.24921875 0.228125 0.1046875
0 0.6234375 0.30703125 0.14375 0.1078125
0 0.76640625 0.3109375 0.059375 0.0671875
0 0.9203125 0.34296875 0.159375 0.0984375
0 0.10625 0.29453125 0.0484375 0.0578125
0 0.21953125 0.31484375 0.1109375 0.078125
0 0.38046875 0.35625 0.159375 0.084375
0 0.615625 0.403125 0.228125 0.128125
0 0.88046875 0.428125 0.203125 0.1046875
0 0.07890625 0.396875 0.075 0.0703125
0 0.1984375 0.434375 0.146875 0.0984375
0 0.3828125 0.453125 0.1546875 0.096875
0 0.5609375 0.50078125 0.1390625 0.0984375
0 0.80390625 0.553125 0.2984375 0.159375
0 0.97890625 0.61640625 0.028125 0.065625
0 0.10859375 0.52109375 0.20625 0.1125
0 0.28125 0.5671875 0.1484375 0.103125
0 0.48984375 0.60078125 0.19375 0.121875
0 0.6453125 0.6234375 0.0734375 0.06875
0 0.7609375 0.66640625 0.059375 0.0734375
0 0.88046875 0.69921875 0.121875 0.071875
0 0.05625 0.61484375 0.1125 0.0796875
0 0.25703125 0.66171875 0.26875 0.165625
0 0.4609375 0.7046875 0.134375 0.1
0 0.675 0.77109375 0.275 0.1515625
0 0.88984375 0.8375 0.1015625 0.0859375
0 0.06015625 0.721875 0.1203125 0.103125
0 0.23359375 0.77109375 0.1328125 0.0828125
0 0.41015625 0.8328125 0.146875 0.0859375
0 0.6203125 0.8875 0.1578125 0.10625
0 0.83046875 0.94375 0.165625 0.0984375
0 0.15 0.87734375 0.1921875 0.1078125
0 0.40546875 0.94453125 0.2484375 0.1109375
0 0.5796875 0.9890625 0.071875 0.021875