0 0.2453125 0.2046875 0.1921875 0.1015625
0 0.51484375 0.253125 0.2609375 0.134375
0 0.68671875 0.27265625 0.0515625 0.0515625
0 0.82578125 0.2984375 0.1484375 0.109375
0 0.22734375 0.35703125 0.2359375 0.175
0 0.38984375 0.340625 0.0234375 0.0609375
0 0.51640625 0.35625 0.1765625 0.0921875
0 0.6890625 0.37265625 0.115625 0.084375
0 0.8453125 0.38671875 0.1578125 0.0875
0 0.1859375 0.45 0.2109375 0.10625
0 0.42421875 0.47109375 0.16875 0.090625
0 0.61640625 0.50078125 0.178125 0.1296875
0 0.74375 0.496875 0.05625 0.0625
0 0.84375 0.49140625 0.0703125 0.078125
0 0.2140625 0.57109375 0.26875 0.1265625
0 0.25390625 0.68203125 0.2734375 0.121875
0 0.4859375 0.690625 0.19375 0.1125
0 0.68203125 0.7140625 0.16875 0.1125
0 0.86796875 0.75078125 0.1890625 0.1625
0 0.0890625 0.81171875 0.1375 0.0640625
0 0.4546875 0.82734375 0.175 0.08125
0 0.82421875 0.86015625 0.11875 0.0703125