0 0.15546875 0.06875 0.2015625 0.0390625
0 0.125 0.11484375 0.1265625 0.0265625
0 0.3140625 0.11171875 0.1578125 0.0265625
0 0.41328125 0.103125 0.021875 0.00625
0 0.5109375 0.1015625 0.13125 0.025
0 0.7328125 0.11171875 0.0671875 0.0296875
0 0.52421875 0.146875 0.1484375 0.034375
0 0.1125 0.20625 0.11875 0.0265625
0 0.2875 0.19765625 0.146875 0.028125
0 0.38125 0.19453125 0.025 0.00625
0 0.4671875 0.19296875 0.1296875 0.028125
0 0.48046875 0.2328125 0.1390625 0.028125
0 0.46640625 0.2796875 0.090625 0.025
0 0.7 0.21484375 0.0671875 0.025
0 0.0890625 0.340625 0.0625 0.021875
0 0.1703125 0.33515625 0.059375 0.025
0 0.22578125 0.3328125 0.01875 0.00625
0 0.31796875 0.33125 0.1390625 0.028125
0 0.3390625 0.37578125 0.1703125 0.0265625
0 0.52109375 0.36875 0.146875 0.021875
0 0.71875 0.3296875 0.0671875 0.028125
0 0.3796875 0.42265625 0.2296875 0.0375
0 0.509375 0.41171875 0.0234375 0.0078125
0 0.5609375 0.40859375 0.0328125 0.028125
0 0.621875 0.40625 0.0390625 0.025
0 0.2015625 0.47421875 0.2984375 0.0421875
0 0.38125 0.46171875 0.021875 0.0078125
0 0.475 0.46015625 0.146875 0.028125
0 0.565625 0.45625 0.025 0.00625
0 0.671875 0.44921875 0.06875 0.0234375
0 0.4546875 0.5078125 0.134375 0.034375
0 0.59765625 0.49765625 0.075 0.0203125
0 0.65625 0.4953125 0.0234375 0.00625
0 0.74609375 0.48125 0.08125 0.040625
0 0.51796875 0.55390625 0.234375 0.0421875
0 0.70859375 0.5390625 0.109375 0.0359375
0 0.4703125 0.59453125 0.1140625 0.028125
0 0.890625 0.53671875 0.0515625 0.025
0 0.09765625 0.659375 0.1140625 0.0375
0 0.21875 0.65703125 0.125 0.028125
0 0.31796875 0.65234375 0.0265625 0.0078125
0 0.41015625 0.64609375 0.146875 0.0328125
0 0.52578125 0.6359375 0.01875 0.00625
0 0.596875 0.63203125 0.0671875 0.0265625
0 0.409375 0.6953125 0.1421875 0.040625
0 0.53984375 0.684375 0.0859375 0.01875
0 0.6078125 0.67890625 0.0265625 0.0109375
0 0.66640625 0.66875 0.0578125 0.0375
0 0.74609375 0.6640625 0.0375 0.028125
0 0.39921875 0.73984375 0.103125 0.0296875
0 0.528125 0.73203125 0.125 0.0375
0 0.61875 0.71953125 0.028125 0.009375
0 0.6828125 0.715625 0.0671875 0.0296875
0 0.121875 0.81015625 0.1640625 0.0484375
0 0.2859375 0.796875 0.10625 0.03125
0 0.42109375 0.7921875 0.165625 0.0390625
0 0.53203125 0.77578125 0.028125 0.009375
0 0.62578125 0.76875 0.15 0.0390625
0 0.73671875 0.75859375 0.0265625 0.009375
0 0.7875 0.7515625 0.05625 0.0296875
0 0.64140625 0.81875 0.196875 0.053125
0 0.75859375 0.8046875 0.0265625 0.0078125
0 0.80625 0.79765625 0.0546875 0.0375
0 0.859375 0.79453125 0.0421875 0.0265625
0 0.62578125 0.8703125 0.15625 0.0359375
0 0.76796875 0.8578125 0.109375 0.0390625
0 0.10625 0.95234375 0.1625 0.0296875
0 0.31640625 0.93515625 0.18125 0.0359375
0 0.43515625 0.92578125 0.0234375 0.0078125
0 0.5265625 0.9203125 0.15 0.034375
0 0.6453125 0.90625 0.028125 0.009375
0 0.72578125 0.89765625 0.075 0.034375
0 0.50703125 0.96953125 0.103125 0.0390625
0 0.68515625 0.95078125 0.1953125 0.0390625
0 0.83125 0.93046875 0.0640625 0.040625
0 0.9140625 0.92734375 0.053125 0.0265625
0 0.65078125 0.11953125 0.0609375 0.0609375
0 0.5921875 0.2265625 0.0921875 0.103125
0 0.63359375 0.33671875 0.0546875 0.0625
0 0.80625 0.55078125 0.078125 0.0703125