0 0.40078125 0.14140625 0.140625 0.171875
0 0.5484375 0.1578125 0.0625 0.1328125
0 0.68671875 0.2375 0.1046875 0.196875
0 0.80078125 0.184375 0.0640625 0.1625
0 0.91796875 0.25703125 0.1328125 0.2859375
0 0.08515625 0.44609375 0.0640625 0.2453125
0 0.21875 0.3953125 0.0796875 0.1671875
0 0.4640625 0.45390625 0.25625 0.3296875
0 0.709375 0.48828125 0.140625 0.1859375
0 0.86875 0.41171875 0.0921875 0.1734375
0 0.196875 0.7109375 0.246875 0.296875
0 0.3203125 0.7609375 0.0265625 0.11875
0 0.4359375 0.6375 0.096875 0.1578125
0 0.53203125 0.6484375 0.0234375 0.1734375
0 0.64453125 0.628125 0.125 0.190625
0 0.775 0.7328125 0.08125 0.2
0 0.88203125 0.67265625 0.05 0.18125
0 0.08828125 0.90625 0.0765625 0.165625
0 0.2 0.89609375 0.0703125 0.1828125
0 0.2921875 0.91328125 0.09375 0.0953125
0 0.40546875 0.9171875 0.05 0.1078125
0 0.5859375 0.925 0.159375 0.146875
0 0.73515625 0.90703125 0.05625 0.1796875
0 0.9 0.91171875 0.178125 0.1640625
0 0.8796875 0.06640625 0.159375 0.1328125
0 0.1671875 0.1828125 0.2125 0.271875
0 0.9640625 0.03984375 0.0296875 0.071875