0 0.1953125 0.103125 0.228125 0.20625
0 0.37421875 0.1578125 0.1453125 0.2046875
0 0.72734375 0.21484375 0.1875 0.203125
0 0.8015625 0.30234375 0.0390625 0.0828125
0 0.06484375 0.40546875 0.1296875 0.259375
0 0.23203125 0.4546875 0.1921875 0.240625
0 0.446875 0.453125 0.1390625 0.26875
0 0.5453125 0.50859375 0.0875 0.190625
0 0.65546875 0.5703125 0.1296875 0.228125
0 0.7984375 0.5609375 0.19375 0.234375
0 0.0234375 0.75703125 0.046875 0.3015625
0 0.1078125 0.78984375 0.1328125 0.290625
0 0.52890625 0.159375 0.21875 0.221875
0 0.1453125 0.91796875 0.021875 0.040625