0 0.23203125 0.27109375 0.16875 0.1015625
0 0.240625 0.3390625 0.1890625 0.0859375
0 0.3734375 0.3265625 0.053125 0.0640625
0 0.7453125 0.34765625 0.065625 0.0359375
0 0.19375 0.44765625 0.084375 0.075
0 0.2625 0.43984375 0.03125 0.071875
0 0.32109375 0.43125 0.059375 0.0640625
0 0.4078125 0.42109375 0.0859375 0.0609375
0 0.21796875 0.52421875 0.1453125 0.0796875
0 0.53359375 0.47734375 0.134375 0.084375
0 0.21953125 0.6078125 0.13125 0.0796875
0 0.4890625 0.59296875 0.1453125 0.1046875
0 0.2265625 0.6953125 0.1296875 0.0828125
0 0.2921875 0.759375 0.2078125 0.046875
0 0.209375 0.80546875 0.0375 0.03125
0 0.26171875 0.79296875 0.0609375 0.0328125
0 0.303125 0.79296875 0.0109375 0.015625
0 0.3609375 0.78125 0.0953125 0.0359375
0 0.571875 0.75859375 0.0765625 0.028125
0 0.67734375 0.7515625 0.1234375 0.0296875
0 0.7796875 0.74921875 0.0734375 0.034375
0 0.20234375 0.83671875 0.0234375 0.0234375
0 0.2421875 0.83671875 0.046875 0.028125
0 0.2921875 0.82734375 0.0484375 0.0265625
0 0.6875 0.78828125 0.0546875 0.0296875
0 0.74140625 0.78203125 0.0421875 0.0265625
0 0.79140625 0.77890625 0.05625 0.028125
0 0.72578125 0.8171875 0.190625 0.0375