0 0.06171875 0.1546875 0.1234375 0.084375
0 0.2125 0.13203125 0.1453125 0.0859375
0 0.35625 0.11015625 0.0578125 0.0421875
0 0.53515625 0.08203125 0.2078125 0.0984375
0 0.75703125 0.0421875 0.15 0.084375
0 0.05390625 0.265625 0.1078125 0.078125
0 0.21640625 0.23515625 0.1453125 0.0828125
0 0.44375 0.2 0.2328125 0.1125
0 0.63125 0.16328125 0.078125 0.0578125
0 0.80078125 0.1359375 0.1265625 0.078125
0 0.10078125 0.35234375 0.2015625 0.1234375
0 0.346875 0.3109375 0.209375 0.1078125
0 0.56640625 0.2625 0.1640625 0.0890625
0 0.7984375 0.2578125 0.25 0.1171875
0 0.11953125 0.46171875 0.2203125 0.1015625
0 0.46015625 0.41015625 0.415625 0.1640625
0 0.1796875 0.559375 0.2984375 0.1359375
0 0.41953125 0.50390625 0.090625 0.0640625
0 0.61015625 0.465625 0.1890625 0.0859375
0 0.859375 0.41796875 0.23125 0.1171875
0 0.1453125 0.6484375 0.203125 0.0953125
0 0.49453125 0.66171875 0.096875 0.05625
0 0.6234375 0.6296875 0.0421875 0.0265625
0 0.709375 0.60390625 0.0859375 0.0671875
0 0.5046875 0.71328125 0.0921875 0.0609375
0 0.60859375 0.69765625 0.0390625 0.025
0 0.690625 0.6734375 0.046875 0.05
0 0.76640625 0.65859375 0.03125 0.0171875
0 0.8375 0.6390625 0.0796875 0.053125
0 0.1078125 0.85546875 0.084375 0.0578125
0 0.25390625 0.83515625 0.1625 0.0796875
0 0.53671875 0.78046875 0.15625 0.08125
0 0.6765625 0.75078125 0.0375 0.025
0 0.7859375 0.72578125 0.1765625 0.0734375