0 0.6984375 0.16796875 0.0609375 0.0203125
0 0.953125 0.19375 0.04375 0.0171875
0 0.184375 0.1515625 0.084375 0.0203125
0 0.27734375 0.159375 0.071875 0.0203125
0 0.346875 0.165625 0.05625 0.015625
0 0.1515625 0.175 0.0375 0.0125
0 0.19609375 0.17890625 0.0265625 0.015625
0 0.24296875 0.18203125 0.0375 0.0140625
0 0.29765625 0.18828125 0.053125 0.0171875
0 0.390625 0.19453125 0.109375 0.025
0 0.52265625 0.2078125 0.084375 0.021875
0 0.61328125 0.21875 0.084375 0.028125
0 0.15390625 0.203125 0.040625 0.015625
0 0.1984375 0.20625 0.0296875 0.015625
0 0.28671875 0.21171875 0.125 0.0265625
0 0.4328125 0.22734375 0.09375 0.025
0 0.55546875 0.2390625 0.1328125 0.028125
0 0.19609375 0.23046875 0.1328125 0.0296875
0 0.309375 0.24375 0.071875 0.0203125
0 0.36796875 0.24765625 0.0265625 0.0140625
0 0.4171875 0.2546875 0.0546875 0.0171875
0 0.4890625 0.26015625 0.065625 0.015625
0 0.16171875 0.25546875 0.071875 0.0203125
0 0.225 0.26171875 0.0265625 0.0140625
0 0.2671875 0.265625 0.0421875 0.015625
0 0.32109375 0.27109375 0.0390625 0.015625
0 0.3671875 0.2765625 0.03125 0.0171875
0 0.42109375 0.28046875 0.0578125 0.01875
0 0.16640625 0.33984375 0.1640625 0.0359375
0 0.29765625 0.35234375 0.0671875 0.0203125
0 0.3765625 0.36171875 0.0875 0.0234375
0 0.1796875 0.36953125 0.1828125 0.0390625
0 0.35234375 0.38515625 0.1296875 0.0328125
0 0.11953125 0.39296875 0.096875 0.028125
0 0.21953125 0.40234375 0.0828125 0.0234375
0 0.29140625 0.4078125 0.0546875 0.0203125
0 0.3421875 0.41171875 0.0296875 0.0171875
0 0.3953125 0.41875 0.075 0.0234375
0 0.51015625 0.43203125 0.09375 0.025
0 0.590625 0.44296875 0.04375 0.01875
0 0.1125 0.421875 0.0875 0.021875
0 0.1359375 0.45 0.1421875 0.0296875
0 0.2640625 0.46484375 0.0921875 0.0234375
0 0.1625 0.48203125 0.19375 0.0359375
0 0.14921875 0.51171875 0.1109375 0.025
0 0.24140625 0.521875 0.040625 0.0171875
0 0.32109375 0.53046875 0.1015625 0.025
0 0.3828125 0.5328125 0.015625 0.0125
0 0.46953125 0.54375 0.1453125 0.03125
0 0.56640625 0.5578125 0.03125 0.0171875
0 0.60859375 0.55859375 0.0421875 0.01875
0 0.1703125 0.5421875 0.125 0.0296875
0 0.06953125 0.565625 0.0546875 0.0203125
0 0.128125 0.571875 0.0484375 0.0171875
0 0.2171875 0.5828125 0.1046875 0.025
0 0.29453125 0.58671875 0.0265625 0.0171875
0 0.35859375 0.59453125 0.065625 0.021875
0 0.453125 0.60390625 0.1 0.028125
0 0.1015625 0.6609375 0.16875 0.0375
0 0.590625 0.71171875 0.06875 0.0265625
0 0.69609375 0.7234375 0.153125 0.034375
0 0.0640625 0.68828125 0.0671875 0.0203125
0 0.61875 0.74765625 0.1015625 0.025
0 0.70859375 0.7609375 0.0515625 0.0234375
0 0.1203125 0.728125 0.2171875 0.040625
0 0.6390625 0.784375 0.171875 0.0375
0 0.8078125 0.8 0.1640625 0.0359375
0 0.0453125 0.7515625 0.090625 0.021875
0 0.12578125 0.76328125 0.0515625 0.01875
0 0.2109375 0.77109375 0.103125 0.028125
0 0.30625 0.78203125 0.075 0.021875
0 0.61171875 0.8140625 0.115625 0.0328125
0 0.69375 0.82421875 0.0328125 0.01875
0 0.778125 0.82890625 0.11875 0.03125
0 0.88359375 0.840625 0.0734375 0.025
0 0.07265625 0.78671875 0.1453125 0.0328125
0 0.17265625 0.8 0.03125 0.0171875
0 0.2734375 0.81328125 0.1578125 0.0296875
0 0.62578125 0.84609375 0.1390625 0.0296875
0 0.71796875 0.86015625 0.0296875 0.0171875
0 0.7953125 0.8671875 0.096875 0.0296875