0 0.2984375 0.1109375 0.059375 0.01875
0 0.465625 0.08515625 0.3078125 0.1109375
0 0.3140625 0.16328125 0.06875 0.021875
0 0.46015625 0.1484375 0.290625 0.1046875
0 0.153125 0.3375 0.103125 0.0484375
0 0.41171875 0.29765625 0.2984375 0.1
0 0.6421875 0.2671875 0.121875 0.071875
0 0.209375 0.4875 0.1046875 0.1640625
0 0.41328125 0.475 0.1171875 0.203125
0 0.44765625 0.51015625 0.05 0.0484375
0 0.6640625 0.42734375 0.1359375 0.1609375
0 0.5484375 0.55703125 0.2265625 0.109375
0 0.4359375 0.940625 0.184375 0.11875