0 0.178125 0.02421875 0.090625 0.0484375
0 0.259375 0.02734375 0.065625 0.0546875
0 0.36796875 0.0359375 0.115625 0.059375
0 0.5109375 0.04375 0.1390625 0.0640625
0 0.60546875 0.04921875 0.078125 0.0609375
0 0.71171875 0.07734375 0.1625 0.08125
0 0.8859375 0.07109375 0.1453125 0.06875
0 0.16640625 0.10859375 0.19375 0.0671875
0 0.42890625 0.1265625 0.3265625 0.10625
0 0.66328125 0.15546875 0.1640625 0.0859375
0 0.86171875 0.14921875 0.1796875 0.0671875
0 0.11171875 0.1765625 0.0640625 0.053125
0 0.2109375 0.1890625 0.1 0.0515625
0 0.41171875 0.19296875 0.2484375 0.0796875
0 0.62578125 0.2140625 0.13125 0.0625
0 0.8046875 0.23359375 0.20625 0.096875
0 0.13203125 0.246875 0.125 0.065625
0 0.353125 0.265625 0.3375 0.109375
0 0.6265625 0.28046875 0.1828125 0.0671875
0 0.821875 0.3125 0.2046875 0.0765625
0 0.17265625 0.321875 0.2 0.084375
0 0.35 0.340625 0.1765625 0.0796875
0 0.53828125 0.365625 0.19375 0.0734375
0 0.73046875 0.36015625 0.1765625 0.071875
0 0.89921875 0.37578125 0.1359375 0.0625
0 0.09375 0.396875 0.065625 0.0453125
0 0.203125 0.4046875 0.178125 0.1046875
0 0.41328125 0.41796875 0.2140625 0.075
0 0.6453125 0.43203125 0.203125 0.0828125
0 0.80859375 0.44453125 0.059375 0.0546875
0 0.92109375 0.4578125 0.1578125 0.05625
0 0.1890625 0.48046875 0.26875 0.1046875
0 0.39140625 0.4953125 0.13125 0.0484375
0 0.6109375 0.51640625 0.3109375 0.1
0 0.8609375 0.53828125 0.165625 0.0734375
0 0.11484375 0.54375 0.109375 0.0453125
0 0.2390625 0.54609375 0.0703125 0.0328125
0 0.38359375 0.58125 0.1796875 0.0828125
0 0.57109375 0.5734375 0.134375 0.0625
0 0.7375 0.6 0.2078125 0.0625
0 0.89375 0.62890625 0.16875 0.0796875
0 0.10234375 0.62890625 0.1109375 0.046875
0 0.296875 0.63671875 0.29375 0.0828125
0 0.52265625 0.66953125 0.1671875 0.0875
0 0.69609375 0.69140625 0.190625 0.0859375
0 0.903125 0.703125 0.1609375 0.0765625
0 0.08515625 0.69375 0.059375 0.04375
0 0.1921875 0.7 0.0703125 0.059375
0 0.35546875 0.71484375 0.2375 0.0796875
0 0.55078125 0.7375 0.2 0.0859375
0 0.7359375 0.76640625 0.175 0.078125
0 0.88203125 0.77421875 0.1625 0.065625
0 0.10390625 0.76796875 0.128125 0.046875
0 0.27578125 0.7859375 0.1796875 0.06875
0 0.4765625 0.8125 0.1484375 0.0703125
0 0.61640625 0.8453125 0.1765625 0.103125
0 0.79296875 0.853125 0.1859375 0.078125
0 0.14765625 0.8359375 0.2171875 0.0828125
0 0.30546875 0.88046875 0.090625 0.075
0 0.43359375 0.9 0.203125 0.0796875
0 0.61015625 0.92265625 0.0984375 0.08125
0 0.7515625 0.92578125 0.1921875 0.0828125
0 0.84375 0.99296875 0.15625 0.0140625