0 0.15546875 0.24140625 0.1875 0.0921875
0 0.3921875 0.23125 0.240625 0.1625
0 0.5875 0.190625 0.0828125 0.05
0 0.7203125 0.16015625 0.096875 0.0765625
0 0.1390625 0.3609375 0.1609375 0.090625
0 0.32890625 0.340625 0.1390625 0.090625
0 0.53203125 0.3265625 0.2 0.13125
0 0.66953125 0.2890625 0.0171875 0.0140625
0 0.76953125 0.26015625 0.0953125 0.0828125
0 0.16171875 0.48046875 0.1765625 0.0875
0 0.33125 0.4640625 0.096875 0.0625
0 0.4671875 0.43203125 0.1078125 0.0796875
0 0.64921875 0.39765625 0.1859375 0.1015625
0 0.8203125 0.39609375 0.1046875 0.10625
0 0.265625 0.6140625 0.3546875 0.1453125
0 0.58984375 0.5703125 0.240625 0.1171875
0 0.77421875 0.49765625 0.0953125 0.08125
0 0.24296875 0.69140625 0.26875 0.115625
0 0.18203125 0.94375 0.0640625 0.059375
0 0.3703125 0.9234375 0.215625 0.090625
0 0.659375 0.87890625 0.1203125 0.065625
0 0.87890625 0.85078125 0.1828125 0.0921875