0 0.7109375 0.03671875 0.0609375 0.0234375
0 0.1609375 0.01640625 0.0875 0.0328125
0 0.20625 0.040625 0.06875 0.0296875
0 0.26171875 0.04296875 0.0265625 0.01875
0 0.3015625 0.0453125 0.053125 0.028125
0 0.3625 0.05 0.0328125 0.0203125
0 0.42734375 0.059375 0.0953125 0.025
0 0.5296875 0.071875 0.1046875 0.0296875
0 0.61171875 0.084375 0.046875 0.021875
0 0.684375 0.09375 0.0984375 0.028125
0 0.16328125 0.07265625 0.1015625 0.0484375
0 0.25859375 0.071875 0.08125 0.034375
0 0.16875 0.1015625 0.021875 0.0234375
0 0.215625 0.10625 0.08125 0.0421875
0 0.165625 0.1296875 0.028125 0.0296875
0 0.2125 0.1328125 0.071875 0.0265625
0 0.30625 0.140625 0.1078125 0.03125
0 0.4078125 0.15 0.08125 0.025
0 0.159375 0.15859375 0.028125 0.0265625
0 0.25234375 0.1640625 0.103125 0.0328125
0 0.328125 0.1703125 0.01875 0.009375
0 0.36875 0.17578125 0.0578125 0.021875
0 0.4140625 0.18125 0.0296875 0.0203125
0 0.46484375 0.18359375 0.065625 0.028125
0 0.53984375 0.19453125 0.0828125 0.0296875
0 0.60546875 0.20078125 0.0390625 0.0203125
0 0.653125 0.20625 0.0578125 0.0265625
0 0.70859375 0.21796875 0.05 0.021875
0 0.15625 0.1875 0.03125 0.028125
0 0.19140625 0.19453125 0.0484375 0.0265625
0 0.2875 0.19921875 0.1359375 0.0421875
0 0.1046875 0.2515625 0.0265625 0.03125
0 0.16171875 0.25546875 0.0828125 0.0328125
0 0.29296875 0.26640625 0.1703125 0.0484375
0 0.4109375 0.2765625 0.078125 0.0296875
0 0.4921875 0.284375 0.0765625 0.0296875
0 0.55390625 0.2890625 0.0359375 0.0203125
0 0.60078125 0.29453125 0.0578125 0.025
0 0.140625 0.28671875 0.0265625 0.0171875
0 0.18828125 0.2890625 0.0734375 0.0328125
0 0.28125 0.29921875 0.1171875 0.0359375
0 0.42734375 0.3125 0.15625 0.04375
0 0.56328125 0.3125 0.1015625 0.034375
0 0.6453125 0.3203125 0.0609375 0.0234375
0 0.72265625 0.33125 0.0671875 0.025
0 0.775 0.3375 0.034375 0.01875
0 0.5421875 0.32421875 0.04375 0.021875
0 0.59453125 0.3328125 0.0609375 0.0265625
0 0.68984375 0.34609375 0.078125 0.025
0 0.7859375 0.36015625 0.115625 0.0328125
0 0.8640625 0.37265625 0.0484375 0.025
0 0.940625 0.38046875 0.103125 0.0359375
0 0.1390625 0.315625 0.0234375 0.021875
0 0.19140625 0.32421875 0.08125 0.0296875
0 0.28828125 0.33046875 0.1109375 0.034375
0 0.41640625 0.33125 0.0625 0.0296875
0 0.49140625 0.33828125 0.0875 0.0296875
0 0.5796875 0.3484375 0.0875 0.0296875
0 0.67890625 0.365625 0.0796875 0.0296875
0 0.75078125 0.37265625 0.0640625 0.0234375
0 0.44765625 0.34921875 0.10625 0.0296875
0 0.540625 0.36015625 0.075 0.0265625
0 0.6421875 0.36953125 0.1125 0.034375
0 0.8234375 0.39296875 0.075 0.0234375
0 0.91015625 0.39765625 0.1125 0.0328125
0 0.9796875 0.40625 0.040625 0.021875
0 0.91953125 0.4109375 0.1234375 0.0375
0 0.1390625 0.35078125 0.03125 0.0203125
0 0.1921875 0.35390625 0.08125 0.03125
0 0.30078125 0.36328125 0.1109375 0.03125
0 0.42109375 0.36171875 0.0578125 0.025
0 0.50859375 0.37109375 0.121875 0.03125
0 0.5921875 0.384375 0.053125 0.025
0 0.6734375 0.39140625 0.115625 0.0296875
0 0.4515625 0.37890625 0.1015625 0.0296875
0 0.53515625 0.3921875 0.0640625 0.034375
0 0.771875 0.41484375 0.0703125 0.025
0 0.86484375 0.41953125 0.10625 0.0265625
0 0.9609375 0.43515625 0.078125 0.0234375
0 0.89921875 0.43984375 0.1328125 0.0421875
0 0.14375 0.3875 0.0328125 0.0296875
0 0.2 0.3703125 0.0921875 0.0359375
0 0.20703125 0.38828125 0.1 0.0296875
0 0.36796875 0.40625 0.1953125 0.0484375
0 0.53046875 0.403125 0.1390625 0.0375
0 0.665625 0.42109375 0.1453125 0.03125
0 0.525 0.41953125 0.0828125 0.025
0 0.596875 0.42890625 0.0609375 0.0265625
0 0.646875 0.43359375 0.0421875 0.0203125
0 0.68828125 0.44375 0.046875 0.0234375
0 0.771875 0.45390625 0.096875 0.0328125
0 0.846875 0.459375 0.0453125 0.0203125
0 0.93828125 0.471875 0.1234375 0.034375
0 0.5203125 0.43671875 0.0625 0.0265625
0 0.57109375 0.44609375 0.0375 0.0234375
0 0.6390625 0.45234375 0.078125 0.0328125
0 0.71796875 0.4609375 0.0765625 0.0265625
0 0.0875 0.44375 0.034375 0.028125
0 0.16484375 0.45078125 0.1265625 0.0375
0 0.3046875 0.46484375 0.1359375 0.0359375
0 0.42578125 0.4734375 0.0609375 0.0234375
0 0.47890625 0.4796875 0.0296875 0.0171875
0 0.53203125 0.484375 0.0640625 0.021875
0 0.61015625 0.49453125 0.0796875 0.0328125
0 0.6609375 0.4984375 0.0328125 0.021875
0 0.70859375 0.50546875 0.0640625 0.028125
0 0.14140625 0.4765625 0.0359375 0.0234375
0 0.2125 0.48671875 0.1203125 0.034375
0 0.33203125 0.496875 0.10625 0.0296875
0 0.459375 0.49609375 0.0953125 0.03125
0 0.53984375 0.503125 0.0546875 0.0234375
0 0.60390625 0.5125 0.0734375 0.0265625
0 0.4796875 0.51484375 0.0859375 0.0265625
0 0.58203125 0.52734375 0.115625 0.0390625
0 0.6609375 0.528125 0.0328125 0.021875
0 0.70546875 0.5375 0.0578125 0.028125
0 0.7734375 0.546875 0.0640625 0.0265625
0 0.8328125 0.55234375 0.05 0.03125
0 0.89921875 0.5625 0.0875 0.03125
0 0.13046875 0.51015625 0.01875 0.0171875
0 0.2109375 0.515625 0.1125 0.0390625
0 0.32734375 0.525 0.103125 0.0296875
0 0.4421875 0.5421875 0.0703125 0.028125
0 0.5125 0.553125 0.08125 0.0375
0 0.12734375 0.5390625 0.0234375 0.0171875
0 0.22578125 0.54609375 0.103125 0.0375
0 0.34921875 0.559375 0.1296875 0.034375
0 0.4484375 0.56875 0.0734375 0.0296875
0 0.50078125 0.5765625 0.0375 0.028125
0 0.57578125 0.58203125 0.1140625 0.034375
0 0.6734375 0.59296875 0.084375 0.034375
0 0.1375 0.56953125 0.0359375 0.028125
0 0.225 0.58671875 0.1390625 0.0328125
0 0.375 0.60546875 0.1265625 0.0421875
0 0.49453125 0.61640625 0.0890625 0.025
0 0.58828125 0.6234375 0.1125 0.0359375
0 0.678125 0.6234375 0.0296875 0.01875
0 0.72734375 0.6296875 0.08125 0.03125
0 0.82109375 0.6359375 0.10625 0.03125
0 0.7140625 0.64296875 0.0921875 0.0265625
0 0.821875 0.65390625 0.1296875 0.0328125
0 0.1015625 0.6515625 0.109375 0.0375
0 0.19765625 0.6609375 0.078125 0.028125
0 0.28671875 0.66640625 0.065625 0.0328125
0 0.3578125 0.67421875 0.053125 0.028125
0 0.43671875 0.6875 0.1015625 0.034375
0 0.28046875 0.70390625 0.053125 0.034375
0 0.3515625 0.71015625 0.0734375 0.028125
0 0.4109375 0.7140625 0.0421875 0.0234375
0 0.4828125 0.728125 0.071875 0.0359375
0 0.55703125 0.73125 0.0703125 0.028125
0 0.6234375 0.73828125 0.025 0.021875
0 0.67109375 0.7453125 0.0515625 0.0265625
0 0.7296875 0.74609375 0.05 0.025
0 0.04609375 0.721875 0.025 0.021875
0 0.11015625 0.72421875 0.1078125 0.034375
0 0.240625 0.73515625 0.1265625 0.0421875
0 0.32890625 0.74296875 0.0703125 0.0296875
0 0.278125 0.77578125 0.08125 0.03125
0 0.36484375 0.778125 0.0546875 0.0296875
0 0.45 0.78828125 0.09375 0.03125
0 0.5421875 0.8015625 0.09375 0.0359375
0 0.0375 0.78828125 0.0265625 0.015625
0 0.09765625 0.79609375 0.0859375 0.0296875
0 0.2109375 0.80859375 0.125 0.034375
0 0.3328125 0.821875 0.0921875 0.0421875
0 0.02890625 0.82421875 0.0265625 0.025
0 0.08359375 0.8390625 0.0890625 0.040625
0 0.16953125 0.84453125 0.078125 0.03125
0 0.259375 0.8546875 0.0640625 0.0328125
0 0.25078125 0.8859375 0.0703125 0.0328125
0 0.31484375 0.88671875 0.059375 0.03125
0 0.3765625 0.89140625 0.0578125 0.0296875
0 0.45625 0.9 0.078125 0.0296875
0 0.54453125 0.90703125 0.071875 0.0359375
0 0.271875 0.92421875 0.0984375 0.040625
0 0.37734375 0.9328125 0.0859375 0.0296875
0 0.45625 0.93984375 0.0578125 0.03125
0 0.50078125 0.94453125 0.0296875 0.01875
0 0.5546875 0.95 0.0578125 0.028125
0 0.6328125 0.95625 0.071875 0.028125
0 0.70078125 0.96328125 0.0359375 0.0265625
0 0.7609375 0.96796875 0.0828125 0.040625
0 0.12109375 0.9453125 0.109375 0.0359375
0 0.23125 0.95859375 0.1125 0.040625
0 0.3328125 0.9640625 0.0671875 0.0296875
0 0.40390625 0.971875 0.06875 0.0375
0 0.48515625 0.9796875 0.0984375 0.040625
0 0.565625 0.98046875 0.046875 0.0234375
0 0.6296875 0.98515625 0.08125 0.0296875
0 0.7234375 0.9921875 0.08125 0.015625
0 0.1875 0.1625 0.015625 0.0109375
0 0.36328125 0.3390625 0.0203125 0.009375
0 0.371875 0.36796875 0.0203125 0.009375
0 0.38359375 0.46875 0.015625 0.0078125
0 0.40390625 0.50078125 0.01875 0.0046875
0 0.3984375 0.5390625 0.0140625 0.0046875
0 0.30703125 0.596875 0.021875 0.009375
0 0.23515625 0.696875 0.0171875 0.0109375
0 0.22109375 0.7703125 0.021875 0.00625
0 0.22265625 0.8546875 0.01875 0.0109375
0 0.20859375 0.88203125 0.021875 0.0109375
0 0.21484375 0.9125 0.0171875 0.0140625
0 0.309375 0.11015625 0.1015625 0.03125