0 0.134375 0.19296875 0.190625 0.078125
0 0.16171875 0.21796875 0.278125 0.109375
0 0.13515625 0.253125 0.1671875 0.075
0 0.1140625 0.265625 0.065625 0.0296875
0 0.22890625 0.2671875 0.028125 0.01875
0 0.29453125 0.25078125 0.096875 0.040625
0 0.3953125 0.21640625 0.1640625 0.0640625
0 0.5265625 0.18984375 0.075 0.04375
0 0.6109375 0.16328125 0.0875 0.0421875
0 0.696875 0.1421875 0.06875 0.040625
0 0.784375 0.128125 0.0953125 0.0546875
0 0.67421875 0.18046875 0.2375 0.10625
0 0.04140625 0.3625 0.08125 0.0421875
0 0.1109375 0.34609375 0.046875 0.0296875
0 0.2140625 0.3140625 0.1484375 0.0671875
0 0.04296875 0.39375 0.08125 0.046875
0 0.1234375 0.3765625 0.0703125 0.040625
0 0.22265625 0.34921875 0.11875 0.05625
0 0.3265625 0.32109375 0.0765625 0.0484375
0 0.396875 0.30546875 0.0546875 0.040625
0 0.4515625 0.2921875 0.0296875 0.0265625
0 0.50625 0.2828125 0.0671875 0.0421875
0 0.58046875 0.25859375 0.0734375 0.0421875
0 0.65625 0.2375 0.059375 0.0390625
0 0.74609375 0.2203125 0.1046875 0.0546875
0 0.83046875 0.1984375 0.0703125 0.040625
0 0.0609375 0.41875 0.0796875 0.046875
0 0.14765625 0.396875 0.08125 0.046875
0 0.2359375 0.371875 0.109375 0.05625
0 0.321875 0.35546875 0.0421875 0.034375
0 0.3640625 0.3421875 0.0328125 0.0265625
0 0.45703125 0.3203125 0.13125 0.071875
0 0.61640625 0.2796875 0.18125 0.075
0 0.7625 0.24296875 0.1140625 0.05625
0 0.846875 0.2234375 0.075 0.04375
0 0.07890625 0.44765625 0.1046875 0.059375
0 0.1609375 0.42265625 0.0359375 0.03125
0 0.2078125 0.409375 0.0296875 0.0265625
0 0.28984375 0.3890625 0.1 0.05
0 0.4265625 0.35390625 0.15 0.0625
0 0.53515625 0.33203125 0.0453125 0.03125
0 0.61171875 0.31015625 0.0984375 0.05
0 0.7296875 0.28203125 0.13125 0.0671875
0 0.08828125 0.49765625 0.075 0.04375
0 0.234375 0.46015625 0.18125 0.075
0 0.3703125 0.42734375 0.065625 0.0421875
0 0.465625 0.40078125 0.103125 0.05
0 0.28125 0.48359375 0.109375 0.0546875
0 0.46484375 0.43828125 0.2265625 0.084375
0 0.17421875 0.55390625 0.059375 0.028125
0 0.22421875 0.5421875 0.028125 0.0171875
0 0.278125 0.52734375 0.0671875 0.0296875
0 0.33359375 0.53203125 0.196875 0.078125
0 0.52890625 0.48203125 0.1703125 0.075
0 0.321875 0.56328125 0.1828125 0.0765625
0 0.47109375 0.52265625 0.09375 0.0484375
0 0.58125 0.496875 0.1140625 0.053125
0 0.709375 0.46328125 0.121875 0.059375
0 0.28828125 0.60078125 0.103125 0.053125
0 0.38203125 0.578125 0.0484375 0.034375
0 0.4890625 0.55078125 0.1234375 0.0546875
0 0.60546875 0.5203125 0.084375 0.0453125
0 0.4703125 0.56875 0.034375 0.021875
0 0.52734375 0.553125 0.0671875 0.03125
0 0.59296875 0.53828125 0.0546875 0.025
0 0.6609375 0.5265625 0.0703125 0.0328125
0 0.34296875 0.61953125 0.1859375 0.078125
0 0.48671875 0.58125 0.0890625 0.0453125
0 0.6078125 0.55234375 0.1296875 0.0609375
0 0.3203125 0.6546875 0.1046875 0.0515625
0 0.4375 0.6265625 0.0875 0.0484375
0 0.53828125 0.6015625 0.096875 0.05
0 0.60390625 0.58359375 0.03125 0.025
0 0.6828125 0.5625 0.1 0.046875
0 0.3265625 0.6875 0.09375 0.046875
0 0.4359375 0.6578125 0.1015625 0.0484375
0 0.55078125 0.62734375 0.1234375 0.0578125
0 0.146875 0.8359375 0.0234375 0.01875
0 0.1984375 0.82109375 0.0671875 0.03125
0 0.2640625 0.80625 0.0515625 0.025
0 0.3359375 0.7875 0.0765625 0.0328125
0 0.21953125 0.86640625 0.184375 0.078125
0 0.45546875 0.80546875 0.2296875 0.0875
0 0.61015625 0.76484375 0.075 0.040625
0 0.74921875 0.765625 0.025 0.0203125
0 0.7796875 0.76015625 0.0234375 0.0171875
0 0.82265625 0.7453125 0.053125 0.0265625
0 0.88984375 0.7265625 0.0828125 0.040625
0 0.3328125 0.503125 0.2 0.08125
0 0.4921875 0.46015625 0.0921875 0.0484375
0 0.5734375 0.43984375 0.0453125 0.034375
0 0.66796875 0.41484375 0.128125 0.0578125