0 0.22734375 0.025 0.0703125 0.0375
0 0.271875 0.034375 0.0109375 0.0234375
0 0.30234375 0.04296875 0.04375 0.03125
0 0.37109375 0.059375 0.0875 0.040625
0 0.43515625 0.0734375 0.03125 0.028125
0 0.35234375 0.12734375 0.20625 0.0921875
0 0.21328125 0.2 0.065625 0.0359375
0 0.25234375 0.20625 0.0078125 0.0171875
0 0.2796875 0.2125 0.0375 0.0234375
0 0.33984375 0.23203125 0.078125 0.0390625
0 0.40625 0.24375 0.053125 0.0296875
0 0.3015625 0.29296875 0.2953125 0.128125
0 0.63203125 0.3453125 0.321875 0.1140625
0 0.19921875 0.39140625 0.153125 0.0609375
0 0.50859375 0.44375 0.05625 0.0359375
0 0.62890625 0.46015625 0.1984375 0.1078125
0 0.19296875 0.43828125 0.1890625 0.084375
0 0.38359375 0.4703125 0.2015625 0.08125
0 0.5546875 0.49296875 0.096875 0.059375
0 0.66328125 0.51640625 0.1296875 0.0578125
0 0.20078125 0.490625 0.221875 0.09375
0 0.371875 0.515625 0.096875 0.046875
0 0.5484375 0.5421875 0.2265625 0.1
0 0.72890625 0.58125 0.09375 0.0453125
0 0.46640625 0.659375 0.0453125 0.03125
0 0.5765625 0.66953125 0.15 0.075
0 0.48515625 0.7015625 0.1046875 0.0625
0 0.59140625 0.71484375 0.08125 0.0578125
0 0.68125 0.725 0.1015625 0.0609375
0 0.45234375 0.7375 0.2109375 0.096875
0 0.60625 0.76484375 0.0640625 0.053125
0 0.28359375 0.7328125 0.1921875 0.0890625
0 0.59921875 0.80078125 0.296875 0.11875
0 0.1171875 0.7515625 0.13125 0.071875
0 0.44296875 0.809375 0.2 0.08125
0 0.3828125 0.840625 0.06875 0.0421875
0 0.16796875 0.6015625 0.11875 0.084375
0 0.35546875 0.41640625 0.1828125 0.071875
0 0.25234375 0.61328125 0.05 0.04375
0 0.31796875 0.63125 0.040625 0.0234375
0 0.3921875 0.64375 0.0703125 0.0609375
0 0.203125 0.7703125 0.0390625 0.0171875
0 0.26328125 0.78203125 0.0375 0.0140625
0 0.31796875 0.79296875 0.0625 0.0515625
0 0.51640625 0.86484375 0.203125 0.0796875