0 0.76640625 0.065625 0.0625 0.03125
0 0.26484375 0.01328125 0.0703125 0.0265625
0 0.31953125 0.0171875 0.028125 0.0203125
0 0.35859375 0.025 0.0546875 0.034375
0 0.41875 0.03671875 0.0328125 0.0234375
0 0.48203125 0.05390625 0.0953125 0.0359375
0 0.58203125 0.07890625 0.10625 0.0421875
0 0.66171875 0.1015625 0.0484375 0.0265625
0 0.73203125 0.11875 0.0984375 0.0390625
0 0.21796875 0.034375 0.1046875 0.0609375
0 0.3125 0.0453125 0.0828125 0.04375
0 0.21953125 0.0640625 0.0234375 0.025
0 0.265625 0.075 0.084375 0.05
0 0.21328125 0.09140625 0.03125 0.0328125
0 0.259375 0.10078125 0.0734375 0.034375
0 0.3515625 0.11953125 0.109375 0.04375
0 0.4515625 0.14140625 0.0828125 0.034375
0 0.20390625 0.11953125 0.03125 0.0296875
0 0.2953125 0.1359375 0.103125 0.04375
0 0.36953125 0.1515625 0.01875 0.0109375
0 0.409375 0.1625 0.059375 0.028125
0 0.45390625 0.1734375 0.03125 0.0234375
0 0.50390625 0.18203125 0.065625 0.034375
0 0.5765625 0.2015625 0.0828125 0.0390625
0 0.640625 0.215625 0.040625 0.0234375
0 0.68828125 0.22734375 0.059375 0.0328125
0 0.74140625 0.2453125 0.0515625 0.0265625
0 0.196875 0.14765625 0.034375 0.03125
0 0.23046875 0.15859375 0.05 0.03125
0 0.32578125 0.17578125 0.1375 0.0578125
0 0.13828125 0.20546875 0.0296875 0.0328125
0 0.19453125 0.21640625 0.084375 0.0421875
0 0.32265625 0.24296875 0.171875 0.06875
0 0.4390625 0.2671875 0.0796875 0.0375
0 0.51796875 0.28515625 0.078125 0.0375
0 0.57890625 0.296875 0.0375 0.025
0 0.625 0.30859375 0.0578125 0.03125
0 0.16953125 0.24453125 0.028125 0.0203125
0 0.21640625 0.25234375 0.075 0.040625
0 0.3078125 0.27421875 0.1171875 0.0484375
0 0.45078125 0.3046875 0.15625 0.0609375
0 0.58515625 0.321875 0.103125 0.0453125
0 0.66640625 0.33984375 0.0625 0.0296875
0 0.74140625 0.359375 0.0671875 0.0328125
0 0.7921875 0.371875 0.0359375 0.0234375
0 0.56328125 0.33125 0.04375 0.0265625
0 0.6140625 0.34609375 0.0625 0.034375
0 0.70703125 0.3703125 0.078125 0.034375
0 0.80078125 0.39609375 0.1171875 0.0453125
0 0.8765625 0.41796875 0.05 0.0296875
0 0.94921875 0.434375 0.1015625 0.046875
0 0.1640625 0.2734375 0.0265625 0.025
0 0.215625 0.2875 0.0828125 0.0390625
0 0.3109375 0.30546875 0.1109375 0.046875
0 0.4375 0.321875 0.0640625 0.0359375
0 0.5109375 0.33828125 0.0890625 0.040625
0 0.59765625 0.35859375 0.0875 0.0390625
0 0.69375 0.38828125 0.08125 0.0375
0 0.7640625 0.40390625 0.065625 0.03125
0 0.46640625 0.34375 0.10625 0.0421875
0 0.55703125 0.36640625 0.0765625 0.034375
0 0.65703125 0.38828125 0.1125 0.046875
0 0.83359375 0.43359375 0.0765625 0.0328125
0 0.91953125 0.4484375 0.1125 0.0453125
0 0.98359375 0.465625 0.0328125 0.028125
0 0.92734375 0.46328125 0.1234375 0.0515625
0 0.16015625 0.3078125 0.0328125 0.0234375
0 0.2125 0.3171875 0.0828125 0.040625
0 0.31875 0.340625 0.1125 0.04375
0 0.43828125 0.353125 0.059375 0.03125
0 0.52421875 0.3734375 0.121875 0.046875
0 0.60546875 0.39609375 0.0546875 0.03125
0 0.68515625 0.41328125 0.115625 0.0421875
0 0.46640625 0.3734375 0.1015625 0.0421875
0 0.54765625 0.396875 0.0671875 0.040625
0 0.78046875 0.4484375 0.071875 0.0328125
0 0.871875 0.46484375 0.10625 0.0390625
0 0.96328125 0.4921875 0.0734375 0.034375
0 0.903125 0.4890625 0.134375 0.05625
0 0.16015625 0.34453125 0.034375 0.0328125
0 0.21796875 0.334375 0.0921875 0.046875
0 0.22265625 0.353125 0.1015625 0.040625
0 0.38046875 0.390625 0.1953125 0.071875
0 0.5421875 0.4078125 0.1390625 0.053125
0 0.67421875 0.44140625 0.14375 0.0484375
0 0.534375 0.42265625 0.0828125 0.034375
0 0.6046875 0.44140625 0.0609375 0.0328125
0 0.65390625 0.45234375 0.04375 0.025
0 0.69375 0.4671875 0.0484375 0.0296875
0 0.77578125 0.4875 0.0984375 0.04375
0 0.84921875 0.50234375 0.046875 0.025
0 0.93828125 0.52578125 0.1234375 0.0484375
0 0.52734375 0.43984375 0.0640625 0.0328125
0 0.5765625 0.45546875 0.0390625 0.028125
0 0.64375 0.46953125 0.0796875 0.0421875
0 0.72109375 0.4875 0.078125 0.0359375
0 0.096875 0.39453125 0.0359375 0.03125
0 0.1734375 0.41015625 0.1265625 0.0515625
0 0.3109375 0.44140625 0.1359375 0.0515625
0 0.4296875 0.46484375 0.0625 0.0296875
0 0.48125 0.47734375 0.03125 0.0203125
0 0.53359375 0.48828125 0.065625 0.0296875
0 0.609375 0.5078125 0.08125 0.0421875
0 0.66015625 0.51796875 0.034375 0.025
0 0.70625 0.53046875 0.065625 0.034375
0 0.146875 0.4328125 0.0375 0.0265625
0 0.215625 0.45234375 0.1203125 0.0484375
0 0.33359375 0.47578125 0.10625 0.0421875
0 0.46015625 0.490625 0.0953125 0.0421875
0 0.5390625 0.5078125 0.05625 0.028125
0 0.6015625 0.525 0.075 0.034375
0 0.478125 0.5125 0.0859375 0.0359375
0 0.578125 0.5375 0.1171875 0.0515625
0 0.65625 0.54765625 0.034375 0.0265625
0 0.7 0.5625 0.059375 0.034375
0 0.765625 0.5796875 0.0640625 0.0328125
0 0.82421875 0.5921875 0.0515625 0.0359375
0 0.8890625 0.6109375 0.0875 0.040625
0 0.13203125 0.46484375 0.0203125 0.01875
0 0.2109375 0.48046875 0.1140625 0.0515625
0 0.32578125 0.50390625 0.103125 0.0421875
0 0.4375 0.534375 0.071875 0.0359375
0 0.50625 0.55390625 0.0828125 0.046875
0 0.12578125 0.49375 0.025 0.0203125
0 0.221875 0.51171875 0.1046875 0.05
0 0.34296875 0.540625 0.1296875 0.0484375
0 0.440625 0.56171875 0.075 0.0375
0 0.49140625 0.57578125 0.0390625 0.03125
0 0.56484375 0.590625 0.1140625 0.0484375
0 0.6609375 0.61328125 0.0859375 0.04375
0 0.13203125 0.525 0.0390625 0.03125
0 0.2171875 0.55234375 0.1390625 0.05
0 0.36328125 0.58984375 0.128125 0.05625
0 0.48046875 0.61484375 0.0890625 0.0359375
0 0.57265625 0.6328125 0.1140625 0.0484375
0 0.66171875 0.64375 0.03125 0.021875
0 0.71015625 0.65703125 0.0828125 0.040625
0 0.80234375 0.67421875 0.10625 0.04375
0 0.6953125 0.66796875 0.0921875 0.0375
0 0.80078125 0.6921875 0.1296875 0.046875
0 0.0859375 0.6015625 0.109375 0.0484375
0 0.18046875 0.62265625 0.078125 0.0375
0 0.26796875 0.6390625 0.0671875 0.040625
0 0.3375 0.65546875 0.05625 0.034375
0 0.41484375 0.678125 0.103125 0.0453125
0 0.25703125 0.67578125 0.05625 0.0390625
0 0.32734375 0.68984375 0.0734375 0.0359375
0 0.38515625 0.7015625 0.04375 0.028125
0 0.45546875 0.725 0.075 0.04375
0 0.52890625 0.73671875 0.071875 0.0359375
0 0.59375 0.7515625 0.028125 0.025
0 0.640625 0.7640625 0.053125 0.03125
0 0.69765625 0.77265625 0.0515625 0.0296875
0 0.02265625 0.66484375 0.028125 0.025
0 0.0859375 0.67578125 0.109375 0.046875
0 0.2140625 0.7015625 0.1265625 0.05625
0 0.30078125 0.7203125 0.071875 0.0375
0 0.24609375 0.746875 0.08125 0.0390625
0 0.33203125 0.759375 0.0578125 0.0359375
0 0.415625 0.78046875 0.09375 0.040625
0 0.50546875 0.80390625 0.0953125 0.046875
0 0.01015625 0.7296875 0.0203125 0.01875
0 0.0640625 0.7453125 0.0875 0.0390625
0 0.175 0.77109375 0.125 0.0484375
0 0.29453125 0.79921875 0.0953125 0.053125
0 0.00390625 0.7640625 0.0078125 0.028125
0 0.0453125 0.784375 0.090625 0.05
0 0.1296875 0.8015625 0.0796875 0.040625
0 0.21796875 0.82265625 0.065625 0.0390625
0 0.20546875 0.853125 0.071875 0.040625
0 0.26875 0.8609375 0.0609375 0.0375
0 0.3296875 0.8734375 0.059375 0.0359375
0 0.4078125 0.89140625 0.078125 0.0390625
0 0.49453125 0.909375 0.0734375 0.04375
0 0.221875 0.89375 0.1 0.0515625
0 0.32578125 0.9140625 0.0875 0.0390625
0 0.403125 0.93125 0.059375 0.0375
0 0.44609375 0.94140625 0.03125 0.021875
0 0.49921875 0.95390625 0.059375 0.034375
0 0.57578125 0.96875 0.0734375 0.0359375
0 0.64296875 0.984375 0.0375 0.0296875
0 0.70234375 0.98515625 0.0859375 0.0296875
0 0.06953125 0.89609375 0.109375 0.0484375
0 0.17734375 0.92265625 0.1125 0.053125
0 0.27734375 0.93984375 0.06875 0.0375
0 0.346875 0.95703125 0.0703125 0.04375
0 0.4265625 0.97421875 0.1 0.0515625
0 0.50703125 0.98515625 0.0484375 0.0296875
0 0.56953125 0.9890625 0.0828125 0.021875
0 0.23125 0.1265625 0.0171875 0.0125
0 0.38359375 0.3234375 0.0203125 0.0109375
0 0.3890625 0.353125 0.0203125 0.0109375
0 0.38828125 0.4546875 0.0171875 0.009375
0 0.4046875 0.4890625 0.01875 0.0078125
0 0.39453125 0.52578125 0.0140625 0.00625
0 0.29609375 0.57265625 0.021875 0.0109375
0 0.21328125 0.66328125 0.01875 0.0125
0 0.18984375 0.73359375 0.021875 0.0078125
0 0.18125 0.81875 0.01875 0.0125
0 0.1640625 0.84375 0.021875 0.0140625
0 0.16640625 0.87421875 0.01875 0.015625
0 0.35859375 0.08984375 0.1015625 0.04375