0 0.22890625 0.021875 0.1453125 0.04375
0 0.75234375 0.10078125 0.15 0.071875
0 0.25546875 0.05234375 0.0640625 0.03125
0 0.265625 0.08515625 0.0640625 0.0390625
0 0.809375 0.1625 0.0828125 0.040625
0 0.203125 0.09453125 0.0578125 0.0359375
0 0.2671875 0.11171875 0.0546875 0.0375
0 0.36171875 0.12578125 0.1234375 0.04375
0 0.47421875 0.153125 0.096875 0.0578125
0 0.7078125 0.18203125 0.059375 0.040625
0 0.80625 0.1984375 0.1265625 0.0453125
0 0.9203125 0.2203125 0.08125 0.04375
0 0.31328125 0.1734375 0.2203125 0.078125
0 0.51796875 0.21328125 0.1796875 0.071875
0 0.20078125 0.21015625 0.05625 0.0421875
0 0.26484375 0.2234375 0.0578125 0.0375
0 0.325 0.23828125 0.028125 0.0578125
0 0.56484375 0.30546875 0.0765625 0.0515625
0 0.2640625 0.3140625 0.13125 0.0734375
0 0.6484375 0.3828125 0.1265625 0.0734375
0 0.5890625 0.4421875 0.1125 0.059375
0 0.67734375 0.453125 0.0625 0.034375
0 0.75078125 0.4625 0.03125 0.021875
0 0.8015625 0.46640625 0.0546875 0.0390625
0 0.875 0.484375 0.075 0.0515625
0 0.41875 0.46640625 0.18125 0.084375
0 0.17421875 0.475 0.0234375 0.021875
0 0.13359375 0.52734375 0.1453125 0.0546875
0 0.275 0.56171875 0.1109375 0.0640625
0 0.2734375 0.58125 0.040625 0.028125
0 0.340625 0.5953125 0.025 0.0390625
0 0.3859375 0.60234375 0.0375 0.028125
0 0.46484375 0.6171875 0.0828125 0.040625
0 0.59375 0.64296875 0.1609375 0.065625
0 0.725 0.68125 0.08125 0.053125
0 0.13125 0.5890625 0.0640625 0.0375
0 0.20234375 0.5984375 0.0515625 0.0359375
0 0.27265625 0.61328125 0.0625 0.0375
0 0.3546875 0.64375 0.0859375 0.0640625
0 0.43359375 0.65703125 0.040625 0.0390625
0 0.4890625 0.65625 0.0578125 0.034375
0 0.57734375 0.67578125 0.1171875 0.059375
0 0.14140625 0.621875 0.0875 0.040625
0 0.2796875 0.64375 0.1234375 0.0484375
0 0.45546875 0.6875 0.165625 0.0734375
0 0.103125 0.66953125 0.1203125 0.0546875
0 0.228125 0.69140625 0.090625 0.046875
0 0.35390625 0.71953125 0.121875 0.0546875
0 0.46953125 0.75078125 0.0703125 0.059375
0 0.53125 0.75234375 0.04375 0.0359375
0 0.61171875 0.7703125 0.0703125 0.04375
0 0.0671875 0.7296875 0.0765625 0.046875
0 0.48203125 0.834375 0.05 0.0375
0 0.61796875 0.8609375 0.0265625 0.0265625
0 0.65703125 0.8671875 0.028125 0.04375
0 0.7296875 0.884375 0.0359375 0.0328125
0 0.4578125 0.88984375 0.0453125 0.0390625
0 0.53515625 0.90703125 0.0734375 0.0390625
0 0.60546875 0.91796875 0.03125 0.0359375
0 0.64296875 0.925 0.034375 0.0546875
0 0.7125 0.93984375 0.025 0.034375
0 0.52109375 0.9328125 0.078125 0.040625
0 0.59765625 0.9484375 0.028125 0.0265625
0 0.625 0.96015625 0.021875 0.0390625
0 0.70390625 0.96875 0.03125 0.0265625
0 0.41328125 0.28046875 0.05625 0.0421875
0 0.365625 0.04140625 0.121875 0.0625
0 0.9015625 0.12578125 0.125 0.0609375
0 0.3359375 0.0703125 0.0921875 0.04375
0 0.17890625 0.153125 0.0515625 0.0375
0 0.66640625 0.24609375 0.1046875 0.06875
0 0.4515625 0.28046875 0.0328125 0.078125
0 0.48515625 0.259375 0.0296875 0.0375
0 0.47265625 0.2984375 0.0328125 0.046875
0 0.50546875 0.2875 0.0359375 0.075
0 0.65625 0.3265625 0.1015625 0.0703125
0 0.3453125 0.32890625 0.021875 0.015625
0 0.43046875 0.3484375 0.1609375 0.084375
0 0.21875 0.36484375 0.0984375 0.04375
0 0.32890625 0.384375 0.1015625 0.0453125
0 0.1890625 0.4140625 0.03125 0.040625
0 0.22890625 0.4234375 0.01875 0.0140625
0 0.271875 0.428125 0.0765625 0.0859375
0 0.31953125 0.43671875 0.0171875 0.0171875
0 0.2328125 0.4953125 0.0578125 0.040625
0 0.32734375 0.49921875 0.03125 0.028125
0 0.4296875 0.528125 0.13125 0.0546875
0 0.51015625 0.53671875 0.0234375 0.034375
0 0.53515625 0.53984375 0.03125 0.0328125
0 0.58125 0.54453125 0.05625 0.0359375
0 0.63125 0.553125 0.0421875 0.0265625
0 0.7015625 0.56953125 0.084375 0.034375
0 0.82734375 0.6078125 0.1375 0.075
0 0.553125 0.85 0.08125 0.0421875
0 0.4625 0.9265625 0.021875 0.01875
0 0.14921875 0.73984375 0.0359375 0.0328125
0 0.22109375 0.7484375 0.0953125 0.05625
0 0.3171875 0.7703125 0.1 0.0484375
0 0.12421875 0.7734375 0.0359375 0.03125
0 0.15625 0.77890625 0.01875 0.0296875
0 0.19375 0.78359375 0.0390625 0.046875
0 0.2296875 0.7921875 0.0390625 0.0515625
0 0.28203125 0.80546875 0.0484375 0.040625
0 0.34765625 0.8140625 0.071875 0.059375
0 0.1328125 0.8296875 0.025 0.028125
0 0.1765625 0.83359375 0.0375 0.0453125
0 0.23671875 0.84296875 0.078125 0.05625
0 0.13125 0.8609375 0.0234375 0.0265625
0 0.17109375 0.87109375 0.015625 0.021875
0 0.215625 0.8796875 0.0625 0.0421875
0 0.259375 0.8875 0.025 0.03125
0 0.31640625 0.928125 0.1671875 0.05625
0 0.22890625 0.3328125 0.03125 0.0203125
0 0.58984375 0.40859375 0.0234375 0.0234375
0 0.07109375 0.5765625 0.0359375 0.0203125
0 0.07109375 0.61015625 0.0390625 0.0234375
0 0.28515625 0.49140625 0.03125 0.025
0 0.20390625 0.5703125 0.0421875 0.0234375