0 0.2015625 0.01953125 0.0609375 0.0296875
0 0.29140625 0.02578125 0.11875 0.0375
0 0.39609375 0.0234375 0.0515625 0.0390625
0 0.46953125 0.0296875 0.0734375 0.0328125
0 0.53828125 0.046875 0.0265625 0.0453125
0 0.64453125 0.03046875 0.1375 0.0328125
0 0.8 0.04375 0.1234375 0.0421875
0 0.175 0.09765625 0.03125 0.0625
0 0.271875 0.09296875 0.1140625 0.040625
0 0.37578125 0.096875 0.053125 0.025
0 0.25703125 0.14296875 0.0703125 0.0390625
0 0.34375 0.15078125 0.09375 0.0328125
0 0.4578125 0.15078125 0.096875 0.0421875
0 0.190625 0.278125 0.1375 0.040625
0 0.47578125 0.27421875 0.2078125 0.046875
0 0.7375 0.2734375 0.125 0.0703125
0 0.21015625 0.36875 0.1703125 0.046875
0 0.146875 0.58984375 0.0140625 0.053125
0 0.22578125 0.61640625 0.0859375 0.078125
0 0.22734375 0.759375 0.08125 0.0859375
0 0.19453125 0.934375 0.1890625 0.1265625
0 0.3375 0.92734375 0.0671875 0.0921875
0 0.4078125 0.33125 0.1046875 0.0546875
0 0.484375 0.3296875 0.0375 0.040625
0 0.57421875 0.33125 0.1125 0.0328125
0 0.4015625 0.40546875 0.078125 0.0421875
0 0.4984375 0.39453125 0.0921875 0.040625
0 0.5625 0.396875 0.0203125 0.0359375
0 0.446875 0.53828125 0.109375 0.0375
0 0.409375 0.58671875 0.0734375 0.0671875
0 0.53828125 0.5703125 0.1359375 0.0546875
0 0.4296875 0.7046875 0.0765625 0.0671875
0 0.56015625 0.64453125 0.1328125 0.103125
0 0.4796875 0.89921875 0.1703125 0.0765625
0 0.640625 0.88515625 0.090625 0.0921875
0 0.703125 0.32578125 0.071875 0.0390625
0 0.796875 0.32734375 0.0625 0.04375
0 0.8875 0.328125 0.0953125 0.0671875
0 0.7 0.3859375 0.04375 0.0328125
0 0.76328125 0.384375 0.0671875 0.0453125
0 0.8375 0.3984375 0.034375 0.053125
0 0.903125 0.3671875 0.09375 0.059375
0 0.73359375 0.43671875 0.0828125 0.065625
0 0.8609375 0.4375 0.1390625 0.05
0 0.75078125 0.59140625 0.1359375 0.0953125
0 0.8140625 0.65546875 0.178125 0.071875
0 0.721875 0.96171875 0.0234375 0.06875
0 0.8328125 0.9734375 0.0671875 0.0421875
0 0.90859375 0.96015625 0.0421875 0.046875
0 0.96953125 0.95546875 0.0609375 0.0734375
0 0.15625 0.74921875 0.0296875 0.059375