0 0.2953125 0.03125 0.03125 0.04375
0 0.3484375 0.02421875 0.0734375 0.0375
0 0.4296875 0.03125 0.084375 0.0453125
0 0.50078125 0.02890625 0.05625 0.0359375
0 0.6359375 0.0484375 0.1515625 0.0640625
0 0.78203125 0.06171875 0.09375 0.046875
0 0.346875 0.13359375 0.1078125 0.0703125
0 0.5265625 0.1390625 0.20625 0.0703125
0 0.6859375 0.14765625 0.0515625 0.0578125
0 0.79296875 0.15703125 0.140625 0.0734375
0 0.8875 0.17265625 0.034375 0.028125
0 0.3828125 0.20078125 0.196875 0.071875
0 0.5296875 0.1921875 0.0796875 0.0359375
0 0.6203125 0.2 0.096875 0.04375
0 0.79296875 0.21875 0.16875 0.0578125
0 0.33046875 0.26015625 0.1234375 0.0546875
0 0.45703125 0.2625 0.103125 0.053125
0 0.6328125 0.28203125 0.225 0.0703125
0 0.8359375 0.2921875 0.1671875 0.0546875
0 0.29921875 0.321875 0.0484375 0.0421875
0 0.37578125 0.3328125 0.1015625 0.0546875
0 0.46015625 0.3328125 0.065625 0.046875
0 0.58203125 0.340625 0.1671875 0.06875
0 0.72265625 0.3484375 0.103125 0.0515625
0 0.80859375 0.3546875 0.0640625 0.0421875
0 0.3515625 0.4 0.1421875 0.059375
0 0.47109375 0.4015625 0.0671875 0.0453125
0 0.615625 0.41171875 0.1953125 0.0625
0 0.75 0.41953125 0.05 0.0390625
0 0.81875 0.42578125 0.09375 0.04375
0 0.28828125 0.4703125 0.028125 0.034375
0 0.42578125 0.47734375 0.225 0.084375
0 0.559375 0.4859375 0.0546875 0.0453125
0 0.640625 0.4953125 0.096875 0.04375
0 0.72265625 0.50625 0.053125 0.053125
0 0.85078125 0.5140625 0.178125 0.0625
0 0.31875 0.53359375 0.071875 0.0515625
0 0.42265625 0.54375 0.1296875 0.053125
0 0.5140625 0.54921875 0.0453125 0.0453125
0 0.5875 0.5546875 0.0703125 0.0484375
0 0.7 0.5734375 0.1515625 0.075
0 0.828125 0.58515625 0.0796875 0.0546875
0 0.26953125 0.603125 0.03125 0.0421875
0 0.396875 0.621875 0.1984375 0.0640625
0 0.57109375 0.63203125 0.1203125 0.065625
0 0.75390625 0.646875 0.246875 0.09375
0 0.2828125 0.66171875 0.0453125 0.046875
0 0.3421875 0.67734375 0.0703125 0.046875
0 0.45625 0.68984375 0.1390625 0.0578125
0 0.63828125 0.703125 0.1859375 0.06875
0 0.7421875 0.7109375 0.0140625 0.034375
0 0.7984375 0.71171875 0.0640625 0.05
0 0.30390625 0.7421875 0.1390625 0.071875
0 0.425 0.753125 0.0875 0.0484375
0 0.50234375 0.7515625 0.059375 0.0484375
0 0.56015625 0.759375 0.0671875 0.0421875
0 0.653125 0.76328125 0.0984375 0.046875
0 0.77421875 0.76953125 0.1359375 0.0546875
0 0.55 0.803125 0.2078125 0.0671875