0 0.0453125 0.15390625 0.01875 0.025
0 0.11953125 0.14296875 0.03125 0.0265625
0 0.15859375 0.14375 0.0375 0.0296875
0 0.21015625 0.13125 0.0515625 0.0296875
0 0.26875 0.125 0.0515625 0.028125
0 0.32265625 0.11953125 0.040625 0.0265625
0 0.38515625 0.115625 0.0671875 0.0296875
0 0.43359375 0.11484375 0.0140625 0.0203125
0 0.47578125 0.10703125 0.0546875 0.0328125
0 0.5515625 0.10625 0.0859375 0.0296875
0 0.19765625 0.21953125 0.0421875 0.028125
0 0.41796875 0.20234375 0.03125 0.0265625
0 0.13046875 0.315625 0.0421875 0.0265625
0 0.175 0.309375 0.0359375 0.0296875
0 0.21953125 0.30703125 0.040625 0.0265625
0 0.25625 0.30390625 0.021875 0.028125
0 0.296875 0.30390625 0.0484375 0.0375
0 0.37109375 0.29765625 0.090625 0.025
0 0.43828125 0.28984375 0.0328125 0.0296875
0 0.48515625 0.2953125 0.0515625 0.0296875
0 0.55859375 0.28671875 0.0859375 0.025
0 0.14765625 0.38515625 0.0515625 0.046875
0 0.26484375 0.3671875 0.1203125 0.08125
0 0.39453125 0.35859375 0.1125 0.0734375
0 0.4984375 0.3671875 0.0453125 0.0453125
0 0.578125 0.3515625 0.09375 0.075
0 0.7328125 0.35546875 0.184375 0.1046875
0 0.1625 0.4640625 0.0640625 0.0453125
0 0.28125 0.478125 0.159375 0.1390625
0 0.4125 0.43984375 0.140625 0.075
0 0.540625 0.434375 0.1046875 0.071875
0 0.65390625 0.43046875 0.103125 0.06875
0 0.7578125 0.42734375 0.1015625 0.078125
0 0.16328125 0.5421875 0.071875 0.05625
0 0.27265625 0.5328125 0.1296875 0.0890625
0 0.40546875 0.5171875 0.128125 0.090625
0 0.503125 0.515625 0.0515625 0.0734375
0 0.59765625 0.52734375 0.1140625 0.0953125
0 0.71015625 0.50859375 0.071875 0.0640625
0 0.7859375 0.5203125 0.0984375 0.0703125
0 0.21484375 0.63984375 0.1609375 0.0953125
0 0.34765625 0.62109375 0.0828125 0.0578125
0 0.46640625 0.6125 0.134375 0.06875
0 0.596875 0.59140625 0.1234375 0.08125
0 0.7 0.61484375 0.059375 0.075
0 0.79609375 0.58203125 0.128125 0.0796875
0 0.1703125 0.7125 0.08125 0.059375
0 0.93671875 0.8375 0.046875 0.078125
0 0.91328125 0.9015625 0.0109375 0.021875
0 0.94765625 0.8953125 0.05 0.03125