0 0.1546875 0.115625 0.153125 0.0796875
0 0.321875 0.14609375 0.096875 0.075
0 0.4453125 0.109375 0.05625 0.0265625
0 0.6 0.08671875 0.1453125 0.059375
0 0.83984375 0.090625 0.2609375 0.121875
0 0.18984375 0.25 0.1046875 0.0875
0 0.396875 0.2234375 0.234375 0.1265625
0 0.56875 0.20703125 0.0734375 0.05625
0 0.70234375 0.18203125 0.1421875 0.0625
0 0.85390625 0.171875 0.1265625 0.0578125
0 0.21484375 0.33515625 0.096875 0.0328125
0 0.35078125 0.30703125 0.0421875 0.0546875
0 0.4328125 0.303125 0.10625 0.05625
0 0.5921875 0.30859375 0.125 0.090625
0 0.759375 0.29140625 0.146875 0.0796875
0 0.21015625 0.428125 0.2109375 0.0984375
0 0.35859375 0.403125 0.040625 0.025
0 0.52734375 0.39609375 0.259375 0.1078125
0 0.1859375 0.5046875 0.0546875 0.059375
0 0.31875 0.4921875 0.1421875 0.071875
0 0.465625 0.4984375 0.0875 0.05625
0 0.65546875 0.45625 0.140625 0.0609375
0 0.84921875 0.43984375 0.165625 0.059375
0 0.10078125 0.59765625 0.0828125 0.0484375
0 0.35234375 0.5875 0.240625 0.059375
0 0.64453125 0.5609375 0.290625 0.1265625
0 0.84765625 0.55390625 0.15 0.09375
0 0.1640625 0.67109375 0.0921875 0.0546875
0 0.3171875 0.65703125 0.1 0.05625
0 0.44140625 0.66484375 0.090625 0.0921875
0 0.56484375 0.66328125 0.1078125 0.071875
0 0.72265625 0.63671875 0.13125 0.078125
0 0.88359375 0.6140625 0.1421875 0.0609375
0 0.09765625 0.74609375 0.04375 0.046875
0 0.1609375 0.7515625 0.0671875 0.028125
0 0.33984375 0.75234375 0.1671875 0.0890625
0 0.49453125 0.725 0.05625 0.0421875
0 0.646875 0.7078125 0.15625 0.0609375
0 0.82578125 0.703125 0.1515625 0.11875
0 0.28125 0.83515625 0.259375 0.0953125
0 0.49921875 0.80546875 0.065625 0.0546875
0 0.62578125 0.80625 0.1359375 0.0671875
0 0.79375 0.78203125 0.10625 0.071875
0 0.8890625 0.74296875 0.05 0.053125
0 0.278125 0.89375 0.215625 0.0671875
0 0.52421875 0.8671875 0.134375 0.071875
0 0.69765625 0.875 0.0984375 0.0640625
0 0.875 0.825 0.15625 0.06875
0 0.134375 0.984375 0.05 0.03125
0 0.246875 0.9765625 0.121875 0.046875
0 0.4359375 0.975 0.1 0.05
0 0.6828125 0.95390625 0.2625 0.0859375
0 0.90703125 0.92265625 0.1859375 0.1015625
0 0.86484375 0.95546875 0.0921875 0.046875
0 0.77421875 0.3828125 0.1703125 0.1203125
0 0.90703125 0.34921875 0.0515625 0.034375