0 0.25390625 0.01484375 0.028125 0.01875
0 0.30625 0.02109375 0.0609375 0.0265625
0 0.40859375 0.03671875 0.084375 0.0375
0 0.48828125 0.05546875 0.0171875 0.015625
0 0.53125 0.065625 0.040625 0.0359375
0 0.56328125 0.06484375 0.0171875 0.0203125
0 0.6609375 0.08671875 0.040625 0.021875
0 0.73828125 0.0984375 0.0203125 0.0125
0 0.8015625 0.11328125 0.0375 0.0296875
0 0.846875 0.11953125 0.025 0.0171875
0 0.2140625 0.0625 0.034375 0.0203125
0 0.29296875 0.0765625 0.0734375 0.0359375
0 0.3703125 0.08203125 0.025 0.0203125
0 0.40546875 0.08828125 0.0203125 0.01875
0 0.4609375 0.10234375 0.0390625 0.034375
0 0.51015625 0.109375 0.028125 0.0203125
0 0.5671875 0.11875 0.0375 0.01875
0 0.6296875 0.128125 0.0421875 0.028125
0 0.69140625 0.134375 0.05625 0.025
0 0.7640625 0.14921875 0.0609375 0.0375
0 0.83671875 0.153125 0.0296875 0.0234375
0 0.9 0.1671875 0.0625 0.028125
0 0.96328125 0.1828125 0.0265625 0.015625
0 0.6765625 0.16328125 0.0578125 0.03125
0 0.7359375 0.1703125 0.0296875 0.021875
0 0.22734375 0.12890625 0.0640625 0.040625
0 0.3078125 0.14140625 0.0234375 0.01875
0 0.3546875 0.15234375 0.034375 0.021875
0 0.44453125 0.1703125 0.059375 0.03125
0 0.52265625 0.18046875 0.034375 0.01875
0 0.59296875 0.18828125 0.0703125 0.03125
0 0.6734375 0.20234375 0.025 0.0234375
0 0.72578125 0.21328125 0.040625 0.015625
0 0.77890625 0.2265625 0.0453125 0.034375
0 0.8265625 0.2296875 0.025 0.0203125
0 0.82890625 0.24765625 0.0390625 0.028125
0 0.46640625 0.21328125 0.0671875 0.0328125
0 0.55 0.23046875 0.0515625 0.0296875
0 0.63984375 0.24140625 0.084375 0.034375
0 0.73359375 0.253125 0.0734375 0.0359375
0 0.2484375 0.24140625 0.1171875 0.0390625
0 0.38671875 0.2640625 0.103125 0.034375
0 0.49375 0.278125 0.0234375 0.01875
0 0.56015625 0.28515625 0.0515625 0.028125
0 0.19375 0.28359375 0.0515625 0.025
0 0.2578125 0.29296875 0.0421875 0.0296875
0 0.3109375 0.3015625 0.0234375 0.0265625
0 0.359375 0.30234375 0.040625 0.01875
0 0.43203125 0.31328125 0.05 0.0234375
0 0.22265625 0.32890625 0.0640625 0.0234375
0 0.26953125 0.34296875 0.0296875 0.021875
0 0.3078125 0.34375 0.034375 0.021875
0 0.3515625 0.34921875 0.025 0.028125
0 0.4421875 0.36484375 0.0359375 0.0203125
0 0.5140625 0.37578125 0.0234375 0.015625
0 0.615625 0.38828125 0.1203125 0.04375
0 0.2046875 0.35703125 0.03125 0.0203125
0 0.284375 0.37265625 0.0796875 0.028125
0 0.3734375 0.3921875 0.0390625 0.0296875
0 0.4578125 0.403125 0.078125 0.034375
0 0.2234375 0.3921875 0.0296875 0.01875
0 0.328125 0.41171875 0.0953125 0.0453125
0 0.4109375 0.425 0.0265625 0.0140625
0 0.48203125 0.43125 0.0578125 0.03125
0 0.534375 0.43828125 0.0234375 0.0125
0 0.578125 0.44296875 0.05 0.021875
0 0.746875 0.403125 0.0796875 0.0359375
0 0.821875 0.41484375 0.0515625 0.0359375
0 0.8796875 0.42109375 0.0234375 0.0125
0 0.92578125 0.4296875 0.0515625 0.021875
0 0.39609375 0.44765625 0.0390625 0.021875
0 0.4453125 0.45859375 0.01875 0.009375
0 0.51171875 0.46953125 0.0515625 0.025
0 0.5890625 0.484375 0.06875 0.0390625
0 0.68046875 0.5 0.0734375 0.0328125
0 0.30703125 0.478125 0.0421875 0.0171875
0 0.3765625 0.4890625 0.0515625 0.021875
0 0.415625 0.4984375 0.025 0.025
0 0.43828125 0.5 0.0125 0.0078125
0 0.5 0.509375 0.0703125 0.0265625
0 0.57578125 0.525 0.0453125 0.025
0 0.6515625 0.53671875 0.04375 0.0234375
0 0.71171875 0.54140625 0.03125 0.0265625
0 0.30078125 0.503125 0.059375 0.0359375
0 0.3625 0.51875 0.028125 0.0265625
0 0.44609375 0.5359375 0.0859375 0.0421875
0 0.55625 0.55 0.084375 0.0359375
0 0.66796875 0.57421875 0.1078125 0.0421875
0 0.2046875 0.534375 0.0328125 0.028125
0 0.2984375 0.55234375 0.05625 0.025
0 0.375 0.56484375 0.0515625 0.0328125
0 0.21953125 0.57890625 0.0171875 0.0359375
0 0.26875 0.5875 0.0578125 0.0296875
0 0.37265625 0.60234375 0.1140625 0.0375
0 0.49609375 0.61796875 0.08125 0.03125
0 0.5765625 0.6296875 0.0234375 0.0203125
0 0.64765625 0.63984375 0.0875 0.0375
0 0.15546875 0.62578125 0.059375 0.0375
0 0.365625 0.65859375 0.0484375 0.03125
0 0.5671875 0.68984375 0.0515625 0.0296875
0 0.3859375 0.6890625 0.04375 0.0234375
0 0.425 0.696875 0.0421875 0.0296875
0 0.45859375 0.70234375 0.0125 0.0140625
0 0.48984375 0.7046875 0.0375 0.028125
0 0.4359375 0.7203125 0.034375 0.0171875
0 0.475 0.7265625 0.0234375 0.0171875
0 0.49453125 0.728125 0.0203125 0.0171875
0 0.534375 0.7359375 0.059375 0.03125
0 0.3703125 0.728125 0.0421875 0.0203125
0 0.36015625 0.7546875 0.0390625 0.0359375
0 0.40390625 0.76171875 0.0375 0.025
0 0.43984375 0.76484375 0.01875 0.0125
0 0.35859375 0.78671875 0.034375 0.0203125
0 0.4046875 0.79140625 0.025 0.01875
0 0.42890625 0.79375 0.01875 0.0171875
0 0.46015625 0.796875 0.046875 0.0296875
0 0.50078125 0.796875 0.0453125 0.0265625
0 0.09921875 0.79609375 0.0296875 0.028125
0 0.15234375 0.79921875 0.0171875 0.0171875
0 0.225 0.8109375 0.0703125 0.0328125
0 0.31640625 0.815625 0.053125 0.028125
0 0.36484375 0.82421875 0.053125 0.0328125
0 0.40703125 0.83203125 0.015625 0.0171875
0 0.44921875 0.8375 0.015625 0.015625
0 0.51015625 0.84765625 0.0640625 0.0296875
0 0.57109375 0.86015625 0.028125 0.025
0 0.63203125 0.87265625 0.059375 0.0390625
0 0.67578125 0.87734375 0.028125 0.0203125
0 0.75 0.88671875 0.065625 0.034375
0 0.303125 0.84453125 0.06875 0.040625
0 0.371875 0.8734375 0.0609375 0.03125
0 0.40625 0.88359375 0.0203125 0.025
0 0.48203125 0.890625 0.134375 0.046875
0 0.59140625 0.9125 0.0703125 0.0296875
0 0.6515625 0.91953125 0.05 0.0296875
0 0.43125 0.578125 0.0484375 0.03125
0 0.2 0.63203125 0.015625 0.015625
0 0.41015625 0.66328125 0.034375 0.01875
0 0.61484375 0.69296875 0.01875 0.015625