0 0.1203125 0.1359375 0.1046875 0.071875
0 0.2484375 0.10625 0.1390625 0.06875
0 0.3640625 0.078125 0.0453125 0.0375
0 0.44609375 0.059375 0.0828125 0.05625
0 0.5453125 0.03515625 0.084375 0.0625
0 0.62734375 0.01796875 0.0671875 0.0359375
0 0.00859375 0.2921875 0.009375 0.0140625
0 0.10390625 0.3640625 0.065625 0.0609375
0 0.19140625 0.34453125 0.0875 0.06875
0 0.26953125 0.31875 0.0625 0.0546875
0 0.3234375 0.3078125 0.0515625 0.0546875
0 0.44453125 0.275 0.16875 0.0828125
0 0.5546875 0.2484375 0.0359375 0.053125
0 0.64140625 0.234375 0.0890625 0.0859375
0 0.71484375 0.2046875 0.0359375 0.05625
0 0.77890625 0.1890625 0.103125 0.071875
0 0.28046875 0.40859375 0.2046875 0.1015625
0 0.4234375 0.3734375 0.0453125 0.0484375
0 0.50859375 0.365625 0.109375 0.084375
0 0.64453125 0.3328125 0.128125 0.0765625
0 0.2640625 0.5703125 0.1171875 0.078125