0 0.57890625 0.28515625 0.1984375 0.125
0 0.203125 0.240625 0.225 0.1109375
0 0.44765625 0.15078125 0.240625 0.11875
0 0.865625 0.1734375 0.1765625 0.1265625
0 0.8734375 0.45703125 0.253125 0.1078125
0 0.40390625 0.121875 0.16875 0.15625
0 0.93203125 0.24296875 0.1359375 0.1140625
0 0.71015625 0.30234375 0.1640625 0.175
0 0.55703125 0.2546875 0.16875 0.1296875
0 0.35859375 0.38125 0.215625 0.1046875
0 0.16796875 0.284375 0.15 0.09375
0 0.2640625 0.11953125 0.14375 0.1078125
0 0.6859375 0.1875 0.1375 0.096875
0 0.14765625 0.3453125 0.178125 0.08125
0 0.15 0.0765625 0.109375 0.1453125
0 0.61484375 0.11328125 0.1515625 0.115625
0 0.7203125 0.1875 0.1125 0.11875
0 0.1578125 0.1671875 0.1125 0.0875
0 0.55078125 0.41171875 0.1546875 0.0796875
0 0.27265625 0.0703125 0.1078125 0.096875
0 0.721875 0.31953125 0.1109375 0.078125
0 0.684375 0.4625 0.103125 0.103125
0 0.9765625 0.19296875 0.046875 0.0859375
0 0.92578125 0.36171875 0.090625 0.06875
0 0.81484375 0.275 0.053125 0.0734375
0 0.31875 0.19453125 0.053125 0.0703125
0 0.35703125 0.25 0.065625 0.08125
0 0.25078125 0.20703125 0.05625 0.0828125
0 0.13671875 0.0984375 0.0625 0.0765625
0 0.50625 0.11328125 0.0515625 0.059375
0 0.8671875 0.2984375 0.0484375 0.06875
0 0.40859375 0.27734375 0.053125 0.053125
0 0.8046875 0.34765625 0.059375 0.0359375
0 0.79609375 0.2203125 0.0421875 0.046875
0 0.93515625 0.30078125 0.059375 0.0671875
0 0.59140625 0.1984375 0.0515625 0.034375
0 0.37734375 0.2140625 0.0421875 0.046875
0 0.4296875 0.2265625 0.046875 0.0390625
0 0.44765625 0.2921875 0.0390625 0.0359375
0 0.85859375 0.35859375 0.0359375 0.0296875
0 0.8421875 0.2375 0.028125 0.0328125