0 0.0421875 0.215625 0.084375 0.04375
0 0.1125 0.2265625 0.165625 0.0515625
0 0.0359375 0.29296875 0.071875 0.025
0 0.33984375 0.16484375 0.171875 0.0546875
0 0.4921875 0.1390625 0.1234375 0.0546875
0 0.66484375 0.1296875 0.0984375 0.046875
0 0.36875 0.22734375 0.146875 0.0546875
0 0.60390625 0.246875 0.1421875 0.059375
0 0.41328125 0.278125 0.065625 0.025
0 0.0328125 0.3390625 0.0640625 0.025
0 0.24609375 0.30625 0.1390625 0.065625
0 0.071875 0.3796875 0.096875 0.0328125
0 0.178125 0.3640625 0.10625 0.028125
0 0.32890625 0.375 0.0890625 0.0390625
0 0.475 0.35625 0.071875 0.0421875
0 0.05703125 0.47578125 0.046875 0.028125
0 0.1140625 0.465625 0.0625 0.0296875
0 0.16875 0.45625 0.0421875 0.025
0 0.215625 0.4484375 0.05 0.0234375
0 0.296875 0.4359375 0.10625 0.034375
0 0.359375 0.46171875 0.1390625 0.0578125
0 0.590625 0.43828125 0.203125 0.06875
0 0.09609375 0.56875 0.115625 0.05
0 0.16953125 0.553125 0.0203125 0.0328125
0 0.21328125 0.54609375 0.071875 0.0375
0 0.31484375 0.534375 0.146875 0.0515625
0 0.43125 0.5125 0.0859375 0.0421875
0 0.21015625 0.6203125 0.1953125 0.08125
0 0.42734375 0.57734375 0.1765625 0.0875
0 0.6296875 0.56171875 0.1390625 0.128125
0 0.15234375 0.7203125 0.0546875 0.0375
0 0.334375 0.69609375 0.265625 0.109375
0 0.609375 0.64609375 0.21875 0.1109375
0 0.221875 0.77734375 0.1859375 0.0796875
0 0.4734375 0.725 0.2515625 0.09375
0 0.73515625 0.690625 0.215625 0.1140625
0 0.1703125 0.8671875 0.09375 0.0578125
0 0.2765625 0.83359375 0.084375 0.05625
0 0.38125 0.81171875 0.1046875 0.0703125
0 0.571875 0.790625 0.2015625 0.1296875
0 0.75625 0.74140625 0.0515625 0.05
0 0.3125 0.925 0.353125 0.15
0 0.625 0.853125 0.2828125 0.1453125
0 0.13671875 0.2 0.0421875 0.021875