0 0.16015625 0.05078125 0.0859375 0.034375
0 0.253125 0.0609375 0.0375 0.0296875
0 0.39609375 0.06640625 0.203125 0.040625
0 0.2171875 0.0921875 0.115625 0.04375
0 0.32734375 0.09609375 0.03125 0.025
0 0.38671875 0.0953125 0.059375 0.028125
0 0.52265625 0.11171875 0.146875 0.034375
0 0.66875 0.11640625 0.128125 0.0375
0 0.7859375 0.12109375 0.2125 0.0515625
0 0.8125 0.1515625 0.2125 0.1
0 0.15078125 0.13984375 0.06875 0.021875
0 0.2328125 0.15234375 0.078125 0.0390625
0 0.38125 0.146875 0.175 0.0296875
0 0.1203125 0.18046875 0.015625 0.0203125
0 0.2234375 0.19296875 0.1609375 0.0484375
0 0.3171875 0.18984375 0.015625 0.0140625
0 0.4078125 0.19765625 0.15 0.04375
0 0.5109375 0.1953125 0.015625 0.01875
0 0.6125 0.2015625 0.171875 0.040625
0 0.12421875 0.2296875 0.028125 0.0203125
0 0.225 0.23125 0.1375 0.03125
0 0.40390625 0.2453125 0.1609375 0.053125
0 0.2515625 0.28671875 0.278125 0.053125
0 0.40859375 0.28671875 0.0171875 0.0203125
0 0.43359375 0.28671875 0.0265625 0.01875
0 0.5359375 0.2828125 0.128125 0.034375
0 0.64453125 0.29609375 0.046875 0.040625
0 0.73203125 0.28359375 0.1046875 0.028125
0 0.8859375 0.28359375 0.16875 0.0296875
0 0.1546875 0.32734375 0.0796875 0.028125
0 0.3078125 0.33046875 0.15 0.025
0 0.4765625 0.33359375 0.11875 0.021875
0 0.6203125 0.33359375 0.125 0.021875
0 0.715625 0.334375 0.025 0.0125
0 0.81640625 0.3390625 0.128125 0.034375
0 0.9234375 0.33671875 0.05 0.03125
0 0.19765625 0.38125 0.1734375 0.046875
0 0.3703125 0.37734375 0.134375 0.03125
0 0.47734375 0.37578125 0.04375 0.025
0 0.61171875 0.3734375 0.1703125 0.03125
0 0.7453125 0.37109375 0.078125 0.03125
0 0.8859375 0.37578125 0.153125 0.05
0 0.1484375 0.434375 0.0703125 0.0484375
0 0.22109375 0.42578125 0.0671875 0.021875
0 0.384375 0.428125 0.15 0.04375
0 0.446875 0.98515625 0.278125 0.0296875
0 0.63671875 0.9796875 0.0875 0.040625
0 0.7796875 0.9828125 0.0265625 0.0265625
0 0.85 0.96328125 0.221875 0.071875