0 0.32734375 0.0328125 0.1671875 0.065625
0 0.5109375 0.0765625 0.1484375 0.05
0 0.66171875 0.115625 0.153125 0.0859375
0 0.2859375 0.07734375 0.115625 0.05
0 0.50390625 0.12421875 0.275 0.0984375
0 0.28046875 0.12109375 0.153125 0.0625
0 0.41875 0.1453125 0.0625 0.04375
0 0.49140625 0.15546875 0.046875 0.0484375
0 0.56875 0.17578125 0.0609375 0.034375
0 0.6421875 0.19140625 0.0421875 0.034375
0 0.3125 0.18203125 0.2171875 0.0734375
0 0.48203125 0.2140625 0.0703125 0.046875
0 0.55546875 0.2296875 0.046875 0.0390625
0 0.284375 0.2234375 0.2 0.0625
0 0.4375 0.25859375 0.046875 0.046875
0 0.5828125 0.2796875 0.1734375 0.065625
0 0.284375 0.28046875 0.1984375 0.0640625
0 0.47265625 0.31015625 0.103125 0.0453125
0 0.6 0.32890625 0.1046875 0.0515625
0 0.246875 0.3171875 0.1453125 0.05
0 0.44375 0.35078125 0.1890625 0.0578125
0 0.63671875 0.38203125 0.146875 0.059375
0 0.18203125 0.34453125 0.05625 0.040625
0 0.37578125 0.3796875 0.125 0.0421875
0 0.50703125 0.4015625 0.0984375 0.0421875
0 0.23828125 0.56796875 0.1625 0.06875
0 0.4421875 0.5953125 0.2109375 0.09375
0 0.62734375 0.6234375 0.153125 0.0875
0 0.2203125 0.62578125 0.1984375 0.071875
0 0.43203125 0.65078125 0.1921875 0.0734375
0 0.58125 0.66171875 0.0515625 0.046875
0 0.18046875 0.67578125 0.1171875 0.0609375
0 0.346875 0.69765625 0.15 0.0625
0 0.49609375 0.7140625 0.115625 0.0578125
0 0.61640625 0.73359375 0.13125 0.0765625
0 0.1625 0.72890625 0.128125 0.0640625
0 0.2796875 0.74765625 0.0640625 0.0453125
0 0.4015625 0.7640625 0.1296875 0.0671875
0 0.596875 0.78828125 0.196875 0.071875
0 0.11171875 0.7703125 0.0203125 0.01875
0 0.16015625 0.79765625 0.021875 0.0375
0 0.24921875 0.815625 0.1234375 0.059375
0 0.39609375 0.83515625 0.1375 0.0671875
0 0.57109375 0.853125 0.1890625 0.0734375
0 0.1140625 0.91015625 0.115625 0.046875
0 0.29609375 0.94140625 0.1578125 0.05
0 0.54765625 0.98203125 0.1078125 0.0359375