0 0.10078125 0.02109375 0.0453125 0.025
0 0.353125 0.0421875 0.096875 0.0265625
0 0.4140625 0.046875 0.015625 0.0203125
0 0.4421875 0.0546875 0.0296875 0.021875
0 0.4921875 0.05390625 0.05625 0.0234375
0 0.53359375 0.059375 0.0171875 0.015625
0 0.58984375 0.0609375 0.0859375 0.0234375
0 0.8015625 0.07265625 0.046875 0.021875
0 0.8375 0.075 0.015625 0.01875
0 0.896875 0.08046875 0.096875 0.028125
0 0.09375 0.096875 0.128125 0.0671875
0 0.21484375 0.08671875 0.1046875 0.0828125
0 0.31015625 0.109375 0.053125 0.0765625
0 0.36953125 0.11328125 0.0296875 0.0390625
0 0.4578125 0.12109375 0.1 0.0328125
0 0.59609375 0.13359375 0.1125 0.03125
0 0.234375 0.15703125 0.1203125 0.05
0 0.36015625 0.17265625 0.0671875 0.0546875
0 0.47265625 0.18515625 0.1203125 0.053125
0 0.5828125 0.18046875 0.0671875 0.040625
0 0.65625 0.1796875 0.0640625 0.034375
0 0.23984375 0.2125 0.1359375 0.04375
0 0.34609375 0.2171875 0.0375 0.040625
0 0.45390625 0.23515625 0.1171875 0.0578125
0 0.5625 0.23984375 0.05625 0.0359375
0 0.6984375 0.23984375 0.1359375 0.0453125
0 0.24296875 0.2765625 0.140625 0.0515625
0 0.375 0.28671875 0.0375 0.0484375
0 0.4921875 0.30546875 0.1375 0.0890625
0 0.6328125 0.2953125 0.0890625 0.0484375
0 0.20703125 0.32734375 0.090625 0.0328125
0 0.28828125 0.33515625 0.0375 0.028125
0 0.35859375 0.3375 0.06875 0.0265625
0 0.48359375 0.33984375 0.13125 0.0390625
0 0.60703125 0.34453125 0.0890625 0.040625
0 0.71328125 0.3484375 0.09375 0.05
0 0.17109375 0.3734375 0.0484375 0.0375
0 0.24453125 0.37890625 0.025 0.0375
0 0.3375 0.3828125 0.1140625 0.040625
0 0.44375 0.39296875 0.0265625 0.0171875
0 0.51796875 0.3984375 0.084375 0.0765625
0 0.6109375 0.38828125 0.0609375 0.0453125
0 0.68984375 0.4 0.0546875 0.0296875
0 0.2109375 0.428125 0.121875 0.0484375
0 0.35234375 0.43125 0.096875 0.0453125
0 0.4625 0.471875 0.06875 0.0734375
0 0.59375 0.45546875 0.1359375 0.040625
0 0.103125 0.4734375 0.1046875 0.0625
0 0.22421875 0.49921875 0.09375 0.0890625
0 0.32890625 0.490625 0.0859375 0.046875
0 0.4046875 0.49453125 0.0296875 0.0328125
0 0.47109375 0.503125 0.065625 0.065625
0 0.53984375 0.49609375 0.03125 0.0421875
0 0.58671875 0.49765625 0.034375 0.0578125
0 0.65546875 0.49296875 0.071875 0.0578125
0 0.19453125 0.53828125 0.040625 0.05
0 0.2734375 0.53984375 0.053125 0.046875
0 0.36015625 0.53828125 0.071875 0.05625
0 0.43515625 0.553125 0.046875 0.034375
0 0.4953125 0.53984375 0.0375 0.0484375
0 0.5625 0.5515625 0.0640625 0.0359375
0 0.625 0.5609375 0.04375 0.0703125
0 0.6859375 0.54765625 0.0578125 0.0484375
0 0.21484375 0.60625 0.1109375 0.090625
0 0.3234375 0.60546875 0.09375 0.075
0 0.41328125 0.61328125 0.0546875 0.0796875
0 0.48671875 0.6171875 0.065625 0.078125
0 0.575 0.5984375 0.0734375 0.0546875
0 0.66484375 0.603125 0.0890625 0.0453125
0 0.2015625 0.65703125 0.0359375 0.0359375
0 0.27890625 0.6546875 0.09375 0.075
0 0.36875 0.65625 0.04375 0.028125
0 0.46640625 0.66328125 0.14375 0.0703125
0 0.56953125 0.6625 0.05 0.071875
0 0.6390625 0.66953125 0.0625 0.0828125
0 0.69609375 0.65234375 0.05625 0.0609375
0 0.196875 0.7046875 0.0640625 0.05
0 0.29375 0.7125 0.103125 0.0828125
0 0.39375 0.696875 0.0640625 0.04375
0 0.475 0.7015625 0.0875 0.059375
0 0.8375 0.70234375 0.18125 0.0640625
0 0.0125 0.746875 0.0234375 0.021875
0 0.06171875 0.746875 0.0625 0.025
0 0.12890625 0.74765625 0.0609375 0.028125
0 0.1765625 0.74921875 0.0234375 0.021875
0 0.2171875 0.74609375 0.053125 0.025
0 0.26640625 0.7484375 0.0328125 0.025
0 0.3171875 0.74765625 0.05625 0.034375