0 0.1609375 0.1875 0.2375 0.1171875
0 0.3484375 0.15390625 0.0828125 0.065625
0 0.55703125 0.1390625 0.2703125 0.146875
0 0.15234375 0.31484375 0.221875 0.09375
0 0.3515625 0.2984375 0.1296875 0.1078125
0 0.51015625 0.25546875 0.15 0.103125
0 0.6859375 0.26796875 0.215625 0.1171875
0 0.8359375 0.24765625 0.0546875 0.0453125
0 0.15546875 0.40078125 0.203125 0.078125
0 0.3765625 0.375 0.178125 0.08125
0 0.5109375 0.36328125 0.053125 0.040625
0 0.01875 0.353125 0.0203125 0.0109375
0 0.64375 0.34921875 0.209375 0.06875