0 0.23359375 0.04375 0.0703125 0.034375
0 0.278125 0.0515625 0.009375 0.0234375
0 0.309375 0.0578125 0.04375 0.0296875
0 0.378125 0.07109375 0.0890625 0.0375
0 0.4421875 0.0828125 0.03125 0.028125
0 0.3296875 0.12578125 0.246875 0.0890625
0 0.2234375 0.21875 0.065625 0.0390625
0 0.2625 0.22109375 0.00625 0.0171875
0 0.290625 0.2265625 0.0390625 0.025
0 0.35 0.24375 0.084375 0.034375
0 0.41953125 0.2515625 0.053125 0.0265625
0 0.2921875 0.28046875 0.1984375 0.078125
0 0.175 0.33359375 0.05 0.0421875
0 0.378125 0.3890625 0.359375 0.121875
0 0.6453125 0.43671875 0.0953125 0.0609375
0 0.78671875 0.465625 0.1734375 0.065625
0 0.16015625 0.38515625 0.0203125 0.009375
0 0.27734375 0.40390625 0.196875 0.078125
0 0.4203125 0.4359375 0.0671875 0.0484375
0 0.4953125 0.45390625 0.0390625 0.0359375
0 0.628125 0.4875 0.15 0.059375
0 0.33203125 0.4765625 0.3203125 0.0953125
0 0.5125 0.52109375 0.0171875 0.0140625
0 0.5796875 0.52890625 0.0484375 0.0328125
0 0.66015625 0.5484375 0.0296875 0.0296875
0 0.7796875 0.5703125 0.1890625 0.065625
0 0.5734375 0.565625 0.13125 0.0578125
0 0.41015625 0.59453125 0.040625 0.0265625
0 0.55078125 0.62265625 0.2375 0.0875
0 0.21015625 0.665625 0.2375 0.1046875
0 0.0859375 0.71328125 0.0546875 0.040625
0 0.2734375 0.7453125 0.275 0.1109375
0 0.496875 0.7875 0.146875 0.071875
0 0.64921875 0.82421875 0.0828125 0.0484375
0 0.16796875 0.78203125 0.109375 0.0625
0 0.296875 0.80859375 0.1203125 0.0578125
0 0.43125 0.83046875 0.0578125 0.040625
0 0.59609375 0.86015625 0.2046875 0.071875
0 0.22421875 0.83046875 0.1609375 0.0578125
0 0.46875 0.8828125 0.25 0.0765625