0 0.31328125 0.06328125 0.1453125 0.065625
0 0.41875 0.04140625 0.071875 0.0375
0 0.5203125 0.02734375 0.09375 0.0546875
0 0.1390625 0.14921875 0.14375 0.0640625
0 0.33671875 0.09765625 0.1125 0.059375
0 0.4484375 0.07421875 0.0765625 0.0453125
0 0.55625 0.05546875 0.1203125 0.046875
0 0.13671875 0.23359375 0.134375 0.0578125
0 0.240625 0.209375 0.03125 0.0125
0 0.31484375 0.19140625 0.05625 0.0390625
0 0.1328125 0.2921875 0.096875 0.0484375
0 0.22265625 0.2703125 0.090625 0.0484375
0 0.28125 0.26171875 0.025 0.0109375
0 0.44375 0.22265625 0.2453125 0.0828125
0 0.16328125 0.35 0.1703125 0.0671875
0 0.303125 0.3171875 0.1046875 0.0453125
0 0.4453125 0.290625 0.153125 0.0578125
0 0.56640625 0.25625 0.0515625 0.0515625
0 0.17578125 0.41015625 0.1625 0.0625
0 0.3875 0.375 0.20625 0.0671875
0 0.51640625 0.35 0.025 0.009375
0 0.5953125 0.334375 0.0953125 0.046875
0 0.69375 0.3109375 0.121875 0.059375
0 0.18046875 0.47109375 0.165625 0.0609375
0 0.3578125 0.43671875 0.1265625 0.053125
0 0.471875 0.415625 0.0265625 0.0109375
0 0.51640625 0.40703125 0.0421875 0.0359375
0 0.2609375 0.51875 0.296875 0.084375
0 0.4390625 0.4859375 0.0390625 0.0140625
0 0.49375 0.4765625 0.0421875 0.0359375
0 0.2140625 0.59140625 0.171875 0.0546875
0 0.37421875 0.55859375 0.1140625 0.0515625
0 0.51171875 0.5296875 0.1390625 0.059375
0 0.609375 0.50859375 0.0265625 0.0125
0 0.646875 0.4953125 0.04375 0.0421875
0 0.21640625 0.64453125 0.1796875 0.059375
0 0.34296875 0.628125 0.0296875 0.0109375
0 0.4125 0.60390625 0.04375 0.0453125
0 0.22421875 0.7046875 0.1484375 0.05625
0 0.34296875 0.68828125 0.0265625 0.0125
0 0.4359375 0.65859375 0.1109375 0.059375
0 0.53046875 0.640625 0.103125 0.053125
0 0.25234375 0.7625 0.1796875 0.075
0 0.44140625 0.71875 0.1296875 0.0546875
0 0.5875 0.6875 0.1125 0.053125
0 0.69296875 0.66875 0.028125 0.0125
0 0.7625 0.653125 0.1140625 0.0453125
0 0.859375 0.63203125 0.109375 0.059375