0 0.1125 0.01015625 0.115625 0.0203125
0 0.27734375 0.01875 0.1328125 0.0375
0 0.390625 0.01796875 0.0234375 0.0078125
0 0.45703125 0.02890625 0.084375 0.046875
0 0.55234375 0.034375 0.0265625 0.0109375
0 0.6234375 0.0375 0.075 0.05
0 0.38125 0.08046875 0.0234375 0.0078125
0 0.48359375 0.090625 0.1421875 0.0515625
0 0.634375 0.09921875 0.1140625 0.0421875
0 0.4828125 0.134375 0.1421875 0.0546875
0 0.62890625 0.15 0.125 0.0484375
0 0.46796875 0.16796875 0.1125 0.040625
0 0.60625 0.18203125 0.1375 0.0421875
0 0.74765625 0.1328125 0.065625 0.0875
0 0.8296875 0.13671875 0.1 0.06875
0 0.13515625 0.21015625 0.2015625 0.078125
0 0.253125 0.2140625 0.0234375 0.0109375
0 0.3296875 0.225 0.0828125 0.04375
0 0.41484375 0.23359375 0.0265625 0.0109375
0 0.4828125 0.2328125 0.078125 0.046875
0 0.3359375 0.3 0.13125 0.046875
0 0.540625 0.3234375 0.2078125 0.0609375
0 0.371875 0.3765625 0.20625 0.075
0 0.58203125 0.39375 0.1328125 0.046875
0 0.10078125 0.44296875 0.1890625 0.0734375
0 0.3375 0.45 0.2015625 0.05
0 0.44765625 0.453125 0.0140625 0.00625
0 0.52578125 0.46484375 0.08125 0.046875
0 0.64765625 0.46796875 0.06875 0.053125
0 0.5421875 0.54140625 0.1359375 0.059375
0 0.68671875 0.55 0.084375 0.0390625
0 0.82578125 0.54921875 0.115625 0.06875
0 0.5546875 0.6171875 0.1625 0.0578125
0 0.7125 0.6296875 0.109375 0.0671875
0 0.84921875 0.61640625 0.0828125 0.065625
0 0.05234375 0.6359375 0.1046875 0.05
0 0.228125 0.6578125 0.1359375 0.0625
0 0.32421875 0.65859375 0.028125 0.0125
0 0.39609375 0.6671875 0.0875 0.0421875
0 0.4796875 0.6734375 0.0140625 0.0046875
0 0.540625 0.671875 0.0546875 0.046875
0 0.4 0.75078125 0.103125 0.05625
0 0.54375 0.75 0.1265625 0.053125
0 0.6765625 0.75703125 0.021875 0.0375
0 0.39765625 0.81484375 0.1078125 0.040625
0 0.52109375 0.8234375 0.0796875 0.0421875
0 0.440625 0.8890625 0.2421875 0.0578125
0 0.6640625 0.91484375 0.1171875 0.053125
0 0.07265625 0.92890625 0.1453125 0.0515625
0 0.6984375 0.359375 0.05625 0.0875
0 0.7984375 0.36875 0.1234375 0.090625
0 0.88515625 0.871875 0.1625 0.1046875
0 0.77265625 0.8640625 0.0515625 0.0765625