0 0.1953125 0.01640625 0.09375 0.0328125
0 0.52890625 0.06484375 0.1890625 0.065625
0 0.6890625 0.08671875 0.1265625 0.0625
0 0.2625 0.04765625 0.1875 0.0625
0 0.1671875 0.0875 0.0765625 0.0265625
0 0.3296875 0.10078125 0.1671875 0.0859375
0 0.14921875 0.13515625 0.0640625 0.025
0 0.55546875 0.20390625 0.071875 0.028125
0 0.70078125 0.234375 0.134375 0.0625
0 0.17578125 0.19453125 0.103125 0.0390625
0 0.2890625 0.2125 0.1125 0.03125
0 0.203125 0.234375 0.0984375 0.053125
0 0.33359375 0.259375 0.078125 0.0515625
0 0.13515625 0.28828125 0.05 0.0296875
0 0.190625 0.29609375 0.0609375 0.0296875
0 0.24765625 0.30390625 0.04375 0.025
0 0.2984375 0.3125 0.053125 0.025
0 0.38671875 0.32734375 0.1109375 0.0359375
0 0.209375 0.3375 0.159375 0.0625
0 0.41640625 0.37109375 0.2171875 0.0734375
0 0.57265625 0.39765625 0.06875 0.0453125
0 0.7203125 0.42109375 0.1796875 0.0703125
0 0.1390625 0.39296875 0.1171875 0.053125
0 0.21640625 0.40234375 0.01875 0.0296875
0 0.26171875 0.41015625 0.06875 0.0375
0 0.37109375 0.43515625 0.15625 0.0546875
0 0.4953125 0.44921875 0.0890625 0.0390625
0 0.36875 0.48359375 0.471875 0.1703125
0 0.1421875 0.5796875 0.159375 0.1046875
0 0.40859375 0.6109375 0.246875 0.1171875
0 0.646875 0.6484375 0.1703125 0.0953125
0 0.153125 0.66015625 0.14375 0.08125
0 0.30546875 0.675 0.08125 0.065625
0 0.459375 0.6890625 0.1171875 0.071875
0 0.665625 0.71875 0.18125 0.10625
0 0.17734375 0.74921875 0.3203125 0.1515625
0 0.48828125 0.7671875 0.2203125 0.0921875
0 0.67265625 0.7875 0.071875 0.05625
0 0.0828125 0.790625 0.15 0.078125
0 0.23984375 0.80546875 0.084375 0.059375
0 0.4203125 0.8234375 0.1625 0.0859375
0 0.64765625 0.83984375 0.2140625 0.1046875
0 0.06796875 0.846875 0.1046875 0.059375
0 0.27421875 0.87421875 0.2296875 0.1203125
0 0.56328125 0.91484375 0.253125 0.1140625
0 0.30078125 0.0265625 0.0453125 0.025