0 0.19375 0.07734375 0.0234375 0.0125
0 0.23203125 0.0375 0.190625 0.0515625
0 0.40703125 0.0359375 0.1203125 0.04375
0 0.5453125 0.034375 0.1265625 0.0484375
0 0.696875 0.028125 0.1328125 0.0390625
0 0.790625 0.028125 0.0421875 0.0484375
0 0.82734375 0.02890625 0.0203125 0.01875
0 0.90859375 0.025 0.1171875 0.0453125
0 0.10546875 0.06953125 0.14375 0.05
0 0.31015625 0.07578125 0.1578125 0.0484375
0 0.16484375 0.11328125 0.190625 0.053125
0 0.35859375 0.1125 0.146875 0.0390625
0 0.56171875 0.109375 0.215625 0.0390625
0 0.746875 0.109375 0.140625 0.040625
0 0.8515625 0.1 0.040625 0.0359375
0 0.90859375 0.10390625 0.0328125 0.0234375
0 0.17421875 0.1609375 0.25625 0.0484375
0 0.39296875 0.153125 0.1640625 0.0375
0 0.5625 0.15078125 0.140625 0.034375
0 0.675 0.1421875 0.0421875 0.034375
0 0.80546875 0.14765625 0.1828125 0.0609375
0 0.93203125 0.1359375 0.040625 0.0390625
0 0.08515625 0.19140625 0.0703125 0.0296875
0 0.1609375 0.19140625 0.0625 0.0234375
0 0.25546875 0.19296875 0.090625 0.03125
0 0.365625 0.18828125 0.1015625 0.0359375
0 0.49296875 0.1921875 0.1234375 0.034375
0 0.1375 0.23125 0.2171875 0.0625
0 0.3453125 0.22421875 0.1515625 0.040625
0 0.5015625 0.22109375 0.1421875 0.0390625
0 0.64453125 0.21796875 0.1140625 0.0359375
0 0.778125 0.21015625 0.0328125 0.0375
0 0.85 0.209375 0.084375 0.03125
0 0.94140625 0.21171875 0.0765625 0.034375
0 0.05234375 0.26796875 0.04375 0.0296875
0 0.1375 0.2703125 0.1171875 0.0328125
0 0.2890625 0.2765625 0.171875 0.053125
0 0.40546875 0.26796875 0.03125 0.0328125
0 0.478125 0.265625 0.096875 0.0296875
0 0.61171875 0.259375 0.1578125 0.0359375
0 0.74375 0.24921875 0.0734375 0.0328125
0 0.83046875 0.2515625 0.0796875 0.0390625
0 0.9375 0.259375 0.1109375 0.053125
0 0.096875 0.30546875 0.1328125 0.0375
0 0.22578125 0.309375 0.0609375 0.046875
0 0.35 0.30390625 0.14375 0.0390625
0 0.49375 0.3015625 0.1109375 0.03125
0 0.63203125 0.2984375 0.1171875 0.0375
0 0.71953125 0.2953125 0.0421875 0.0328125
0 0.78125 0.30234375 0.0703125 0.0453125
0 0.859375 0.2859375 0.075 0.0359375
0 0.93984375 0.29765625 0.065625 0.0578125
0 0.084375 0.35078125 0.1125 0.0484375
0 0.20390625 0.35078125 0.10625 0.0453125
0 0.3125 0.3390625 0.0796875 0.0421875
0 0.41328125 0.34609375 0.090625 0.0515625
0 0.54375 0.34296875 0.1421875 0.0515625
0 0.6734375 0.33515625 0.078125 0.025
0 0.1359375 0.3890625 0.2046875 0.0375
0 0.15078125 0.421875 0.1921875 0.040625
0 0.37109375 0.4171875 0.2328125 0.04375
0 0.06015625 0.471875 0.04375 0.0265625
0 0.28046875 0.4625 0.33125 0.0515625
0 0.46328125 0.453125 0.0515625 0.0359375
0 0.53828125 0.4515625 0.075 0.0328125
0 0.6734375 0.44765625 0.1625 0.0390625
0 0.0890625 0.51015625 0.0734375 0.025
0 0.19140625 0.50390625 0.0515625 0.0328125
0 0.3359375 0.5078125 0.1578125 0.046875
0 0.4578125 0.50078125 0.046875 0.0375
0 0.63671875 0.4953125 0.271875 0.0515625
0 0.09375 0.55 0.078125 0.0328125
0 0.22109375 0.540625 0.0484375 0.03125
0 0.32109375 0.53984375 0.10625 0.040625
0 0.4453125 0.5375 0.0765625 0.0421875
0 0.57109375 0.53125 0.165625 0.0390625
0 0.13203125 0.5796875 0.209375 0.04375
0 0.4234375 0.56953125 0.321875 0.05625
0 0.69921875 0.57578125 0.1203125 0.059375
0 0.88828125 0.565625 0.2140625 0.05625
0 0.06875 0.62890625 0.0953125 0.034375
0 0.23125 0.63671875 0.1953125 0.0515625
0 0.37734375 0.6296875 0.0625 0.046875
0 0.5640625 0.6140625 0.265625 0.0421875
0 0.83046875 0.6078125 0.234375 0.05
0 0.08203125 0.66953125 0.1265625 0.0375
0 0.27109375 0.65859375 0.14375 0.04375
0 0.43125 0.65546875 0.1484375 0.034375
0 0.5671875 0.65234375 0.0890625 0.0296875
0 0.6890625 0.646875 0.1203125 0.034375
0 0.83671875 0.6390625 0.1390625 0.0296875
0 0.95 0.6359375 0.0765625 0.0375
0 0.128125 0.70625 0.1703125 0.046875
0 0.29609375 0.70546875 0.134375 0.040625
0 0.41875 0.69765625 0.090625 0.0296875
0 0.571875 0.69765625 0.1671875 0.0484375
0 0.10703125 0.75078125 0.1265625 0.0484375
0 0.27109375 0.746875 0.171875 0.04375
0 0.4515625 0.73359375 0.153125 0.0375
0 0.6796875 0.73359375 0.2625 0.05625
0 0.875 0.72109375 0.0953125 0.046875
0 0.9640625 0.71796875 0.071875 0.0453125
0 0.14921875 0.7890625 0.2140625 0.0578125
0 0.3640625 0.78515625 0.15 0.0421875
0 0.51640625 0.77109375 0.1125 0.0390625
0 0.67421875 0.7765625 0.15625 0.05
0 0.803125 0.76953125 0.0953125 0.0265625
0 0.9140625 0.765625 0.10625 0.0390625
0 0.21171875 0.8375 0.29375 0.071875
0 0.44609375 0.828125 0.1734375 0.0546875
0 0.55 0.8140625 0.0671875 0.0359375
0 0.69375 0.809375 0.16875 0.0453125
0 0.81875 0.80390625 0.0640625 0.03125
0 0.934375 0.79296875 0.13125 0.0421875
0 0.22109375 0.8765625 0.325 0.05
0 0.55546875 0.8703125 0.2046875 0.06875
0 0.771875 0.8421875 0.1640625 0.0734375
0 0.934375 0.83671875 0.13125 0.0453125
0 0.06328125 0.92890625 0.040625 0.0203125
0 0.19765625 0.93046875 0.2078125 0.0515625
0 0.3484375 0.91640625 0.05625 0.0375
0 0.55625 0.91328125 0.315625 0.0703125
0 0.19765625 0.96875 0.2765625 0.0625
0 0.47734375 0.94453125 0.203125 0.0546875
0 0.66015625 0.9390625 0.1125 0.034375
0 0.86875 0.875 0.2203125 0.071875
0 0.83984375 0.9015625 0.309375 0.0546875
0 0.740625 0.94140625 0.09375 0.0296875
0 0.8125 0.9375 0.046875 0.025
0 0.97265625 0.934375 0.0546875 0.021875
0 0.8890625 0.93515625 0.103125 0.021875
0 0.79296875 0.328125 0.13125 0.0359375
0 0.890625 0.33046875 0.05625 0.0484375
0 0.48515625 0.07265625 0.1546875 0.0359375
0 0.64140625 0.06953125 0.1109375 0.028125
0 0.440625 0.11796875 0.01875 0.0078125
0 0.7359375 0.21875 0.0484375 0.0140625
0 0.94453125 0.328125 0.0671875 0.0359375
0 0.6109375 0.571875 0.0359375 0.0109375
0 0.70546875 0.68125 0.05625 0.0328125
0 0.87578125 0.68203125 0.2328125 0.0515625