0 0.2359375 0.12578125 0.1078125 0.0921875
0 0.3390625 0.11796875 0.0359375 0.0421875
0 0.45703125 0.10390625 0.1296875 0.1234375
0 0.53671875 0.06171875 0.034375 0.034375
0 0.6078125 0.0515625 0.140625 0.103125
0 0.2734375 0.2125 0.128125 0.0890625
0 0.371875 0.18515625 0.0578125 0.0765625
0 0.58515625 0.15703125 0.115625 0.103125
0 0.69453125 0.109375 0.1109375 0.0765625
0 0.11640625 0.4265625 0.109375 0.08125
0 0.25390625 0.4140625 0.1765625 0.134375
0 0.05703125 0.5703125 0.021875 0.0125
0 0.14296875 0.57265625 0.146875 0.15625
0 0.23203125 0.51875 0.053125 0.065625
0 0.33125 0.490625 0.125 0.0796875
0 0.46953125 0.4375 0.1109375 0.0671875
0 0.6171875 0.371875 0.159375 0.115625
0 0.728125 0.33984375 0.053125 0.05625
0 0.8265625 0.31875 0.1203125 0.06875
0 0.12734375 0.65234375 0.0875 0.065625
0 0.21640625 0.6109375 0.0625 0.0765625
0 0.328125 0.57421875 0.1234375 0.0828125
0 0.46328125 0.53359375 0.0890625 0.075
0 0.63046875 0.48828125 0.2796875 0.1734375
0 0.4734375 0.16640625 0.0796875 0.0703125