0 0.1984375 0.08046875 0.134375 0.0609375
0 0.303125 0.08125 0.0546875 0.03125
0 0.3390625 0.07890625 0.0140625 0.0078125
0 0.415625 0.065625 0.1484375 0.065625
0 0.50390625 0.06015625 0.0171875 0.0109375
0 0.58515625 0.0515625 0.1328125 0.0703125
0 0.6640625 0.0359375 0.0296875 0.03125
0 0.74140625 0.0265625 0.1171875 0.053125
0 0.09375 0.134375 0.0921875 0.040625
0 0.19453125 0.134375 0.078125 0.0296875
0 0.265625 0.1296875 0.0421875 0.028125
0 0.06953125 0.18125 0.0625 0.040625
0 0.371875 0.16015625 0.0734375 0.0453125
0 0.621875 0.1328125 0.075 0.0453125
0 0.0859375 0.22109375 0.0265625 0.025
0 0.3875 0.2078125 0.028125 0.0296875
0 0.63984375 0.18046875 0.0328125 0.025
0 0.0859375 0.271875 0.028125 0.0328125
0 0.38671875 0.25625 0.028125 0.0296875
0 0.64375 0.228125 0.034375 0.03125
0 0.08828125 0.32890625 0.034375 0.034375
0 0.38984375 0.30234375 0.03125 0.034375
0 0.64609375 0.27890625 0.0359375 0.03125
0 0.08984375 0.3734375 0.0328125 0.034375
0 0.390625 0.35390625 0.0328125 0.03125
0 0.659375 0.328125 0.0453125 0.0328125
0 0.090625 0.42265625 0.0296875 0.0390625
0 0.3921875 0.40234375 0.0328125 0.0328125
0 0.66015625 0.378125 0.0421875 0.0328125
0 0.0953125 0.471875 0.0234375 0.0328125
0 0.39765625 0.45234375 0.0375 0.040625
0 0.67265625 0.42734375 0.04375 0.0328125
0 0.0921875 0.53125 0.0359375 0.0421875
0 0.39609375 0.50859375 0.034375 0.0359375
0 0.4234375 0.484375 0.0234375 0.0328125
0 0.48046875 0.4890625 0.0609375 0.0546875
0 0.54140625 0.48984375 0.0546875 0.0421875
0 0.6015625 0.475 0.025 0.0453125
0 0.68359375 0.478125 0.0484375 0.0359375
0 0.728125 0.4765625 0.03125 0.025
0 0.09296875 0.58671875 0.0265625 0.0421875
0 0.40078125 0.56015625 0.040625 0.0421875
0 0.6765625 0.53515625 0.0859375 0.0859375
0 0.77890625 0.52109375 0.1140625 0.0953125
0 0.90546875 0.52734375 0.1578125 0.115625
0 0.678125 0.58984375 0.0375 0.0390625
0 0.72890625 0.578125 0.0453125 0.059375
0 0.80625 0.56875 0.0796875 0.0609375
0 0.06015625 0.77265625 0.059375 0.025
0 0.1171875 0.76640625 0.046875 0.025
0 0.1671875 0.76015625 0.0453125 0.0234375
0 0.31171875 0.72890625 0.140625 0.075
0 0.43359375 0.7171875 0.09375 0.0671875
0 0.57109375 0.696875 0.125 0.0703125
0 0.19921875 0.8328125 0.1125 0.11875
0 0.32734375 0.8203125 0.0796875 0.0859375
0 0.39375 0.825 0.05 0.05625
0 0.4546875 0.828125 0.05 0.0328125
0 0.5640625 0.784375 0.1671875 0.096875
0 0.690625 0.76015625 0.1203125 0.0984375
0 0.796875 0.75546875 0.0921875 0.090625
0 0.86484375 0.74140625 0.065625 0.0671875
0 0.9109375 0.759375 0.0828125 0.0671875
0 0.5484375 0.8609375 0.1203125 0.1015625
0 0.63984375 0.84921875 0.103125 0.08125
0 0.08828125 0.99375 0.0234375 0.0125
0 0.12265625 0.99296875 0.0453125 0.0140625
0 0.16328125 0.99296875 0.0359375 0.0140625
0 0.184375 0.99375 0.00625 0.0046875
0 0.19609375 0.9890625 0.0203125 0.021875
0 0.209375 0.98984375 0.00625 0.00625
0 0.22890625 0.9875 0.034375 0.0203125
0 0.30234375 0.97421875 0.1078125 0.0359375
0 0.7234375 0.8953125 0.0921875 0.084375