0 0.146875 0.14375 0.175 0.1125
0 0.3359375 0.13203125 0.19375 0.1046875
0 0.48203125 0.11953125 0.115625 0.0859375
0 0.603125 0.09453125 0.1078125 0.0921875
0 0.7953125 0.08671875 0.1984375 0.096875
0 0.07421875 0.25234375 0.10625 0.0828125
0 0.21953125 0.23828125 0.1734375 0.0890625
0 0.37734375 0.22734375 0.1703125 0.09375
0 0.50234375 0.24296875 0.1515625 0.1515625
0 0.6609375 0.18203125 0.21875 0.1
0 0.853125 0.15546875 0.140625 0.0796875
0 0.61015625 0.26953125 0.140625 0.0828125
0 0.7765625 0.23984375 0.20625 0.0984375
0 0.3984375 0.303125 0.303125 0.1140625
0 0.1921875 0.328125 0.1296875 0.1109375
0 0.08203125 0.33203125 0.1 0.0953125
0 0.1078125 0.4234375 0.1515625 0.09375
0 0.1234375 0.5375 0.1390625 0.096875
0 0.4609375 0.40703125 0.6046875 0.2578125
0 0.23203125 0.54453125 0.0078125 0.0109375