0 0.15625 0.34296875 0.1203125 0.0890625
0 0.25390625 0.30703125 0.084375 0.1015625
0 0.3609375 0.2796875 0.1390625 0.0921875
0 0.4484375 0.253125 0.0328125 0.05625
0 0.52421875 0.2484375 0.1078125 0.06875
0 0.6015625 0.2125 0.0390625 0.0734375
0 0.68828125 0.19765625 0.128125 0.08125
0 0.19296875 0.43515625 0.128125 0.096875
0 0.2953125 0.4046875 0.0796875 0.084375
0 0.371875 0.37265625 0.0828125 0.0796875
0 0.4671875 0.35625 0.1078125 0.084375
0 0.5390625 0.33125 0.0328125 0.05625
0 0.65 0.3125 0.1859375 0.1390625
0 0.17421875 0.5453125 0.059375 0.075
0 0.28203125 0.5296875 0.1609375 0.10625
0 0.37265625 0.48125 0.0359375 0.059375
0 0.4484375 0.46875 0.10625 0.0921875
0 0.52578125 0.44765625 0.05625 0.0703125
0 0.59765625 0.42890625 0.0765625 0.0625
0 0.67890625 0.4234375 0.0796875 0.084375
0 0.775 0.38671875 0.1171875 0.109375
0 0.17578125 0.6484375 0.0578125 0.071875
0 0.2390625 0.62734375 0.0703125 0.078125
0 0.32109375 0.6296875 0.0828125 0.0828125
0 0.409375 0.5828125 0.1015625 0.096875
0 0.4953125 0.5453125 0.0859375 0.0890625
0 0.6125 0.540625 0.140625 0.0921875
0 0.7125 0.4921875 0.071875 0.0828125
0 0.77421875 0.47890625 0.059375 0.0671875
0 0.84140625 0.45390625 0.0765625 0.0890625
0 0.9390625 0.4359375 0.1203125 0.1265625
0 0.2828125 0.7265625 0.2140625 0.096875
0 0.428125 0.67734375 0.075 0.0875
0 0.51015625 0.67734375 0.0796875 0.0796875
0 0.559375 0.63671875 0.0359375 0.0671875
0 0.6234375 0.62109375 0.090625 0.084375
0 0.7515625 0.58046875 0.171875 0.11875
0 0.32265625 0.81796875 0.0578125 0.0703125
0 0.38984375 0.81640625 0.06875 0.071875
0 0.50234375 0.76640625 0.1703125 0.1015625
0 0.75 0.69140625 0.075 0.08125
0 0.8734375 0.67578125 0.1703125 0.1171875
0 0.653125 0.71640625 0.134375 0.1
0 0.24453125 0.8375 0.1046875 0.0921875