0 0.08125 0.1953125 0.0109375 0.01875
0 0.1203125 0.1875 0.0578125 0.025
0 0.17421875 0.17734375 0.0296875 0.025
0 0.22109375 0.16640625 0.059375 0.03125
0 0.26796875 0.159375 0.0109375 0.01875
0 0.30703125 0.15234375 0.046875 0.0296875
0 0.365625 0.153125 0.059375 0.0359375
0 0.42265625 0.1328125 0.040625 0.0265625
0 0.421875 0.0109375 0.071875 0.021875
0 0.47578125 0.13125 0.0453125 0.0296875
0 0.546875 0.1078125 0.08125 0.0453125
0 0.6234375 0.10078125 0.0578125 0.0390625
0 0.68125 0.090625 0.0453125 0.028125
0 0.734375 0.090625 0.059375 0.034375
0 0.81328125 0.0703125 0.1109375 0.0484375
0 0.121875 0.22421875 0.08125 0.0375
0 0.2203125 0.21796875 0.09375 0.05625
0 0.2890625 0.1953125 0.028125 0.028125
0 0.33828125 0.1984375 0.046875 0.0328125
0 0.40390625 0.1796875 0.0671875 0.04375
0 0.46953125 0.1640625 0.0546875 0.034375
0 0.55 0.16328125 0.10625 0.05625
0 0.634375 0.1453125 0.0484375 0.034375
0 0.6890625 0.13671875 0.0515625 0.040625
0 0.75234375 0.12734375 0.0625 0.0375
0 0.8203125 0.1203125 0.075 0.0484375
0 0.1078125 0.275 0.0375 0.0234375
0 0.15703125 0.2640625 0.05 0.0265625
0 0.2125 0.2640625 0.0421875 0.034375
0 0.2890625 0.2484375 0.090625 0.05
0 0.3546875 0.23125 0.01875 0.0140625
0 0.39453125 0.22734375 0.0484375 0.0390625
0 0.45859375 0.21328125 0.0484375 0.025
0 0.515625 0.19765625 0.053125 0.0359375
0 0.57421875 0.190625 0.04375 0.0296875
0 0.6296875 0.18046875 0.0515625 0.03125
0 0.67421875 0.17734375 0.0109375 0.01875
0 0.7203125 0.16640625 0.0703125 0.0359375
0 0.78515625 0.1703125 0.04375 0.034375
0 0.84609375 0.14375 0.0703125 0.0453125
0 0.134375 0.30703125 0.075 0.0328125
0 0.21328125 0.30234375 0.053125 0.034375
0 0.29609375 0.2796875 0.090625 0.0375
0 0.365625 0.26484375 0.0453125 0.0265625
0 0.45 0.25625 0.1078125 0.0484375
0 0.5515625 0.24140625 0.0765625 0.0359375
0 0.625 0.2296875 0.053125 0.034375
0 0.7078125 0.20390625 0.090625 0.0421875
0 0.78046875 0.19765625 0.0328125 0.0234375
0 0.81171875 0.19609375 0.0203125 0.0171875
0 0.8625 0.1953125 0.0734375 0.053125
0 0.13359375 0.35390625 0.0671875 0.025
0 0.1921875 0.33828125 0.0390625 0.028125
0 0.24609375 0.3328125 0.0609375 0.0234375
0 0.3078125 0.31953125 0.0515625 0.028125
0 0.38984375 0.30546875 0.10625 0.0671875
0 0.484375 0.29296875 0.0609375 0.025
0 0.534375 0.27890625 0.0078125 0.0140625
0 0.57265625 0.27109375 0.0515625 0.028125
0 0.62578125 0.2609375 0.0296875 0.0265625
0 0.69140625 0.24921875 0.075 0.034375
0 0.76171875 0.23671875 0.0546875 0.0359375
0 0.83125 0.2296875 0.09375 0.0375
0 0.13828125 0.3921875 0.0625 0.0328125
0 0.20703125 0.378125 0.0546875 0.034375
0 0.30703125 0.35703125 0.1328125 0.0640625
0 0.42890625 0.34140625 0.1 0.040625
0 0.51484375 0.3234375 0.053125 0.034375
0 0.62578125 0.30625 0.1421875 0.071875
0 0.72578125 0.2890625 0.0375 0.0265625
0 0.771875 0.2796875 0.05 0.028125
0 0.84296875 0.2765625 0.0828125 0.0484375
0 0.1203125 0.4390625 0.0328125 0.025
0 0.16953125 0.43828125 0.0515625 0.034375
0 0.2078125 0.428125 0.0203125 0.009375
0 0.25078125 0.41171875 0.0625 0.03125
0 0.30703125 0.4078125 0.034375 0.0171875
0 0.3640625 0.39296875 0.065625 0.0328125
0 0.46015625 0.37890625 0.1203125 0.053125
0 0.546875 0.35546875 0.040625 0.0328125
0 0.58671875 0.353125 0.0546875 0.034375
0 0.6546875 0.33828125 0.05625 0.034375
0 0.70078125 0.33125 0.0171875 0.021875
0 0.74140625 0.32578125 0.053125 0.0296875
0 0.796875 0.3171875 0.0421875 0.0296875
0 0.85859375 0.3046875 0.0859375 0.0359375
0 0.1359375 0.47734375 0.0359375 0.0265625
0 0.1796875 0.46875 0.05625 0.03125
0 0.2703125 0.45546875 0.1125 0.0546875
0 0.39921875 0.425 0.121875 0.0515625
0 0.4984375 0.415625 0.0578125 0.0375
0 0.56171875 0.396875 0.0578125 0.034375
0 0.62734375 0.38984375 0.05625 0.034375
0 0.6921875 0.3703125 0.05 0.034375
0 0.73515625 0.365625 0.0234375 0.01875
0 0.7734375 0.35546875 0.0578125 0.0296875
0 0.84375 0.35078125 0.071875 0.040625
0 0.9 0.34609375 0.046875 0.034375
0 0.15859375 0.5140625 0.06875 0.0375
0 0.25078125 0.50390625 0.096875 0.0515625
0 0.32421875 0.48984375 0.046875 0.025
0 0.39296875 0.475 0.06875 0.0375
0 0.46640625 0.4609375 0.05625 0.03125
0 0.53359375 0.4484375 0.0609375 0.028125
0 0.59375 0.440625 0.0484375 0.0234375
0 0.6375 0.428125 0.0375 0.0296875
0 0.6875 0.421875 0.0359375 0.021875
0 0.75859375 0.41640625 0.0875 0.0515625
0 0.8328125 0.40078125 0.0578125 0.0359375
0 0.89296875 0.37578125 0.0734375 0.04375
0 0.153125 0.55859375 0.0328125 0.0234375
0 0.2109375 0.54921875 0.0734375 0.0328125
0 0.27734375 0.5390625 0.0515625 0.0421875
0 0.32421875 0.52890625 0.028125 0.021875
0 0.38671875 0.52109375 0.0875 0.0578125
0 0.4578125 0.50859375 0.034375 0.0234375
0 0.52578125 0.496875 0.08125 0.0328125
0 0.590625 0.47734375 0.0609375 0.0375
0 0.65390625 0.471875 0.0484375 0.0375
0 0.70390625 0.46015625 0.0328125 0.0203125
0 0.77578125 0.44609375 0.075 0.03125
0 0.8859375 0.42109375 0.128125 0.059375
0 0.1484375 0.60390625 0.0328125 0.0265625
0 0.21640625 0.5953125 0.090625 0.05
0 0.28359375 0.58203125 0.028125 0.0203125
0 0.38984375 0.5578125 0.15625 0.053125
0 0.50390625 0.5359375 0.0578125 0.0375
0 0.578125 0.525 0.078125 0.0375
0 0.1734375 0.68359375 0.0421875 0.0390625
0 0.23515625 0.67578125 0.0734375 0.034375
0 0.3015625 0.66796875 0.0359375 0.0265625
0 0.42734375 0.64296875 0.2078125 0.065625
0 0.553125 0.61640625 0.0484375 0.03125
0 0.621875 0.60234375 0.075 0.0359375
0 0.69765625 0.59140625 0.071875 0.0296875
0 0.7859375 0.56640625 0.0875 0.0421875
0 0.86875 0.55859375 0.0625 0.0328125
0 0.9390625 0.53984375 0.084375 0.0390625
0 0.18671875 0.73984375 0.0515625 0.0375
0 0.24765625 0.721875 0.0671875 0.0296875
0 0.34453125 0.70234375 0.10625 0.059375
0 0.4890625 0.6765625 0.1765625 0.078125
0 0.58984375 0.653125 0.0265625 0.025
0 0.64296875 0.6453125 0.053125 0.025
0 0.6953125 0.62578125 0.0671875 0.040625
0 0.78046875 0.61953125 0.090625 0.0375
0 0.84375 0.60078125 0.0359375 0.03125
0 0.90625 0.59609375 0.075 0.0453125
0 0.19375 0.77265625 0.05625 0.0359375
0 0.25703125 0.76171875 0.0640625 0.03125
0 0.3578125 0.740625 0.1125 0.0453125
0 0.453125 0.72421875 0.05625 0.0359375
0 0.52109375 0.71328125 0.0625 0.025
0 0.6296875 0.6953125 0.1359375 0.059375
0 0.71875 0.67421875 0.03125 0.021875
0 0.77578125 0.65234375 0.059375 0.04375
0 0.8453125 0.6453125 0.0828125 0.0375
0 0.91640625 0.62734375 0.0484375 0.0375
0 0.96875 0.61796875 0.0625 0.0359375
0 0.2125 0.8171875 0.0703125 0.03125
0 0.28984375 0.79765625 0.0578125 0.0359375
0 0.36171875 0.7921875 0.0703125 0.0390625
0 0.475 0.7625 0.1515625 0.059375
0 0.58515625 0.746875 0.0484375 0.0375
0 0.67109375 0.73125 0.109375 0.059375
0 0.76328125 0.70390625 0.0625 0.0328125
0 0.8171875 0.69375 0.0125 0.0203125
0 0.8546875 0.6859375 0.065625 0.0359375
0 0.91484375 0.66953125 0.04375 0.034375
0 0.9640625 0.66015625 0.071875 0.0390625
0 0.19453125 0.8640625 0.0265625 0.021875
0 0.26796875 0.85078125 0.1046875 0.0453125
0 0.38984375 0.8296875 0.1265625 0.0796875
0 0.4859375 0.8046875 0.0734375 0.0421875
0 0.57109375 0.7921875 0.0953125 0.04375
0 0.653125 0.77734375 0.05625 0.0265625
0 0.7625 0.7546875 0.125 0.065625
0 0.84609375 0.73359375 0.0484375 0.0296875
0 0.90078125 0.725 0.0546875 0.0234375
0 0.96171875 0.7046875 0.059375 0.03125
0 0.22109375 0.9078125 0.0546875 0.028125
0 0.2703125 0.8921875 0.0546875 0.0328125
0 0.32578125 0.88515625 0.0421875 0.0328125
0 0.38046875 0.87734375 0.0578125 0.034375
0 0.4390625 0.859375 0.05625 0.0359375
0 0.51015625 0.84609375 0.075 0.0421875
0 0.571875 0.834375 0.028125 0.0203125
0 0.68359375 0.809375 0.18125 0.071875
0 0.8 0.7796875 0.0609375 0.040625
0 0.87578125 0.76953125 0.0875 0.0390625
0 0.946875 0.75234375 0.0515625 0.0234375
0 0.284375 0.93515625 0.1703125 0.071875
0 0.4359375 0.90546875 0.11875 0.0484375
0 0.53359375 0.88359375 0.0734375 0.053125
0 0.60625 0.87734375 0.0515625 0.034375
0 0.678125 0.85546875 0.0875 0.0453125
0 0.753125 0.84453125 0.034375 0.025
0 0.81015625 0.8296875 0.0640625 0.0296875
0 0.89765625 0.8171875 0.08125 0.040625
0 0.971875 0.7921875 0.05625 0.03125
0 0.24140625 0.98515625 0.0734375 0.0296875
0 0.35859375 0.96171875 0.134375 0.046875
0 0.471875 0.9421875 0.0609375 0.0390625
0 0.54453125 0.92734375 0.0640625 0.034375
0 0.628125 0.91796875 0.053125 0.04375
0 0.68203125 0.90703125 0.021875 0.0140625
0 0.7421875 0.8921875 0.0796875 0.0484375
0 0.821875 0.8703125 0.05625 0.0328125