0 0.203125 0.07578125 0.009375 0.01875
0 0.2421875 0.08125 0.0578125 0.021875
0 0.296875 0.0890625 0.028125 0.025
0 0.34453125 0.09375 0.059375 0.028125
0 0.3921875 0.10234375 0.0109375 0.01875
0 0.43046875 0.10859375 0.0453125 0.028125
0 0.4859375 0.128125 0.059375 0.034375
0 0.54609375 0.128125 0.040625 0.025
0 0.5859375 0.01171875 0.071875 0.01875
0 0.59765625 0.14375 0.0453125 0.028125
0 0.671875 0.14453125 0.08125 0.040625
0 0.746875 0.16328125 0.05625 0.0375
0 0.8046875 0.171875 0.0453125 0.025
0 0.8546875 0.1890625 0.0578125 0.03125
0 0.9359375 0.19609375 0.1109375 0.0421875
0 0.23203125 0.115625 0.08125 0.0328125
0 0.328125 0.1421875 0.0921875 0.0515625
0 0.39921875 0.14375 0.0265625 0.0265625
0 0.44453125 0.1625 0.0453125 0.03125
0 0.51328125 0.165625 0.065625 0.040625
0 0.58046875 0.17265625 0.053125 0.0328125
0 0.65703125 0.19765625 0.10625 0.0515625
0 0.7421875 0.20859375 0.0484375 0.0328125
0 0.796875 0.21796875 0.0515625 0.0375
0 0.86015625 0.2296875 0.0609375 0.034375
0 0.9265625 0.2453125 0.0734375 0.0453125
0 0.20234375 0.159375 0.0375 0.021875
0 0.253125 0.165625 0.05 0.0234375
0 0.3046875 0.1828125 0.040625 0.0328125
0 0.38203125 0.19296875 0.0890625 0.0453125
0 0.45 0.1984375 0.01875 0.0140625
0 0.4890625 0.2078125 0.0484375 0.0375
0 0.55390625 0.215625 0.0484375 0.0234375
0 0.6125 0.21953125 0.053125 0.0328125
0 0.67109375 0.23125 0.04375 0.0265625
0 0.7265625 0.23984375 0.0515625 0.0296875
0 0.7703125 0.2515625 0.009375 0.01875
0 0.81640625 0.25625 0.06875 0.0328125
0 0.87734375 0.28046875 0.04375 0.0328125
0 0.94296875 0.27578125 0.06875 0.0421875
0 0.2171875 0.1984375 0.075 0.0296875
0 0.29296875 0.2203125 0.0515625 0.0328125
0 0.37890625 0.225 0.0890625 0.034375
0 0.45 0.234375 0.04375 0.025
0 0.53203125 0.25390625 0.10625 0.04375
0 0.6328125 0.27265625 0.0765625 0.03125
0 0.70625 0.28515625 0.0515625 0.0328125
0 0.7921875 0.2875 0.090625 0.0375
0 0.86328125 0.30546875 0.0328125 0.021875
0 0.89375 0.3140625 0.01875 0.015625
0 0.9421875 0.33046875 0.071875 0.05
0 0.20078125 0.24296875 0.0671875 0.021875
0 0.26171875 0.246875 0.0375 0.0265625
0 0.31484375 0.259375 0.0609375 0.0203125
0 0.37734375 0.26640625 0.05 0.0265625
0 0.459375 0.28046875 0.1046875 0.0625
0 0.55234375 0.29921875 0.0609375 0.021875
0 0.60390625 0.30234375 0.0078125 0.0125
0 0.64296875 0.30703125 0.05 0.0265625
0 0.69609375 0.31484375 0.0296875 0.025
0 0.7625 0.32578125 0.0734375 0.0296875
0 0.8328125 0.3359375 0.053125 0.034375
0 0.90078125 0.35234375 0.09375 0.0328125
0 0.19296875 0.28046875 0.0625 0.03125
0 0.26328125 0.2890625 0.0546875 0.03125
0 0.3640625 0.3015625 0.1328125 0.0578125
0 0.484375 0.3265625 0.1 0.0359375
0 0.571875 0.33828125 0.0515625 0.03125
0 0.68203125 0.3578125 0.140625 0.065625
0 0.78203125 0.37421875 0.0375 0.025
0 0.828125 0.38046875 0.0484375 0.0265625
0 0.89765625 0.40078125 0.0828125 0.04375
0 0.1609375 0.31875 0.03125 0.0234375
0 0.2078125 0.334375 0.05 0.0328125
0 0.246875 0.33671875 0.01875 0.009375
0 0.29296875 0.33515625 0.0625 0.028125
0 0.34765625 0.35 0.034375 0.015625
0 0.40625 0.35390625 0.065625 0.0296875
0 0.50234375 0.37265625 0.11875 0.0484375
0 0.59140625 0.37890625 0.0390625 0.03125
0 0.6296875 0.38984375 0.053125 0.0328125
0 0.69921875 0.39765625 0.0546875 0.0328125
0 0.7453125 0.40625 0.015625 0.021875
0 0.78515625 0.4140625 0.053125 0.028125
0 0.840625 0.42421875 0.0421875 0.028125
0 0.90234375 0.43203125 0.0859375 0.0328125
0 0.16328125 0.36015625 0.0359375 0.025
0 0.20703125 0.365625 0.05625 0.028125
0 0.296875 0.3828125 0.1109375 0.0484375
0 0.4296875 0.39609375 0.121875 0.0453125
0 0.5265625 0.4203125 0.05625 0.0359375
0 0.5921875 0.42265625 0.05625 0.0328125
0 0.65625 0.4375 0.0546875 0.0328125
0 0.7234375 0.43984375 0.0484375 0.0328125
0 0.765625 0.45 0.0234375 0.0171875
0 0.80546875 0.45234375 0.0578125 0.0265625
0 0.8734375 0.4703125 0.071875 0.0375
0 0.928125 0.484375 0.0453125 0.0328125
0 0.17265625 0.40234375 0.06875 0.034375
0 0.26328125 0.42265625 0.0953125 0.046875
0 0.3375 0.4328125 0.046875 0.0234375
0 0.40703125 0.4421875 0.06875 0.034375
0 0.48046875 0.45234375 0.05625 0.028125
0 0.5484375 0.46171875 0.0609375 0.0265625
0 0.6078125 0.47421875 0.0484375 0.021875
0 0.653125 0.4765625 0.0375 0.028125
0 0.703125 0.4875 0.034375 0.0203125
0 0.77109375 0.5046875 0.0859375 0.046875
0 0.846875 0.51484375 0.0578125 0.034375
0 0.91171875 0.5109375 0.0734375 0.040625
0 0.153125 0.4421875 0.03125 0.0234375
0 0.2109375 0.45234375 0.0734375 0.0296875
0 0.27734375 0.46484375 0.05 0.040625
0 0.32421875 0.46953125 0.0265625 0.021875
0 0.3859375 0.4828125 0.0859375 0.053125
0 0.45703125 0.49453125 0.034375 0.021875
0 0.525 0.50546875 0.08125 0.028125
0 0.59296875 0.50859375 0.059375 0.034375
0 0.6546875 0.5234375 0.046875 0.0359375
0 0.70546875 0.52890625 0.0328125 0.01875
0 0.778125 0.5390625 0.075 0.028125
0 0.890625 0.55078125 0.1265625 0.053125
0 0.13359375 0.484375 0.03125 0.025
0 0.20078125 0.49765625 0.0890625 0.0453125
0 0.26875 0.50703125 0.028125 0.01875
0 0.3765625 0.51875 0.15625 0.0453125
0 0.4921875 0.53515625 0.0578125 0.034375
0 0.565625 0.5484375 0.078125 0.034375
0 0.13125 0.5671875 0.040625 0.0375
0 0.1921875 0.5796875 0.071875 0.03125
0 0.2578125 0.59453125 0.034375 0.025
0 0.38515625 0.61171875 0.209375 0.0546875
0 0.5125 0.62734375 0.0484375 0.0296875
0 0.58203125 0.6359375 0.075 0.03125
0 0.65703125 0.65078125 0.071875 0.0265625
0 0.7484375 0.65546875 0.0859375 0.0390625
0 0.8296875 0.67578125 0.0625 0.0296875
0 0.90234375 0.68046875 0.084375 0.034375
0 0.12578125 0.625 0.05 0.034375
0 0.1890625 0.62734375 0.0671875 0.0265625
0 0.28671875 0.640625 0.10625 0.0546875
0 0.43203125 0.66328125 0.175 0.06875
0 0.53515625 0.6734375 0.025 0.0234375
0 0.5875 0.68359375 0.053125 0.021875
0 0.64375 0.6828125 0.0671875 0.0375
0 0.72578125 0.7046875 0.0890625 0.0328125
0 0.7921875 0.7078125 0.034375 0.0296875
0 0.853125 0.7234375 0.0734375 0.0421875
0 0.121875 0.65859375 0.0546875 0.034375
0 0.18515625 0.66875 0.0625 0.028125
0 0.2875 0.68125 0.1125 0.040625
0 0.3828125 0.696875 0.05625 0.0328125
0 0.45 0.70859375 0.0625 0.021875
0 0.55859375 0.7265625 0.1359375 0.053125
0 0.65 0.7359375 0.03125 0.0203125
0 0.7109375 0.73359375 0.0578125 0.0421875
0 0.77890625 0.75 0.0828125 0.0328125
0 0.85234375 0.75625 0.046875 0.034375
0 0.90546875 0.765625 0.0625 0.0328125
0 0.125 0.70625 0.0703125 0.028125
0 0.20390625 0.71328125 0.0578125 0.034375
0 0.27421875 0.73125 0.06875 0.0359375
0 0.390625 0.73984375 0.15 0.0515625
0 0.5 0.7609375 0.046875 0.0359375
0 0.58671875 0.77421875 0.1078125 0.053125
0 0.6828125 0.77890625 0.0625 0.0296875
0 0.73671875 0.78671875 0.0125 0.0203125
0 0.775 0.79140625 0.065625 0.0328125
0 0.8375 0.7953125 0.04375 0.03125
0 0.88828125 0.80390625 0.0734375 0.0359375
0 0.0921875 0.74453125 0.0265625 0.021875
0 0.16640625 0.75625 0.103125 0.040625
0 0.28828125 0.77578125 0.1234375 0.075
0 0.3875 0.78359375 0.0734375 0.0390625
0 0.471875 0.79921875 0.09375 0.0390625
0 0.5546875 0.8125 0.05625 0.025
0 0.665625 0.8265625 0.1234375 0.059375
0 0.7515625 0.83359375 0.046875 0.0265625
0 0.80625 0.84375 0.053125 0.021875
0 0.86953125 0.84375 0.059375 0.028125
0 0.10390625 0.79453125 0.053125 0.025
0 0.15546875 0.79609375 0.053125 0.0296875
0 0.21015625 0.80703125 0.0421875 0.03125
0 0.2640625 0.81796875 0.0578125 0.03125
0 0.32578125 0.8203125 0.0546875 0.0328125
0 0.396875 0.83046875 0.0734375 0.0390625
0 0.459375 0.83984375 0.028125 0.0203125
0 0.57265625 0.85234375 0.18125 0.0640625
0 0.69296875 0.8625 0.0609375 0.0375
0 0.7671875 0.8765625 0.0875 0.034375
0 0.840625 0.88359375 0.0515625 0.021875
0 0.1546875 0.84140625 0.1703125 0.0640625
0 0.30703125 0.8625 0.11875 0.04375
0 0.40703125 0.8734375 0.071875 0.05
0 0.47734375 0.89140625 0.0515625 0.03125
0 0.55234375 0.89375 0.0859375 0.0421875
0 0.62734375 0.90859375 0.0328125 0.0234375
0 0.6859375 0.9125 0.0640625 0.0265625
0 0.77265625 0.9296875 0.08125 0.0375
0 0.8515625 0.93046875 0.05625 0.0296875
0 0.8953125 0.93671875 0.028125 0.0203125
0 0.09765625 0.878125 0.0734375 0.0328125
0 0.215625 0.890625 0.134375 0.040625
0 0.3296875 0.909375 0.059375 0.0359375
0 0.403125 0.91875 0.0625 0.03125
0 0.48515625 0.93671875 0.0515625 0.040625
0 0.5390625 0.94453125 0.0203125 0.0140625
0 0.60078125 0.95 0.0796875 0.04375
0 0.68359375 0.9546875 0.05625 0.03125