0 0.55078125 0.05859375 0.078125 0.01875
0 0.21484375 0.06015625 0.03125 0.0375
0 0.27265625 0.06328125 0.075 0.0375
0 0.45859375 0.0703125 0.2546875 0.0796875
0 0.60546875 0.0953125 0.0234375 0.0140625
0 0.71171875 0.10859375 0.1875 0.090625
0 0.8375 0.14453125 0.04375 0.0421875
0 0.24609375 0.09375 0.115625 0.040625
0 0.4078125 0.1078125 0.1859375 0.053125
0 0.6171875 0.1390625 0.18125 0.0890625
0 0.79140625 0.18203125 0.1359375 0.0703125
0 0.86875 0.1890625 0.0171875 0.0234375
0 0.24296875 0.12734375 0.125 0.0515625
0 0.403125 0.1625 0.1484375 0.0953125
0 0.5078125 0.1546875 0.0359375 0.0359375
0 0.6328125 0.17890625 0.153125 0.071875
0 0.74765625 0.196875 0.0609375 0.021875
0 0.81328125 0.21015625 0.0234375 0.0171875
0 0.28515625 0.18359375 0.228125 0.0875
0 0.440625 0.19140625 0.0390625 0.034375
0 0.61328125 0.22578125 0.2546875 0.065625
0 0.79609375 0.23515625 0.0796875 0.0421875
0 0.3109375 0.23125 0.28125 0.1109375
0 0.5484375 0.24921875 0.2421875 0.115625
0 0.69375 0.26875 0.0390625 0.021875
0 0.75703125 0.2703125 0.075 0.040625
0 0.84375 0.28515625 0.0828125 0.059375
0 0.253125 0.26328125 0.175 0.0765625
0 0.4203125 0.27578125 0.1140625 0.065625
0 0.5953125 0.296875 0.2171875 0.075
0 0.80703125 0.33203125 0.165625 0.075
0 0.221875 0.29140625 0.146875 0.0484375
0 0.34453125 0.30390625 0.071875 0.04375
0 0.440625 0.31484375 0.0953125 0.0421875
0 0.503125 0.31875 0.0171875 0.0328125
0 0.57578125 0.32890625 0.1 0.0453125
0 0.72734375 0.33671875 0.18125 0.0671875
0 0.82734375 0.378125 0.08125 0.0734375
0 0.19453125 0.33125 0.075 0.04375
0 0.2703125 0.33515625 0.034375 0.0453125
0 0.33359375 0.36796875 0.0546875 0.0453125
0 0.44140625 0.36953125 0.134375 0.0734375
0 0.578125 0.36640625 0.096875 0.053125
0 0.73046875 0.39921875 0.203125 0.0984375
0 0.20703125 0.3859375 0.1140625 0.03125
0 0.3078125 0.40390625 0.0703125 0.0453125
0 0.42578125 0.3875 0.1546875 0.075
0 0.5234375 0.41640625 0.0359375 0.021875
0 0.5828125 0.43828125 0.0515625 0.05
0 0.721875 0.4546875 0.209375 0.071875
0 0.84921875 0.465625 0.0390625 0.0375
0 0.1640625 0.40859375 0.015625 0.03125
0 0.2171875 0.42578125 0.05625 0.021875
0 0.27578125 0.43046875 0.021875 0.0203125
0 0.34140625 0.42265625 0.0796875 0.05
0 0.4421875 0.43828125 0.1203125 0.0515625
0 0.5796875 0.45703125 0.1078125 0.0421875
0 0.66015625 0.47109375 0.0296875 0.0203125
0 0.7625 0.49140625 0.1234375 0.071875
0 0.17578125 0.4515625 0.0765625 0.053125
0 0.31484375 0.46484375 0.175 0.0671875
0 0.43671875 0.47578125 0.046875 0.05
0 0.53046875 0.4921875 0.1140625 0.0625
0 0.62890625 0.53125 0.0671875 0.05625
0 0.74296875 0.51484375 0.121875 0.05625
0 0.82421875 0.528125 0.0140625 0.0359375
0 0.178125 0.496875 0.078125 0.0375
0 0.2515625 0.5 0.0390625 0.046875
0 0.35625 0.5078125 0.1046875 0.05625
0 0.490625 0.5265625 0.125 0.0609375
0 0.58671875 0.5625 0.0546875 0.053125
0 0.65 0.5578125 0.065625 0.021875
0 0.7 0.55859375 0.025 0.0484375
0 0.76484375 0.5640625 0.0875 0.05
0 0.1734375 0.53046875 0.0859375 0.05625
0 0.2984375 0.54375 0.1265625 0.0578125
0 0.45703125 0.5796875 0.1484375 0.075
0 0.575 0.6 0.0625 0.0421875
0 0.66171875 0.58671875 0.08125 0.0546875
0 0.7671875 0.60078125 0.1125 0.0515625
0 0.83984375 0.62890625 0.03125 0.0515625
0 0.9703125 0.6171875 0.0296875 0.0140625
0 0.1984375 0.5765625 0.15625 0.0625
0 0.30859375 0.5875 0.0125 0.0390625
0 0.36328125 0.60703125 0.053125 0.021875
0 0.43125 0.61953125 0.021875 0.015625
0 0.53515625 0.628125 0.1453125 0.0859375
0 0.6953125 0.63203125 0.125 0.0640625
0 0.796875 0.6484375 0.0359375 0.0390625
0 0.15234375 0.609375 0.08125 0.046875
0 0.26953125 0.62890625 0.115625 0.0515625
0 0.42265625 0.6390625 0.1390625 0.0765625
0 0.640625 0.67109375 0.253125 0.06875
0 0.80703125 0.7109375 0.0828125 0.05625
0 0.12421875 0.6515625 0.0125 0.0390625
0 0.18359375 0.6703125 0.0546875 0.0203125
0 0.29296875 0.66328125 0.096875 0.0578125
0 0.36796875 0.69375 0.0515625 0.025
0 0.5625 0.715625 0.3109375 0.1171875
0 0.77890625 0.728125 0.1296875 0.05625
0 0.965625 0.70703125 0.0328125 0.015625
0 0.15546875 0.7015625 0.0953125 0.0625
0 0.2515625 0.7203125 0.0421875 0.021875
0 0.31171875 0.7203125 0.0171875 0.034375
0 0.36953125 0.7390625 0.053125 0.021875
0 0.50859375 0.75859375 0.1671875 0.10625
0 0.65703125 0.77421875 0.1078125 0.078125
0 0.77109375 0.76171875 0.0828125 0.059375
0 0.11328125 0.7453125 0.028125 0.0171875
0 0.1828125 0.75546875 0.0765625 0.078125
0 0.3265625 0.78828125 0.1796875 0.0703125
0 0.446875 0.78359375 0.01875 0.040625
0 0.50859375 0.803125 0.0671875 0.021875
0 0.64765625 0.8140625 0.175 0.1078125
0 0.7640625 0.825 0.025 0.0203125
0 0.20234375 0.78984375 0.2265625 0.06875
0 0.359375 0.81953125 0.0375 0.0234375