0 0.2 0.04765625 0.134375 0.0953125
0 0.40078125 0.0890625 0.26875 0.159375
0 0.55546875 0.21796875 0.153125 0.1
0 0.6765625 0.24609375 0.04375 0.0421875
0 0.815625 0.23046875 0.1484375 0.1125
0 0.91640625 0.2390625 0.0734375 0.0828125
0 0.12421875 0.34453125 0.1234375 0.1671875
0 0.2984375 0.30703125 0.1171875 0.075
0 0.5328125 0.32578125 0.2953125 0.1609375
0 0.72265625 0.33515625 0.028125 0.065625
0 0.85234375 0.3328125 0.18125 0.10625
0 0.11328125 0.45234375 0.15 0.1046875
0 0.31484375 0.4625 0.2375 0.13125
0 0.48984375 0.4734375 0.065625 0.096875
0 0.57890625 0.496875 0.0359375 0.0203125
0 0.6640625 0.48125 0.1 0.11875
0 0.8140625 0.509375 0.190625 0.1484375
0 0.09765625 0.5828125 0.15 0.078125
0 0.31328125 0.59375 0.2828125 0.128125
0 0.53125 0.60625 0.1453125 0.128125
0 0.72734375 0.6359375 0.121875 0.0890625
0 0.1046875 0.70234375 0.196875 0.1296875
0 0.30546875 0.73828125 0.121875 0.0671875
0 0.44296875 0.7484375 0.046875 0.0484375
0 0.63515625 0.74765625 0.265625 0.1640625
0 0.86484375 0.76015625 0.215625 0.1234375
0 0.040625 0.840625 0.08125 0.096875
0 0.16640625 0.8703125 0.134375 0.0765625