0 0.18984375 0.03046875 0.1828125 0.0609375
0 0.61796875 0.096875 0.6734375 0.19375
0 0.9765625 0.1453125 0.046875 0.075
0 0.31015625 0.08515625 0.1578125 0.121875
0 0.47890625 0.10703125 0.20625 0.13125
0 0.665625 0.15703125 0.2078125 0.14375
0 0.834375 0.17578125 0.13125 0.1109375
0 0.95 0.20390625 0.1 0.1078125
0 0.1859375 0.15078125 0.10625 0.0890625
0 0.34921875 0.19140625 0.1578125 0.0984375
0 0.51015625 0.2671875 0.20625 0.190625
0 0.67421875 0.2609375 0.159375 0.1046875
0 0.8390625 0.3078125 0.2171875 0.1609375
0 0.94453125 0.31015625 0.1109375 0.1234375
0 0.13984375 0.2328125 0.071875 0.071875
0 0.23671875 0.26796875 0.115625 0.0796875
0 0.3453125 0.30546875 0.103125 0.0921875
0 0.46953125 0.30703125 0.1078125 0.06875
0 0.5984375 0.33828125 0.1671875 0.1078125
0 0.746875 0.38984375 0.1671875 0.14375
0 0.89375 0.39765625 0.115625 0.0796875
0 0.9671875 0.41953125 0.065625 0.1078125
0 0.178125 0.321875 0.15625 0.1203125
0 0.3484375 0.36484375 0.1609375 0.1109375
0 0.50625 0.40390625 0.1359375 0.096875
0 0.61640625 0.453125 0.0625 0.0484375
0 0.71640625 0.49375 0.196875 0.1390625
0 0.8921875 0.50703125 0.184375 0.13125
0 0.1640625 0.43046875 0.1375 0.10625
0 0.325 0.4796875 0.15625 0.096875
0 0.46328125 0.54140625 0.215625 0.184375
0 0.615625 0.540625 0.10625 0.103125
0 0.73984375 0.5609375 0.146875 0.1109375
0 0.89453125 0.609375 0.190625 0.0984375
0 0.2015625 0.5453125 0.2109375 0.1703125
0 0.39140625 0.590625 0.1578125 0.0765625
0 0.5 0.621875 0.0921875 0.11875
0 0.58515625 0.67734375 0.1078125 0.1265625
0 0.73828125 0.6609375 0.196875 0.109375
0 0.8890625 0.7046875 0.1578125 0.1
0 0.1546875 0.603125 0.165625 0.1203125
0 0.321875 0.64609375 0.1828125 0.096875
0 0.4921875 0.7078125 0.196875 0.1125
0 0.696875 0.75546875 0.2015625 0.1296875
0 0.86484375 0.77734375 0.11875 0.103125
0 0.93046875 0.80234375 0.04375 0.0875
0 0.11015625 0.684375 0.1234375 0.1
0 0.3109375 0.7484375 0.284375 0.1484375
0 0.5515625 0.8171875 0.25625 0.1546875
0 0.7984375 0.85703125 0.2375 0.115625
0 0.1109375 0.77890625 0.134375 0.140625
0 0.2359375 0.82734375 0.1578125 0.1234375
0 0.3453125 0.85078125 0.1046875 0.1265625
0 0.55234375 0.9 0.3265625 0.184375
0 0.79921875 0.9546875 0.2171875 0.090625
0 0.1484375 0.88046875 0.196875 0.128125
0 0.28125 0.909375 0.0984375 0.1078125
0 0.3796875 0.95546875 0.1015625 0.0671875
0 0.50546875 0.9671875 0.1640625 0.065625
0 0.7421875 0.98671875 0.278125 0.0265625