0 0.2578125 0.08203125 0.0484375 0.0328125
0 0.2875 0.0765625 0.0046875 0.021875
0 0.30859375 0.075 0.028125 0.025
0 0.35703125 0.078125 0.059375 0.03125
0 0.409375 0.06796875 0.0390625 0.0328125
0 0.3265625 0.14609375 0.125 0.0703125
0 0.25859375 0.2390625 0.0359375 0.0359375
0 0.39140625 0.23515625 0.1734375 0.0484375
0 0.51328125 0.2328125 0.034375 0.0328125
0 0.253125 0.30703125 0.034375 0.03125
0 0.378125 0.29921875 0.1640625 0.046875
0 0.49921875 0.3015625 0.034375 0.0328125
0 0.58984375 0.29453125 0.103125 0.0421875
0 0.26015625 0.38125 0.0359375 0.0375
0 0.38984375 0.37265625 0.171875 0.0484375
0 0.51796875 0.3703125 0.0359375 0.0359375
0 0.63125 0.37109375 0.1515625 0.0609375
0 0.3328125 0.4390625 0.0203125 0.0171875
0 0.425 0.43828125 0.115625 0.059375
0 0.5078125 0.43203125 0.0359375 0.0359375
0 0.5625 0.43671875 0.05 0.0265625
0 0.63046875 0.43125 0.0765625 0.0296875
0 0.33515625 0.48984375 0.0171875 0.0171875
0 0.34375 0.55078125 0.0171875 0.0140625
0 0.46171875 0.55859375 0.1546875 0.046875
0 0.63046875 0.55546875 0.134375 0.065625
0 0.33046875 0.62734375 0.1046875 0.0421875
0 0.26875 0.73671875 0.040625 0.0421875
0 0.38515625 0.7265625 0.15 0.0484375
0 0.4984375 0.7265625 0.0359375 0.021875
0 0.54375 0.7265625 0.0171875 0.021875
0 0.609375 0.7296875 0.0921875 0.0515625
0 0.26953125 0.80078125 0.03125 0.0390625
0 0.4234375 0.803125 0.25 0.0625
0 0.59765625 0.78984375 0.0515625 0.0328125
0 0.67109375 0.78515625 0.0796875 0.040625
0 0.74453125 0.77734375 0.028125 0.0375
0 0.3640625 0.85703125 0.2 0.0515625
0 0.50546875 0.853125 0.034375 0.0296875
0 0.5828125 0.83828125 0.078125 0.0453125
0 0.65625 0.8390625 0.034375 0.028125
0 0.703125 0.8359375 0.0265625 0.0265625
0 0.7421875 0.8328125 0.0296875 0.025
0 0.34140625 0.9140625 0.1234375 0.040625
0 0.53046875 0.903125 0.1734375 0.0421875
0 0.6609375 0.88984375 0.0546875 0.0328125
0 0.365625 0.953125 0.1296875 0.03125
0 0.4640625 0.95234375 0.03125 0.0265625
0 0.51796875 0.9484375 0.0421875 0.03125
0 0.4421875 0.49765625 0.165625 0.05625
0 0.56484375 0.48515625 0.0640625 0.034375
0 0.60703125 0.23203125 0.109375 0.0578125