0 0.159375 0.021875 0.040625 0.04375
0 0.25078125 0.04921875 0.09375 0.0640625
0 0.38359375 0.0703125 0.1203125 0.1
0 0.571875 0.09609375 0.1921875 0.0734375
0 0.703125 0.109375 0.0484375 0.0515625
0 0.771875 0.1296875 0.075 0.05625
0 0.86796875 0.1453125 0.090625 0.046875
0 0.934375 0.16796875 0.0296875 0.021875
0 0.18203125 0.084375 0.18125 0.0828125
0 0.3203125 0.09453125 0.05 0.046875
0 0.396875 0.125 0.075 0.04375
0 0.5 0.1359375 0.096875 0.05625
0 0.67734375 0.1921875 0.2 0.103125
0 0.86875 0.2359375 0.1734375 0.0734375
0 0.1359375 0.12578125 0.1 0.0640625
0 0.26015625 0.1453125 0.0671875 0.046875
0 0.390625 0.18046875 0.1671875 0.0640625
0 0.60234375 0.23828125 0.215625 0.1046875
0 0.76953125 0.27578125 0.1328125 0.0828125
0 0.8921875 0.296875 0.096875 0.0515625
0 0.13828125 0.20546875 0.128125 0.1125
0 0.26640625 0.2265625 0.0921875 0.0515625
0 0.38203125 0.253125 0.05 0.0234375
0 0.60078125 0.2890625 0.10625 0.0703125
0 0.6890625 0.334375 0.0640625 0.0796875
0 0.77734375 0.33671875 0.1328125 0.06875
0 0.915625 0.38046875 0.1421875 0.0640625
0 0.125 0.2765625 0.109375 0.0875
0 0.29765625 0.29765625 0.21875 0.0984375
0 0.4625 0.3234375 0.0734375 0.046875
0 0.5671875 0.3421875 0.0953125 0.0515625
0 0.66796875 0.371875 0.0453125 0.04375
0 0.90546875 0.44921875 0.1890625 0.1203125
0 0.1296875 0.34140625 0.1625 0.0625
0 0.24375 0.35859375 0.0453125 0.0453125
0 0.33203125 0.38046875 0.0640625 0.0546875
0 0.44296875 0.39453125 0.128125 0.075
0 0.57578125 0.4390625 0.1375 0.0671875
0 0.71953125 0.465625 0.125 0.071875
0 0.846875 0.49140625 0.0390625 0.0515625
0 0.91953125 0.5390625 0.1 0.08125
0 0.09765625 0.4078125 0.1328125 0.1015625
0 0.23046875 0.434375 0.0828125 0.0421875
0 0.371875 0.46796875 0.075 0.0328125
0 0.49609375 0.49921875 0.0703125 0.0421875
0 0.58359375 0.51171875 0.0734375 0.053125
0 0.7359375 0.56953125 0.2515625 0.1109375
0 0.9109375 0.5859375 0.0703125 0.078125
0 0.0984375 0.4796875 0.1515625 0.0984375
0 0.22890625 0.49765625 0.0515625 0.0578125
0 0.25390625 0.5234375 0.01875 0.025
0 0.290625 0.4703125 0.0484375 0.0375
0 0.3515625 0.48984375 0.0875 0.053125
0 0.3078125 0.50703125 0.025 0.025
0 0.4078125 0.53671875 0.0859375 0.078125
0 0.55859375 0.57265625 0.1765625 0.0890625
0 0.6796875 0.5921875 0.0578125 0.0546875
0 0.746875 0.609375 0.0625 0.05625
0 0.83203125 0.6359375 0.090625 0.065625
0 0.91484375 0.65859375 0.0859375 0.0859375
0 0.025 0.53515625 0.05 0.0578125
0 0.14609375 0.5625 0.1921875 0.1015625
0 0.4578125 0.625 0.1171875 0.1109375
0 0.61640625 0.65703125 0.1671875 0.09375
0 0.28203125 0.64140625 0.078125 0.059375
0 0.4109375 0.68203125 0.146875 0.1171875
0 0.596875 0.70859375 0.1890625 0.0953125
0 0.1265625 0.7171875 0.0984375 0.0703125
0 0.47265625 0.7703125 0.059375 0.0578125
0 0.6265625 0.8015625 0.221875 0.1046875
0 0.790625 0.8265625 0.0890625 0.0703125
0 0.89140625 0.85234375 0.1109375 0.078125
0 0.30390625 0.7421875 0.2359375 0.1015625
0 0.45390625 0.26484375 0.0765625 0.0421875