0 0.13984375 0.21171875 0.2421875 0.1328125
0 0.32421875 0.165625 0.0859375 0.0703125
0 0.53203125 0.1359375 0.2765625 0.1640625
0 0.13984375 0.33984375 0.2234375 0.1078125
0 0.33828125 0.309375 0.1359375 0.115625
0 0.49296875 0.25546875 0.1546875 0.1109375
0 0.66953125 0.25625 0.2203125 0.13125
0 0.8171875 0.225 0.05625 0.0484375
0 0.15 0.425 0.2046875 0.090625
0 0.36875 0.38359375 0.1796875 0.0921875
0 0.50078125 0.3625 0.05625 0.04375
0 0.009375 0.3875 0.01875 0.0125
0 0.6328125 0.3390625 0.2109375 0.08125