0 0.1375 0.11796875 0.0578125 0.0265625
0 0.23984375 0.09296875 0.134375 0.0484375
0 0.16640625 0.140625 0.046875 0.0234375
0 0.21875 0.13359375 0.03125 0.01875
0 0.28828125 0.1265625 0.0796875 0.0328125
0 0.3484375 0.11875 0.0203125 0.01875
0 0.3875 0.11328125 0.03125 0.021875
0 0.4609375 0.10703125 0.08125 0.0234375
0 0.5328125 0.1015625 0.034375 0.015625
0 0.6078125 0.0984375 0.071875 0.028125
0 0.1875 0.178125 0.0703125 0.034375
0 0.25546875 0.1609375 0.021875 0.0171875
0 0.33984375 0.15625 0.109375 0.0375
0 0.478125 0.140625 0.1109375 0.0390625
0 0.5765625 0.1390625 0.034375 0.0203125
0 0.628125 0.12890625 0.0359375 0.021875
0 0.68046875 0.125 0.025 0.0171875
0 0.73515625 0.12734375 0.0390625 0.015625
0 0.82890625 0.125 0.096875 0.0328125
0 0.184375 0.21328125 0.0265625 0.0203125
0 0.25625 0.196875 0.075 0.034375
0 0.33359375 0.1890625 0.0375 0.0203125
0 0.42578125 0.18125 0.0984375 0.040625
0 0.55390625 0.16640625 0.1203125 0.0328125
0 0.665625 0.1609375 0.053125 0.0234375
0 0.74375 0.1609375 0.06875 0.0390625
0 0.8234375 0.1546875 0.053125 0.0265625
0 0.20703125 0.2390625 0.0640625 0.0265625
0 0.29296875 0.22578125 0.059375 0.0296875
0 0.371875 0.22109375 0.0546875 0.01875
0 0.4546875 0.2109375 0.059375 0.025
0 0.52890625 0.20859375 0.05 0.0328125
0 0.59140625 0.2 0.040625 0.0234375
0 0.6390625 0.19921875 0.0265625 0.01875
0 0.6890625 0.19296875 0.040625 0.0234375
0 0.7515625 0.19375 0.065625 0.0328125
0 0.80859375 0.18828125 0.021875 0.015625
0 0.21953125 0.275 0.0765625 0.0390625
0 0.18203125 0.31484375 0.046875 0.0203125
0 0.25390625 0.30703125 0.059375 0.034375
0 0.31953125 0.30703125 0.0390625 0.025
0 0.38671875 0.28984375 0.059375 0.0296875
0 0.45625 0.290625 0.0546875 0.034375
0 0.51015625 0.2796875 0.0375 0.021875
0 0.575 0.28359375 0.0484375 0.0296875
0 0.62734375 0.27578125 0.01875 0.0140625
0 0.68671875 0.26875 0.0734375 0.034375
0 0.74375 0.26484375 0.0234375 0.03125
0 0.81484375 0.2546875 0.0875 0.0296875
0 0.2265625 0.34453125 0.08125 0.0234375
0 0.30234375 0.33828125 0.0359375 0.0171875
0 0.36328125 0.3296875 0.0421875 0.0265625
0 0.42109375 0.32578125 0.025 0.015625
0 0.47578125 0.32109375 0.0421875 0.021875
0 0.52109375 0.31796875 0.021875 0.015625
0 0.57890625 0.31171875 0.0546875 0.0234375
0 0.6546875 0.3109375 0.0390625 0.028125
0 0.7375 0.30234375 0.0875 0.034375
0 0.81796875 0.29921875 0.03125 0.0296875
0 0.21484375 0.3875 0.0453125 0.021875
0 0.40546875 0.3671875 0.053125 0.03125
0 0.471875 0.3578125 0.0421875 0.0203125
0 0.51875 0.35234375 0.021875 0.0171875
0 0.56328125 0.35 0.034375 0.021875
0 0.65625 0.3421875 0.103125 0.028125
0 0.73984375 0.33515625 0.0234375 0.0125
0 0.7859375 0.33203125 0.034375 0.025
0 0.84375 0.32734375 0.0546875 0.0296875
0 0.2484375 0.41875 0.0953125 0.0390625
0 0.33359375 0.4046875 0.0203125 0.0140625
0 0.39296875 0.39921875 0.0515625 0.021875
0 0.1875 0.4625 0.0390625 0.021875
0 0.25 0.45625 0.053125 0.021875
0 0.315625 0.446875 0.021875 0.01875
0 0.3796875 0.4453125 0.065625 0.0234375
0 0.44609375 0.43671875 0.046875 0.0234375
0 0.515625 0.42734375 0.0609375 0.025
0 0.5671875 0.425 0.0203125 0.0203125
0 0.6140625 0.425 0.0171875 0.0125
0 0.68359375 0.42109375 0.084375 0.0375
0 0.7640625 0.40546875 0.046875 0.0234375
0 0.828125 0.4 0.05 0.025
0 0.20703125 0.49609375 0.0421875 0.0296875
0 0.29140625 0.49296875 0.0875 0.0375
0 0.21875 0.53515625 0.0890625 0.0390625
0 0.290625 0.52734375 0.0328125 0.034375
0 0.34921875 0.52421875 0.040625 0.025
0 0.40703125 0.515625 0.03125 0.015625
0 0.47890625 0.50546875 0.0640625 0.028125
0 0.55 0.5015625 0.025 0.01875
0 0.63671875 0.49375 0.1015625 0.03125
0 0.7390625 0.4921875 0.0640625 0.028125
0 0.834375 0.484375 0.0890625 0.0359375
0 0.21640625 0.5734375 0.0375 0.01875
0 0.27890625 0.565625 0.0421875 0.0234375
0 0.38828125 0.55390625 0.128125 0.034375
0 0.54296875 0.54921875 0.1234375 0.05
0 0.634375 0.5328125 0.0453125 0.0234375
0 0.7046875 0.52734375 0.0390625 0.0234375
0 0.7828125 0.5265625 0.075 0.040625
0 0.25234375 0.6171875 0.10625 0.0390625
0 0.40859375 0.60234375 0.0828125 0.046875
0 0.50234375 0.59296875 0.04375 0.0296875
0 0.55859375 0.59140625 0.0421875 0.0296875
0 0.6453125 0.58046875 0.0875 0.0453125
0 0.7375 0.565625 0.065625 0.028125
0 0.80546875 0.5609375 0.028125 0.03125
0 0.8625 0.56171875 0.0390625 0.0234375
0 0.23046875 0.65078125 0.05625 0.028125
0 0.31796875 0.65 0.059375 0.0375
0 0.3890625 0.63984375 0.0390625 0.0234375
0 0.453125 0.634375 0.0421875 0.025
0 0.5203125 0.62890625 0.0515625 0.0265625
0 0.596875 0.621875 0.0671875 0.04375
0 0.71015625 0.6125 0.1125 0.05
0 0.80078125 0.6 0.0484375 0.0265625
0 0.87578125 0.5890625 0.0578125 0.0296875
0 0.22109375 0.69609375 0.0234375 0.025
0 0.31796875 0.6859375 0.1046875 0.034375
0 0.42890625 0.67734375 0.0625 0.0265625
0 0.22265625 0.73828125 0.14375 0.0375
0 0.21328125 0.77734375 0.0234375 0.021875
0 0.25625 0.77734375 0.05 0.021875
0 0.315625 0.7703125 0.0484375 0.0328125
0 0.421875 0.76875 0.071875 0.0359375
0 0.1703125 0.8296875 0.0109375 0.015625
0 0.23984375 0.82421875 0.05 0.0265625
0 0.30703125 0.82109375 0.0265625 0.015625
0 0.36953125 0.81328125 0.0390625 0.021875
0 0.44296875 0.8140625 0.04375 0.0296875
0 0.5984375 0.790625 0.0265625 0.021875
0 0.659375 0.7828125 0.040625 0.021875
0 0.72890625 0.771875 0.0578125 0.0296875
0 0.8015625 0.759375 0.053125 0.028125
0 0.1734375 0.86640625 0.0171875 0.025
0 0.2375 0.86640625 0.03125 0.01875
0 0.31328125 0.85859375 0.0578125 0.025
0 0.65078125 0.81796875 0.0203125 0.021875
0 0.725 0.8171875 0.075 0.04375
0 0.80546875 0.80546875 0.0484375 0.0234375
0 0.859375 0.7984375 0.0265625 0.01875
0 0.178125 0.9140625 0.0171875 0.021875
0 0.25859375 0.90859375 0.04375 0.021875
0 0.34296875 0.9078125 0.05625 0.03125
0 0.4328125 0.90078125 0.103125 0.0375
0 0.709375 0.85703125 0.0390625 0.0234375
0 0.7984375 0.85390625 0.0890625 0.040625
0 0.871875 0.8484375 0.025 0.028125
0 0.915625 0.8328125 0.034375 0.028125
0 0.18125 0.95703125 0.0234375 0.021875
0 0.2796875 0.95234375 0.1046875 0.03125
0 0.74765625 0.89453125 0.10625 0.0328125
0 0.58671875 0.96328125 0.140625 0.040625
0 0.9015625 0.79140625 0.021875 0.025
0 0.36640625 0.76796875 0.0203125 0.0234375
0 0.334375 0.60390625 0.025 0.03125
0 0.30625 0.3765625 0.1046875 0.0421875