0 0.45703125 0.91875 0.2484375 0.071875
0 0.28984375 0.81875 0.28125 0.0578125
0 0.30625 0.7296875 0.2125 0.059375
0 0.81328125 0.90234375 0.225 0.0828125
0 0.38125 0.37890625 0.2203125 0.053125
0 0.2 0.5109375 0.203125 0.053125
0 0.60234375 0.41640625 0.2578125 0.05
0 0.48203125 0.61171875 0.23125 0.0515625
0 0.49453125 0.26640625 0.2015625 0.0515625
0 0.21796875 0.61484375 0.178125 0.0578125
0 0.796875 0.2421875 0.203125 0.0578125
0 0.3734375 0.7890625 0.090625 0.0703125
0 0.5515625 0.7265625 0.2 0.0515625
0 0.6328125 0.134375 0.1421875 0.05625
0 0.41875 0.51328125 0.2046875 0.0453125
0 0.38984375 0.86171875 0.1859375 0.0484375
0 0.3671875 0.1140625 0.159375 0.04375
0 0.3796875 0.30390625 0.1546875 0.0453125
0 0.54765625 0.68671875 0.146875 0.0484375
0 0.1765625 0.8625 0.1265625 0.0484375
0 0.190625 0.340625 0.128125 0.0640625
0 0.59296875 0.5578125 0.171875 0.040625
0 0.62109375 0.3546875 0.1484375 0.040625
0 0.82890625 0.09609375 0.125 0.059375
0 0.84609375 0.8546875 0.1625 0.04375
0 0.5828125 0.06015625 0.18125 0.0359375
0 0.31328125 0.20546875 0.1734375 0.0421875
0 0.21171875 0.9046875 0.146875 0.046875
0 0.7265625 0.6203125 0.121875 0.0765625
0 0.3515625 0.14296875 0.134375 0.046875
0 0.30234375 0.55390625 0.1390625 0.0453125
0 0.653125 0.17421875 0.0984375 0.059375
0 0.271875 0.40703125 0.109375 0.0375
0 0.66015625 0.38671875 0.134375 0.0359375
0 0.20234375 0.10703125 0.125 0.040625
0 0.23125 0.2609375 0.1046875 0.0390625
0 0.57890625 0.86015625 0.121875 0.0359375
0 0.21875 0.3 0.1078125 0.0421875
0 0.7078125 0.68984375 0.1234375 0.0359375
0 0.390625 0.68984375 0.0875 0.0421875
0 0.54140625 0.81484375 0.0921875 0.04375
0 0.69453125 0.7734375 0.1 0.0296875
0 0.646875 0.90546875 0.0953125 0.0453125
0 0.33046875 0.34375 0.08125 0.040625
0 0.21953125 0.7734375 0.0921875 0.040625
0 0.77265625 0.1703125 0.0890625 0.04375
0 0.48828125 0.20625 0.1109375 0.0328125
0 0.1921875 0.1453125 0.0890625 0.0453125
0 0.27890625 0.1671875 0.1046875 0.03125
0 0.6875 0.28125 0.115625 0.0296875
0 0.7765625 0.5234375 0.096875 0.03125
0 0.66328125 0.5234375 0.0703125 0.0296875
0 0.39921875 0.046875 0.1171875 0.0265625
0 0.825 0.76875 0.0859375 0.040625
0 0.715625 0.0859375 0.065625 0.0515625
0 0.7859375 0.20625 0.0921875 0.034375
0 0.82421875 0.725 0.0859375 0.034375
0 0.5578125 0.76875 0.0796875 0.0375
0 0.7828125 0.81015625 0.084375 0.0453125
0 0.4640625 0.34921875 0.0875 0.0359375
0 0.503125 0.14453125 0.0796875 0.0296875
0 0.56796875 0.3140625 0.06875 0.0328125
0 0.25 0.04140625 0.09375 0.028125
0 0.02890625 0.5 0.05625 0.04375
0 0.76640625 0.35859375 0.078125 0.034375
0 0.70859375 0.859375 0.078125 0.0375
0 0.0484375 0.42578125 0.05625 0.040625
0 0.66484375 0.2 0.078125 0.0390625
0 0.43984375 0.55625 0.0765625 0.0359375
0 0.62890625 0.22109375 0.0828125 0.0265625
0 0.66328125 0.8125 0.053125 0.04375
0 0.7640625 0.13671875 0.078125 0.0265625
0 0.54609375 0.38046875 0.0515625 0.034375
0 0.53203125 0.1828125 0.0875 0.0265625
0 0.16328125 0.55625 0.05625 0.0328125
0 0.41015625 0.41328125 0.0671875 0.025
0 0.8578125 0.36171875 0.0546875 0.028125
0 0.49921875 0.1109375 0.0578125 0.025
0 0.07734375 0.22265625 0.0359375 0.034375
0 0.18359375 0.36875 0.0390625 0.0421875
0 0.73046875 0.72734375 0.053125 0.0296875
0 0.41328125 0.17421875 0.0796875 0.0171875
0 0.075 0.28671875 0.034375 0.034375
0 0.6640625 0.0203125 0.05625 0.01875
0 0.18984375 0.2046875 0.0640625 0.03125
0 0.73671875 0.56015625 0.059375 0.0203125
0 0.15078125 0.04765625 0.0296875 0.034375
0 0.1796875 0.1734375 0.04375 0.0234375
0 0.1109375 0.5984375 0.0265625 0.040625
0 0.08828125 0.06875 0.0265625 0.0421875
0 0.32578125 0.26171875 0.021875 0.034375
0 0.33125 0.61640625 0.0171875 0.01875
0 0.4546875 0.78046875 0.0234375 0.0140625
0 0.76328125 0.31953125 0.021875 0.0125
0 0.81875 0.61328125 0.0140625 0.0078125
0 0.19140625 0.409375 0.0234375 0.0203125
0 0.5734375 0.5171875 0.0515625 0.0265625
0 0.6328125 0.603125 0.0296875 0.0328125
0 0.30078125 0.7671875 0.0640625 0.034375
0 0.034375 0.68671875 0.040625 0.0171875
0 0.10078125 0.11640625 0.03125 0.0296875