0 0.190625 0.21484375 0.203125 0.10625
0 0.33125 0.171875 0.0703125 0.0953125
0 0.5375 0.153125 0.2984375 0.065625
0 0.1546875 0.3296875 0.0859375 0.046875
0 0.26953125 0.35078125 0.0953125 0.10625
0 0.37578125 0.31640625 0.1234375 0.05625
0 0.4890625 0.31015625 0.078125 0.0578125
0 0.58125 0.31484375 0.075 0.0390625
0 0.68046875 0.2984375 0.1078125 0.059375
0 0.8359375 0.29296875 0.1640625 0.05
0 0.12265625 0.4203125 0.0421875 0.0453125
0 0.22890625 0.434375 0.121875 0.0734375
0 0.38515625 0.425 0.134375 0.0859375
0 0.5046875 0.4 0.071875 0.05625
0 0.6 0.4078125 0.090625 0.034375
0 0.70546875 0.409375 0.125 0.05625
0 0.8578125 0.409375 0.1609375 0.0734375
0 0.07109375 0.340625 0.015625 0.0140625