0 0.06171875 0.0984375 0.0546875 0.08125
0 0.11640625 0.18359375 0.040625 0.04375
0 0.11875 0.10078125 0.059375 0.0390625
0 0.528125 0.0578125 0.1234375 0.0390625
0 0.0765625 0.20390625 0.053125 0.1109375
0 0.2359375 0.08515625 0.1125 0.034375
0 0.1609375 0.165625 0.040625 0.028125
0 0.2953125 0.15390625 0.01875 0.015625
0 0.2328125 0.16640625 0.096875 0.0453125
0 0.50390625 0.1265625 0.0953125 0.0390625
0 0.63046875 0.1078125 0.1140625 0.040625
0 0.3109375 0.221875 0.01875 0.01875
0 0.23359375 0.19453125 0.0390625 0.0265625
0 0.2375 0.2234375 0.10625 0.034375
0 0.628125 0.1984375 0.05 0.0953125
0 0.76640625 0.16875 0.25 0.0671875
0 0.60703125 0.27734375 0.0640625 0.0328125
0 0.69140625 0.2546875 0.0671875 0.0328125
0 0.734375 0.20625 0.0984375 0.0515625
0 0.74921875 0.2453125 0.0390625 0.0234375
0 0.61171875 0.31171875 0.059375 0.0296875
0 0.7109375 0.29765625 0.103125 0.034375
0 0.90078125 0.30859375 0.09375 0.0390625
0 0.89296875 0.28125 0.1015625 0.046875
0 0.2203125 0.33671875 0.0703125 0.0328125
0 0.28046875 0.32734375 0.0390625 0.021875
0 0.34453125 0.3265625 0.0796875 0.0375
0 0.1484375 0.34765625 0.0640625 0.034375
0 0.23125 0.40546875 0.059375 0.028125
0 0.39296875 0.32265625 0.0140625 0.0140625
0 0.2953125 0.39921875 0.0671875 0.0265625
0 0.73359375 0.35234375 0.15 0.0546875
0 0.4859375 0.37734375 0.08125 0.040625
0 0.89921875 0.36328125 0.0984375 0.0671875
0 0.171875 0.45 0.0578125 0.0234375
0 0.26796875 0.434375 0.0625 0.025
0 0.18046875 0.475 0.06875 0.0296875
0 0.146875 0.4734375 0.0375 0.078125
0 0.3109375 0.45390625 0.0234375 0.0625
0 0.4875 0.41640625 0.06875 0.0265625
0 0.5609375 0.41015625 0.0203125 0.025
0 0.29140625 0.50546875 0.153125 0.0390625
0 0.4140625 0.4953125 0.0609375 0.0359375
0 0.4984375 0.4859375 0.078125 0.0265625
0 0.75078125 0.46484375 0.1578125 0.059375
0 0.178125 0.56328125 0.0953125 0.040625
0 0.28359375 0.5515625 0.1046875 0.05
0 0.36484375 0.54296875 0.071875 0.0359375
0 0.50078125 0.52578125 0.065625 0.025
0 0.57421875 0.5203125 0.01875 0.03125
0 0.18125 0.5953125 0.0890625 0.05
0 0.3171875 0.5828125 0.04375 0.034375
0 0.29140625 0.6140625 0.11875 0.04375
0 0.41171875 0.5984375 0.13125 0.034375
0 0.5609375 0.578125 0.1375 0.0484375
0 0.7609375 0.5671875 0.15 0.04375
0 0.07265625 0.6515625 0.078125 0.04375
0 0.08046875 0.67734375 0.0765625 0.0265625
0 0.0671875 0.70390625 0.053125 0.028125
0 0.121875 0.69765625 0.0390625 0.01875
0 0.084375 0.73359375 0.053125 0.0203125
0 0.0453125 0.6859375 0.03125 0.1203125
0 0.1421875 0.67890625 0.040625 0.0953125
0 0.16796875 0.6578125 0.05625 0.0484375
0 0.20078125 0.65078125 0.0203125 0.0203125
0 0.22578125 0.64609375 0.0328125 0.0234375
0 0.27578125 0.64921875 0.0546875 0.025
0 0.3125 0.64453125 0.0265625 0.0265625
0 0.35546875 0.6375 0.06875 0.0234375
0 0.4296875 0.6265625 0.0796875 0.028125
0 0.16015625 0.68984375 0.0203125 0.0328125
0 0.209375 0.68203125 0.1015625 0.0359375
0 0.3046875 0.66640625 0.0875 0.0296875
0 0.45625 0.6515625 0.025 0.034375
0 0.60703125 0.621875 0.065625 0.03125
0 0.6640625 0.61640625 0.0140625 0.034375
0 0.2875 0.72109375 0.0796875 0.034375
0 0.34375 0.7078125 0.0234375 0.025
0 0.38828125 0.684375 0.0671875 0.0453125
0 0.44609375 0.67421875 0.053125 0.0203125
0 0.3953125 0.70390625 0.0671875 0.0296875
0 0.4359375 0.703125 0.015625 0.0109375
0 0.4625 0.69375 0.0375 0.053125
0 0.48671875 0.69140625 0.0390625 0.021875
0 0.53828125 0.6890625 0.0578125 0.0265625
0 0.6 0.68671875 0.065625 0.028125
0 0.6078125 0.72578125 0.0734375 0.0390625
0 0.671875 0.728125 0.0171875 0.028125
0 0.65234375 0.7328125 0.0109375 0.0109375
0 0.771875 0.66796875 0.14375 0.0390625
0 0.16640625 0.79140625 0.0359375 0.065625
0 0.196875 0.77890625 0.053125 0.0359375
0 0.2734375 0.76640625 0.09375 0.028125
0 0.37421875 0.75859375 0.0984375 0.0375
0 0.42734375 0.75859375 0.0328125 0.053125
0 0.21640625 0.80546875 0.0890625 0.05
0 0.31015625 0.8171875 0.09375 0.04375
0 0.36328125 0.8078125 0.021875 0.0265625
0 0.42421875 0.8140625 0.0890625 0.04375
0 0.5328125 0.7921875 0.0921875 0.03125
0 0.6171875 0.7875 0.0515625 0.0265625
0 0.7859375 0.765625 0.1421875 0.0390625
0 0.19140625 0.8921875 0.0390625 0.06875
0 0.215625 0.86953125 0.0546875 0.0328125
0 0.26875 0.8625 0.053125 0.028125
0 0.33671875 0.86171875 0.0703125 0.0515625
0 0.38671875 0.85390625 0.053125 0.03125
0 0.42109375 0.85078125 0.0171875 0.0296875
0 0.428125 0.859375 0.04375 0.0609375
0 0.46875 0.84453125 0.0546875 0.0328125
0 0.46640625 0.86328125 0.075 0.025
0 0.5125 0.85390625 0.0140625 0.0234375
0 0.61640625 0.83671875 0.053125 0.0359375
0 0.5140625 0.8578125 0.034375 0.071875
0 0.68671875 0.82734375 0.01875 0.0390625
0 0.2203125 0.90625 0.059375 0.0375
0 0.35390625 0.88046875 0.05625 0.025
0 0.28515625 0.8921875 0.0671875 0.0265625
0 0.3625 0.8953125 0.0765625 0.0265625
0 0.33984375 0.92890625 0.1015625 0.04375
0 0.41171875 0.93046875 0.0171875 0.015625
0 0.54140625 0.925 0.0859375 0.053125
0 0.603125 0.91328125 0.015625 0.03125
0 0.2375 0.97734375 0.034375 0.0453125
0 0.3734375 0.96875 0.0953125 0.034375
0 0.30078125 0.97109375 0.0109375 0.015625
0 0.26328125 0.975 0.05625 0.0234375
0 0.425 0.9734375 0.034375 0.053125
0 0.3828125 0.14140625 0.0890625 0.0359375
0 0.4 0.38671875 0.0765625 0.034375
0 0.884375 0.1265625 0.04375 0.03125
0 0.73984375 0.221875 0.04375 0.0328125
0 0.8 0.26015625 0.040625 0.0296875
0 0.80390625 0.2890625 0.053125 0.03125
0 0.9109375 0.2296875 0.040625 0.0296875