0 0.15546875 0.0421875 0.159375 0.06875
0 0.325 0.0671875 0.140625 0.0734375
0 0.46953125 0.0859375 0.0546875 0.0359375
0 0.64921875 0.1078125 0.203125 0.078125
0 0.8734375 0.13125 0.1453125 0.0703125
0 0.1296875 0.15 0.1171875 0.0671875
0 0.3 0.1671875 0.140625 0.06875
0 0.52890625 0.19609375 0.228125 0.090625
0 0.71875 0.2125 0.0734375 0.05
0 0.88984375 0.2328125 0.121875 0.065625
0 0.15390625 0.246875 0.203125 0.1046875
0 0.40546875 0.27578125 0.2046875 0.0875
0 0.62890625 0.28984375 0.1609375 0.075
0 0.853125 0.35 0.2453125 0.0921875
0 0.14453125 0.35859375 0.215625 0.0796875
0 0.48671875 0.40234375 0.4125 0.1234375
0 0.17578125 0.46875 0.29375 0.10625
0 0.421875 0.48125 0.0859375 0.05625
0 0.615625 0.49765625 0.1859375 0.06875
0 0.86875 0.5203125 0.2265625 0.0953125
0 0.11796875 0.5453125 0.2 0.0765625
0 0.45078125 0.65390625 0.09375 0.046875
0 0.5828125 0.65859375 0.040625 0.021875
0 0.67265625 0.6578125 0.08125 0.059375
0 0.44609375 0.70625 0.0890625 0.053125
0 0.55 0.7203125 0.0375 0.0203125
0 0.63515625 0.71875 0.04375 0.046875
0 0.7125 0.72578125 0.03125 0.0140625
0 0.7859375 0.7265625 0.078125 0.046875
0 0.0328125 0.7328125 0.065625 0.05
0 0.17109375 0.7546875 0.159375 0.0640625
0 0.45859375 0.7796875 0.153125 0.0671875
0 0.60078125 0.78984375 0.0359375 0.0203125
0 0.7125 0.7953125 0.175 0.05625