0 0.60703125 0.19609375 0.221875 0.1125
0 0.18984375 0.19375 0.0921875 0.0703125
0 0.27265625 0.21875 0.0765625 0.0671875
0 0.38828125 0.25859375 0.1875 0.1453125
0 0.62421875 0.3203125 0.121875 0.08125
0 0.165625 0.31953125 0.1109375 0.075
0 0.2984375 0.3859375 0.2125 0.153125
0 0.5828125 0.4359375 0.3453125 0.1984375
0 0.81875 0.4765625 0.1265625 0.121875
0 0.92265625 0.50390625 0.1140625 0.1
0 0.103125 0.4375 0.059375 0.0625
0 0.3453125 0.50625 0.3953125 0.2359375
0 0.0890625 0.56875 0.103125 0.075
0 0.34140625 0.62265625 0.4203125 0.2203125
0 0.55703125 0.69296875 0.159375 0.090625
0 0.6796875 0.73359375 0.1109375 0.121875
0 0.75859375 0.7453125 0.059375 0.053125
0 0.82109375 0.75078125 0.0828125 0.0734375
0 0.09921875 0.71640625 0.1984375 0.1234375
0 0.49609375 0.81015625 0.5375 0.2078125