0 0.33828125 0.090625 0.1078125 0.0640625
0 0.50234375 0.08203125 0.1640625 0.0625
0 0.64609375 0.08203125 0.09375 0.08125
0 0.734375 0.05546875 0.0421875 0.0421875
0 0.80234375 0.034375 0.0484375 0.06875
0 0.8921875 0.03125 0.103125 0.053125
0 0.0234375 0.18046875 0.0453125 0.0515625
0 0.109375 0.1734375 0.078125 0.05625
0 0.2046875 0.1734375 0.090625 0.05625
0 0.31953125 0.178125 0.1 0.0796875
0 0.40703125 0.1625 0.04375 0.046875
0 0.55 0.1578125 0.2078125 0.096875
0 0.72734375 0.14921875 0.1203125 0.115625
0 0.809375 0.11015625 0.0453125 0.0625
0 0.8875 0.1046875 0.0921875 0.0546875
0 0.03671875 0.24453125 0.0546875 0.0515625
0 0.115625 0.24609375 0.05 0.05
0 0.23515625 0.26484375 0.1234375 0.0921875
0 0.3515625 0.23515625 0.0734375 0.0484375
0 0.4578125 0.25078125 0.128125 0.1046875
0 0.56328125 0.21796875 0.05 0.06875
0 0.65859375 0.2 0.1234375 0.0640625
0 0.15625 0.32109375 0.13125 0.11875
0 0.26796875 0.31484375 0.0375 0.040625
0 0.35390625 0.29765625 0.075 0.059375
0 0.4546875 0.2890625 0.0953125 0.0609375
0 0.59296875 0.290625 0.1359375 0.08125
0 0.7171875 0.259375 0.103125 0.0625
0 0.80703125 0.253125 0.034375 0.034375
0 0.8546875 0.24296875 0.021875 0.0453125
0 0.921875 0.22734375 0.0875 0.059375
0 0.08125 0.3921875 0.0890625 0.0625
0 0.2015625 0.38515625 0.1015625 0.0578125
0 0.29296875 0.38515625 0.046875 0.0421875
0 0.37890625 0.36875 0.071875 0.0484375
0 0.51015625 0.37890625 0.1453125 0.0984375
0 0.6359375 0.34921875 0.040625 0.0453125
0 0.734375 0.346875 0.134375 0.090625
0 0.17578125 0.4734375 0.1203125 0.0984375
0 0.2921875 0.45234375 0.0421875 0.05
0 0.37109375 0.45078125 0.028125 0.0359375
0 0.4796875 0.425 0.1140625 0.06875
0 0.60234375 0.446875 0.0921875 0.0953125
0 0.6921875 0.4109375 0.0359375 0.0609375
0 0.75 0.4 0.065625 0.046875
0 0.86953125 0.3859375 0.0359375 0.0296875
0 0.896875 0.33671875 0.0640625 0.0453125
0 0.9421875 0.4015625 0.090625 0.1078125
0 0.1109375 0.54609375 0.115625 0.071875
0 0.20078125 0.56328125 0.05625 0.090625
0 0.30703125 0.515625 0.090625 0.0703125
0 0.43359375 0.51953125 0.128125 0.0828125
0 0.54453125 0.5 0.0609375 0.040625
0 0.646875 0.51328125 0.1375 0.1140625
0 0.740625 0.47265625 0.0640625 0.0515625
0 0.85546875 0.4734375 0.128125 0.090625
0 0.9546875 0.446875 0.06875 0.059375
0 0.1171875 0.646875 0.153125 0.1171875
0 0.0640625 0.1125 0.128125 0.128125
0 0.171875 0.103125 0.0328125 0.0328125
0 0.2453125 0.0984375 0.0296875 0.0296875