0 0.1078125 0.07265625 0.15625 0.053125
0 0.0640625 0.11171875 0.0796875 0.0546875
0 0.128125 0.1046875 0.0296875 0.0390625
0 0.21171875 0.1046875 0.1328125 0.075
0 0.3078125 0.08359375 0.0484375 0.028125
0 0.35859375 0.07265625 0.0515625 0.0375
0 0.44375 0.07109375 0.109375 0.0640625
0 0.5609375 0.03515625 0.1 0.053125
0 0.640625 0.0203125 0.0625 0.040625
0 0.7390625 0.01484375 0.125 0.0296875
0 0.040625 0.1515625 0.0390625 0.0359375
0 0.10390625 0.14765625 0.075 0.0484375
0 0.15859375 0.1484375 0.025 0.0265625
0 0.22734375 0.14765625 0.1203125 0.06875
0 0.328125 0.1203125 0.0578125 0.0453125
0 0.40859375 0.12109375 0.121875 0.078125
0 0.48515625 0.0921875 0.0375 0.0359375
0 0.55625 0.08125 0.0984375 0.0390625
0 0.6359375 0.06015625 0.059375 0.0328125
0 0.7328125 0.05703125 0.121875 0.0765625
0 0.0625 0.1953125 0.065625 0.0421875
0 0.1328125 0.1875 0.0796875 0.0484375
0 0.2 0.1828125 0.0546875 0.0390625
0 0.28671875 0.17890625 0.1109375 0.0703125
0 0.384375 0.15546875 0.0765625 0.0390625
0 0.46875 0.140625 0.08125 0.046875
0 0.57890625 0.11484375 0.1328125 0.0734375
0 0.73828125 0.0890625 0.1859375 0.084375
0 0.0484375 0.2375 0.025 0.0296875
0 0.11015625 0.23984375 0.103125 0.0671875
0 0.21171875 0.23515625 0.0796875 0.0640625
0 0.290625 0.2203125 0.078125 0.0625
0 0.38125 0.21796875 0.1015625 0.0765625
0 0.490625 0.1828125 0.128125 0.059375
0 0.58671875 0.16875 0.0421875 0.034375
0 0.65 0.153125 0.0703125 0.0515625
0 0.70546875 0.1453125 0.0609375 0.0609375
0 0.05703125 0.275 0.0515625 0.0484375
0 0.12734375 0.278125 0.1 0.0609375
0 0.23515625 0.2734375 0.09375 0.0640625
0 0.32109375 0.2609375 0.0859375 0.0765625
0 0.409375 0.24296875 0.0734375 0.0328125
0 0.475 0.23515625 0.03125 0.0296875
0 0.575 0.228125 0.1546875 0.0921875
0 0.69765625 0.19375 0.1109375 0.0640625
0 0.82421875 0.18828125 0.1359375 0.08125
0 0.06875 0.325 0.0640625 0.0546875
0 0.14140625 0.31484375 0.053125 0.0484375
0 0.3078125 0.3109375 0.1390625 0.0875
0 0.20625 0.30859375 0.059375 0.0421875
0 0.4 0.2828125 0.08125 0.04375
0 0.47109375 0.26953125 0.0609375 0.0328125
0 0.53984375 0.25859375 0.05625 0.0515625
0 0.58984375 0.25 0.0578125 0.046875
0 0.67109375 0.25390625 0.1078125 0.071875
0 0.77109375 0.22578125 0.0890625 0.0515625
0 0.86015625 0.21640625 0.0859375 0.0703125
0 0.0578125 0.3796875 0.034375 0.0359375
0 0.1109375 0.38046875 0.075 0.059375
0 0.1734375 0.36015625 0.0578125 0.0453125
0 0.27265625 0.36796875 0.115625 0.1046875
0 0.353125 0.3375 0.05 0.046875
0 0.4046875 0.325 0.0578125 0.0515625
0 0.51015625 0.328125 0.1421875 0.090625
0 0.640625 0.2890625 0.1171875 0.05
0 0.8296875 0.26640625 0.059375 0.046875
0 0.084375 0.41875 0.08125 0.0515625
0 0.14765625 0.415625 0.0515625 0.0390625
0 0.2328125 0.415625 0.10625 0.078125
0 0.30234375 0.40234375 0.059375 0.0609375
0 0.35078125 0.38984375 0.034375 0.0359375
0 0.40703125 0.38046875 0.090625 0.04375
0 0.5296875 0.36640625 0.1453125 0.090625
0 0.65625 0.3328125 0.10625 0.059375
0 0.784375 0.315625 0.15 0.0734375
0 0.0625 0.46953125 0.0515625 0.040625
0 0.1390625 0.4546875 0.0953125 0.05
0 0.2171875 0.4453125 0.046875 0.0421875
0 0.26015625 0.440625 0.0328125 0.03125
0 0.33046875 0.434375 0.14375 0.0796875
0 0.4390625 0.41484375 0.0671875 0.0546875
0 0.51640625 0.42265625 0.0953125 0.0828125
0 0.62734375 0.403125 0.1453125 0.0984375
0 0.7265625 0.36328125 0.06875 0.046875
0 0.82890625 0.35234375 0.1203125 0.059375
0 0.13671875 0.50234375 0.1671875 0.0828125
0 0.23203125 0.4828125 0.05625 0.040625
0 0.3015625 0.4828125 0.125 0.08125
0 0.4046875 0.484375 0.1 0.0921875
0 0.49296875 0.465625 0.1203125 0.1
0 0.58125 0.4375 0.1 0.0625
0 0.703125 0.428125 0.128125 0.0828125
0 0.803125 0.39765625 0.0875 0.0578125
0 0.88984375 0.3796875 0.0875 0.059375
0 0.0875 0.55859375 0.084375 0.0625
0 0.16484375 0.553125 0.0515625 0.046875
0 0.25078125 0.54375 0.090625 0.0484375
0 0.353125 0.546875 0.071875 0.078125
0 0.4078125 0.51796875 0.0421875 0.040625
0 0.4625 0.50859375 0.0546875 0.0375
0 0.540625 0.4921875 0.078125 0.05
0 0.63046875 0.465625 0.1015625 0.0671875
0 0.725 0.4546875 0.0859375 0.046875
0 0.83828125 0.43984375 0.096875 0.04375
0 0.13828125 0.62578125 0.1875 0.1203125
0 0.26015625 0.59296875 0.0375 0.0546875
0 0.36484375 0.5875 0.1421875 0.0859375
0 0.45234375 0.5609375 0.0109375 0.028125
0 0.53125 0.540625 0.1234375 0.0609375
0 0.65625 0.521875 0.1078125 0.0609375
0 0.74921875 0.4984375 0.0625 0.0453125
0 0.82734375 0.5109375 0.0984375 0.08125
0 0.13203125 0.65859375 0.1328125 0.071875
0 0.21640625 0.6453125 0.046875 0.0453125
0 0.31328125 0.640625 0.1546875 0.0953125
0 0.41875 0.61953125 0.059375 0.0421875
0 0.4765625 0.60234375 0.06875 0.046875
0 0.56171875 0.584375 0.0953125 0.05
0 0.6296875 0.56953125 0.0140625 0.0359375
0 0.6828125 0.5671875 0.0796875 0.0359375
0 0.7578125 0.55234375 0.0609375 0.0375
0 0.8265625 0.5359375 0.075 0.08125
0 0.10625 0.734375 0.065625 0.0765625
0 0.20703125 0.703125 0.1578125 0.0703125
0 0.3328125 0.6796875 0.0953125 0.0546875
0 0.44609375 0.66171875 0.115625 0.0625
0 0.6390625 0.62109375 0.1109375 0.059375
0 0.71015625 0.6109375 0.025 0.0421875
0 0.7765625 0.6 0.115625 0.0625
0 0.1265625 0.7671875 0.0765625 0.0578125
0 0.1984375 0.75859375 0.0390625 0.046875
0 0.26328125 0.746875 0.078125 0.0625
0 0.3390625 0.7359375 0.05625 0.0453125
0 0.4359375 0.71875 0.1203125 0.05
0 0.56953125 0.68671875 0.159375 0.0609375
0 0.64453125 0.67578125 0.0203125 0.0421875
0 0.71640625 0.665625 0.1203125 0.0609375
0 0.86015625 0.6375 0.1296875 0.0703125
0 0.13984375 0.8421875 0.0953125 0.084375
0 0.21328125 0.81484375 0.0890625 0.05
0 0.27734375 0.8078125 0.0171875 0.028125
0 0.34140625 0.80546875 0.0875 0.08125
0 0.42578125 0.78984375 0.0796875 0.0765625
0 0.51953125 0.746875 0.1171875 0.0515625
0 0.63125 0.728125 0.103125 0.046875
0 0.696875 0.73515625 0.0765625 0.0828125
0 0.75703125 0.70625 0.0421875 0.0484375
0 0.84609375 0.70703125 0.1421875 0.096875
0 0.14453125 0.88203125 0.090625 0.0515625
0 0.7859375 0.12421875 0.1046875 0.071875
0 0.74375 0.27890625 0.0984375 0.046875
0 0.8609375 0.57421875 0.0515625 0.0375