0 0.21171875 0.12734375 0.1046875 0.0625
0 0.45859375 0.06796875 0.1984375 0.06875
0 0.09453125 0.196875 0.0640625 0.0375
0 0.2484375 0.1546875 0.1921875 0.084375
0 0.4609375 0.10234375 0.2265625 0.0875
0 0.1015625 0.2421875 0.0578125 0.0359375
0 0.259375 0.20234375 0.1546875 0.0734375
0 0.4953125 0.1453125 0.0578125 0.0359375
0 0.5765625 0.1234375 0.0609375 0.046875
0 0.65078125 0.10625 0.0890625 0.05625
0 0.12890625 0.28203125 0.075 0.0390625
0 0.20703125 0.26328125 0.0796875 0.03125
0 0.61796875 0.3109375 0.04375 0.04375
0 0.56171875 0.38671875 0.1421875 0.0734375
0 0.70078125 0.25703125 0.1203125 0.0578125
0 0.13828125 0.54921875 0.0359375 0.0296875
0 0.196875 0.53203125 0.08125 0.0359375
0 0.2828125 0.5140625 0.0875 0.0421875
0 0.35703125 0.49375 0.0546875 0.0296875
0 0.5453125 0.453125 0.2875 0.125
0 0.74375 0.3953125 0.1171875 0.06875
0 0.1828125 0.58828125 0.075 0.078125
0 0.36796875 0.54921875 0.2859375 0.1328125
0 0.65234375 0.47578125 0.2375 0.0875
0 0.421875 0.5765625 0.0875 0.0390625
0 0.5203125 0.553125 0.109375 0.04375
0 0.21953125 0.6578125 0.1375 0.0578125
0 0.4484375 0.609375 0.278125 0.103125
0 0.7046875 0.54296875 0.2046875 0.0828125
0 0.271875 0.6890625 0.1453125 0.06875
0 0.43515625 0.64453125 0.1390625 0.0546875
0 0.56328125 0.6125 0.0640625 0.034375
0 0.7390625 0.57109375 0.2375 0.090625
0 0.21796875 0.74140625 0.0359375 0.028125
0 0.3171875 0.71875 0.1609375 0.075
0 0.51328125 0.66640625 0.228125 0.084375
0 0.6703125 0.62578125 0.0453125 0.0375
0 0.83046875 0.59375 0.2328125 0.096875
0 0.31328125 0.76328125 0.2421875 0.090625
0 0.46640625 0.72421875 0.0625 0.0390625
0 0.54765625 0.70546875 0.0859375 0.04375
0 0.67734375 0.6765625 0.18125 0.0859375
0 0.846875 0.63359375 0.1265625 0.0640625
0 0.246875 0.81953125 0.1046875 0.0609375
0 0.4359375 0.7765625 0.24375 0.0921875
0 0.60625 0.728125 0.046875 0.0328125
0 0.71015625 0.7015625 0.1234375 0.05625
0 0.8015625 0.67890625 0.040625 0.03125
0 0.31796875 0.85078125 0.2078125 0.08125
0 0.45546875 0.81015625 0.071875 0.0375
0 0.590625 0.77265625 0.1796875 0.0734375
0 0.7390625 0.73671875 0.103125 0.0515625
0 0.84765625 0.71171875 0.05 0.04375
0 0.3390625 0.88125 0.1953125 0.0734375
0 0.5125 0.8359375 0.1203125 0.0546875
0 0.6171875 0.81328125 0.0859375 0.0515625
0 0.7890625 0.77265625 0.215625 0.0828125
0 0.3265625 0.92890625 0.1921875 0.0875
0 0.4875 0.89140625 0.109375 0.059375
0 0.653125 0.846875 0.2 0.08125
0 0.778125 0.8078125 0.0546875 0.034375
0 0.86875 0.78671875 0.1171875 0.053125
0 0.27890625 0.9703125 0.0875 0.05
0 0.40625 0.94140625 0.1375 0.0578125
0 0.53828125 0.90859375 0.0984375 0.04375
0 0.62734375 0.88515625 0.0546875 0.0328125
0 0.75703125 0.853125 0.1953125 0.0703125
0 0.90546875 0.81640625 0.0875 0.0453125
0 0.5734375 0.93515625 0.2640625 0.09375
0 0.1171875 0.40859375 0.1234375 0.0984375
0 0.21875 0.3859375 0.1125 0.0984375
0 0.3109375 0.38203125 0.109375 0.1109375
0 0.40859375 0.35078125 0.1578125 0.1375
0 0.509375 0.31328125 0.196875 0.13125
0 0.32421875 0.1 0.0515625 0.0328125
0 0.15546875 0.3171875 0.0984375 0.06875
0 0.29140625 0.28203125 0.125 0.09375
0 0.16328125 0.4375 0.0453125 0.0484375
0 0.3625 0.3875 0.0625 0.0546875
0 0.55859375 0.340625 0.053125 0.05
0 0.71484375 0.303125 0.0484375 0.0484375
0 0.80859375 0.87578125 0.1703125 0.078125