0 0.18046875 0.17890625 0.0515625 0.065625
0 0.24296875 0.19296875 0.0625 0.065625
0 0.3171875 0.15703125 0.1078125 0.0875
0 0.41171875 0.1328125 0.08125 0.0734375
0 0.17421875 0.3390625 0.015625 0.04375
0 0.22890625 0.328125 0.0640625 0.0625
0 0.315625 0.303125 0.115625 0.084375
0 0.1859375 0.3921875 0.034375 0.0390625
0 0.2703125 0.371875 0.1296875 0.08125
0 0.35703125 0.3375 0.05625 0.053125
0 0.20546875 0.428125 0.0609375 0.059375
0 0.26171875 0.4328125 0.0484375 0.0484375
0 0.32421875 0.42734375 0.059375 0.0546875
0 0.221875 0.4953125 0.0640625 0.0609375
0 0.29765625 0.47265625 0.084375 0.06875
0 0.37421875 0.478125 0.0734375 0.0609375
0 0.23515625 0.6125 0.0828125 0.078125
0 0.32734375 0.5875 0.1015625 0.0828125
0 0.44453125 0.55234375 0.1171875 0.0828125
0 0.21484375 0.65703125 0.015625 0.0453125
0 0.2515625 0.6578125 0.0703125 0.08125
0 0.3171875 0.6375 0.0546875 0.0546875
0 0.3921875 0.63046875 0.084375 0.1078125
0 0.4578125 0.61953125 0.0375 0.046875
0 0.51328125 0.60625 0.071875 0.0609375
0 0.23046875 0.70703125 0.0671875 0.075
0 0.3 0.69296875 0.059375 0.0640625
0 0.38515625 0.6765625 0.1203125 0.103125
0 0.51015625 0.66484375 0.1203125 0.06875
0 0.2484375 0.79296875 0.078125 0.08125
0 0.325 0.77265625 0.0609375 0.0703125
0 0.41875 0.76015625 0.11875 0.1078125
0 0.509375 0.73046875 0.078125 0.078125
0 0.2734375 0.87578125 0.0859375 0.0515625
0 0.36015625 0.87421875 0.05 0.078125
0 0.4390625 0.85234375 0.096875 0.06875
0 0.484375 0.81171875 0.0265625 0.0625
0 0.69765625 0.1546875 0.1875 0.125
0 0.75 0.26875 0.1046875 0.05
0 0.70078125 0.37421875 0.0328125 0.0375
0 0.76171875 0.37421875 0.078125 0.05
0 0.8328125 0.359375 0.0578125 0.05
0 0.73359375 0.48203125 0.0921875 0.0546875
0 0.80546875 0.46171875 0.0515625 0.04375
0 0.86171875 0.45546875 0.05 0.0328125
0 0.71484375 0.58203125 0.046875 0.0390625
0 0.80390625 0.571875 0.1234375 0.065625
0 0.89921875 0.5515625 0.059375 0.04375
0 0.7390625 0.68203125 0.0625 0.04375
0 0.81640625 0.678125 0.0796875 0.0453125
0 0.9 0.65625 0.0828125 0.0546875
0 0.8109375 0.7765625 0.1140625 0.046875
0 0.90234375 0.753125 0.0640625 0.04375
0 0.86328125 0.8734375 0.1078125 0.0671875