0 0.56640625 0.065625 0.259375 0.0671875
0 0.73671875 0.08046875 0.1484375 0.0515625
0 0.9296875 0.09140625 0.140625 0.0390625
0 0.13203125 0.0734375 0.1328125 0.059375
0 0.2578125 0.07578125 0.1125 0.0390625
0 0.4140625 0.09765625 0.278125 0.06875
0 0.63671875 0.11171875 0.23125 0.0671875
0 0.79453125 0.13203125 0.1453125 0.075
0 0.04921875 0.1296875 0.034375 0.0265625
0 0.146875 0.13046875 0.1234375 0.0484375
0 0.2296875 0.146875 0.0296875 0.0171875
0 0.31171875 0.1484375 0.125 0.040625
0 0.43671875 0.15703125 0.1375 0.0390625
0 0.60234375 0.1765625 0.1828125 0.0515625
0 0.71328125 0.184375 0.0546875 0.0203125
0 0.85 0.1921875 0.2328125 0.05
0 0.04375 0.16328125 0.0421875 0.028125
0 0.12265625 0.17734375 0.1234375 0.0484375
0 0.2453125 0.17578125 0.1125 0.0328125
0 0.4046875 0.18984375 0.175 0.0421875
0 0.5875 0.21015625 0.1203125 0.05
0 0.6859375 0.215625 0.090625 0.03125
0 0.83359375 0.2265625 0.2109375 0.0484375
0 0.11484375 0.2046875 0.090625 0.028125
0 0.2140625 0.20703125 0.103125 0.0328125
0 0.30859375 0.2171875 0.0578125 0.0296875
0 0.5578125 0.23984375 0.090625 0.034375
0 0.65859375 0.24609375 0.109375 0.0359375
0 0.79609375 0.25859375 0.140625 0.0390625
0 0.91171875 0.27265625 0.1765625 0.0609375
0 0.159375 0.24140625 0.1890625 0.0546875
0 0.1078125 0.26796875 0.10625 0.05
0 0.1640625 0.27265625 0.0328125 0.0203125
0 0.25625 0.2765625 0.1703125 0.046875
0 0.36796875 0.2828125 0.071875 0.0390625
0 0.46328125 0.30078125 0.13125 0.0625
0 0.57734375 0.31015625 0.13125 0.06875
0 0.10078125 0.3078125 0.078125 0.0484375
0 0.14609375 0.30625 0.0296875 0.021875
0 0.2234375 0.3078125 0.134375 0.04375
0 0.3484375 0.3203125 0.1359375 0.0421875
0 0.49375 0.33515625 0.1921875 0.0390625
0 0.6765625 0.34921875 0.1046875 0.0359375
0 0.784375 0.3625 0.10625 0.046875
0 0.89375 0.37109375 0.1015625 0.0375
0 0.678125 0.38828125 0.15625 0.0375
0 0.1 0.39921875 0.1328125 0.05
0 0.246875 0.4125 0.153125 0.0375
0 0.36875 0.4234375 0.121875 0.0375
0 0.44375 0.4328125 0.075 0.0453125
0 0.49921875 0.43515625 0.053125 0.0296875
0 0.596875 0.446875 0.146875 0.0421875
0 0.10859375 0.4640625 0.140625 0.05625
0 0.2515625 0.478125 0.1296875 0.0390625
0 0.37421875 0.4921875 0.06875 0.028125
0 0.1140625 0.52890625 0.171875 0.0578125
0 0.27421875 0.546875 0.2125 0.0625
0 0.4875 0.57109375 0.225 0.0796875
0 0.62578125 0.58125 0.10625 0.0421875
0 0.7015625 0.59140625 0.0796875 0.04375
0 0.81875 0.61015625 0.15625 0.0640625
0 0.10390625 0.6 0.1296875 0.0359375
0 0.190625 0.6078125 0.0453125 0.0203125
0 0.25703125 0.6140625 0.10625 0.0359375
0 0.35234375 0.6296875 0.1421875 0.05625
0 0.45 0.634375 0.0640625 0.0390625
0 0.56328125 0.64453125 0.1890625 0.0375
0 0.7078125 0.66171875 0.071875 0.0203125
0 0.79765625 0.66796875 0.1015625 0.0328125
0 0.85625 0.67734375 0.05 0.01875
0 0.1125 0.63125 0.178125 0.034375
0 0.084375 0.659375 0.1328125 0.04375
0 0.18515625 0.66875 0.0734375 0.040625
0 0.28359375 0.6859375 0.1796875 0.05625
0 0.4296875 0.7046875 0.1453125 0.053125
0 0.5421875 0.70859375 0.078125 0.0328125
0 0.62109375 0.72734375 0.0921875 0.053125
0 0.7109375 0.734375 0.109375 0.0375
0 0.840625 0.74296875 0.20625 0.0578125
0 0.04765625 0.6921875 0.046875 0.025
0 0.096875 0.69296875 0.078125 0.0328125
0 0.1890625 0.709375 0.1125 0.0390625
0 0.27265625 0.7171875 0.078125 0.03125
0 0.37890625 0.734375 0.2015625 0.059375
0 0.5875 0.74453125 0.2734375 0.0484375
0 0.1890625 0.02734375 0.19375 0.0546875
0 0.36640625 0.046875 0.16875 0.0515625