0 0.49296875 0.07578125 0.1640625 0.06875
0 0.67734375 0.12421875 0.1953125 0.0859375
0 0.39375 0.1234375 0.146875 0.05625
0 0.50234375 0.14453125 0.040625 0.0296875
0 0.6265625 0.16640625 0.1390625 0.0640625
0 0.73125 0.2109375 0.071875 0.0421875
0 0.35625 0.1796875 0.1953125 0.078125
0 0.4859375 0.2 0.040625 0.03125
0 0.6 0.2171875 0.1171875 0.0625
0 0.69140625 0.2703125 0.078125 0.0546875
0 0.80078125 0.27109375 0.125 0.0765625
0 0.8828125 0.29375 0.0375 0.03125
0 0.30703125 0.2140625 0.1859375 0.06875
0 0.4328125 0.2390625 0.0453125 0.0359375
0 0.540625 0.25546875 0.1140625 0.0625
0 0.31484375 0.28125 0.2234375 0.0875
0 0.44921875 0.296875 0.053125 0.0375
0 0.571875 0.3234375 0.1546875 0.0765625
0 0.69296875 0.31484375 0.059375 0.0484375
0 0.24609375 0.34765625 0.1890625 0.075
0 0.43203125 0.39609375 0.10625 0.0484375
0 0.57109375 0.425 0.0921875 0.046875
0 0.71328125 0.46484375 0.121875 0.059375
0 0.15546875 0.37734375 0.06875 0.046875
0 0.3015625 0.41953125 0.1 0.046875
0 0.409375 0.446875 0.053125 0.046875
0 0.5171875 0.46796875 0.1 0.0546875
0 0.70234375 0.51953125 0.2203125 0.0875
0 0.23046875 0.4546875 0.265625 0.0921875
0 0.42734375 0.496875 0.06875 0.0421875
0 0.57578125 0.53125 0.11875 0.0546875
0 0.7296875 0.56875 0.096875 0.0484375
0 0.146875 0.4875 0.134375 0.0609375
0 0.2921875 0.51171875 0.0640625 0.0421875
0 0.4375 0.5515625 0.1265625 0.0578125
0 0.64609375 0.59921875 0.20625 0.0796875
0 0.1765625 0.53984375 0.2140625 0.078125
0 0.43125 0.59453125 0.1828125 0.071875
0 0.63125 0.6390625 0.096875 0.0515625
0 0.12890625 0.5796875 0.14375 0.0640625
0 0.35 0.6234375 0.1640625 0.065625
0 0.0828125 0.621875 0.0953125 0.0421875
0 0.46015625 0.71015625 0.1953125 0.065625
0 0.71640625 0.771875 0.08125 0.0375
0 0.15390625 0.63671875 0.046875 0.028125
0 0.20859375 0.653125 0.065625 0.0390625
0 0.0703125 0.69140625 0.11875 0.0671875
0 0.14453125 0.70234375 0.0234375 0.0328125
0 0.18828125 0.7171875 0.0640625 0.0375
0 0.29453125 0.73984375 0.14375 0.059375
0 0.3875 0.76640625 0.053125 0.05
0 0.609375 0.83046875 0.290625 0.1046875
0 0.01015625 0.73203125 0.0203125 0.0328125
0 0.08125 0.75234375 0.125 0.05625
0 0.20859375 0.7828125 0.13125 0.0625
0 0.325 0.8125 0.1078125 0.0546875
0 0.409375 0.83671875 0.0765625 0.05
0 0.04765625 0.80234375 0.0390625 0.0328125
0 0.159375 0.83046875 0.0359375 0.0390625
0 0.2828125 0.8546875 0.0515625 0.034375
0 0.3828125 0.8765625 0.0421875 0.0390625
0 0.503125 0.90390625 0.025 0.021875
0 0.5625 0.9234375 0.0390625 0.0453125