0 0.21640625 0.159375 0.1015625 0.05625
0 0.45390625 0.1046875 0.196875 0.0703125
0 0.1015625 0.225 0.0671875 0.040625
0 0.2359375 0.19453125 0.190625 0.075
0 0.48125 0.1359375 0.2671875 0.103125
0 0.1046875 0.26875 0.0625 0.0375
0 0.2546875 0.2328125 0.21875 0.0890625
0 0.4921875 0.1796875 0.0578125 0.0359375
0 0.5984375 0.15234375 0.1328125 0.0671875
0 0.13359375 0.30703125 0.0765625 0.0390625
0 0.21171875 0.28984375 0.078125 0.0328125
0 0.29921875 0.309375 0.0578125 0.034375
0 0.45859375 0.26796875 0.0390625 0.034375
0 0.134375 0.5671875 0.0375 0.0296875
0 0.19375 0.55078125 0.0828125 0.0375
0 0.28203125 0.5328125 0.090625 0.0453125
0 0.35546875 0.51171875 0.05625 0.03125
0 0.5671875 0.46796875 0.3359375 0.128125
0 0.27890625 0.5875 0.275 0.1140625
0 0.48203125 0.53359375 0.1015625 0.0703125
0 0.71484375 0.48359375 0.328125 0.1359375
0 0.19921875 0.65546875 0.2609375 0.1015625
0 0.41796875 0.59453125 0.0859375 0.0390625
0 0.51484375 0.57109375 0.10625 0.0421875
0 0.6984375 0.53125 0.2421875 0.1046875
0 0.22109375 0.71953125 0.153125 0.0671875
0 0.36875 0.68359375 0.0875 0.0515625
0 0.53984375 0.64921875 0.196875 0.08125
0 0.7234375 0.6 0.1296875 0.0609375
0 0.271875 0.75078125 0.2203125 0.090625
0 0.44765625 0.703125 0.065625 0.046875
0 0.56640625 0.678125 0.096875 0.05
0 0.70234375 0.6484375 0.125 0.0546875
0 0.81328125 0.62109375 0.0671875 0.04375
0 0.2515625 0.790625 0.1875 0.0796875
0 0.43125 0.753125 0.0828125 0.046875
0 0.615625 0.71640625 0.2140625 0.08125
0 0.78203125 0.68125 0.0703125 0.0484375
0 0.28515625 0.825 0.271875 0.1109375
0 0.5078125 0.7765625 0.0921875 0.046875
0 0.65234375 0.74296875 0.1578125 0.0640625
0 0.78671875 0.709375 0.071875 0.0484375
0 0.23515625 0.88125 0.1484375 0.0671875
0 0.4296875 0.83515625 0.1890625 0.08125
0 0.384375 0.8859375 0.1203125 0.0546875
0 0.53828125 0.85859375 0.1734375 0.0890625
0 0.2328125 0.32890625 0.06875 0.0546875
0 0.42265625 0.28828125 0.0703125 0.06875
0 0.32734375 0.134375 0.0484375 0.03125