0 0.4140625 0.146875 0.146875 0.096875
0 0.28359375 0.22109375 0.10625 0.0796875
0 0.35703125 0.24765625 0.0328125 0.059375
0 0.4171875 0.24453125 0.0765625 0.0515625
0 0.49296875 0.26015625 0.05 0.046875
0 0.58515625 0.2921875 0.1296875 0.06875
0 0.684375 0.2984375 0.03125 0.0359375
0 0.74453125 0.3109375 0.08125 0.0453125
0 0.8625 0.3578125 0.134375 0.0765625
0 0.8734375 0.32109375 0.1359375 0.0640625
0 0.9625 0.3515625 0.05 0.0421875
0 0.28203125 0.30703125 0.1015625 0.0875
0 0.36484375 0.3359375 0.0625 0.0703125
0 0.47265625 0.3578125 0.15625 0.096875
0 0.5859375 0.35859375 0.0609375 0.05
0 0.78359375 0.403125 0.08125 0.0546875
0 0.30625 0.38515625 0.159375 0.0890625
0 0.2734375 0.43984375 0.0984375 0.0640625
0 0.34375 0.46328125 0.040625 0.0515625
0 0.47890625 0.48359375 0.2015625 0.1125
0 0.6046875 0.48125 0.034375 0.034375
0 0.328125 0.51953125 0.134375 0.1015625
0 0.25859375 0.57890625 0.096875 0.0796875
0 0.35078125 0.590625 0.0828125 0.0625
0 0.303125 0.66484375 0.2125 0.16875
0 0.434375 0.67421875 0.059375 0.0828125
0 0.534375 0.6703125 0.1375 0.084375
0 0.234375 0.73125 0.0671875 0.05625
0 0.32421875 0.7359375 0.09375 0.05625
0 0.22109375 0.82109375 0.075 0.0515625
0 0.30234375 0.83203125 0.059375 0.075
0 0.42890625 0.8203125 0.1515625 0.1015625
0 0.584375 0.83046875 0.1421875 0.1
0 0.2609375 0.90703125 0.225 0.0875