0 0.496875 0.10859375 0.175 0.0328125
0 0.17578125 0.17734375 0.0625 0.025
0 0.24296875 0.1734375 0.0515625 0.0234375
0 0.33984375 0.16875 0.1328125 0.053125
0 0.54140625 0.1546875 0.0890625 0.0265625
0 0.1875 0.22890625 0.078125 0.0234375
0 0.3046875 0.23203125 0.15625 0.059375
0 0.540625 0.20625 0.2640625 0.0671875
0 0.77265625 0.18125 0.171875 0.0515625
0 0.16875 0.2828125 0.0390625 0.021875
0 0.36875 0.27421875 0.3 0.0796875
0 0.18984375 0.33515625 0.0734375 0.025
0 0.39375 0.31796875 0.321875 0.0765625
0 0.5765625 0.31171875 0.121875 0.028125
0 0.73828125 0.30234375 0.1828125 0.053125
0 0.2296875 0.38828125 0.15 0.034375
0 0.48203125 0.540625 0.59375 0.140625
0 0.625 0.60546875 0.2953125 0.0703125
0 0.2875 0.771875 0.1140625 0.046875
0 0.41328125 0.75546875 0.1109375 0.0421875
0 0.30390625 0.83671875 0.1171875 0.053125
0 0.31015625 0.88125 0.1046875 0.04375
0 0.40703125 0.94140625 0.20625 0.0625
0 0.209375 0.8453125 0.0453125 0.0984375