0 0.671875 0.121875 0.0671875 0.0390625
0 0.778125 0.15546875 0.1484375 0.0828125
0 0.8734375 0.165625 0.046875 0.05
0 0.93984375 0.20390625 0.0953125 0.0765625
0 0.66484375 0.45625 0.0609375 0.0609375
0 0.71484375 0.4671875 0.0609375 0.05
0 0.7828125 0.475 0.0984375 0.0609375
0 0.87421875 0.484375 0.096875 0.071875
0 0.66875 0.51328125 0.0296875 0.0421875
0 0.703125 0.51640625 0.0421875 0.0484375
0 0.73515625 0.5421875 0.0515625 0.0546875
0 0.8109375 0.5359375 0.1 0.05625
0 0.865625 0.55625 0.0453125 0.0609375
0 0.603125 0.7515625 0.09375 0.0828125
0 0.675 0.759375 0.059375 0.04375
0 0.74453125 0.76171875 0.08125 0.0375
0 0.821875 0.77734375 0.08125 0.0390625
0 0.87890625 0.78828125 0.0375 0.0265625
0 0.62265625 0.79453125 0.0984375 0.053125
0 0.68046875 0.80625 0.03125 0.040625
0 0.73828125 0.83515625 0.0984375 0.075
0 0.84140625 0.83671875 0.1109375 0.065625
0 0.6953125 0.8765625 0.15625 0.078125
0 0.7828125 0.88046875 0.0328125 0.05
0 0.6140625 0.9359375 0.0828125 0.0390625
0 0.70078125 0.94765625 0.0828125 0.0484375
0 0.75625 0.9546875 0.0390625 0.046875
0 0.8125 0.965625 0.10625 0.06875
0 0.63828125 0.68671875 0.1171875 0.053125