0 0.15390625 0.04921875 0.1328125 0.0921875
0 0.265625 0.05703125 0.071875 0.075
0 0.3265625 0.0734375 0.0359375 0.046875
0 0.38671875 0.09296875 0.0671875 0.0625
0 0.45625 0.09609375 0.0546875 0.053125
0 0.53046875 0.103125 0.096875 0.0671875
0 0.6453125 0.1390625 0.1109375 0.0859375
0 0.7453125 0.1421875 0.065625 0.0703125
0 0.8140625 0.1421875 0.046875 0.0625
0 0.89296875 0.15859375 0.1015625 0.0609375
0 0.9734375 0.1828125 0.053125 0.09375
0 0.10546875 0.21484375 0.0625 0.0734375
0 0.18515625 0.22578125 0.0875 0.0796875
0 0.24765625 0.2515625 0.040625 0.1078125
0 0.35625 0.25859375 0.1453125 0.0875
0 0.490625 0.271875 0.0859375 0.053125
0 0.63984375 0.28671875 0.1984375 0.0984375
0 0.76484375 0.31796875 0.034375 0.059375
0 0.80625 0.31484375 0.0359375 0.0609375
0 0.86953125 0.32734375 0.053125 0.0578125
0 0.946875 0.325 0.08125 0.0734375
0 0.11171875 0.4046875 0.1203125 0.128125
0 0.21171875 0.39140625 0.059375 0.0625
0 0.3125 0.42265625 0.13125 0.0953125
0 0.440625 0.44609375 0.08125 0.078125
0 0.528125 0.4703125 0.06875 0.0984375
0 0.65546875 0.45546875 0.1375 0.065625
0 0.76171875 0.4671875 0.053125 0.0484375
0 0.8375 0.496875 0.0796875 0.109375
0 0.9046875 0.49296875 0.0390625 0.053125
0 0.94609375 0.48984375 0.0375 0.0546875
0 0.08125 0.56484375 0.0671875 0.059375
0 0.1765625 0.59921875 0.1078125 0.1109375
0 0.265625 0.5765625 0.0578125 0.071875
0 0.36328125 0.5890625 0.128125 0.065625
0 0.471875 0.621875 0.090625 0.1046875
0 0.59375 0.63515625 0.115625 0.11875
0 0.7234375 0.65078125 0.1140625 0.1359375
0 0.85078125 0.59765625 0.084375 0.084375
0 0.9234375 0.66171875 0.1390625 0.1015625
0 0.0578125 0.75078125 0.059375 0.09375
0 0.16640625 0.7640625 0.1375 0.1203125
0 0.2671875 0.7859375 0.046875 0.128125
0 0.3859375 0.78046875 0.13125 0.1015625
0 0.49609375 0.7640625 0.065625 0.09375
0 0.65078125 0.7375 0.1484375 0.0734375
0 0.7828125 0.81640625 0.0875 0.090625
0 0.8828125 0.80703125 0.09375 0.06875
0 0.05625 0.9109375 0.0734375 0.0796875
0 0.14921875 0.91328125 0.1109375 0.0859375
0 0.26015625 0.94453125 0.10625 0.090625
0 0.3578125 0.93203125 0.046875 0.0625
0 0.42890625 0.9375 0.0765625 0.065625
0 0.51328125 0.9359375 0.0796875 0.078125
0 0.63828125 0.95390625 0.1328125 0.0703125
0 0.74921875 0.9640625 0.0734375 0.071875
0 0.8578125 0.97578125 0.09375 0.0484375
0 0.8171875 0.6390625 0.040625 0.0765625
0 0.61796875 0.79453125 0.159375 0.0890625