0 0.70625 0.04375 0.1296875 0.0796875
0 0.11484375 0.3109375 0.2296875 0.1875
0 0.3390625 0.17890625 0.234375 0.2
0 0.20546875 0.46328125 0.134375 0.1296875
0 0.24140625 0.57109375 0.1125 0.1265625
0 0.3953125 0.4734375 0.14375 0.1484375
0 0.51796875 0.3625 0.1671875 0.16875
0 0.50234375 0.50625 0.1359375 0.153125
0 0.59921875 0.4 0.0921875 0.0921875
0 0.69375 0.3203125 0.1234375 0.1125
0 0.81953125 0.21015625 0.0796875 0.0796875
0 0.83984375 0.3265625 0.146875 0.0984375
0 0.865625 0.409375 0.159375 0.0953125
0 0.3078125 0.90390625 0.1640625 0.1609375
0 0.43671875 0.8 0.1390625 0.1359375