0 0.2359375 0.1296875 0.265625 0.259375
0 0.4734375 0.18125 0.2359375 0.1765625
0 0.61875 0.20625 0.0796875 0.140625
0 0.71640625 0.22578125 0.1625 0.19375
0 0.88828125 0.2984375 0.2234375 0.190625
0 0.1515625 0.29765625 0.1265625 0.1671875
0 0.24609375 0.3359375 0.1109375 0.1578125
0 0.40625 0.3890625 0.25 0.1765625
0 0.5421875 0.4265625 0.071875 0.121875
0 0.68984375 0.47421875 0.26875 0.1796875
0 0.90390625 0.54296875 0.1875 0.2125
0 0.08046875 0.55859375 0.10625 0.1328125
0 0.17578125 0.60234375 0.1375 0.1953125
0 0.29140625 0.603125 0.1234375 0.15
0 0.41640625 0.6390625 0.1546875 0.1734375
0 0.534375 0.6765625 0.1046875 0.1328125
0 0.63046875 0.671875 0.0859375 0.1484375
0 0.75078125 0.71015625 0.203125 0.196875
0 0.88984375 0.75234375 0.121875 0.16875
0 0.075 0.79921875 0.15 0.1765625