0 0.1015625 0.12734375 0.071875 0.059375
0 0.2671875 0.14140625 0.1984375 0.0953125
0 0.47578125 0.1390625 0.153125 0.0609375
0 0.640625 0.14765625 0.103125 0.065625
0 0.77421875 0.15859375 0.121875 0.053125
0 0.68828125 0.20859375 0.2640625 0.0828125
0 0.80859375 0.28359375 0.178125 0.0625
0 0.671875 0.28515625 0.0609375 0.0375
0 0.55703125 0.265625 0.071875 0.0640625
0 0.403125 0.2546875 0.1421875 0.0578125
0 0.8640625 0.34296875 0.121875 0.0578125
0 0.74140625 0.33671875 0.0546875 0.046875
0 0.63671875 0.3265625 0.071875 0.053125
0 0.88828125 0.41015625 0.1625 0.0796875
0 0.8546875 0.47578125 0.271875 0.1
0 0.759375 0.4 0.078125 0.0609375
0 0.60234375 0.390625 0.1734375 0.0671875
0 0.81796875 0.52421875 0.2046875 0.0828125
0 0.6375 0.51484375 0.1078125 0.0375
0 0.50078125 0.315625 0.128125 0.0515625
0 0.6 0.4484375 0.190625 0.05
0 0.4890625 0.49375 0.1359375 0.05625
0 0.46796875 0.54609375 0.1375 0.059375
0 0.3953125 0.2078125 0.2984375 0.1125
0 0.3140625 0.31484375 0.175 0.06875
0 0.340625 0.37109375 0.3125 0.08125
0 0.1390625 0.18203125 0.146875 0.0640625
0 0.16015625 0.24609375 0.2328125 0.06875
0 0.11484375 0.3 0.1328125 0.0625
0 0.09375 0.3765625 0.096875 0.075
0 0.409375 0.446875 0.1328125 0.0890625
0 0.26953125 0.4234375 0.146875 0.075
0 0.28203125 0.4796875 0.115625 0.0625
0 0.0921875 0.40234375 0.1375 0.075
0 0.11015625 0.46640625 0.175 0.0734375
0 0.28515625 0.53515625 0.1109375 0.0625
0 0.09296875 0.52734375 0.1453125 0.071875
0 0.165625 0.59765625 0.0921875 0.025
0 0.321875 0.61015625 0.2046875 0.1125