0 0.4671875 0.0421875 0.0921875 0.0609375
0 0.5265625 0.06640625 0.040625 0.025
0 0.6 0.06484375 0.0921875 0.0546875
0 0.171875 0.0828125 0.115625 0.0546875
0 0.27890625 0.10234375 0.1015625 0.0515625
0 0.171875 0.12734375 0.128125 0.0640625
0 0.2890625 0.14375 0.109375 0.0421875
0 0.15703125 0.16015625 0.1140625 0.0640625
0 0.2546875 0.17265625 0.0671875 0.0453125
0 0.3171875 0.18046875 0.065625 0.04375
0 0.37421875 0.1859375 0.04375 0.04375
0 0.4171875 0.19375 0.0453125 0.0359375
0 0.49453125 0.20078125 0.1 0.0546875
0 0.12734375 0.25625 0.071875 0.05
0 0.20546875 0.26953125 0.0828125 0.046875
0 0.28828125 0.29140625 0.0796875 0.034375
0 0.146875 0.30546875 0.1265625 0.0640625
0 0.26171875 0.3203125 0.103125 0.046875
0 0.1453125 0.34296875 0.128125 0.06875
0 0.2671875 0.3609375 0.1109375 0.0671875
0 0.38125 0.3796875 0.115625 0.0625
0 0.496875 0.390625 0.1203125 0.0515625
0 0.1140625 0.43828125 0.11875 0.0734375
0 0.2015625 0.4515625 0.053125 0.0390625
0 0.26953125 0.4640625 0.0703125 0.05
0 0.09453125 0.4703125 0.096875 0.04375
0 0.16484375 0.4859375 0.034375 0.0265625
0 0.290625 0.50703125 0.1 0.05625
0 0.0890625 0.50703125 0.0765625 0.0453125
0 0.16796875 0.52890625 0.0953125 0.0609375
0 0.2828125 0.54140625 0.1390625 0.0640625
0 0.4140625 0.5625 0.125 0.0671875
0 0.51328125 0.5703125 0.06875 0.0421875
0 0.59296875 0.58046875 0.0890625 0.0453125
0 0.0734375 0.6078125 0.075 0.0453125
0 0.1453125 0.6234375 0.0671875 0.040625
0 0.2390625 0.64375 0.1234375 0.0625
0 0.0734375 0.64765625 0.0796875 0.04375
0 0.15234375 0.6609375 0.071875 0.0390625
0 0.20546875 0.66953125 0.0453125 0.0328125
0 0.26484375 0.678125 0.0734375 0.0484375
0 0.06015625 0.68125 0.05625 0.0375
0 0.1359375 0.70234375 0.109375 0.0578125
0 0.24140625 0.71640625 0.109375 0.053125
0 0.3 0.72265625 0.0109375 0.025
0 0.34375 0.72734375 0.078125 0.040625
0 0.415625 0.740625 0.0703125 0.0359375
0 0.50859375 0.74921875 0.115625 0.0578125
0 0.28984375 0.7984375 0.0546875 0.059375
0 0.33359375 0.8734375 0.1 0.0640625
0 0.4578125 0.8953125 0.146875 0.0640625
0 0.21171875 0.490625 0.046875 0.03125