0 0.26171875 0.39375 0.1421875 0.0546875
0 0.15234375 0.23671875 0.1140625 0.0484375
0 0.48046875 0.39296875 0.134375 0.05
0 0.453125 0.4734375 0.1140625 0.046875
0 0.171875 0.33515625 0.115625 0.0453125
0 0.21640625 0.53046875 0.1109375 0.0453125
0 0.32578125 0.85703125 0.115625 0.04375
0 0.34140625 0.18828125 0.1046875 0.0453125
0 0.55625 0.521875 0.1015625 0.0421875
0 0.2640625 0.596875 0.1125 0.04375
0 0.28125 0.41484375 0.1140625 0.0453125
0 0.7578125 0.4984375 0.1046875 0.0453125
0 0.1890625 0.25546875 0.0828125 0.0390625
0 0.21328125 0.353125 0.0859375 0.0390625
0 0.44609375 0.83046875 0.0890625 0.040625
0 0.46328125 0.5453125 0.0734375 0.040625
0 0.74453125 0.5265625 0.0984375 0.0375
0 0.46796875 0.34296875 0.0875 0.0375
0 0.28828125 0.4625 0.0859375 0.0375
0 0.375 0.3640625 0.0796875 0.0359375
0 0.4875 0.23046875 0.09375 0.0359375
0 0.66796875 0.5234375 0.065625 0.034375
0 0.43828125 0.321875 0.071875 0.0328125
0 0.50703125 0.478125 0.0609375 0.0328125
0 0.21015625 0.303125 0.08125 0.0328125
0 0.6375 0.27109375 0.0734375 0.0359375
0 0.7390625 0.54921875 0.08125 0.0359375
0 0.3234375 0.528125 0.08125 0.0375
0 0.5796875 0.209375 0.0765625 0.0359375
0 0.471875 0.57109375 0.0703125 0.034375
0 0.64296875 0.378125 0.05625 0.03125
0 0.284375 0.28203125 0.05625 0.03125
0 0.3484375 0.290625 0.059375 0.0296875
0 0.28125 0.22890625 0.065625 0.0328125
0 0.12890625 0.63359375 0.0859375 0.046875
0 0.55703125 0.29140625 0.0703125 0.0296875
0 0.26328125 0.43984375 0.059375 0.028125
0 0.29765625 0.33046875 0.059375 0.028125
0 0.3484375 0.62109375 0.05625 0.03125
0 0.39375 0.5078125 0.0609375 0.0296875
0 0.4328125 0.2171875 0.065625 0.0296875
0 0.46640625 0.59453125 0.0609375 0.028125
0 0.35703125 0.57109375 0.0625 0.028125
0 0.371875 0.440625 0.059375 0.03125
0 0.665625 0.57109375 0.053125 0.03125
0 0.43203125 0.378125 0.053125 0.034375
0 0.453125 0.62421875 0.065625 0.03125
0 0.515625 0.809375 0.059375 0.028125
0 0.334375 0.215625 0.0390625 0.0296875
0 0.25078125 0.5453125 0.071875 0.0328125
0 0.4328125 0.4296875 0.0546875 0.0328125
0 0.36015625 0.2359375 0.05 0.025
0 0.253125 0.20859375 0.065625 0.03125
0 0.37578125 0.390625 0.04375 0.028125
0 0.196875 0.2765625 0.06875 0.0265625
0 0.36015625 0.31328125 0.0359375 0.0265625
0 0.49609375 0.30703125 0.0421875 0.0265625
0 0.59140625 0.5875 0.0453125 0.028125
0 0.2875 0.6140625 0.059375 0.0265625
0 0.30390625 0.50859375 0.0453125 0.025
0 0.27421875 0.2578125 0.0515625 0.0265625
0 0.26484375 0.24765625 0.0421875 0.025
0 0.3625 0.34140625 0.0515625 0.0234375
0 0.384375 0.63984375 0.05 0.0234375
0 0.575 0.56640625 0.0484375 0.0234375
0 0.57734375 0.31171875 0.05 0.0234375
0 0.26875 0.3109375 0.0484375 0.025
0 0.36484375 0.49296875 0.046875 0.025
0 0.89453125 0.51015625 0.0546875 0.025
0 0.07109375 0.634375 0.0375 0.025
0 0.571875 0.36875 0.0421875 0.0234375
0 0.28828125 0.64453125 0.0453125 0.028125
0 0.32890625 0.65546875 0.0375 0.025
0 0.53046875 0.8703125 0.046875 0.0234375
0 0.34375 0.26796875 0.04375 0.028125
0 0.60859375 0.54140625 0.0421875 0.0265625
0 0.70625 0.35859375 0.046875 0.025
0 0.3921875 0.59375 0.040625 0.025
0 0.50546875 0.75859375 0.040625 0.021875
0 0.08828125 0.67578125 0.046875 0.028125
0 0.40859375 0.60625 0.0421875 0.0265625
0 0.0125 0.24375 0.025 0.021875
0 0.06875 0.6609375 0.0421875 0.025
0 0.39375 0.2796875 0.0328125 0.0234375
0 0.81015625 0.53125 0.0390625 0.021875
0 0.3109375 0.35078125 0.0375 0.021875
0 0.48203125 0.365625 0.0390625 0.0234375
0 0.43046875 0.8515625 0.046875 0.0234375
0 0.47421875 0.6359375 0.0421875 0.0203125
0 0.4578125 0.903125 0.0375 0.0203125
0 0.55703125 0.5484375 0.05 0.021875
0 0.39609375 0.91484375 0.0359375 0.0203125
0 0.4859375 0.4125 0.040625 0.021875
0 0.94609375 0.4984375 0.0375 0.0203125
0 0.2 0.375 0.0296875 0.0265625
0 0.82890625 0.478125 0.025 0.0234375
0 0.58828125 0.38828125 0.0390625 0.0234375
0 0.27890625 0.66875 0.028125 0.0234375
0 0.46484375 0.490625 0.0234375 0.0203125
0 0.528125 0.578125 0.0296875 0.021875
0 0.50859375 0.6078125 0.021875 0.0234375
0 0.33828125 0.6015625 0.0296875 0.01875
0 0.38671875 0.25546875 0.0234375 0.01875
0 0.09765625 0.69375 0.028125 0.0234375
0 0.10703125 0.61796875 0.025 0.021875
0 0.04609375 0.23359375 0.03125 0.0203125
0 0.84921875 0.525 0.028125 0.025
0 0.271875 0.3609375 0.034375 0.0234375
0 0.5296875 0.403125 0.0265625 0.0203125
0 0.02109375 0.209375 0.021875 0.0171875
0 0.52890625 0.6046875 0.0265625 0.01875
0 0.45546875 0.72265625 0.0265625 0.0171875
0 0.5484375 0.715625 0.03125 0.0171875
0 0.12421875 0.67578125 0.028125 0.021875
0 0.346875 0.42578125 0.025 0.015625
0 0.31484375 0.88671875 0.021875 0.0171875
0 0.51953125 0.353125 0.025 0.0203125
0 0.53125 0.32265625 0.0234375 0.0171875
0 0.634375 0.55390625 0.01875 0.0171875
0 0.18828125 0.6125 0.0203125 0.01875
0 0.75078125 0.346875 0.028125 0.0171875
0 0.39765625 0.8875 0.01875 0.01875
0 0.38046875 0.41640625 0.028125 0.0140625
0 0.61953125 0.58125 0.015625 0.01875
0 0.690625 0.56484375 0.0140625 0.021875
0 0.24375 0.8734375 0.015625 0.0171875
0 0.47578125 0.85859375 0.01875 0.01875
0 0.4875 0.20625 0.01875 0.01875
0 0.553125 0.69765625 0.015625 0.0171875
0 0.4640625 0.6640625 0.0234375 0.0203125
0 0.55078125 0.6015625 0.025 0.0296875
0 0.12734375 0.65625 0.0234375 0.015625
0 0.7828125 0.3390625 0.01875 0.0125
0 0.41640625 0.25078125 0.01875 0.015625
0 0.31484375 0.43046875 0.0171875 0.0140625
0 0.45859375 0.703125 0.015625 0.0140625
0 0.4703125 0.68203125 0.0140625 0.0140625
0 0.2328125 0.3734375 0.021875 0.0125
0 0.50859375 0.7390625 0.0140625 0.0171875
0 0.5234375 0.684375 0.0125 0.015625
0 0.66484375 0.54609375 0.0140625 0.0140625
0 0.50234375 0.703125 0.015625 0.0125
0 0.9828125 0.48671875 0.0140625 0.0171875
0 0.615625 0.55703125 0.0109375 0.025
0 0.5453125 0.34921875 0.015625 0.0140625
0 0.64921875 0.55 0.0109375 0.0234375
0 0.6203125 0.30234375 0.015625 0.0125
0 0.428125 0.87265625 0.0140625 0.0109375
0 0.31328125 0.24921875 0.0125 0.0125
0 0.5078125 0.71875 0.0109375 0.009375
0 0.9734375 0.48671875 0.0125 0.0125
0 0.5484375 0.68984375 0.0109375 0.0125
0 0.50625 0.73125 0.0109375 0.009375
0 0.5484375 0.39921875 0.0140625 0.0125
0 0.50234375 0.71328125 0.0109375 0.0109375
0 0.50234375 0.68125 0.0125 0.009375
0 0.67578125 0.54296875 0.0078125 0.0125
0 0.4140625 0.55546875 0.0078125 0.009375
0 0.496875 0.65 0.0109375 0.0078125
0 0.434375 0.496875 0.0078125 0.009375
0 0.99375 0.47890625 0.0109375 0.0109375
0 0.4984375 0.66875 0.0078125 0.009375
0 0.30546875 0.3015625 0.0078125 0.009375
0 0.63125 0.5859375 0.009375 0.0109375
0 0.41875 0.584375 0.003125 0.003125
0 0.196875 0.5546875 0.021875 0.01875
0 0.24140625 0.62265625 0.0234375 0.01875
0 0.24453125 0.646875 0.025 0.01875
0 0.24296875 0.26484375 0.0234375 0.0328125
0 0.1328125 0.2625 0.021875 0.0171875
0 0.14140625 0.284375 0.025 0.0203125
0 0.15390625 0.30625 0.0265625 0.021875
0 0.15546875 0.3625 0.01875 0.0171875
0 0.16484375 0.38515625 0.028125 0.021875
0 0.171875 0.40546875 0.0234375 0.01875
0 0.2125 0.42265625 0.0234375 0.01875
0 0.2171875 0.44765625 0.025 0.01875
0 0.23046875 0.4703125 0.0234375 0.0171875