0 0.18515625 0.18515625 0.1390625 0.0390625
0 0.28203125 0.17578125 0.040625 0.0265625
0 0.37890625 0.18046875 0.1453125 0.0421875
0 0.12578125 0.215625 0.025 0.028125
0 0.19453125 0.215625 0.0890625 0.0265625
0 0.26953125 0.215625 0.0453125 0.025
0 0.37578125 0.21796875 0.1421875 0.04375
0 0.47265625 0.215625 0.0421875 0.0265625
0 0.1578125 0.290625 0.121875 0.053125
0 0.2671875 0.28984375 0.065625 0.0296875
0 0.35703125 0.28828125 0.0859375 0.021875
0 0.2328125 0.3359375 0.2140625 0.046875
0 0.18203125 0.3640625 0.0484375 0.01875
0 0.27734375 0.37265625 0.109375 0.046875
0 0.37578125 0.36171875 0.0828125 0.034375
0 0.1421875 0.44296875 0.1546875 0.046875
0 0.13046875 0.46953125 0.028125 0.0234375
0 0.19453125 0.4734375 0.0484375 0.015625
0 0.303125 0.471875 0.140625 0.046875
0 0.15234375 0.503125 0.059375 0.028125
0 0.24140625 0.5109375 0.071875 0.0453125
0 0.3484375 0.50625 0.1328125 0.0265625
0 0.19609375 0.54140625 0.15625 0.0390625
0 0.321875 0.56015625 0.0484375 0.0375
0 0.40703125 0.5453125 0.075 0.025
0 0.49765625 0.55546875 0.0828125 0.0546875
0 0.1125 0.61171875 0.1140625 0.0421875
0 0.26328125 0.6171875 0.15625 0.0296875
0 0.12890625 0.64375 0.1046875 0.0328125
0 0.209375 0.65703125 0.0515625 0.0296875
0 0.27890625 0.6609375 0.05 0.0359375
0 0.34765625 0.66875 0.0828125 0.040625
0 0.434375 0.6671875 0.0890625 0.04375
0 0.56015625 0.67265625 0.11875 0.040625
0 0.7015625 0.6671875 0.1515625 0.03125
0 0.8234375 0.6671875 0.0359375 0.01875
0 0.896875 0.66484375 0.08125 0.046875
0 0.0984375 0.68359375 0.0390625 0.0296875
0 0.1703125 0.6796875 0.05 0.0203125
0 0.2546875 0.68515625 0.0578125 0.0171875
0 0.35859375 0.69375 0.13125 0.03125
0 0.4796875 0.709375 0.0625 0.040625
0 0.5703125 0.7125 0.071875 0.03125
0 0.046875 0.7203125 0.01875 0.00625
0 0.1953125 0.73046875 0.1578125 0.0453125
0 0.32734375 0.7390625 0.04375 0.0359375
0 0.3984375 0.7453125 0.0703125 0.0296875
0 0.48125 0.75078125 0.0765625 0.0375
0 0.58671875 0.753125 0.1140625 0.0375
0 0.71640625 0.75234375 0.115625 0.0265625
0 0.81171875 0.75625 0.034375 0.01875
0 0.8859375 0.74765625 0.0796875 0.0546875
0 0.13359375 0.7671875 0.0421875 0.034375
0 0.21875 0.7609375 0.096875 0.0265625
0 0.32734375 0.7625 0.0671875 0.0203125
0 0.42734375 0.78203125 0.0625 0.0390625
0 0.5609375 0.7828125 0.1640625 0.0359375
0 0.57421875 0.8453125 0.0421875 0.0375
0 0.65859375 0.846875 0.071875 0.0390625
0 0.75859375 0.83671875 0.1 0.0359375
0 0.8703125 0.84296875 0.053125 0.040625
0 0.16171875 0.853125 0.175 0.05625
0 0.10625 0.32578125 0.0140625 0.00625
0 0.1015625 0.35703125 0.0171875 0.0078125
0 0.1015625 0.21640625 0.015625 0.00625
0 0.09765625 0.46640625 0.015625 0.00625
0 0.0921875 0.503125 0.015625 0.0046875
0 0.0953125 0.5421875 0.021875 0.00625
0 0.05859375 0.63671875 0.0234375 0.00625
0 0.33203125 0.4359375 0.1828125 0.034375
0 0.128125 0.36015625 0.028125 0.025
0 0.1015625 0.1765625 0.025 0.0171875
0 0.0875 0.284375 0.0203125 0.021875
0 0.04921875 0.434375 0.0171875 0.0171875
0 0.9859375 0.42578125 0.021875 0.021875
0 0.9859375 0.22890625 0.0203125 0.0234375
0 0.0265625 0.60390625 0.021875 0.021875
0 0.04375 0.80625 0.015625 0.0078125
0 0.11015625 0.7984375 0.0171875 0.0125
0 0.22265625 0.8046875 0.0140625 0.009375
0 0.35078125 0.80859375 0.0328125 0.009375
0 0.4890625 0.815625 0.084375 0.0140625