0 0.07578125 0.1234375 0.1515625 0.10625
0 0.32421875 0.109375 0.3046875 0.1265625
0 0.4765625 0.1453125 0.2046875 0.0859375
0 0.66953125 0.15859375 0.096875 0.0796875
0 0.840625 0.1 0.15 0.0703125
0 0.946875 0.10703125 0.0328125 0.0375
0 0.05078125 0.3171875 0.1015625 0.075
0 0.221875 0.275 0.1890625 0.0765625
0 0.415625 0.27734375 0.1703125 0.1140625
0 0.6203125 0.27421875 0.1421875 0.1
0 0.846875 0.20703125 0.2546875 0.1046875
0 0.21875 0.390625 0.3203125 0.1484375
0 0.4546875 0.34921875 0.0859375 0.0703125
0 0.63828125 0.33984375 0.15 0.0515625
0 0.8734375 0.325 0.23125 0.140625
0 0.1171875 0.4828125 0.115625 0.071875
0 0.32890625 0.46328125 0.1671875 0.125
0 0.46953125 0.43359375 0.046875 0.0625
0 0.678125 0.41875 0.3484375 0.1140625
0 0.94375 0.3875 0.0921875 0.0859375
0 0.0765625 0.5890625 0.0734375 0.0453125
0 0.22734375 0.5875 0.18125 0.121875
0 0.6 0.540625 0.1171875 0.05
0 0.74296875 0.53984375 0.134375 0.0734375
0 0.91328125 0.5 0.1734375 0.084375
0 0.16015625 0.67109375 0.159375 0.08125
0 0.33125 0.67578125 0.1078125 0.0828125
0 0.57109375 0.6140625 0.2578125 0.1015625
0 0.753125 0.60625 0.1140625 0.059375
0 0.9109375 0.57734375 0.178125 0.0828125
0 0.1390625 0.75859375 0.1234375 0.05
0 0.3171875 0.75234375 0.1203125 0.04375
0 0.46640625 0.740625 0.0671875 0.03125
0 0.5984375 0.703125 0.115625 0.0625
0 0.753125 0.72109375 0.1578125 0.0984375
0 0.84140625 0.69375 0.028125 0.0265625
0 0.93125 0.67109375 0.1375 0.1390625
0 0.140625 0.853125 0.1421875 0.0765625
0 0.38046875 0.809375 0.25625 0.0859375
0 0.64296875 0.78515625 0.1875 0.0828125
0 0.8125 0.7671875 0.0984375 0.059375
0 0.94296875 0.77421875 0.1140625 0.0765625
0 0.13203125 0.91796875 0.1234375 0.053125
0 0.2859375 0.88671875 0.1234375 0.065625
0 0.440625 0.88828125 0.109375 0.04375
0 0.7109375 0.8625 0.359375 0.1453125
0 0.91953125 0.8390625 0.0640625 0.0328125
0 0.978125 0.840625 0.04375 0.05
0 0.13125 0.990625 0.090625 0.01875
0 0.29765625 0.96953125 0.1546875 0.0609375
0 0.50625 0.96875 0.1375 0.0625
0 0.6140625 0.97890625 0.0390625 0.0265625
0 0.7859375 0.93125 0.3125 0.1140625
0 0.97890625 0.9046875 0.0421875 0.034375
0 0.440625 0.54296875 0.1515625 0.0828125