0 0.21328125 0.02109375 0.1171875 0.0421875
0 0.40234375 0.03984375 0.1453125 0.0796875
0 0.58046875 0.04140625 0.1515625 0.0578125
0 0.7390625 0.05 0.14375 0.0609375
0 0.625 0.08515625 0.24375 0.0796875
0 0.53984375 0.1203125 0.0765625 0.034375
0 0.66171875 0.128125 0.16875 0.0546875
0 0.14375 0.11015625 0.0484375 0.121875
0 0.2046875 0.07890625 0.06875 0.0390625
0 0.20234375 0.115625 0.06875 0.034375
0 0.2 0.1546875 0.071875 0.0390625
0 0.32734375 0.16953125 0.065625 0.0671875
0 0.37734375 0.15703125 0.0328125 0.028125
0 0.45 0.17421875 0.128125 0.0828125
0 0.41328125 0.26875 0.075 0.1921875
0 0.48203125 0.2234375 0.065625 0.0515625
0 0.52578125 0.22421875 0.028125 0.0453125
0 0.60390625 0.228125 0.134375 0.0609375
0 0.78671875 0.21875 0.125 0.059375
0 0.73515625 0.2421875 0.05625 0.040625
0 0.80859375 0.24609375 0.0796875 0.0328125
0 0.8953125 0.2546875 0.053125 0.0328125
0 0.95390625 0.2765625 0.090625 0.0640625
0 0.48984375 0.2765625 0.1140625 0.0546875
0 0.596875 0.28359375 0.0875 0.05
0 0.45703125 0.33203125 0.05625 0.0359375
0 0.553125 0.33984375 0.121875 0.0609375
0 0.64921875 0.353125 0.09375 0.0546875
0 0.7109375 0.35703125 0.040625 0.04375
0 0.77578125 0.36640625 0.1078125 0.0515625
0 0.846875 0.37109375 0.01875 0.0296875
0 0.46328125 0.378125 0.065625 0.0421875
0 0.54375 0.38515625 0.090625 0.0375
0 0.15 0.3984375 0.0640625 0.0359375
0 0.22734375 0.4 0.084375 0.03125
0 0.2734375 0.41484375 0.0140625 0.0125
0 0.3546875 0.425 0.1125 0.0484375
0 0.4453125 0.43984375 0.0765625 0.0453125
0 0.50078125 0.4296875 0.04375 0.05
0 0.575 0.45859375 0.121875 0.0640625
0 0.0640625 0.425 0.06875 0.1625
0 0.13203125 0.4484375 0.084375 0.046875
0 0.09375 0.471875 0.0171875 0.0109375
0 0.16796875 0.484375 0.071875 0.03125
0 0.21015625 0.5 0.0140625 0.0125
0 0.2640625 0.49765625 0.0453125 0.03125
0 0.33828125 0.50859375 0.096875 0.046875
0 0.39921875 0.51796875 0.025 0.0375
0 0.465625 0.52265625 0.090625 0.0328125
0 0.525 0.5328125 0.03125 0.0390625
0 0.56484375 0.53671875 0.0546875 0.03125
0 0.665625 0.5625 0.165625 0.059375
0 0.10625 0.5453125 0.078125 0.0484375
0 0.20859375 0.56484375 0.1375 0.0625
0 0.078125 0.584375 0.109375 0.0625
0 0.1171875 0.61640625 0.078125 0.0484375
0 0.184375 0.6203125 0.0484375 0.034375
0 0.21484375 0.6421875 0.0171875 0.01875
0 0.11015625 0.66640625 0.0546875 0.0578125
0 0.24140625 0.64765625 0.03125 0.053125
0 0.2859375 0.6453125 0.03125 0.021875
0 0.3578125 0.65546875 0.0890625 0.0375
0 0.4140625 0.67109375 0.03125 0.040625
0 0.47421875 0.68125 0.08125 0.0359375
0 0.63203125 0.68515625 0.0703125 0.05
0 0.73515625 0.7015625 0.1203125 0.0484375
0 0.3640625 0.70703125 0.1296875 0.0578125
0 0.63046875 0.73203125 0.0578125 0.0328125
0 0.7015625 0.74453125 0.06875 0.0515625
0 0.7640625 0.75234375 0.0671875 0.053125
0 0.81875 0.75625 0.0546875 0.03125
0 0.05859375 0.725 0.10625 0.05
0 0.21953125 0.75703125 0.13125 0.05
0 0.33984375 0.78359375 0.115625 0.053125
0 0.45 0.803125 0.01875 0.01875
0 0.53671875 0.82421875 0.1328125 0.0515625
0 0.53125 0.85 0.1015625 0.0375
0 0.49140625 0.88359375 0.04375 0.028125
0 0.553125 0.89609375 0.0796875 0.0453125
0 0.19140625 0.7890625 0.103125 0.0453125
0 0.28984375 0.809375 0.090625 0.0375
0 0.36796875 0.82734375 0.0203125 0.03125
0 0.14453125 0.8109375 0.021875 0.028125
0 0.1859375 0.81796875 0.0640625 0.03125
0 0.23046875 0.83515625 0.0296875 0.034375
0 0.28828125 0.8375 0.078125 0.03125
0 0.3578125 0.853125 0.025 0.0328125
0 0.46875 0.853125 0.0359375 0.06875
0 0.58828125 0.88203125 0.0390625 0.071875
0 0.65390625 0.8390625 0.0234375 0.028125
0 0.74375 0.85 0.1140625 0.0515625
0 0.16328125 0.67578125 0.065625 0.0625
0 0.51328125 0.9171875 0.075 0.028125
0 0.10546875 0.384375 0.0109375 0.01875
0 0.1328125 0.734375 0.0109375 0.0140625