0 0.17421875 0.01328125 0.0546875 0.0265625
0 0.4640625 0.0609375 0.1125 0.0421875
0 0.53515625 0.071875 0.0203125 0.025
0 0.56875 0.0828125 0.0375 0.028125
0 0.62734375 0.0875 0.0734375 0.034375
0 0.6765625 0.09765625 0.0234375 0.0203125
0 0.746875 0.10546875 0.10625 0.0375
0 0.9890625 0.14296875 0.021875 0.0328125
0 0.24140625 0.065625 0.08125 0.0546875
0 0.16796875 0.10625 0.1609375 0.075
0 0.32421875 0.109375 0.1234375 0.0765625
0 0.40703125 0.1453125 0.03125 0.0296875
0 0.5015625 0.184375 0.1828125 0.11875
0 0.65625 0.17578125 0.1125 0.06875
0 0.7375 0.18671875 0.0578125 0.065625
0 0.834375 0.22734375 0.16875 0.109375
0 0.18125 0.16171875 0.078125 0.059375
0 0.28203125 0.19296875 0.090625 0.0578125
0 0.39609375 0.2125 0.1359375 0.08125
0 0.5296875 0.2171875 0.134375 0.0703125
0 0.71015625 0.24296875 0.20625 0.08125
0 0.88828125 0.28046875 0.140625 0.0953125
0 0.2421875 0.24375 0.04375 0.0359375
0 0.32578125 0.271875 0.11875 0.09375
0 0.42890625 0.26875 0.0625 0.053125
0 0.5328125 0.278125 0.1484375 0.071875
0 0.696875 0.31015625 0.1578125 0.071875
0 0.83671875 0.33359375 0.1359375 0.071875
0 0.28359375 0.33046875 0.16875 0.125
0 0.37890625 0.33671875 0.0296875 0.034375
0 0.43984375 0.3375 0.075 0.05625
0 0.54921875 0.34765625 0.1234375 0.071875
0 0.653125 0.37578125 0.0671875 0.0375
0 0.77734375 0.384375 0.1578125 0.0671875
0 0.2703125 0.37265625 0.1421875 0.0640625
0 0.40390625 0.4078125 0.128125 0.0640625
0 0.5171875 0.41171875 0.08125 0.0625
0 0.565625 0.428125 0.025 0.0296875
0 0.61015625 0.44609375 0.05 0.0765625
0 0.684375 0.4625 0.1203125 0.1046875
0 0.8015625 0.45625 0.1421875 0.075
0 0.24609375 0.459375 0.10625 0.0953125
0 0.36796875 0.4625 0.084375 0.0578125
0 0.453125 0.475 0.059375 0.0375
0 0.53671875 0.4796875 0.1359375 0.0796875
0 0.6203125 0.50390625 0.05 0.03125
0 0.71953125 0.5046875 0.1515625 0.0828125
0 0.2890625 0.52421875 0.190625 0.1
0 0.4265625 0.525 0.046875 0.0578125
0 0.4859375 0.57109375 0.1125 0.1015625
0 0.56953125 0.546875 0.0375 0.059375
0 0.64609375 0.57265625 0.13125 0.0890625
0 0.74609375 0.57578125 0.065625 0.0796875
0 0.84921875 0.5921875 0.1171875 0.059375
0 0.1984375 0.559375 0.040625 0.053125
0 0.25078125 0.57109375 0.05 0.0546875
0 0.3328125 0.6 0.1046875 0.0953125
0 0.44921875 0.596875 0.1046875 0.0625
0 0.58203125 0.63984375 0.128125 0.10625
0 0.69296875 0.63359375 0.046875 0.053125
0 0.7859375 0.6609375 0.128125 0.103125
0 0.19296875 0.62890625 0.1203125 0.0875
0 0.35546875 0.65390625 0.1546875 0.06875
0 0.46953125 0.6609375 0.04375 0.0578125
0 0.54765625 0.70078125 0.10625 0.090625
0 0.70390625 0.715625 0.20625 0.1296875
0 0.21171875 0.69140625 0.1015625 0.0734375
0 0.28828125 0.70546875 0.034375 0.0515625
0 0.39375 0.74296875 0.15 0.1171875
0 0.5015625 0.7390625 0.078125 0.0828125
0 0.5671875 0.7515625 0.034375 0.034375
0 0.6984375 0.7875 0.209375 0.1140625
0 0.1546875 0.771875 0.0375 0.046875
0 0.24140625 0.7734375 0.1484375 0.078125
0 0.35234375 0.79140625 0.04375 0.03125
0 0.50859375 0.82578125 0.2109375 0.1
0 0.64765625 0.8171875 0.0828125 0.06875
0 0.76015625 0.8640625 0.121875 0.0765625
0 0.1578125 0.82890625 0.090625 0.0515625
0 0.3125 0.8453125 0.1859375 0.06875
0 0.45234375 0.85625 0.1203125 0.090625
0 0.56015625 0.871875 0.0765625 0.0671875
0 0.628125 0.884375 0.03125 0.05625
0 0.65390625 0.88125 0.01875 0.0125
0 0.68125 0.88984375 0.0421875 0.065625
0 0.759375 0.90546875 0.121875 0.0671875
0 0.02890625 0.85234375 0.0578125 0.0390625
0 0.09921875 0.86328125 0.075 0.0390625
0 0.15625 0.87421875 0.0296875 0.0296875
0 0.2046875 0.87890625 0.0609375 0.034375
0 0.2609375 0.8859375 0.0390625 0.028125
0 0.3203125 0.89765625 0.0703125 0.04375