0 0.10546875 0.30234375 0.0953125 0.05
0 0.625 0.18984375 0.1546875 0.065625
0 0.10859375 0.33515625 0.05625 0.0359375
0 0.20546875 0.31640625 0.1046875 0.0515625
0 0.32265625 0.28203125 0.059375 0.0375
0 0.09375 0.3734375 0.046875 0.0484375
0 0.14765625 0.3625 0.065625 0.0484375
0 0.24140625 0.33515625 0.1265625 0.0578125
0 0.35 0.30390625 0.103125 0.05
0 0.4578125 0.271875 0.0640625 0.04375
0 0.59140625 0.253125 0.03125 0.0328125
0 0.63125 0.2421875 0.046875 0.0375
0 0.6765625 0.23046875 0.03125 0.0328125
0 0.75390625 0.2140625 0.109375 0.0640625
0 0.86015625 0.17734375 0.0546875 0.0421875
0 0.140625 0.4 0.09375 0.05625
0 0.23359375 0.3703125 0.103125 0.046875
0 0.32890625 0.346875 0.0859375 0.0484375
0 0.43359375 0.31328125 0.06875 0.0390625
0 0.14609375 0.434375 0.0828125 0.05
0 0.246875 0.40625 0.11875 0.0546875
0 0.3453125 0.378125 0.075 0.0484375
0 0.45390625 0.34140625 0.065625 0.0421875
0 0.65625 0.27421875 0.1625 0.065625
0 0.81015625 0.23984375 0.06875 0.0453125
0 0.88046875 0.2203125 0.075 0.046875
0 0.18359375 0.46484375 0.1796875 0.0796875
0 0.684375 0.35390625 0.065625 0.05625
0 0.7703125 0.3390625 0.1171875 0.0796875
0 0.11796875 0.52734375 0.0359375 0.05
0 0.20703125 0.50625 0.05 0.0421875
0 0.29375 0.4875 0.11875 0.0546875
0 0.41875 0.459375 0.05625 0.0375
0 0.12890625 0.575 0.028125 0.040625
0 0.17109375 0.56328125 0.06875 0.0515625
0 0.26796875 0.540625 0.1078125 0.05
0 0.3875 0.50859375 0.053125 0.0359375
0 0.17265625 0.6078125 0.08125 0.05
0 0.25859375 0.590625 0.071875 0.05
0 0.334375 0.56796875 0.0921875 0.053125
0 0.440625 0.53671875 0.06875 0.0421875
0 0.18515625 0.64921875 0.0828125 0.05625
0 0.28984375 0.62109375 0.115625 0.0546875
0 0.39453125 0.58515625 0.0546875 0.040625
0 0.2671875 0.66875 0.2953125 0.109375
0 0.2328125 0.72421875 0.1796875 0.071875
0 0.21953125 0.775 0.1109375 0.0546875
0 0.33828125 0.74609375 0.1203125 0.05625
0 0.45546875 0.7140625 0.0546875 0.0359375
0 0.1625 0.83125 0.05 0.05625
0 0.20703125 0.81875 0.065625 0.0453125
0 0.33984375 0.784375 0.1859375 0.071875
0 0.49921875 0.746875 0.0765625 0.0453125
0 0.19921875 0.86953125 0.084375 0.053125
0 0.2953125 0.84765625 0.090625 0.0546875
0 0.396875 0.81796875 0.1203125 0.053125
0 0.51796875 0.7828125 0.05 0.0359375
0 0.21953125 0.91015625 0.0875 0.05
0 0.33359375 0.8890625 0.1125 0.0546875
0 0.4546875 0.8546875 0.1125 0.065625
0 0.56484375 0.80859375 0.075 0.0453125
0 0.36875 0.90546875 0.184375 0.0703125
0 0.52578125 0.859375 0.059375 0.04375
0 0.2734375 0.2890625 0.01875 0.0109375
0 0.41640625 0.284375 0.0203125 0.009375
0 0.38984375 0.325 0.01875 0.0109375
0 0.40546875 0.36015625 0.01875 0.0109375
0 0.37421875 0.46796875 0.0234375 0.0125
0 0.34140625 0.51953125 0.01875 0.0109375
0 0.39609375 0.55 0.01875 0.009375
0 0.36015625 0.59609375 0.0296875 0.0140625
0 0.41328125 0.721875 0.0296875 0.015625
0 0.446875 0.76015625 0.0203125 0.0109375
0 0.47578125 0.7921875 0.025 0.009375
0 0.51640625 0.825 0.0328125 0.021875
0 0.4859375 0.8734375 0.0328125 0.01875
0 0.8203125 0.18359375 0.0296875 0.0109375
0 0.75546875 0.25859375 0.0265625 0.015625
0 0.16015625 0.52109375 0.0515625 0.0390625