0 0.521875 0.26171875 0.0671875 0.0484375
0 0.6703125 0.296875 0.1 0.0578125
0 0.853125 0.3296875 0.11875 0.0671875
0 0.5375 0.32578125 0.1078125 0.0703125
0 0.6421875 0.3609375 0.1 0.06875
0 0.7390625 0.38203125 0.11875 0.08125
0 0.834375 0.38984375 0.084375 0.065625
0 0.5046875 0.37890625 0.0796875 0.0515625
0 0.6046875 0.40625 0.128125 0.075
0 0.70546875 0.4203125 0.084375 0.053125
0 0.8265625 0.4453125 0.16875 0.090625
0 0.478125 0.42890625 0.0421875 0.0375
0 0.5234375 0.4390625 0.034375 0.040625
0 0.6015625 0.47421875 0.1296875 0.0875
0 0.68046875 0.48828125 0.0515625 0.0578125
0 0.76484375 0.5078125 0.128125 0.075
0 0.8609375 0.51171875 0.071875 0.05625
0 0.45625 0.50078125 0.0484375 0.0484375
0 0.56328125 0.534375 0.178125 0.10625
0 0.7125 0.5671875 0.14375 0.103125
0 0.82265625 0.5625 0.1078125 0.1109375
0 0.50859375 0.58125 0.1671875 0.10625
0 0.64609375 0.6078125 0.14375 0.0984375
0 0.76015625 0.6171875 0.090625 0.06875
0 0.51953125 0.65625 0.1859375 0.11875
0 0.66328125 0.6640625 0.1125 0.0703125
0 0.79453125 0.69296875 0.140625 0.109375
0 0.48125 0.71484375 0.1640625 0.10625
0 0.61171875 0.7234375 0.0671875 0.0640625
0 0.7 0.7328125 0.096875 0.0703125
0 0.48828125 0.7625 0.1953125 0.1046875
0 0.64921875 0.790625 0.121875 0.0734375
0 0.771875 0.80390625 0.1078125 0.06875
0 0.4796875 0.83125 0.1890625 0.0953125
0 0.6390625 0.853125 0.1125 0.075