0 0.240625 0.0421875 0.1015625 0.0453125
0 0.29453125 0.05546875 0.009375 0.0078125
0 0.32734375 0.0625 0.046875 0.0265625
0 0.390625 0.0828125 0.0515625 0.0359375
0 0.46328125 0.09375 0.0703125 0.0296875
0 0.5140625 0.11015625 0.028125 0.015625
0 0.5875 0.12265625 0.0984375 0.0390625
0 0.6921875 0.14921875 0.1125 0.04375
0 0.81484375 0.17421875 0.0921875 0.0375
0 0.26171875 0.078125 0.134375 0.0546875
0 0.390625 0.1078125 0.103125 0.046875
0 0.53125 0.140625 0.0859375 0.0375
0 0.2640625 0.1078125 0.09375 0.0390625
0 0.4109375 0.14296875 0.1796875 0.065625
0 0.6625 0.19921875 0.0921875 0.0375
0 0.3546875 0.15625 0.0421875 0.0328125
0 0.44140625 0.17734375 0.1015625 0.0390625
0 0.53828125 0.2015625 0.0828125 0.034375
0 0.6 0.21484375 0.0109375 0.00625
0 0.646875 0.22890625 0.0828125 0.046875
0 0.23671875 0.16015625 0.1015625 0.0421875
0 0.3203125 0.18203125 0.0546875 0.0265625
0 0.31171875 0.20859375 0.075 0.0328125
0 0.30703125 0.228125 0.0765625 0.0296875
0 0.296875 0.24921875 0.0796875 0.0375
0 0.41640625 0.23203125 0.0640625 0.034375
0 0.4703125 0.2421875 0.03125 0.025
0 0.4171875 0.2625 0.071875 0.040625
0 0.4625 0.271875 0.0234375 0.0203125
0 0.4078125 0.2890625 0.065625 0.0421875
0 0.45546875 0.296875 0.01875 0.01875
0 0.159375 0.2859375 0.0515625 0.028125
0 0.2125 0.303125 0.0140625 0.009375
0 0.29375 0.3203125 0.1265625 0.046875
0 0.37734375 0.3421875 0.0453125 0.0234375
0 0.4265625 0.35546875 0.0609375 0.028125
0 0.496875 0.3703125 0.0671875 0.03125
0 0.2328125 0.33984375 0.1328125 0.0640625
0 0.21875 0.36796875 0.13125 0.059375
0 0.31015625 0.38671875 0.0140625 0.0078125
0 0.36875 0.39921875 0.065625 0.034375
0 0.5046875 0.43203125 0.1984375 0.0640625
0 0.68125 0.47109375 0.125 0.05
0 0.77109375 0.49453125 0.0390625 0.021875
0 0.21953125 0.4 0.0640625 0.0421875
0 0.2609375 0.40703125 0.0140625 0.0078125
0 0.3046875 0.41640625 0.0765625 0.0328125
0 0.41484375 0.440625 0.10625 0.04375
0 0.48984375 0.45859375 0.0171875 0.009375
0 0.53984375 0.46875 0.0546875 0.0328125
0 0.64765625 0.49609375 0.1265625 0.046875
0 0.7640625 0.52578125 0.0859375 0.034375
0 0.13515625 0.43828125 0.078125 0.0359375
0 0.2015625 0.453125 0.034375 0.01875
0 0.27890625 0.471875 0.0828125 0.0359375
0 0.34140625 0.48828125 0.015625 0.00625
0 0.39765625 0.503125 0.071875 0.0375
0 0.4578125 0.51796875 0.03125 0.0203125
0 0.5046875 0.53046875 0.05 0.0296875
0 0.5828125 0.54609375 0.0609375 0.0328125
0 0.665625 0.56640625 0.0953125 0.0375
0 0.2453125 0.5 0.121875 0.05625
0 0.37578125 0.528125 0.084375 0.0375
0 0.44140625 0.540625 0.03125 0.0203125
0 0.50234375 0.55859375 0.0765625 0.0359375
0 0.59375 0.58125 0.103125 0.0453125
0 0.6859375 0.60078125 0.071875 0.034375
0 0.115625 0.49375 0.0765625 0.03125
0 0.23671875 0.5390625 0.1078125 0.046875
0 0.33828125 0.5640625 0.0734375 0.0375
0 0.40703125 0.584375 0.0421875 0.025
0 0.4859375 0.60078125 0.0875 0.0359375
0 0.59296875 0.62890625 0.0859375 0.0359375
0 0.7296875 0.66640625 0.1796875 0.075
0 0.5453125 0.64140625 0.215625 0.0796875
0 0.77109375 0.6984375 0.2296875 0.0828125
0 0.103125 0.5578125 0.09375 0.053125
0 0.1953125 0.57890625 0.078125 0.0390625
0 0.28125 0.6 0.0640625 0.034375