0 0.103125 0.07578125 0.03125 0.03125
0 0.03203125 0.21171875 0.0640625 0.1078125
0 0.17578125 0.20546875 0.184375 0.1734375
0 0.36875 0.1265625 0.1890625 0.1390625
0 0.0953125 0.3265625 0.1546875 0.103125
0 0.27890625 0.2890625 0.1625 0.125
0 0.11484375 0.4375 0.15625 0.1015625
0 0.2453125 0.40234375 0.071875 0.09375
0 0.1421875 0.5875 0.1796875 0.1546875
0 0.26328125 0.58984375 0.109375 0.125
0 0.45 0.54609375 0.275 0.20625
0 0.67890625 0.4921875 0.2328125 0.153125
0 0.4703125 0.26328125 0.2421875 0.15
0 0.378125 0.4015625 0.11875 0.0875
0 0.50546875 0.40078125 0.084375 0.146875