0 0.27109375 0.325 0.06875 0.01875
0 0.33671875 0.325 0.0390625 0.021875
0 0.43125 0.32890625 0.13125 0.021875
0 0.565625 0.3234375 0.115625 0.015625
0 0.25703125 0.3515625 0.0625 0.0125
0 0.3375 0.35625 0.0359375 0.021875
0 0.425 0.3515625 0.109375 0.0125
0 0.72109375 0.34921875 0.4734375 0.03125
0 0.14609375 0.3734375 0.096875 0.01875
0 0.25390625 0.378125 0.084375 0.015625
0 0.64296875 0.4046875 0.05 0.0203125
0 0.81640625 0.40234375 0.046875 0.021875
0 0.08359375 0.428125 0.040625 0.01875
0 0.1703125 0.4328125 0.15 0.021875
0 0.31640625 0.4359375 0.084375 0.01875
0 0.64921875 0.43359375 0.146875 0.021875
0 0.3734375 0.46171875 0.090625 0.021875
0 0.48359375 0.4640625 0.10625 0.028125
0 0.8890625 0.45859375 0.159375 0.021875
0 0.4015625 0.490625 0.1484375 0.025
0 0.5109375 0.49453125 0.046875 0.01875
0 0.57734375 0.49296875 0.08125 0.01875
0 0.68359375 0.49609375 0.109375 0.025
0 0.89375 0.48671875 0.146875 0.025
0 0.05625 0.55234375 0.03125 0.01875
0 0.1453125 0.55234375 0.146875 0.021875
0 0.309375 0.54921875 0.10625 0.028125
0 0.41875 0.5578125 0.1109375 0.028125
0 0.7203125 0.5515625 0.13125 0.028125
0 0.31015625 0.58203125 0.1125 0.021875
0 0.39375 0.58359375 0.0296875 0.009375
0 0.4609375 0.58359375 0.075 0.021875
0 0.55078125 0.5875 0.1 0.025
0 0.7109375 0.590625 0.1109375 0.034375
0 0.4390625 0.60078125 0.1984375 0.015625
0 0.40234375 0.61484375 0.08125 0.01875
0 0.5734375 0.6203125 0.2296875 0.0296875
0 0.903125 0.61484375 0.109375 0.025
0 0.04375 0.684375 0.0375 0.025
0 0.1453125 0.6828125 0.15625 0.025
0 0.2859375 0.7140625 0.115625 0.025
0 0.41015625 0.72109375 0.096875 0.034375
0 0.68828125 0.715625 0.121875 0.03125
0 0.28828125 0.75234375 0.121875 0.025
0 0.38046875 0.75390625 0.04375 0.0125
0 0.4484375 0.75234375 0.08125 0.01875
0 0.55390625 0.75546875 0.096875 0.034375
0 0.69921875 0.75703125 0.10625 0.03125
0 0.36953125 0.7875 0.075 0.028125
0 0.91640625 0.78125 0.146875 0.021875
0 0.175 0.32109375 0.0875 0.0203125
0 0.1078125 0.31875 0.0453125 0.015625
0 0.103125 0.2953125 0.0453125 0.0203125
0 0.165625 0.346875 0.0859375 0.01875
0 0.43984375 0.38125 0.284375 0.0265625
0 0.66796875 0.37578125 0.16875 0.021875
0 0.5734375 0.0515625 0.065625 0.01875
0 0.20234375 0.090625 0.0375 0.0140625
0 0.2359375 0.09375 0.01875 0.009375
0 0.25703125 0.09609375 0.0125 0.009375
0 0.2765625 0.096875 0.015625 0.009375
0 0.30703125 0.0984375 0.01875 0.009375
0 0.203125 0.12265625 0.0375 0.015625
0 0.234375 0.125 0.01875 0.0109375
0 0.25546875 0.1265625 0.015625 0.009375
0 0.27421875 0.128125 0.01875 0.009375
0 0.303125 0.12890625 0.021875 0.00625
0 0.63359375 0.32265625 0.01875 0.009375
0 0.69453125 0.32265625 0.0953125 0.0234375
0 0.759375 0.31875 0.0203125 0.009375
0 0.85390625 0.31953125 0.15625 0.021875