0 0.609375 0.09296875 0.06875 0.046875
0 0.765625 0.0625 0.075 0.0546875
0 0.12265625 0.3265625 0.0390625 0.0546875
0 0.28671875 0.30546875 0.2625 0.1265625
0 0.53984375 0.25859375 0.18125 0.078125
0 0.13828125 0.44375 0.0671875 0.05625
0 0.309375 0.41171875 0.259375 0.1390625
0 0.63671875 0.34296875 0.3625 0.1765625
0 0.15 0.58203125 0.084375 0.1
0 0.334375 0.578125 0.2390625 0.1421875
0 0.53828125 0.52109375 0.0765625 0.0703125
0 0.74921875 0.48828125 0.309375 0.1578125
0 0.17109375 0.7578125 0.0921875 0.096875
0 0.3640625 0.7546875 0.2765625 0.1765625
0 0.6625 0.67734375 0.26875 0.159375
0 0.9140625 0.6125 0.146875 0.09375