0 0.09609375 0.14453125 0.1921875 0.0859375
0 0.25625 0.1078125 0.1375 0.059375
0 0.05859375 0.23359375 0.1171875 0.0703125
0 0.078125 0.28984375 0.0328125 0.0328125
0 0.184375 0.2546875 0.1171875 0.0625
0 0.3328125 0.21171875 0.1453125 0.0640625
0 0.4390625 0.18125 0.01875 0.0171875
0 0.475 0.16640625 0.0296875 0.0296875
0 0.58203125 0.14296875 0.1390625 0.0625
0 0.096875 0.33046875 0.028125 0.0296875
0 0.128125 0.32265625 0.0328125 0.028125
0 0.21875 0.30390625 0.0890625 0.05625
0 0.34375 0.259375 0.1203125 0.0625
0 0.43671875 0.23046875 0.01875 0.015625
0 0.471875 0.22734375 0.0453125 0.0390625
0 0.59609375 0.18828125 0.153125 0.075
0 0.16484375 0.378125 0.225 0.090625
0 0.12421875 0.4421875 0.0625 0.0453125
0 0.22265625 0.4125 0.0703125 0.0375
0 0.2796875 0.39765625 0.0140625 0.0140625
0 0.28828125 0.390625 0.03125 0.03125
0 0.36328125 0.37109375 0.121875 0.0578125
0 0.14375 0.4765625 0.0578125 0.0375
0 0.24140625 0.45546875 0.0734375 0.046875
0 0.2828125 0.43359375 0.01875 0.0171875
0 0.30390625 0.4296875 0.0421875 0.040625
0 0.39140625 0.4 0.13125 0.059375
0 0.1828125 0.51171875 0.090625 0.046875
0 0.2765625 0.48515625 0.015625 0.0171875
0 0.28515625 0.48125 0.0359375 0.0390625
0 0.35234375 0.4640625 0.1125 0.05
0 0.2 0.54921875 0.1 0.053125
0 0.2796875 0.5234375 0.015625 0.0140625
0 0.29296875 0.5171875 0.0359375 0.0375
0 0.3578125 0.49296875 0.1125 0.0546875
0 0.23203125 0.56953125 0.115625 0.0578125
0 0.30234375 0.55390625 0.01875 0.01875
0 0.32421875 0.540625 0.0328125 0.034375
0 0.39453125 0.5296875 0.1234375 0.0578125
0 0.2109375 0.62578125 0.2046875 0.0890625
0 0.196875 0.6828125 0.11875 0.05625
0 0.31796875 0.6453125 0.025 0.0203125
0 0.365625 0.63046875 0.040625 0.0359375
0 0.44921875 0.6046875 0.1140625 0.0515625
0 0.22421875 0.721875 0.1421875 0.0671875
0 0.33828125 0.68359375 0.025 0.021875
0 0.37265625 0.67109375 0.03125 0.0390625
0 0.44921875 0.6453125 0.11875 0.0546875
0 0.23828125 0.76953125 0.184375 0.0859375
0 0.234375 0.83046875 0.0953125 0.05625
0 0.3734375 0.77890625 0.1578125 0.0796875
0 0.46875 0.75078125 0.021875 0.0171875
0 0.5046875 0.7390625 0.0421875 0.04375
0 0.6171875 0.71484375 0.1515625 0.06875
0 0.66796875 0.79921875 0.146875 0.0671875
0 0.78359375 0.81640625 0.2171875 0.090625
0 0.68828125 0.8984375 0.05 0.0421875
0 0.81796875 0.8640625 0.1765625 0.071875