0 0.12421875 0.078125 0.040625 0.0171875
0 0.15625 0.06953125 0.0203125 0.009375
0 0.2046875 0.06015625 0.08125 0.0265625
0 0.2546875 0.046875 0.0203125 0.0109375
0 0.27734375 0.04140625 0.021875 0.0109375
0 0.31328125 0.034375 0.0484375 0.01875
0 0.34609375 0.02578125 0.015625 0.009375
0 0.3640625 0.02109375 0.0171875 0.009375
0 0.40546875 0.01171875 0.0640625 0.0203125
0 0.446875 0.003125 0.0125 0.00625
0 0.471875 0.0015625 0.034375 0.003125
0 0.31640625 0.06484375 0.175 0.0625
0 0.5421875 0.0328125 0.271875 0.065625
0 0.3296875 0.0890625 0.034375 0.0265625
0 0.46015625 0.0625 0.03125 0.028125
0 0.60703125 0.02734375 0.03125 0.0234375
0 0.00859375 0.21875 0.0125 0.009375
0 0.10078125 0.1953125 0.103125 0.040625
0 0.2734375 0.159375 0.140625 0.0515625
0 0.396875 0.1265625 0.0671875 0.0328125
0 0.4765625 0.1203125 0.0765625 0.0453125
0 0.56640625 0.0890625 0.08125 0.034375
0 0.7046875 0.0515625 0.1671875 0.06875
0 0.103125 0.22109375 0.0953125 0.0421875
0 0.24140625 0.1921875 0.11875 0.046875
0 0.34296875 0.17109375 0.053125 0.0328125
0 0.02109375 0.3140625 0.0421875 0.059375
0 0.13984375 0.27109375 0.0859375 0.0375
0 0.23671875 0.2546875 0.040625 0.0421875
0 0.428125 0.20390625 0.2578125 0.0796875
0 0.603125 0.16796875 0.0453125 0.0421875
0 0.7015625 0.1390625 0.121875 0.05
0 0.78984375 0.12109375 0.05 0.0296875
0 0.01015625 0.3796875 0.0203125 0.06875
0 0.096875 0.33828125 0.028125 0.0203125
0 0.21328125 0.31015625 0.1484375 0.05625
0 0.39921875 0.27109375 0.1515625 0.053125
0 0.5890625 0.2328125 0.171875 0.0796875
0 0.75 0.19296875 0.1171875 0.0625
0 0.84140625 0.15859375 0.040625 0.034375
0 0.096875 0.36796875 0.04375 0.025
0 0.15625 0.35390625 0.0453125 0.0265625
0 0.30234375 0.31875 0.184375 0.0640625
0 0.48828125 0.27734375 0.0734375 0.0375
0 0.6265625 0.24375 0.1125 0.0484375
0 0.7890625 0.21796875 0.159375 0.071875
0 0.17109375 0.3796875 0.1640625 0.05625
0 0.3578125 0.3390625 0.1 0.04375
0 0.4625 0.315625 0.0421875 0.028125
0 0.5265625 0.2984375 0.0859375 0.040625
0 0.6796875 0.26953125 0.171875 0.0734375
0 0.7984375 0.23671875 0.0421875 0.025
0 0.871875 0.215625 0.08125 0.040625
0 0.14375 0.4234375 0.096875 0.0453125
0 0.29921875 0.3796875 0.1390625 0.0515625
0 0.53359375 0.32734375 0.2390625 0.0828125
0 0.1625 0.4484375 0.0796875 0.0453125
0 0.26875 0.41953125 0.0890625 0.046875
0 0.38125 0.39296875 0.0484375 0.028125
0 0.44921875 0.37734375 0.065625 0.034375
0 0.67421875 0.321875 0.2609375 0.0921875
0 0.865625 0.27890625 0.1109375 0.0625
0 0.178125 0.47265625 0.0953125 0.04375
0 0.3578125 0.43046875 0.159375 0.0546875
0 0.61015625 0.37109375 0.271875 0.08125
0 0.834375 0.3171875 0.1671875 0.05625
0 0.15859375 0.50859375 0.0765625 0.0390625
0 0.35625 0.48515625 0.2734375 0.121875
0 0.57109375 0.41328125 0.1515625 0.053125
0 0.178125 0.53984375 0.0796875 0.040625
0 0.29453125 0.52109375 0.0921875 0.0546875
0 0.440625 0.471875 0.0828125 0.0390625
0 0.58359375 0.43828125 0.109375 0.04375
0 0.68203125 0.415625 0.05 0.0296875
0 0.78359375 0.39296875 0.109375 0.0453125
0 0.8921875 0.3671875 0.0890625 0.05
0 0.1890625 0.56328125 0.090625 0.046875
0 0.3671875 0.521875 0.1703125 0.0625
0 0.58671875 0.478125 0.2546875 0.1015625
0 0.83828125 0.41875 0.26875 0.0984375
0 0.19296875 0.59375 0.06875 0.0359375
0 0.35390625 0.56640625 0.1734375 0.075
0 0.5921875 0.51640625 0.225 0.096875
0 0.79140625 0.4578125 0.159375 0.0671875
0 0.21015625 0.69296875 0.1296875 0.065625
0 0.43515625 0.6375 0.2046875 0.071875
0 0.62734375 0.5953125 0.071875 0.0296875
0 0.74140625 0.56796875 0.0828125 0.034375
0 0.88125 0.53515625 0.1328125 0.0546875
0 0.20546875 0.72421875 0.1390625 0.0625
0 0.4140625 0.68125 0.2 0.08125
0 0.57734375 0.63671875 0.0640625 0.034375
0 0.69296875 0.6140625 0.09375 0.0546875
0 0.8625 0.5859375 0.1453125 0.084375
0 0.94921875 0.546875 0.021875 0.0296875
0 0.35625 0.76015625 0.4109375 0.128125
0 0.71328125 0.6765625 0.2671875 0.0875
0 0.925 0.62109375 0.15 0.0671875
0 0.4640625 0.7703125 0.1734375 0.06875
0 0.6390625 0.73046875 0.0828125 0.0453125
0 0.80625 0.69453125 0.1796875 0.08125