0 0.13515625 0.09453125 0.0703125 0.0296875
0 0.17890625 0.09140625 0.0109375 0.0234375
0 0.2109375 0.090625 0.0421875 0.028125
0 0.28359375 0.084375 0.09375 0.03125
0 0.3484375 0.08046875 0.0328125 0.025
0 0.49140625 0.1390625 0.096875 0.0390625
0 0.16328125 0.26484375 0.065625 0.0296875
0 0.20390625 0.26015625 0.009375 0.0171875
0 0.23203125 0.2578125 0.0390625 0.0234375
0 0.29609375 0.2578125 0.08125 0.0265625
0 0.36640625 0.25078125 0.0546875 0.0234375
0 0.18671875 0.33515625 0.084375 0.0359375
0 0.3015625 0.334375 0.0328125 0.0234375
0 0.4046875 0.32734375 0.0578125 0.034375
0 0.165625 0.40625 0.084375 0.03125
0 0.3296875 0.409375 0.125 0.0328125
0 0.5109375 0.409375 0.121875 0.0296875
0 0.721875 0.4 0.1578125 0.034375
0 0.22734375 0.4859375 0.0765625 0.0390625
0 0.36953125 0.48984375 0.1328125 0.034375
0 0.54296875 0.48359375 0.071875 0.0328125
0 0.63359375 0.48046875 0.0484375 0.0265625
0 0.775 0.48359375 0.1546875 0.0375
0 0.18828125 0.56015625 0.065625 0.028125
0 0.3453125 0.5578125 0.1109375 0.0375
0 0.528125 0.559375 0.140625 0.0359375
0 0.703125 0.55078125 0.1421875 0.040625
0 0.2125 0.65625 0.14375 0.0390625
0 0.38828125 0.65078125 0.0578125 0.03125
0 0.546875 0.6484375 0.096875 0.0609375
0 0.6890625 0.6484375 0.06875 0.03125
0 0.41796875 0.73125 0.1046875 0.03125
0 0.6546875 0.7171875 0.2234375 0.05
0 0.22890625 0.8046875 0.1859375 0.0453125
0 0.43828125 0.7953125 0.1109375 0.040625
0 0.6984375 0.784375 0.215625 0.046875
0 0.26015625 0.8796875 0.190625 0.0484375
0 0.48046875 0.85859375 0.0625 0.0328125
0 0.67578125 0.84375 0.209375 0.0421875
0 0.3015625 0.9140625 0.134375 0.046875
0 0.56015625 0.89375 0.190625 0.0453125
0 0.2546875 0.73046875 0.153125 0.05625