0 0.32890625 0.11171875 0.1015625 0.1078125
0 0.425 0.08984375 0.0078125 0.0453125
0 0.296875 0.1875 0.134375 0.071875
0 0.40859375 0.16171875 0.0734375 0.05625
0 0.484375 0.16953125 0.109375 0.1234375
0 0.2421875 0.24609375 0.06875 0.0515625
0 0.33515625 0.228125 0.0421875 0.0453125
0 0.41171875 0.246875 0.103125 0.11875
0 0.5203125 0.18359375 0.040625 0.03125
0 0.2328125 0.31484375 0.0875 0.0875
0 0.32421875 0.33125 0.0671875 0.14375
0 0.41328125 0.2859375 0.025 0.021875
0 0.5203125 0.25703125 0.1421875 0.1453125
0 0.6453125 0.1453125 0.0734375 0.0671875
0 0.2109375 0.38984375 0.0765625 0.05
0 0.3328125 0.40859375 0.0953125 0.1234375
0 0.45859375 0.32734375 0.0828125 0.053125
0 0.60546875 0.28125 0.140625 0.18125
0 0.1703125 0.48984375 0.0703125 0.06875
0 0.3078125 0.45625 0.1515625 0.1125
0 0.43125 0.39921875 0.0203125 0.046875
0 0.48671875 0.39609375 0.0421875 0.01875
0 0.63359375 0.36171875 0.1390625 0.13125
0 0.7203125 0.27734375 0.096875 0.0859375
0 0.1375 0.5796875 0.053125 0.0921875
0 0.21875 0.596875 0.0875 0.1296875
0 0.3328125 0.51015625 0.0578125 0.0484375
0 0.4609375 0.459375 0.09375 0.1515625
0 0.59140625 0.396875 0.059375 0.0640625
0 0.68203125 0.34609375 0.0265625 0.0453125
0 0.7875 0.275 0.040625 0.040625
0 0.121875 0.721875 0.0765625 0.1328125
0 0.23828125 0.63515625 0.0234375 0.021875
0 0.36796875 0.59609375 0.1421875 0.134375
0 0.5171875 0.5125 0.034375 0.0625
0 0.61875 0.4625 0.05625 0.0671875
0 0.7234375 0.36015625 0.0609375 0.071875
0 0.83046875 0.25 0.0171875 0.0359375
0 0.209375 0.7484375 0.184375 0.13125
0 0.465625 0.62890625 0.2140625 0.178125
0 0.49765625 0.6953125 0.0859375 0.0875
0 0.67265625 0.65625 0.18125 0.2484375
0 0.8140625 0.515625 0.0421875 0.0390625
0 0.85078125 0.50546875 0.03125 0.0359375
0 0.4421875 0.84375 0.1453125 0.1140625
0 0.58359375 0.7828125 0.021875 0.03125
0 0.71015625 0.68828125 0.1328125 0.146875
0 0.55546875 0.87109375 0.034375 0.0546875
0 0.6828125 0.825 0.040625 0.06875