0 0.1859375 0.0828125 0.19375 0.0546875
0 0.10390625 0.10546875 0.0578125 0.0296875
0 0.19296875 0.11328125 0.1 0.0484375
0 0.10078125 0.17109375 0.078125 0.0296875
0 0.25078125 0.18359375 0.18125 0.059375
0 0.43125 0.18359375 0.1515625 0.034375
0 0.6078125 0.19765625 0.15625 0.046875
0 0.78125 0.2046875 0.175 0.0515625
0 0.15 0.21484375 0.15625 0.05
0 0.33359375 0.2234375 0.1828125 0.0421875
0 0.44453125 0.21953125 0.053125 0.0375
0 0.55078125 0.2265625 0.1359375 0.0328125
0 0.73046875 0.2375 0.1875 0.04375
0 0.865625 0.2375 0.075 0.0359375
0 0.94140625 0.2421875 0.0578125 0.034375
0 0.121875 0.24609375 0.1140625 0.0375
0 0.3640625 0.2609375 0.15 0.05
0 0.46875 0.2625 0.04375 0.0484375
0 0.5359375 0.25859375 0.071875 0.034375
0 0.67421875 0.26484375 0.165625 0.040625
0 0.83984375 0.2796875 0.1265625 0.053125
0 0.103125 0.2765625 0.0765625 0.0296875
0 0.2125 0.2828125 0.10625 0.0328125
0 0.36171875 0.2890625 0.1421875 0.05
0 0.5078125 0.29609375 0.1125 0.03125
0 0.6203125 0.2953125 0.0765625 0.0390625
0 0.7484375 0.30703125 0.1453125 0.0453125
0 0.88125 0.31484375 0.1375 0.0421875
0 0.159375 0.32421875 0.1890625 0.0515625
0 0.3375 0.325 0.1765625 0.059375
0 0.4921875 0.334375 0.1328125 0.05625
0 0.58359375 0.33203125 0.034375 0.0328125
0 0.65859375 0.3421875 0.075 0.05
0 0.74609375 0.33671875 0.053125 0.0359375
0 0.821875 0.3421875 0.0625 0.0390625
0 0.89609375 0.35390625 0.0421875 0.01875
0 0.1328125 0.3515625 0.1265625 0.0359375
0 0.25234375 0.3625 0.1046875 0.0203125
0 0.353125 0.36171875 0.0984375 0.03125
0 0.42890625 0.3765625 0.06875 0.0328125
0 0.5296875 0.375 0.146875 0.0515625
0 0.64375 0.3734375 0.103125 0.0328125
0 0.7703125 0.3765625 0.134375 0.0359375
0 0.209375 0.39921875 0.303125 0.0515625
0 0.38359375 0.40546875 0.0359375 0.0140625
0 0.4625 0.403125 0.1078125 0.03125
0 0.58125 0.4140625 0.0890625 0.01875
0 0.7125 0.4125 0.146875 0.0328125
0 0.16640625 0.43046875 0.2296875 0.046875
0 0.325 0.42890625 0.06875 0.0375
0 0.4828125 0.4375 0.2015625 0.0359375
0 0.69375 0.4484375 0.1765625 0.0375
0 0.86796875 0.4640625 0.171875 0.0421875
0 0.09765625 0.46171875 0.084375 0.0296875
0 0.18984375 0.46328125 0.0640625 0.0359375
0 0.31640625 0.478125 0.171875 0.046875
0 0.45234375 0.4796875 0.0921875 0.021875
0 0.56328125 0.49375 0.1015625 0.03125
0 0.65625 0.48203125 0.0671875 0.0296875
0 0.7625 0.48515625 0.11875 0.0359375
0 0.8890625 0.50234375 0.096875 0.01875
0 0.11875 0.49609375 0.1359375 0.034375
0 0.2875 0.50859375 0.1828125 0.0453125
0 0.47421875 0.51796875 0.190625 0.05625
0 0.64609375 0.5265625 0.1375 0.0484375
0 0.75703125 0.528125 0.06875 0.0296875
0 0.83359375 0.53671875 0.08125 0.05
0 0.8953125 0.51484375 0.0421875 0.015625
0 0.9296875 0.53046875 0.0625 0.0390625
0 0.09453125 0.540625 0.1015625 0.028125
0 0.25234375 0.54453125 0.1796875 0.034375