0 0.91640625 0.10625 0.03125 0.01875
0 0.9015625 0.13515625 0.0390625 0.015625
0 0.94765625 0.13984375 0.040625 0.01875
0 0.16796875 0.10625 0.0125 0.0171875
0 0.2375 0.1125 0.0859375 0.021875
0 0.3390625 0.1203125 0.071875 0.0234375
0 0.403125 0.1265625 0.025 0.015625
0 0.4671875 0.13203125 0.078125 0.0203125
0 0.56484375 0.13515625 0.0546875 0.0265625
0 0.66328125 0.1421875 0.1 0.028125
0 0.76484375 0.14765625 0.0859375 0.034375
0 0.20546875 0.13671875 0.0234375 0.0171875
0 0.25078125 0.14609375 0.04375 0.025
0 0.3203125 0.1515625 0.0734375 0.028125
0 0.409375 0.1546875 0.0703125 0.01875
0 0.46875 0.159375 0.028125 0.015625
0 0.521875 0.1640625 0.053125 0.021875
0 0.5765625 0.16796875 0.0265625 0.0140625
0 0.63359375 0.1703125 0.046875 0.0171875
0 0.67890625 0.175 0.025 0.0171875
0 0.72421875 0.17734375 0.0375 0.0265625
0 0.76328125 0.1796875 0.0171875 0.015625
0 0.82109375 0.18671875 0.0765625 0.0234375
0 0.24375 0.1640625 0.0234375 0.015625
0 0.28359375 0.16953125 0.040625 0.0203125
0 0.34921875 0.175 0.071875 0.028125
0 0.41640625 0.18125 0.040625 0.021875
0 0.4890625 0.1875 0.0828125 0.0234375
0 0.56171875 0.190625 0.05 0.021875
0 0.6234375 0.19609375 0.065625 0.01875
0 0.690625 0.20234375 0.0421875 0.0296875
0 0.23828125 0.19140625 0.0203125 0.015625
0 0.27265625 0.196875 0.015625 0.0125
0 0.31875 0.2015625 0.05625 0.0171875
0 0.38671875 0.20703125 0.04375 0.01875
0 0.43671875 0.2109375 0.0171875 0.0109375
0 0.48125 0.21328125 0.0546875 0.0203125
0 0.5265625 0.21796875 0.025 0.0125
0 0.55390625 0.21875 0.0203125 0.01875
0 0.59296875 0.2203125 0.0203125 0.025
0 0.6265625 0.21953125 0.0234375 0.0140625
0 0.6671875 0.221875 0.0375 0.015625
0 0.7140625 0.225 0.0234375 0.0140625
0 0.75859375 0.225 0.0421875 0.01875
0 0.809375 0.228125 0.0375 0.015625
0 0.896875 0.23125 0.1171875 0.0234375
0 0.2390625 0.21953125 0.0203125 0.0171875
0 0.29296875 0.22578125 0.0609375 0.0171875
0 0.375 0.2359375 0.0671875 0.0265625
0 0.43828125 0.23828125 0.0296875 0.025
0 0.47578125 0.240625 0.01875 0.0109375
0 0.51875 0.24765625 0.05 0.025
0 0.59375 0.25078125 0.071875 0.028125
0 0.6625 0.25390625 0.040625 0.0125
0 0.7125 0.25625 0.0515625 0.025
0 0.184375 0.24140625 0.0234375 0.0140625
0 0.23046875 0.24921875 0.05 0.0203125
0 0.328125 0.25625 0.10625 0.025
0 0.43046875 0.2609375 0.075 0.0234375
0 0.4890625 0.26484375 0.0296875 0.0171875
0 0.5625 0.27109375 0.0984375 0.0234375
0 0.64453125 0.27421875 0.0546875 0.0234375
0 0.7296875 0.28046875 0.103125 0.0203125
0 0.79921875 0.28515625 0.00625 0.0109375
0 0.21015625 0.2796875 0.034375 0.0171875
0 0.2640625 0.2921875 0.0515625 0.0203125
0 0.32890625 0.296875 0.05625 0.0203125
0 0.4015625 0.30234375 0.0640625 0.0203125
0 0.521875 0.309375 0.1140625 0.0234375
0 0.62109375 0.3171875 0.0390625 0.01875
0 0.746875 0.32578125 0.134375 0.028125
0 0.51171875 0.3359375 0.028125 0.0140625
0 0.73125 0.35546875 0.025 0.015625
0 0.459375 0.35078125 0.0421875 0.015625
0 0.421875 0.3609375 0.0171875 0.0140625
0 0.4765625 0.36640625 0.00625 0.0109375
0 0.409375 0.390625 0.0765625 0.01875
0 0.5203125 0.39765625 0.0828125 0.01875
0 0.21171875 0.415625 0.021875 0.0171875
0 0.271875 0.42109375 0.059375 0.01875
0 0.34609375 0.4265625 0.0546875 0.0203125
0 0.42421875 0.4328125 0.0796875 0.0203125
0 0.5109375 0.4390625 0.0296875 0.01875
0 0.54140625 0.440625 0.0296875 0.01875
0 0.60234375 0.44375 0.0375 0.0171875
0 0.66796875 0.45078125 0.06875 0.021875
0 0.76484375 0.2515625 0.0359375 0.0234375
0 0.80625 0.24296875 0.0453125 0.015625
0 0.86796875 0.24453125 0.0546875 0.0203125
0 0.821875 0.25625 0.0234375 0.015625
0 0.86328125 0.259375 0.0328125 0.0125
0 0.9078125 0.2609375 0.05 0.0171875
0 0.85 0.27578125 0.053125 0.015625
0 0.91015625 0.28203125 0.05625 0.0234375
0 0.83984375 0.290625 0.0359375 0.01875
0 0.89375 0.29453125 0.05 0.0203125
0 0.84609375 0.30859375 0.0609375 0.0203125
0 0.91171875 0.31328125 0.053125 0.0234375
0 0.86953125 0.328125 0.0765625 0.021875
0 0.92578125 0.3296875 0.0265625 0.0140625
0 0.86953125 0.34375 0.0890625 0.0203125
0 0.93359375 0.34609375 0.0390625 0.01875
0 0.8140625 0.35234375 0.025 0.0171875
0 0.84453125 0.35625 0.0203125 0.0171875
0 0.87109375 0.36171875 0.0265625 0.0203125
0 0.9078125 0.3609375 0.0359375 0.0171875
0 0.8078125 0.37265625 0.0234375 0.0140625
0 0.84609375 0.37734375 0.046875 0.01875
0 0.890625 0.38046875 0.0296875 0.0125
0 0.92890625 0.3828125 0.0359375 0.015625
0 0.840625 0.3921875 0.1015625 0.0203125
0 0.9328125 0.39765625 0.059375 0.0203125
0 0.8 0.40546875 0.025 0.015625
0 0.83046875 0.40546875 0.0171875 0.0125
0 0.85703125 0.41171875 0.0203125 0.015625
0 0.89140625 0.41171875 0.034375 0.015625
0 0.796875 0.41953125 0.025 0.015625
0 0.83203125 0.428125 0.0390625 0.0234375
0 0.8875 0.43125 0.05 0.01875
0 0.934375 0.4328125 0.04375 0.021875
0 0.81484375 0.4453125 0.053125 0.0203125
0 0.865625 0.4453125 0.025 0.0125
0 0.890625 0.44765625 0.0125 0.0109375
0 0.82421875 0.46171875 0.06875 0.025
0 0.9203125 0.46640625 0.11875 0.0328125
0 0.459375 0.4796875 0.0484375 0.0203125
0 0.428125 0.49609375 0.0171875 0.0140625
0 0.27109375 0.5015625 0.0390625 0.01875
0 0.30625 0.50546875 0.01875 0.0140625
0 0.36796875 0.50625 0.096875 0.021875
0 0.40390625 0.5125 0.0125 0.0109375
0 0.44609375 0.51640625 0.0265625 0.009375
0 0.47734375 0.51875 0.03125 0.01875
0 0.51015625 0.5203125 0.0109375 0.0125
0 0.528125 0.5234375 0.0140625 0.0140625
0 0.60390625 0.52890625 0.125 0.025
0 0.36328125 0.5203125 0.065625 0.0171875
0 0.37890625 0.53203125 0.015625 0.0140625
0 0.42421875 0.53203125 0.0078125 0.0125
0 0.3828125 0.55703125 0.040625 0.0140625
0 0.45859375 0.559375 0.0515625 0.0140625
0 0.12109375 0.6140625 0.0171875 0.01875
0 0.221875 0.62421875 0.1484375 0.03125
0 0.33203125 0.62734375 0.0609375 0.0203125
0 0.43359375 0.62734375 0.1109375 0.034375
0 0.53125 0.6375 0.0828125 0.0296875
0 0.15546875 0.64140625 0.021875 0.0140625
0 0.22578125 0.65234375 0.1015625 0.025
0 0.31875 0.65234375 0.0578125 0.025
0 0.375 0.65546875 0.0234375 0.0203125
0 0.42578125 0.65546875 0.05625 0.015625
0 0.4875 0.65703125 0.05625 0.0203125
0 0.55390625 0.66328125 0.046875 0.025
0 0.61796875 0.66328125 0.0640625 0.0234375
0 0.684375 0.6703125 0.0375 0.0140625
0 0.75234375 0.67265625 0.0671875 0.0203125
0 0.3375 0.69375 0.0859375 0.05
0 0.1359375 0.74609375 0.025 0.01875
0 0.18984375 0.75546875 0.0546875 0.01875
0 0.26328125 0.75703125 0.059375 0.0203125
0 0.34765625 0.765625 0.0765625 0.0203125
0 0.41328125 0.76875 0.0328125 0.0125
0 0.47890625 0.7703125 0.071875 0.021875
0 0.6 0.7796875 0.121875 0.028125
0 0.696875 0.7796875 0.0453125 0.01875
0 0.75546875 0.7875 0.053125 0.01875
0 0.18203125 0.78046875 0.0328125 0.01875
0 0.23671875 0.78359375 0.0203125 0.0171875
0 0.2765625 0.7875 0.0328125 0.01875
0 0.33984375 0.78984375 0.0765625 0.0234375
0 0.43046875 0.79921875 0.075 0.025
0 0.490625 0.8 0.0171875 0.0125
0 0.5453125 0.80078125 0.0703125 0.025
0 0.20859375 0.80390625 0.0234375 0.0171875
0 0.2796875 0.815625 0.1015625 0.028125
0 0.3921875 0.81953125 0.0890625 0.028125
0 0.4640625 0.82265625 0.028125 0.021875
0 0.5046875 0.825 0.0203125 0.0171875
0 0.134375 0.83203125 0.0265625 0.015625
0 0.22890625 0.84140625 0.1390625 0.0328125
0 0.33984375 0.84453125 0.0609375 0.021875
0 0.41328125 0.85078125 0.0734375 0.0265625
0 0.46796875 0.85234375 0.0171875 0.009375
0 0.52109375 0.85703125 0.0515625 0.0234375
0 0.6140625 0.86484375 0.0890625 0.0328125
0 0.696875 0.8609375 0.0421875 0.0203125
0 0.7453125 0.86328125 0.03125 0.021875
0 0.79296875 0.865625 0.053125 0.0203125
0 0.184375 0.859375 0.0453125 0.0203125
0 0.28828125 0.86640625 0.103125 0.025
0 0.3859375 0.87109375 0.0484375 0.021875
0 0.43515625 0.87578125 0.0328125 0.009375
0 0.490625 0.87890625 0.0671875 0.0296875
0 0.571875 0.88671875 0.0625 0.0171875
0 0.19140625 0.8859375 0.021875 0.01875
0 0.246875 0.89453125 0.0578125 0.01875
0 0.30390625 0.896875 0.01875 0.01875
0 0.346875 0.90234375 0.0234375 0.0203125
0 0.4171875 0.89921875 0.075 0.0203125
0 0.4796875 0.9015625 0.0140625 0.0078125
0 0.53046875 0.90859375 0.0484375 0.01875
0 0.59140625 0.9109375 0.0390625 0.01875
0 0.64140625 0.91484375 0.0140625 0.0078125
0 0.67578125 0.9171875 0.059375 0.01875
0 0.59609375 0.9265625 0.03125 0.0125
0 0.5734375 0.9390625 0.01875 0.015625
0 0.60390625 0.94296875 0.03125 0.021875
0 0.65859375 0.94453125 0.0578125 0.01875
0 0.52109375 0.32265625 0.09375 0.01875
0 0.740625 0.3375 0.1078125 0.0234375