0 0.0921875 0.21484375 0.184375 0.0953125
0 0.26875 0.22421875 0.24375 0.0765625
0 0.21640625 0.29140625 0.134375 0.0671875
0 0.41171875 0.2546875 0.1703125 0.06875
0 0.6875 0.20234375 0.265625 0.090625
0 0.190625 0.3578125 0.1515625 0.0640625
0 0.3984375 0.32421875 0.196875 0.0859375
0 0.70625 0.2546875 0.2515625 0.0890625
0 0.22734375 0.41875 0.2265625 0.071875
0 0.4453125 0.37109375 0.1890625 0.08125
0 0.22734375 0.4765625 0.20625 0.075
0 0.415625 0.434375 0.153125 0.071875
0 0.70703125 0.37890625 0.2328125 0.0828125
0 0.24296875 0.5328125 0.153125 0.059375
0 0.4421875 0.49765625 0.1765625 0.065625
0 0.7171875 0.3140625 0.2796875 0.090625
0 0.84375 0.27890625 0.090625 0.0484375
0 0.70078125 0.4390625 0.240625 0.0875
0 0.25078125 0.5921875 0.128125 0.059375
0 0.4296875 0.56484375 0.1734375 0.0546875
0 0.703125 0.49921875 0.2015625 0.0796875
0 0.08828125 0.69453125 0.103125 0.053125
0 0.265625 0.6546875 0.146875 0.0609375
0 0.465625 0.62109375 0.1921875 0.0625
0 0.73515625 0.5578125 0.240625 0.0828125
0 0.07578125 0.76484375 0.075 0.06875
0 0.27578125 0.715625 0.190625 0.0703125
0 0.49453125 0.67578125 0.184375 0.0609375
0 0.7765625 0.61875 0.2625 0.1109375
0 0.0734375 0.82421875 0.04375 0.0328125