0 0.18125 0.33671875 0.1609375 0.0640625
0 0.51484375 0.3875 0.134375 0.0640625
0 0.70859375 0.4046875 0.1484375 0.059375
0 0.89765625 0.434375 0.2046875 0.075
0 0.14609375 0.37890625 0.0984375 0.046875
0 0.2359375 0.40859375 0.0984375 0.059375
0 0.3265625 0.40859375 0.090625 0.04375
0 0.1421875 0.43046875 0.1109375 0.0484375
0 0.240625 0.46328125 0.1015625 0.071875
0 0.34453125 0.46796875 0.09375 0.05
0 0.12578125 0.48203125 0.103125 0.0546875
0 0.2578125 0.5078125 0.165625 0.078125
0 0.3984375 0.52578125 0.159375 0.0609375
0 0.13984375 0.53359375 0.14375 0.0765625
0 0.27578125 0.56171875 0.1703125 0.084375
0 0.38125 0.57421875 0.0796875 0.05
0 0.47109375 0.58359375 0.115625 0.059375
0 0.14375 0.57734375 0.1515625 0.0625
0 0.16015625 0.63203125 0.2046875 0.1015625
0 0.14296875 0.65703125 0.1375 0.0609375