0 0.334375 0.0875 0.4734375 0.1328125
0 0.68984375 0.08515625 0.1109375 0.0859375
0 0.85546875 0.096875 0.1515625 0.06875
0 0.3546875 0.2203125 0.553125 0.14375
0 0.77578125 0.22421875 0.2359375 0.096875
0 0.2359375 0.33671875 0.328125 0.0984375
0 0.70859375 0.35 0.571875 0.1703125
0 0.11328125 0.43125 0.084375 0.0640625
0 0.434375 0.45625 0.5046875 0.1390625
0 0.759375 0.4609375 0.1203125 0.06875
0 0.91328125 0.4796875 0.13125 0.0875
0 0.16328125 0.56640625 0.1703125 0.1140625
0 0.36640625 0.5546875 0.1046875 0.071875
0 0.4984375 0.5609375 0.0796875 0.0671875
0 0.7390625 0.57109375 0.2578125 0.090625