0 0.0609375 0.16953125 0.059375 0.0796875
0 0.103125 0.15 0.015625 0.03125
0 0.15625 0.11015625 0.0734375 0.075
0 0.13515625 0.27890625 0.159375 0.09375
0 0.2484375 0.28828125 0.0609375 0.046875
0 0.31015625 0.28125 0.0296875 0.040625
0 0.3890625 0.275 0.0890625 0.084375
0 0.48203125 0.26875 0.0765625 0.0578125
0 0.625 0.3 0.14375 0.0890625
0 0.7578125 0.27109375 0.0515625 0.0640625
0 0.87734375 0.275 0.1421875 0.0703125
0 0.08359375 0.36484375 0.0609375 0.0515625
0 0.153125 0.34453125 0.040625 0.046875
0 0.22890625 0.3609375 0.0859375 0.0484375
0 0.346875 0.33828125 0.1078125 0.0625
0 0.4671875 0.353125 0.0859375 0.0421875
0 0.578125 0.34453125 0.09375 0.05
0 0.384375 0.44921875 0.053125 0.084375
0 0.45078125 0.45625 0.0546875 0.071875
0 0.50703125 0.4375 0.0640625 0.0453125
0 0.440625 0.60078125 0.134375 0.20625
0 0.52265625 0.5125 0.0265625 0.0328125
0 0.6140625 0.4703125 0.1328125 0.1109375
0 0.38125 0.6578125 0.0625 0.078125
0 0.4625 0.603125 0.04375 0.05625
0 0.52421875 0.58125 0.0515625 0.059375
0 0.63828125 0.51640625 0.13125 0.1
0 0.46640625 0.6984375 0.06875 0.08125
0 0.59375 0.6234375 0.1109375 0.0875
0 0.57578125 0.690625 0.028125 0.053125
0 0.6046875 0.67578125 0.0359375 0.0359375
0 0.63671875 0.665625 0.0265625 0.0375
0 0.6875 0.5609375 0.0921875 0.0875