0 0.1375 0.0203125 0.1015625 0.0375
0 0.2171875 0.053125 0.1921875 0.04375
0 0.49375 0.03984375 0.1921875 0.05
0 0.6671875 0.046875 0.1296875 0.05
0 0.1125 0.103125 0.0890625 0.025
0 0.28359375 0.10625 0.1984375 0.0546875
0 0.55859375 0.12578125 0.290625 0.0578125
0 0.1 0.1578125 0.0734375 0.0234375
0 0.54609375 0.1859375 0.071875 0.021875
0 0.6859375 0.18359375 0.1140625 0.0515625
0 0.1375 0.2171875 0.1125 0.028125
0 0.2625 0.225 0.121875 0.0203125
0 0.1609375 0.259375 0.1359375 0.0515625
0 0.32578125 0.2640625 0.109375 0.05
0 0.1015625 0.32265625 0.0546875 0.0265625
0 0.16640625 0.325 0.0671875 0.0265625
0 0.2296875 0.32578125 0.0453125 0.0234375
0 0.2859375 0.32890625 0.05625 0.021875
0 0.37890625 0.33515625 0.11875 0.0265625
0 0.18671875 0.3734375 0.20625 0.0578125
0 0.33515625 0.3765625 0.1109375 0.0484375
0 0.5109375 0.3796875 0.196875 0.05625
0 0.1234375 0.43671875 0.1296875 0.0484375
0 0.20859375 0.43515625 0.021875 0.03125
0 0.259375 0.43828125 0.0734375 0.034375
0 0.3765625 0.4484375 0.16875 0.0359375
0 0.51015625 0.4484375 0.096875 0.0328125
0 0.51796875 0.53671875 0.40625 0.115625
0 0.1703125 0.6265625 0.2046875 0.0578125
0 0.45234375 0.62578125 0.2296875 0.065625
0 0.7125 0.61015625 0.171875 0.0875
0 0.0859375 0.69921875 0.0671875 0.0328125
0 0.36953125 0.7125 0.3328125 0.103125
0 0.63828125 0.69296875 0.1296875 0.0484375
0 0.82421875 0.68828125 0.1375 0.0625
0 0.1296875 0.76875 0.1765625 0.0796875
0 0.31640625 0.75703125 0.096875 0.034375
0 0.58046875 0.75703125 0.3078125 0.0796875
0 0.2140625 0.80390625 0.3171875 0.065625
0 0.503125 0.8015625 0.2140625 0.0484375
0 0.740625 0.80625 0.090625 0.040625
0 0.16328125 0.85625 0.2328125 0.0625
0 0.4375 0.85625 0.184375 0.0671875
0 0.61875 0.8609375 0.128125 0.0453125
0 0.075 0.91796875 0.0625 0.0328125
0 0.328125 0.92265625 0.3953125 0.1046875
0 0.075 0.9734375 0.1265625 0.0171875
0 0.1734375 0.9765625 0.0703125 0.015625
0 0.2375 0.9796875 0.0546875 0.0140625
0 0.25078125 0.025 0.0453125 0.0203125