0 0.421875 0.8703125 0.340625 0.06875
0 0.2203125 0.8265625 0.2609375 0.0671875
0 0.296875 0.65703125 0.2375 0.065625
0 0.18203125 0.73203125 0.1921875 0.065625
0 0.640625 0.775 0.253125 0.0578125
0 0.50234375 0.49140625 0.2078125 0.0453125
0 0.42421875 0.765625 0.16875 0.05625
0 0.4640625 0.7078125 0.146875 0.046875
0 0.56484375 0.65625 0.1125 0.053125
0 0.63046875 0.59453125 0.140625 0.0375
0 0.1703125 0.59375 0.125 0.0515625
0 0.1453125 0.775 0.1140625 0.0484375
0 0.6859375 0.828125 0.1234375 0.04375
0 0.43828125 0.5890625 0.1125 0.04375
0 0.65078125 0.70625 0.103125 0.059375
0 0.309375 0.14453125 0.084375 0.0265625
0 0.33671875 0.71171875 0.090625 0.046875
0 0.62421875 0.46953125 0.090625 0.05
0 0.20078125 0.5 0.1125 0.0390625
0 0.26875 0.76875 0.1046875 0.0453125
0 0.31875 0.5953125 0.115625 0.0375
0 0.4578125 0.65234375 0.078125 0.0453125
0 0.44609375 0.44921875 0.096875 0.04375
0 0.5203125 0.146875 0.165625 0.01875
0 0.4046875 0.81328125 0.09375 0.0375
0 0.30859375 0.1765625 0.121875 0.0296875
0 0.13125 0.65625 0.0625 0.05
0 0.66015625 0.65078125 0.08125 0.046875
0 0.56640625 0.81640625 0.0625 0.046875
0 0.33828125 0.26484375 0.075 0.034375
0 0.41875 0.271875 0.0640625 0.0328125
0 0.48984375 0.81875 0.05625 0.03125
0 0.4625 0.53828125 0.096875 0.01875
0 0.6796875 0.196875 0.05625 0.03125
0 0.26796875 0.453125 0.078125 0.021875
0 0.528125 0.590625 0.0375 0.05
0 0.37265625 0.53515625 0.075 0.01875
0 0.1890625 0.45078125 0.0703125 0.0203125
0 0.628125 0.2 0.046875 0.0328125
0 0.20546875 0.2390625 0.0625 0.021875
0 0.2015625 0.171875 0.0546875 0.01875
0 0.53359375 0.2078125 0.05 0.0203125
0 0.39921875 0.1765625 0.028125 0.0390625
0 0.571875 0.709375 0.034375 0.028125
0 0.19296875 0.20546875 0.046875 0.01875
0 0.27265625 0.24140625 0.065625 0.0125
0 0.33515625 0.4984375 0.0296875 0.0234375
0 0.13671875 0.4515625 0.0296875 0.021875
0 0.3375 0.45234375 0.05 0.01875
0 0.53046875 0.453125 0.0640625 0.03125
0 0.2890625 0.503125 0.046875 0.040625
0 0.40859375 0.14609375 0.0390625 0.015625