0 0.68359375 0.01796875 0.1515625 0.0359375
0 0.69375 0.01875 0.025 0.021875
0 0.7203125 0.0140625 0.0328125 0.0234375
0 0.69453125 0.0421875 0.1609375 0.0734375
0 0.0921875 0.1375 0.0984375 0.084375
0 0.1796875 0.128125 0.0609375 0.0484375
0 0.26640625 0.1109375 0.1125 0.0578125
0 0.35625 0.09453125 0.0359375 0.0328125
0 0.446875 0.07578125 0.1265625 0.05625
0 0.5484375 0.0515625 0.071875 0.0484375
0 0.07421875 0.19453125 0.1046875 0.0640625
0 0.15546875 0.1859375 0.05625 0.0390625
0 0.24296875 0.16953125 0.0859375 0.059375
0 0.321875 0.1515625 0.09375 0.04375
0 0.4203125 0.12734375 0.0921875 0.053125
0 0.50078125 0.11171875 0.0390625 0.0375
0 0.6015625 0.09453125 0.1515625 0.05625
0 0.1 0.26796875 0.1140625 0.1
0 0.2390625 0.22421875 0.146875 0.075
0 0.3484375 0.19375 0.053125 0.040625
0 0.42109375 0.1796875 0.053125 0.0421875
0 0.5125 0.16171875 0.096875 0.0421875
0 0.6078125 0.14296875 0.0546875 0.0359375
0 0.7390625 0.1234375 0.1921875 0.0796875
0 0.06796875 0.3 0.0328125 0.0328125
0 0.1765625 0.28203125 0.1390625 0.0546875
0 0.27421875 0.27109375 0.059375 0.0453125
0 0.3734375 0.23984375 0.1203125 0.0546875
0 0.17734375 0.3359375 0.1390625 0.0921875
0 0.2828125 0.30625 0.05 0.040625
0 0.39140625 0.28359375 0.11875 0.05625
0 0.0671875 0.39609375 0.053125 0.0609375
0 0.1734375 0.375 0.1671875 0.06875
0 0.2890625 0.35625 0.0359375 0.028125
0 0.42421875 0.33984375 0.196875 0.1046875
0 0.61640625 0.28671875 0.1921875 0.071875
0 0.08515625 0.4484375 0.065625 0.06875
0 0.17734375 0.42421875 0.1328125 0.0640625
0 0.28203125 0.40703125 0.0359375 0.03125
0 0.4078125 0.37578125 0.1828125 0.06875
0 0.55703125 0.3625 0.0875 0.0609375
0 0.0953125 0.49140625 0.0625 0.053125
0 0.2140625 0.46484375 0.1484375 0.0625
0 0.321875 0.4453125 0.0375 0.034375
0 0.46171875 0.41171875 0.1921875 0.0703125
0 0.6328125 0.3796875 0.1203125 0.05
0 0.74609375 0.353125 0.0828125 0.05
0 0.875 0.3453125 0.1765625 0.121875
0 0.11328125 0.5375 0.053125 0.0609375
0 0.19921875 0.51796875 0.1171875 0.059375
0 0.30234375 0.50234375 0.0390625 0.03125
0 0.43515625 0.48125 0.209375 0.1046875
0 0.12109375 0.58671875 0.05 0.053125
0 0.21484375 0.5890625 0.1609375 0.0875
0 0.43984375 0.53671875 0.2625 0.1140625
0 0.653125 0.475 0.1484375 0.0625
0 0.13984375 0.63125 0.059375 0.0640625
0 0.2640625 0.60703125 0.2 0.0796875
0 0.42421875 0.5703125 0.0921875 0.053125
0 0.56953125 0.55234375 0.1734375 0.0875
0 0.72421875 0.54921875 0.1296875 0.115625
0 0.83671875 0.48515625 0.115625 0.0625
0 0.2203125 0.73203125 0.1515625 0.1078125
0 0.409375 0.6671875 0.1859375 0.078125
0 0.575 0.64296875 0.1140625 0.0484375
0 0.146875 0.7859375 0.040625 0.0578125
0 0.203125 0.7734375 0.0953125 0.0796875
0 0.3359375 0.7484375 0.11875 0.075
0 0.70859375 0.65546875 0.171875 0.078125
0 0.88125 0.62265625 0.1328125 0.0546875
0 0.15703125 0.8359375 0.05 0.0515625
0 0.2390625 0.8140625 0.1125 0.0484375
0 0.3625 0.78359375 0.0828125 0.0515625
0 0.48125 0.75234375 0.153125 0.0765625
0 0.16484375 0.87890625 0.059375 0.059375
0 0.2640625 0.86171875 0.1609375 0.090625
0 0.4390625 0.8203125 0.1734375 0.0765625
0 0.18125 0.92890625 0.0484375 0.05625
0 0.2671875 0.903125 0.1171875 0.0671875
0 0.43046875 0.8640625 0.1734375 0.075
0 0.54140625 0.846875 0.040625 0.034375