0 0.07109375 0.05859375 0.040625 0.0375
0 0.16953125 0.071875 0.1171875 0.0484375
0 0.2921875 0.08359375 0.084375 0.04375
0 0.403125 0.1015625 0.1125 0.0609375
0 0.54921875 0.11015625 0.1453125 0.0609375
0 0.84453125 0.14609375 0.1953125 0.0484375
0 0.36796875 0.1328125 0.471875 0.0953125
0 0.0609375 0.1703125 0.0328125 0.0359375
0 0.14140625 0.175 0.0921875 0.0421875
0 0.25390625 0.1921875 0.0796875 0.0546875
0 0.1796875 0.21328125 0.028125 0.028125
0 0.22421875 0.21875 0.0390625 0.028125
0 0.35 0.2328125 0.171875 0.0578125
0 0.4796875 0.2453125 0.059375 0.04375
0 0.54296875 0.2484375 0.0453125 0.0296875
0 0.7671875 0.2765625 0.2 0.0484375
0 0.93203125 0.30234375 0.0671875 0.0390625
0 0.16796875 0.2421875 0.0921875 0.0453125
0 0.21640625 0.259375 0.0125 0.01875
0 0.3734375 0.27265625 0.240625 0.0671875
0 0.05390625 0.3078125 0.0328125 0.028125
0 0.15703125 0.31484375 0.1234375 0.040625
0 0.328125 0.3359375 0.171875 0.046875
0 0.49296875 0.35625 0.078125 0.0390625
0 0.5390625 0.371875 0.00625 0.0046875
0 0.65234375 0.375 0.0671875 0.0359375
0 0.71875 0.38203125 0.046875 0.0296875
0 0.821875 0.39140625 0.134375 0.0453125
0 0.9453125 0.41171875 0.059375 0.0328125
0 0.996875 0.41640625 0.00625 0.0203125
0 0.16953125 0.34921875 0.0734375 0.0375
0 0.25078125 0.36171875 0.0625 0.0359375
0 0.35390625 0.36953125 0.115625 0.040625
0 0.465625 0.38515625 0.0734375 0.0390625
0 0.58828125 0.40078125 0.13125 0.04375
0 0.7234375 0.41953125 0.1625 0.053125
0 0.8328125 0.428125 0.0625 0.0359375
0 0.89765625 0.4375 0.0515625 0.0296875
0 0.97109375 0.4421875 0.0578125 0.034375
0 0.30625 0.4015625 0.228125 0.0640625
0 0.48828125 0.42265625 0.10625 0.040625
0 0.58671875 0.4359375 0.05625 0.0265625
0 0.36328125 0.44140625 0.51875 0.096875
0 0.6984375 0.48125 0.0921875 0.046875
0 0.8734375 0.49921875 0.253125 0.0765625
0 0.03984375 0.47265625 0.028125 0.028125
0 0.11484375 0.4765625 0.0640625 0.0359375
0 0.19375 0.490625 0.1078125 0.0453125
0 0.396875 0.5140625 0.0703125 0.0328125
0 0.6 0.53671875 0.315625 0.0640625
0 0.80859375 0.56640625 0.0640625 0.034375
0 0.91015625 0.575 0.125 0.0421875
0 0.98984375 0.5828125 0.009375 0.015625
0 0.11484375 0.51328125 0.06875 0.034375
0 0.16796875 0.51953125 0.028125 0.03125
0 0.27109375 0.53359375 0.1328125 0.0515625
0 0.3828125 0.54453125 0.06875 0.0359375
0 0.465625 0.55859375 0.078125 0.0484375
0 0.59765625 0.5703125 0.16875 0.0609375
0 0.73359375 0.58828125 0.0984375 0.0453125
0 0.8921875 0.60546875 0.196875 0.059375
0 0.26875 0.565625 0.4046875 0.0875
0 0.6078125 0.60390625 0.1 0.04375
0 0.83046875 0.634375 0.3125 0.078125
0 0.028125 0.60234375 0.04375 0.0296875
0 0.14453125 0.6140625 0.14375 0.0546875
0 0.29296875 0.6328125 0.1125 0.05625
0 0.42578125 0.64609375 0.1421875 0.0453125
0 0.64296875 0.6765625 0.053125 0.0296875
0 0.884375 0.71171875 0.071875 0.0375
0 0.95546875 0.71953125 0.04375 0.03125
0 0.1484375 0.65078125 0.0546875 0.0296875
0 0.290625 0.66484375 0.190625 0.05625
0 0.42421875 0.68046875 0.0421875 0.03125
0 0.49609375 0.68828125 0.06875 0.0390625
0 0.5609375 0.69453125 0.0375 0.0328125
0 0.1515625 0.67578125 0.1171875 0.053125
0 0.42265625 0.71484375 0.3625 0.08125
0 0.021875 0.7265625 0.04375 0.0375
0 0.146875 0.74296875 0.1890625 0.0515625
0 0.29921875 0.7625 0.078125 0.0421875
0 0.1546875 0.7828125 0.04375 0.0265625
0 0.2890625 0.796875 0.146875 0.046875
0 0.4296875 0.815625 0.0890625 0.0375
0 0.55625 0.83203125 0.128125 0.046875
0 0.66875 0.8453125 0.0609375 0.0421875
0 0.7875 0.8671875 0.0828125 0.053125
0 0.90859375 0.875 0.1 0.04375
0 0.15390625 0.80703125 0.10625 0.0484375
0 0.415625 0.85078125 0.3703125 0.0953125
0 0.01484375 0.85390625 0.0296875 0.0296875
0 0.09296875 0.871875 0.1109375 0.05625
0 0.24140625 0.884375 0.1375 0.046875
0 0.38984375 0.90859375 0.128125 0.04375
0 0.5 0.92109375 0.08125 0.0375
0 0.075 0.89609375 0.09375 0.0421875
0 0.37890625 0.94375 0.4625 0.1015625
0 0.75078125 0.6890625 0.1265625 0.0421875