0 0.06171875 0.08515625 0.04375 0.0203125
0 0.13203125 0.07890625 0.0296875 0.0203125
0 0.215625 0.06953125 0.1015625 0.0328125
0 0.31875 0.0578125 0.084375 0.028125
0 0.446875 0.04609375 0.1265625 0.0359375
0 0.6671875 0.025 0.2171875 0.04375
0 0.04765625 0.14765625 0.025 0.0203125
0 0.121875 0.13671875 0.025 0.01875
0 0.284375 0.12421875 0.221875 0.053125
0 0.47109375 0.10234375 0.078125 0.0328125
0 0.65234375 0.08984375 0.2375 0.053125
0 0.25390625 0.1546875 0.2125 0.04375
0 0.05546875 0.2484375 0.0296875 0.021875
0 0.15078125 0.25078125 0.0296875 0.021875
0 0.28984375 0.246875 0.1359375 0.0453125
0 0.42109375 0.23203125 0.0890625 0.034375
0 0.55390625 0.2203125 0.1046875 0.0359375
0 0.78984375 0.190625 0.253125 0.0578125
0 0.0921875 0.4 0.1125 0.0359375
0 0.2296875 0.378125 0.078125 0.03125
0 0.4046875 0.36484375 0.1671875 0.04375
0 0.53203125 0.35 0.0578125 0.03125
0 0.6578125 0.33984375 0.1359375 0.0390625
0 0.84140625 0.31953125 0.1359375 0.040625
0 0.0984375 0.42421875 0.1296875 0.0359375
0 0.27734375 0.40703125 0.11875 0.03125
0 0.44296875 0.4015625 0.140625 0.04375
0 0.646875 0.38125 0.178125 0.040625
0 0.80234375 0.359375 0.0625 0.0234375
0 0.89140625 0.35234375 0.059375 0.0296875
0 0.1796875 0.44921875 0.25 0.05625
0 0.40546875 0.43359375 0.1109375 0.0296875
0 0.57734375 0.41484375 0.1265625 0.034375
0 0.68359375 0.4109375 0.0390625 0.015625
0 0.8234375 0.39453125 0.2171875 0.0484375
0 0.08828125 0.4953125 0.0828125 0.0265625
0 0.221875 0.48203125 0.140625 0.0375
0 0.39921875 0.465625 0.1546875 0.040625
0 0.54765625 0.45234375 0.05625 0.025
0 0.65703125 0.4421875 0.090625 0.0359375
0 0.76328125 0.44140625 0.059375 0.0453125
0 0.82734375 0.4265625 0.0390625 0.0171875
0 0.90078125 0.4171875 0.10625 0.0296875
0 0.1484375 0.52265625 0.140625 0.040625
0 0.3546875 0.52265625 0.1203125 0.0734375
0 0.6015625 0.48828125 0.2140625 0.0578125
0 0.84453125 0.46171875 0.20625 0.0546875
0 0.09765625 0.56484375 0.0515625 0.0265625
0 0.17109375 0.55703125 0.0640625 0.0265625
0 0.39140625 0.54140625 0.2890625 0.0578125
0 0.61015625 0.5171875 0.1125 0.0328125
0 0.84453125 0.4953125 0.1671875 0.0453125