0 0.0125 0.340625 0.025 0.084375
0 0.52734375 0.1015625 0.0953125 0.125
0 0.17265625 0.2828125 0.1953125 0.11875
0 0.3296875 0.2421875 0.11875 0.0875
0 0.45234375 0.19296875 0.1015625 0.09375
0 0.62265625 0.19296875 0.2078125 0.16875
0 0.775 0.13671875 0.1296875 0.0953125
0 0.03046875 0.4453125 0.0609375 0.103125
0 0.17890625 0.41796875 0.121875 0.0765625
0 0.32265625 0.38671875 0.1234375 0.0984375
0 0.5015625 0.3296875 0.1953125 0.0953125
0 0.0390625 0.5609375 0.078125 0.09375
0 0.16953125 0.53046875 0.103125 0.1
0 0.26796875 0.5109375 0.0609375 0.078125
0 0.35390625 0.484375 0.128125 0.0890625
0 0.528125 0.4421875 0.1859375 0.1109375
0 0.06640625 0.6875 0.0859375 0.1140625
0 0.1734375 0.6734375 0.078125 0.08125
0 0.29375 0.63359375 0.134375 0.125
0 0.4625 0.58828125 0.253125 0.15625