0 0.94375 0.0765625 0.0875 0.0375
0 0.14296875 0.0109375 0.0578125 0.021875
0 0.1890625 0.00703125 0.03125 0.0140625
0 0.24453125 0.0109375 0.0765625 0.021875
0 0.528125 0.02578125 0.06875 0.0515625
0 0.12109375 0.0578125 0.028125 0.034375
0 0.1703125 0.0578125 0.053125 0.0359375
0 0.2515625 0.06015625 0.10625 0.0546875
0 0.31484375 0.065625 0.01875 0.0265625
0 0.3609375 0.06796875 0.0703125 0.0421875
0 0.4390625 0.0734375 0.078125 0.0421875
0 0.54609375 0.075 0.1171875 0.090625
0 0.10703125 0.12578125 0.0296875 0.0359375
0 0.153125 0.12890625 0.04375 0.0296875
0 0.19140625 0.12890625 0.0265625 0.0296875
0 0.221875 0.134375 0.0296875 0.0234375
0 0.26796875 0.1359375 0.05625 0.0328125
0 0.33359375 0.1390625 0.0703125 0.0390625
0 0.38203125 0.14296875 0.01875 0.0265625
0 0.45546875 0.1484375 0.1234375 0.053125
0 0.55078125 0.16328125 0.0515625 0.0328125
0 0.60234375 0.17421875 0.046875 0.0265625
0 0.66328125 0.18125 0.0703125 0.0375
0 0.7234375 0.17734375 0.046875 0.0609375
0 0.79453125 0.190625 0.0484375 0.0609375
0 0.85234375 0.1984375 0.0546875 0.08125
0 0.90859375 0.21640625 0.0609375 0.0671875
0 0.96015625 0.240625 0.021875 0.046875
0 0.9796875 0.25234375 0.0328125 0.0609375
0 0.9421875 0.2859375 0.05 0.05
0 0.09296875 0.19453125 0.0265625 0.034375
0 0.14140625 0.19765625 0.0484375 0.0375
0 0.18046875 0.19921875 0.03125 0.0296875
0 0.2328125 0.20390625 0.0671875 0.0390625
0 0.303125 0.21015625 0.06875 0.0375
0 0.353125 0.215625 0.0265625 0.028125
0 0.4125 0.22265625 0.0875 0.0390625
0 0.4671875 0.23359375 0.0140625 0.021875
0 0.4984375 0.234375 0.0390625 0.03125
0 0.5546875 0.2421875 0.0546875 0.034375
0 0.603125 0.25 0.0390625 0.0328125
0 0.66796875 0.2609375 0.084375 0.0421875
0 0.12578125 0.253125 0.03125 0.0375
0 0.1859375 0.25703125 0.06875 0.046875
0 0.2515625 0.27109375 0.034375 0.0296875
0 0.34375 0.27578125 0.05 0.0703125
0 0.428125 0.29296875 0.053125 0.03125
0 0.51796875 0.30546875 0.115625 0.1078125
0 0.62421875 0.3109375 0.075 0.0890625
0 0.7421875 0.33828125 0.09375 0.0640625
0 0.84296875 0.36328125 0.0328125 0.05
0 0.896875 0.371875 0.065625 0.065625
0 0.1140625 0.303125 0.03125 0.0453125
0 0.18671875 0.30390625 0.0875 0.0640625
0 0.26484375 0.3171875 0.05 0.05
0 0.3234375 0.31953125 0.040625 0.04375
0 0.384375 0.3296875 0.046875 0.046875
0 0.06796875 0.3265625 0.028125 0.034375
0 0.12265625 0.33203125 0.0546875 0.03125
0 0.17109375 0.33828125 0.040625 0.028125
0 0.28203125 0.35234375 0.1828125 0.0625
0 0.42578125 0.371875 0.103125 0.04375
0 0.51875 0.38828125 0.0765625 0.0390625
0 0.5796875 0.396875 0.0421875 0.034375
0 0.64140625 0.4078125 0.08125 0.0390625
0 0.09296875 0.39375 0.0203125 0.0328125
0 0.1515625 0.3875 0.071875 0.0640625
0 0.54921875 0.46484375 0.0328125 0.0390625
0 0.63828125 0.4625 0.09375 0.075
0 0.0421875 0.46015625 0.0296875 0.0375
0 0.090625 0.46796875 0.046875 0.0375
0 0.1234375 0.47109375 0.0171875 0.0265625
0 0.15625 0.47578125 0.04375 0.0328125
0 0.2453125 0.49140625 0.1265625 0.046875
0 0.3390625 0.5078125 0.059375 0.040625
0 0.39453125 0.51796875 0.0453125 0.0265625
0 0.45703125 0.528125 0.08125 0.046875
0 0.0890625 0.53515625 0.0703125 0.0921875
0 0.1515625 0.53515625 0.021875 0.0390625
0 0.240625 0.54609375 0.096875 0.0671875
0 0.34453125 0.5796875 0.0515625 0.059375
0 0.4078125 0.56640625 0.0375 0.05625
0 0.46640625 0.58359375 0.04375 0.0640625
0 0.559375 0.6046875 0.1234375 0.0953125
0 0.68515625 0.6203125 0.065625 0.06875
0 0.7828125 0.63671875 0.0859375 0.065625
0 0.86484375 0.646875 0.046875 0.0578125
0 0.8984375 0.640625 0.025 0.046875
0 0.86015625 0.68828125 0.0390625 0.0453125
0 0.0140625 0.59453125 0.0265625 0.034375
0 0.06953125 0.603125 0.0546875 0.034375
0 0.12109375 0.61328125 0.05 0.0375
0 0.16484375 0.62265625 0.0375 0.0328125
0 0.22265625 0.63671875 0.0765625 0.0453125
0 0.296875 0.646875 0.0796875 0.0390625
0 0.3890625 0.6640625 0.109375 0.05
0 0.47890625 0.675 0.06875 0.0390625
0 0.53984375 0.68671875 0.0515625 0.034375
0 0.58984375 0.6953125 0.046875 0.0296875
0 0.65625 0.703125 0.078125 0.0390625
0 0.0328125 0.66484375 0.0234375 0.034375
0 0.0796875 0.6703125 0.0828125 0.0765625
0 0.1515625 0.67734375 0.059375 0.06875
0 0.2578125 0.6921875 0.128125 0.084375
0 0.3765625 0.71328125 0.0765625 0.078125
0 0.50703125 0.75390625 0.0328125 0.0375
0 0.609375 0.75078125 0.125 0.1046875
0 0.75390625 0.7609375 0.109375 0.075
0 0.00390625 0.73125 0.0078125 0.0375
0 0.0265625 0.73828125 0.0203125 0.0265625
0 0.06171875 0.7453125 0.0453125 0.034375
0 0.11328125 0.7640625 0.0578125 0.0359375
0 0.19375 0.77578125 0.1 0.0421875
0 0.271875 0.790625 0.05625 0.0359375
0 0.3375 0.803125 0.0796875 0.040625
0 0.43046875 0.82109375 0.1078125 0.05
0 0.5203125 0.83046875 0.0703125 0.0421875
0 0.584375 0.83359375 0.046875 0.0484375
0 0.671875 0.83359375 0.090625 0.071875