0 0.59765625 0.0703125 0.15625 0.140625
0 0.8390625 0.075 0.209375 0.096875
0 0.978125 0.09765625 0.04375 0.0890625
0 0.22734375 0.04375 0.1171875 0.0875
0 0.41484375 0.0375 0.0765625 0.075
0 0.69453125 0.1140625 0.16875 0.134375
0 0.9078125 0.15390625 0.1359375 0.096875
0 0.99453125 0.19375 0.0109375 0.0625
0 0.1875 0.134375 0.128125 0.109375
0 0.4109375 0.12265625 0.2296875 0.1359375
0 0.16875 0.259375 0.221875 0.1671875
0 0.38828125 0.2671875 0.140625 0.121875
0 0.5890625 0.2390625 0.1640625 0.1
0 0.79453125 0.24140625 0.1125 0.0859375
0 0.93359375 0.2515625 0.1 0.103125
0 0.99453125 0.2890625 0.0109375 0.075
0 0.07734375 0.34765625 0.134375 0.10625
0 0.29609375 0.390625 0.1796875 0.159375
0 0.4765625 0.3546875 0.0296875 0.0859375
0 0.64453125 0.36796875 0.190625 0.103125
0 0.86640625 0.375 0.11875 0.1
0 0.98125 0.403125 0.0375 0.059375
0 0.09453125 0.48671875 0.1890625 0.1671875
0 0.36328125 0.478125 0.1515625 0.1015625
0 0.6140625 0.52265625 0.271875 0.2296875
0 0.88125 0.55234375 0.159375 0.15
0 0.0703125 0.5796875 0.1390625 0.109375
0 0.371875 0.6078125 0.31875 0.234375
0 0.6625 0.625 0.125 0.13125
0 0.86171875 0.64609375 0.109375 0.1046875
0 0.96484375 0.67109375 0.046875 0.096875
0 0.05234375 0.7546875 0.1046875 0.165625
0 0.34453125 0.74921875 0.3640625 0.1484375
0 0.696875 0.775 0.2140625 0.115625
0 0.90390625 0.80234375 0.1328125 0.1359375
0 0.05703125 0.8578125 0.1140625 0.146875
0 0.30625 0.88046875 0.1921875 0.1078125
0 0.5171875 0.89921875 0.146875 0.1453125
0 0.74296875 0.9296875 0.2453125 0.121875
0 0.92890625 0.9421875 0.05 0.1046875