0 0.128125 0.08515625 0.078125 0.1046875
0 0.2765625 0.12421875 0.178125 0.165625
0 0.484375 0.1046875 0.184375 0.1296875
0 0.16328125 0.215625 0.1515625 0.096875
0 0.35 0.23359375 0.1578125 0.11875
0 0.15 0.328125 0.153125 0.09375
0 0.28515625 0.33203125 0.0671875 0.090625
0 0.13203125 0.47890625 0.1734375 0.1484375
0 0.24765625 0.5171875 0.1046875 0.1203125
0 0.4390625 0.5296875 0.26875 0.1953125
0 0.6734375 0.54453125 0.228125 0.1421875
0 0.540625 0.26484375 0.2390625 0.1390625
0 0.41171875 0.3703125 0.115625 0.0828125
0 0.534375 0.40625 0.078125 0.14375