0 0.34296875 0.1953125 0.0234375 0.05625
0 0.4265625 0.21171875 0.10625 0.109375
0 0.5140625 0.221875 0.03125 0.034375
0 0.584375 0.2140625 0.0765625 0.06875
0 0.67265625 0.23046875 0.0734375 0.1125
0 0.74375 0.23046875 0.0546875 0.0390625
0 0.3546875 0.32734375 0.1375 0.1234375
0 0.47890625 0.3453125 0.084375 0.084375
0 0.5671875 0.32734375 0.0765625 0.059375
0 0.66328125 0.3421875 0.1125 0.1328125
0 0.74921875 0.33125 0.0390625 0.0625
0 0.38359375 0.44609375 0.1359375 0.0984375
0 0.5046875 0.46640625 0.0609375 0.0796875
0 0.5890625 0.428125 0.084375 0.0859375
0 0.32890625 0.55078125 0.09375 0.0734375
0 0.41953125 0.546875 0.0203125 0.05
0 0.50390625 0.5625 0.1046875 0.109375
0 0.590625 0.55390625 0.028125 0.028125
0 0.66015625 0.54765625 0.08125 0.1015625
0 0.36796875 0.66171875 0.1765625 0.1484375
0 0.52578125 0.64140625 0.0734375 0.0828125
0 0.64140625 0.646875 0.1078125 0.0953125
0 0.2828125 0.76875 0.0375 0.0625
0 0.371875 0.7765625 0.103125 0.065625
0 0.484375 0.75546875 0.0921875 0.084375
0 0.58359375 0.77421875 0.0765625 0.090625
0 0.68984375 0.75078125 0.084375 0.0578125
0 0.77421875 0.73671875 0.078125 0.065625
0 0.32734375 0.884375 0.15 0.078125
0 0.5046875 0.884375 0.1390625 0.1375
0 0.625 0.87421875 0.0765625 0.134375
0 0.69921875 0.86171875 0.0609375 0.046875