0 0.0109375 0.13125 0.021875 0.128125
0 0.0296875 0.096875 0.0328125 0.0671875
0 0.21484375 0.1078125 0.11875 0.1203125
0 0.29140625 0.12265625 0.065625 0.09375
0 0.38125 0.13046875 0.13125 0.1015625
0 0.5359375 0.0796875 0.20625 0.115625
0 0.72265625 0.08046875 0.16875 0.1453125
0 0.046875 0.24609375 0.0875 0.0609375
0 0.14140625 0.253125 0.125 0.1015625
0 0.23984375 0.24140625 0.075 0.0734375
0 0.37109375 0.221875 0.2828125 0.1375
0 0.55625 0.1765625 0.0859375 0.103125
0 0.678125 0.16484375 0.20625 0.11875
0 0.13359375 0.34921875 0.1796875 0.1015625
0 0.31875 0.32578125 0.1734375 0.11875
0 0.4875 0.3015625 0.1640625 0.109375
0 0.63125 0.271875 0.109375 0.053125
0 0.825 0.26953125 0.2859375 0.14375
0 0.16328125 0.44296875 0.2828125 0.125
0 0.32890625 0.4125 0.040625 0.0546875
0 0.4640625 0.41171875 0.2453125 0.103125
0 0.63984375 0.37421875 0.0953125 0.1234375
0 0.77109375 0.3671875 0.1734375 0.1140625
0 0.91171875 0.3359375 0.1296875 0.0765625
0 0.1515625 0.57265625 0.2703125 0.153125
0 0.34296875 0.52421875 0.140625 0.0953125
0 0.5171875 0.50859375 0.2734375 0.1
0 0.746875 0.48984375 0.203125 0.15
0 0.83828125 0.45390625 0.134375 0.08125
0 0.16015625 0.66953125 0.24375 0.1421875
0 0.33671875 0.63203125 0.1765625 0.1171875
0 0.4921875 0.59453125 0.146875 0.0859375
0 0.625 0.6078125 0.2484375 0.1609375
0 0.771875 0.57734375 0.078125 0.065625
0 0.865625 0.5625 0.15625 0.1046875
0 0.15234375 0.7671875 0.1859375 0.125
0 0.55078125 0.81640625 0.18125 0.125
0 0.921875 0.765625 0.13125 0.09375
0 0.15546875 0.95703125 0.075 0.0734375
0 0.2234375 0.93515625 0.146875 0.1296875
0 0.48359375 0.71328125 0.1125 0.078125
0 0.61328125 0.71796875 0.18125 0.096875
0 0.72265625 0.68125 0.0796875 0.09375
0 0.8265625 0.678125 0.18125 0.125
0 0.12421875 0.8625 0.0453125 0.0515625
0 0.22265625 0.8453125 0.1703125 0.11875
0 0.31875 0.74140625 0.2171875 0.128125
0 0.359375 0.84765625 0.1734375 0.1453125
0 0.74609375 0.7984375 0.23125 0.121875
0 0.390625 0.93828125 0.2 0.1234375
0 0.6078125 0.89296875 0.1578125 0.075
0 0.7828125 0.8921875 0.1953125 0.1078125
0 0.87265625 0.9140625 0.2125 0.1078125