0 0.29375 0.2984375 0.071875 0.028125
0 0.359375 0.30625 0.040625 0.025
0 0.45234375 0.321875 0.1328125 0.0375
0 0.58671875 0.3328125 0.1171875 0.0296875
0 0.2765625 0.3234375 0.0625 0.0203125
0 0.35625 0.3375 0.0375 0.025
0 0.44375 0.34375 0.1109375 0.0265625
0 0.7375 0.37734375 0.4734375 0.0875
0 0.1640625 0.33125 0.0984375 0.03125
0 0.2703125 0.34921875 0.084375 0.025
0 0.65390625 0.42265625 0.0515625 0.0265625
0 0.82578125 0.44140625 0.0484375 0.0265625
0 0.0953125 0.378125 0.04375 0.025
0 0.18125 0.39296875 0.1515625 0.0390625
0 0.32578125 0.4140625 0.0859375 0.028125
0 0.65625 0.45234375 0.1484375 0.040625
0 0.37890625 0.446875 0.0921875 0.0328125
0 0.48828125 0.4625 0.1078125 0.0421875
0 0.89140625 0.50625 0.1609375 0.040625
0 0.403125 0.47890625 0.15 0.04375
0 0.51171875 0.49609375 0.0484375 0.025
0 0.57734375 0.50234375 0.084375 0.0296875
0 0.6828125 0.51875 0.1125 0.0390625
0 0.8921875 0.53515625 0.1484375 0.0421875
0 0.053125 0.49765625 0.0328125 0.0234375
0 0.14140625 0.50859375 0.1484375 0.0390625
0 0.3046875 0.52578125 0.109375 0.0421875
0 0.4125 0.54765625 0.1140625 0.0421875
0 0.7125 0.578125 0.134375 0.0453125
0 0.3015625 0.55859375 0.115625 0.0359375
0 0.384375 0.5703125 0.03125 0.0140625
0 0.45078125 0.578125 0.078125 0.0296875
0 0.53984375 0.59296875 0.103125 0.0375
0 0.6984375 0.615625 0.1140625 0.046875
0 0.42734375 0.59296875 0.1984375 0.040625
0 0.3890625 0.60234375 0.0828125 0.0296875
0 0.55859375 0.628125 0.23125 0.0578125
0 0.8859375 0.66328125 0.1109375 0.0375
0 0.025 0.62734375 0.0390625 0.0296875
0 0.12578125 0.63828125 0.1578125 0.04375
0 0.26171875 0.68671875 0.1171875 0.0390625
0 0.38359375 0.70859375 0.1 0.0453125
0 0.6609375 0.73671875 0.1234375 0.046875
0 0.259375 0.725 0.1234375 0.040625
0 0.35078125 0.7375 0.04375 0.0171875
0 0.41796875 0.74453125 0.084375 0.0296875
0 0.52265625 0.76015625 0.1 0.046875
0 0.66640625 0.7796875 0.109375 0.0453125
0 0.33515625 0.76953125 0.078125 0.0359375
0 0.87890625 0.8296875 0.1484375 0.0390625
0 0.19921875 0.2828125 0.0890625 0.03125
0 0.1328125 0.27265625 0.046875 0.021875
0 0.13125 0.2484375 0.046875 0.025
0 0.18671875 0.30703125 0.0875 0.0296875
0 0.4546875 0.375 0.284375 0.0609375
0 0.68203125 0.396875 0.1703125 0.0421875
0 0.62734375 0.0640625 0.0671875 0.025
0 0.2546875 0.05703125 0.0390625 0.01875
0 0.2875 0.06484375 0.0203125 0.0109375
0 0.3078125 0.06953125 0.0140625 0.0109375
0 0.32734375 0.07265625 0.0171875 0.0109375
0 0.35703125 0.078125 0.01875 0.0109375
0 0.2515625 0.0890625 0.0375 0.01875
0 0.28203125 0.0953125 0.0203125 0.0125
0 0.303125 0.09921875 0.015625 0.0125
0 0.32109375 0.103125 0.01875 0.0109375
0 0.35 0.1078125 0.021875 0.009375
0 0.65390625 0.340625 0.01875 0.0109375
0 0.71484375 0.34765625 0.096875 0.034375
0 0.7796875 0.3515625 0.021875 0.0109375
0 0.8734375 0.3640625 0.159375 0.0421875