0 0.7984375 0.03828125 0.1171875 0.0484375
0 0.103125 0.22109375 0.1296875 0.0546875
0 0.25546875 0.1890625 0.1125 0.0453125
0 0.05859375 0.25 0.0109375 0.0078125
0 0.0984375 0.24609375 0.0234375 0.015625
0 0.18828125 0.23046875 0.096875 0.04375
0 0.33203125 0.2 0.1421875 0.0546875
0 0.46171875 0.1640625 0.05625 0.0296875
0 0.5390625 0.146875 0.0515625 0.0265625
0 0.6015625 0.13203125 0.0375 0.028125
0 0.70859375 0.10859375 0.11875 0.0453125
0 0.809375 0.0875 0.0265625 0.021875
0 0.12578125 0.26015625 0.0703125 0.03125
0 0.21875 0.2484375 0.03125 0.0265625
0 0.2875 0.225 0.0328125 0.025
0 0.3796875 0.20546875 0.0890625 0.034375
0 0.49765625 0.18203125 0.075 0.0375
0 0.06484375 0.29140625 0.0125 0.009375
0 0.14296875 0.28125 0.10625 0.0484375
0 0.2484375 0.25546875 0.028125 0.0234375
0 0.34296875 0.23203125 0.1 0.04375
0 0.4453125 0.21015625 0.04375 0.025
0 0.52890625 0.1921875 0.0703125 0.028125
0 0.6109375 0.17734375 0.0375 0.025
0 0.70078125 0.15546875 0.090625 0.0421875
0 0.83671875 0.1296875 0.1234375 0.0546875
0 0.1171875 0.30625 0.034375 0.021875
0 0.196875 0.28671875 0.046875 0.028125
0 0.33125 0.26171875 0.121875 0.0484375
0 0.4234375 0.23515625 0.0265625 0.025
0 0.48515625 0.225 0.0625 0.0359375
0 0.56171875 0.2109375 0.0328125 0.025
0 0.62578125 0.18671875 0.0453125 0.025
0 0.71015625 0.17265625 0.053125 0.028125
0 0.78671875 0.1578125 0.0734375 0.040625
0 0.1453125 0.31640625 0.0796875 0.0328125
0 0.24765625 0.29609375 0.0640625 0.03125
0 0.3734375 0.27109375 0.121875 0.0484375
0 0.5140625 0.23515625 0.090625 0.0390625
0 0.61953125 0.21328125 0.0609375 0.03125
0 0.715625 0.18984375 0.046875 0.0296875
0 0.06484375 0.35625 0.0125 0.009375
0 0.13515625 0.340625 0.0703125 0.0328125
0 0.23984375 0.321875 0.090625 0.0421875
0 0.35703125 0.28984375 0.0765625 0.0375
0 0.43359375 0.27734375 0.028125 0.01875
0 0.5203125 0.25859375 0.053125 0.0328125
0 0.5640625 0.2453125 0.0140625 0.0078125
0 0.63515625 0.23046875 0.115625 0.046875
0 0.7578125 0.2046875 0.1015625 0.0484375
0 0.84609375 0.1890625 0.05625 0.028125
0 0.13671875 0.36171875 0.0609375 0.03125
0 0.20703125 0.346875 0.0328125 0.0234375
0 0.28984375 0.33046875 0.0453125 0.0203125
0 0.39375 0.30390625 0.10625 0.040625
0 0.53203125 0.2796875 0.1078125 0.0421875
0 0.63515625 0.25078125 0.06875 0.0328125
0 0.7359375 0.2296875 0.0890625 0.0375
0 0.8234375 0.21015625 0.03125 0.0265625
0 0.878125 0.203125 0.0515625 0.0296875
0 0.16640625 0.38046875 0.115625 0.05
0 0.271875 0.35859375 0.0390625 0.028125
0 0.35703125 0.3359375 0.05 0.028125
0 0.44375 0.3140625 0.071875 0.0359375
0 0.5625 0.29296875 0.1015625 0.0484375
0 0.69140625 0.2609375 0.1140625 0.0421875
0 0.8171875 0.2359375 0.078125 0.0390625
0 0.9 0.22109375 0.040625 0.0234375
0 0.1640625 0.40234375 0.1015625 0.04375
0 0.2640625 0.375 0.0515625 0.03125
0 0.359375 0.36015625 0.109375 0.0515625
0 0.45546875 0.34140625 0.0375 0.028125
0 0.53046875 0.3171875 0.046875 0.028125
0 0.62578125 0.296875 0.0625 0.03125
0 0.73515625 0.27421875 0.090625 0.040625
0 0.85859375 0.2546875 0.1125 0.05
0 0.06875 0.46171875 0.0125 0.0078125
0 0.13046875 0.45 0.05 0.0296875
0 0.215625 0.43359375 0.0671875 0.0453125
0 0.296875 0.41953125 0.0359375 0.028125
0 0.384375 0.3953125 0.0953125 0.046875
0 0.50234375 0.36640625 0.1171875 0.0484375
0 0.60625 0.35 0.0265625 0.021875
0 0.66328125 0.33671875 0.034375 0.021875
0 0.77109375 0.30859375 0.10625 0.040625
0 0.86171875 0.29375 0.0265625 0.03125
0 0.171875 0.465625 0.0953125 0.0453125
0 0.2984375 0.43984375 0.0671875 0.0359375
0 0.37265625 0.41640625 0.0578125 0.034375
0 0.4625 0.40390625 0.0828125 0.05
0 0.5953125 0.3734375 0.103125 0.0484375
0 0.68203125 0.35234375 0.025 0.0171875
0 0.79453125 0.33359375 0.1375 0.053125
0 0.8875 0.31015625 0.0234375 0.0234375
0 0.165625 0.4875 0.084375 0.0375
0 0.265625 0.4640625 0.0890625 0.0390625
0 0.3828125 0.4421875 0.1265625 0.059375
0 0.4921875 0.42265625 0.0359375 0.028125
0 0.56953125 0.39921875 0.0453125 0.028125
0 0.65859375 0.3796875 0.0703125 0.0328125
0 0.1109375 0.5421875 0.128125 0.0484375
0 0.0875 0.575 0.0203125 0.015625
0 0.15 0.56171875 0.05625 0.0328125
0 0.215625 0.54921875 0.0234375 0.01875
0 0.2734375 0.5328125 0.0421875 0.028125
0 0.37109375 0.51328125 0.0921875 0.040625
0 0.49921875 0.48515625 0.1203125 0.0484375
0 0.646875 0.4546875 0.1234375 0.053125
0 0.71796875 0.43515625 0.028125 0.028125
0 0.09453125 0.59765625 0.03125 0.021875
0 0.15390625 0.584375 0.053125 0.0296875
0 0.21875 0.56796875 0.034375 0.0265625
0 0.31015625 0.5484375 0.0984375 0.0421875
0 0.453125 0.5203125 0.103125 0.04375
0 0.5484375 0.5046875 0.0421875 0.03125
0 0.62265625 0.484375 0.05 0.03125
0 0.7046875 0.4640625 0.0671875 0.0328125
0 0.8375 0.446875 0.125 0.05625
0 0.92265625 0.42109375 0.0453125 0.0328125
0 0.19921875 0.6015625 0.1140625 0.059375
0 0.09609375 0.64296875 0.0328125 0.021875
0 0.159375 0.62578125 0.0453125 0.0296875
0 0.234375 0.609375 0.0578125 0.0328125
0 0.303125 0.596875 0.04375 0.028125
0 0.415625 0.57421875 0.1078125 0.0453125
0 0.55 0.54765625 0.0875 0.04375
0 0.67265625 0.51953125 0.0921875 0.04375
0 0.7671875 0.5046875 0.0265625 0.0171875
0 0.86484375 0.48671875 0.109375 0.0546875
0 0.1640625 0.65234375 0.0484375 0.0296875
0 0.25703125 0.63046875 0.0921875 0.0421875
0 0.4078125 0.60390625 0.13125 0.0578125
0 0.47734375 0.590625 0.0265625 0.0328125
0 0.10078125 0.6859375 0.03125 0.03125
0 0.17421875 0.67265625 0.0453125 0.0328125
0 0.24609375 0.65390625 0.0390625 0.025
0 0.32265625 0.640625 0.0546875 0.03125
0 0.4375 0.61875 0.1015625 0.04375
0 0.5828125 0.590625 0.1234375 0.046875
0 0.71796875 0.56171875 0.109375 0.046875
0 0.80859375 0.54375 0.034375 0.0265625
0 0.90703125 0.5265625 0.1 0.0484375
0 0.16953125 0.70546875 0.025 0.0171875
0 0.28203125 0.6796875 0.1078125 0.053125
0 0.415625 0.646875 0.0890625 0.040625
0 0.46953125 0.6375 0.0296875 0.0328125
0 0.0765625 0.771875 0.05 0.028125
0 0.21953125 0.74375 0.1625 0.0640625
0 0.38984375 0.70703125 0.11875 0.05625
0 0.0765625 0.79609375 0.009375 0.009375
0 0.14921875 0.7796875 0.084375 0.040625
0 0.2546875 0.75859375 0.1046875 0.04375
0 0.3640625 0.74296875 0.078125 0.0484375
0 0.41484375 0.72578125 0.0140625 0.0140625
0 0.515625 0.7046875 0.1375 0.0546875
0 0.63359375 0.68359375 0.0296875 0.0203125
0 0.71796875 0.665625 0.053125 0.034375
0 0.84765625 0.64375 0.1390625 0.05625
0 0.96328125 0.628125 0.0421875 0.0375
0 0.165625 0.8078125 0.0640625 0.028125
0 0.28359375 0.7765625 0.09375 0.046875
0 0.346875 0.7703125 0.021875 0.01875
0 0.4421875 0.75546875 0.0875 0.05
0 0.56171875 0.72421875 0.0859375 0.0421875
0 0.71328125 0.696875 0.1328125 0.0609375
0 0.0765625 0.84921875 0.0125 0.009375
0 0.18515625 0.8265625 0.1203125 0.05
0 0.3 0.8046875 0.0578125 0.0328125
0 0.421875 0.78046875 0.0984375 0.04375
0 0.521875 0.759375 0.053125 0.03125
0 0.64140625 0.73984375 0.1078125 0.05625
0 0.75546875 0.7234375 0.04375 0.0359375
0 0.83125 0.6953125 0.0625 0.0390625
0 0.91953125 0.6796875 0.08125 0.04375
0 0.9921875 0.6578125 0.015625 0.034375
0 0.165625 0.85625 0.065625 0.0328125
0 0.2484375 0.84609375 0.034375 0.028125
0 0.37265625 0.815625 0.1171875 0.05
0 0.509375 0.79296875 0.0578125 0.028125
0 0.64140625 0.76171875 0.10625 0.0453125
0 0.0828125 0.903125 0.0078125 0.009375
0 0.16171875 0.890625 0.0578125 0.040625
0 0.3015625 0.85859375 0.1234375 0.0515625
0 0.43515625 0.83125 0.0578125 0.034375
0 0.534375 0.82109375 0.0609375 0.0359375
0 0.63203125 0.7953125 0.0375 0.0296875
0 0.734375 0.77265625 0.0890625 0.0453125
0 0.83671875 0.75 0.059375 0.0328125
0 0.94453125 0.73125 0.075 0.0375
0 0.19609375 0.91328125 0.1109375 0.053125
0 0.30546875 0.8859375 0.0453125 0.034375
0 0.428125 0.8671875 0.1109375 0.05625
0 0.49375 0.85546875 0.009375 0.0109375
0 0.5609375 0.8359375 0.0609375 0.0375
0 0.65078125 0.81953125 0.059375 0.0390625
0 0.7640625 0.79765625 0.0703125 0.034375
0 0.8359375 0.7765625 0.034375 0.03125
0 0.94453125 0.75703125 0.1109375 0.0671875