0 0.0734375 0.678125 0.04375 0.0375
0 0.15078125 0.6859375 0.071875 0.046875
0 0.2359375 0.6796875 0.0484375 0.021875
0 0.32109375 0.69140625 0.0765625 0.0625
0 0.0703125 0.75859375 0.040625 0.0265625
0 0.11484375 0.76328125 0.0125 0.015625
0 0.18046875 0.76875 0.0625 0.05
0 0.2921875 0.7796875 0.1 0.06875
0 0.415625 0.7734375 0.096875 0.05625
0 0.51953125 0.771875 0.059375 0.040625
0 0.58671875 0.76328125 0.034375 0.025
0 0.6453125 0.76171875 0.009375 0.025
0 0.70078125 0.77421875 0.05625 0.053125
0 0.76953125 0.76171875 0.0390625 0.025
0 0.86796875 0.778125 0.103125 0.059375
0 0.959375 0.7703125 0.040625 0.021875
0 0.05078125 0.853125 0.028125 0.053125
0 0.1 0.8421875 0.034375 0.028125
0 0.16328125 0.84453125 0.05 0.025
0 0.2390625 0.85390625 0.06875 0.053125
0 0.3203125 0.85 0.05625 0.0203125
0 0.39921875 0.8453125 0.0375 0.025
0 0.46171875 0.8578125 0.0421875 0.053125
0 0.52578125 0.85859375 0.040625 0.0375
0 0.58515625 0.846875 0.0359375 0.0109375
0 0.678125 0.85390625 0.1078125 0.0421875
0 0.765625 0.84921875 0.0375 0.021875
0 0.84140625 0.85078125 0.0515625 0.0234375
0 0.903125 0.86484375 0.04375 0.053125
0 0.08046875 0.9453125 0.08125 0.025