0 0.01640625 0.11328125 0.0328125 0.0671875
0 0.2015625 0.11796875 0.1234375 0.1234375
0 0.278125 0.13046875 0.0671875 0.0953125
0 0.36875 0.13515625 0.134375 0.10625
0 0.52109375 0.07890625 0.2078125 0.121875
0 0.70703125 0.07421875 0.1734375 0.1484375
0 0.04140625 0.26171875 0.0828125 0.0640625
0 0.1328125 0.265625 0.1265625 0.1046875
0 0.23125 0.25078125 0.0765625 0.0765625
0 0.36171875 0.2265625 0.284375 0.1453125
0 0.5453125 0.175 0.0875 0.10625
0 0.66640625 0.15859375 0.209375 0.125
0 0.128125 0.36171875 0.18125 0.10625
0 0.3125 0.33203125 0.175 0.1234375
0 0.48046875 0.30234375 0.165625 0.1140625
0 0.62265625 0.26796875 0.1109375 0.05625
0 0.8171875 0.25859375 0.2875 0.153125
0 0.16171875 0.4546875 0.2859375 0.134375
0 0.32578125 0.41875 0.0421875 0.05625
0 0.4609375 0.4125 0.246875 0.1109375
0 0.63515625 0.36953125 0.0984375 0.1265625
0 0.76640625 0.3578125 0.1765625 0.1203125
0 0.90625 0.321875 0.13125 0.08125
0 0.1546875 0.58515625 0.2734375 0.1609375
0 0.34375 0.5296875 0.1421875 0.1
0 0.5171875 0.50859375 0.2734375 0.109375
0 0.74609375 0.48125 0.20625 0.1546875
0 0.83671875 0.4421875 0.1359375 0.0859375
0 0.16640625 0.68125 0.246875 0.15
0 0.34140625 0.6375 0.1796875 0.1234375
0 0.4953125 0.59453125 0.1484375 0.0890625
0 0.62890625 0.603125 0.253125 0.16875
0 0.77421875 0.56796875 0.0796875 0.06875
0 0.86796875 0.54921875 0.159375 0.109375
0 0.1625 0.77890625 0.1890625 0.13125
0 0.56171875 0.81484375 0.184375 0.1296875
0 0.93125 0.75078125 0.1328125 0.0984375
0 0.17109375 0.96484375 0.0765625 0.0703125
0 0.2390625 0.93828125 0.15 0.1234375
0 0.49140625 0.71328125 0.1140625 0.0828125
0 0.62109375 0.7140625 0.1828125 0.103125
0 0.72890625 0.6734375 0.0828125 0.0953125
0 0.8328125 0.66640625 0.184375 0.1296875
0 0.13671875 0.87578125 0.046875 0.053125
0 0.23515625 0.8546875 0.1734375 0.1234375
0 0.32734375 0.74765625 0.21875 0.134375
0 0.371875 0.85234375 0.1765625 0.15
0 0.75625 0.78984375 0.234375 0.1296875
0 0.40625 0.93828125 0.203125 0.1234375
0 0.621875 0.8890625 0.159375 0.0796875
0 0.79609375 0.88203125 0.1984375 0.1140625
0 0.88671875 0.90078125 0.215625 0.1140625