0 0.10078125 0.021875 0.09375 0.0421875
0 0.175 0.02109375 0.0234375 0.0359375
0 0.221875 0.01953125 0.0390625 0.0375
0 0.29453125 0.0203125 0.0734375 0.040625
0 0.378125 0.03203125 0.0578125 0.0578125
0 0.4328125 0.028125 0.0234375 0.03125
0 0.47734375 0.02265625 0.040625 0.040625
0 0.540625 0.0359375 0.0671875 0.0609375
0 0.64375 0.03671875 0.109375 0.0546875
0 0.72265625 0.0390625 0.05 0.0578125
0 0.79140625 0.0390625 0.0453125 0.0421875
0 0.86171875 0.0359375 0.0578125 0.0390625
0 0.0984375 0.0984375 0.0953125 0.0640625
0 0.1875 0.08984375 0.059375 0.040625
0 0.246875 0.0859375 0.0359375 0.0375
0 0.28984375 0.08984375 0.0421875 0.0421875
0 0.340625 0.09765625 0.034375 0.0296875
0 0.40703125 0.0953125 0.0703125 0.040625
0 0.46171875 0.1046875 0.03125 0.0625
0 0.51015625 0.0921875 0.040625 0.04375
0 0.55546875 0.10859375 0.046875 0.0578125
0 0.6046875 0.1 0.034375 0.040625
0 0.66171875 0.09921875 0.05625 0.0421875
0 0.72109375 0.10546875 0.0234375 0.040625
0 0.78828125 0.10859375 0.0671875 0.03125
0 0.8515625 0.10859375 0.0296875 0.03125
0 0.89296875 0.11015625 0.01875 0.025
0 0.08046875 0.1546875 0.0765625 0.065625
0 0.146875 0.15234375 0.021875 0.0265625
0 0.1765625 0.15078125 0.015625 0.025
0 0.22734375 0.14609375 0.0484375 0.0453125
0 0.28203125 0.15 0.0390625 0.0421875
0 0.35859375 0.1515625 0.0796875 0.040625
0 0.45078125 0.165625 0.0859375 0.059375
0 0.5171875 0.16171875 0.0234375 0.0234375
0 0.57109375 0.17109375 0.0859375 0.0640625
0 0.65234375 0.17890625 0.046875 0.0484375
0 0.72265625 0.16171875 0.0625 0.0421875
0 0.803125 0.1671875 0.078125 0.0375
0 0.89765625 0.165625 0.0734375 0.0421875
0 0.0640625 0.21953125 0.040625 0.03125
0 0.12890625 0.21328125 0.0453125 0.0453125
0 0.20078125 0.22734375 0.0609375 0.0625
0 0.2578125 0.22265625 0.0375 0.046875
0 0.31953125 0.228125 0.0375 0.0265625
0 0.36875 0.23203125 0.0171875 0.025
0 0.446875 0.240625 0.10625 0.0734375
0 0.546875 0.2484375 0.065625 0.0703125
0 0.61796875 0.23359375 0.046875 0.0421875
0 0.6671875 0.240625 0.0171875 0.028125
0 0.72265625 0.25390625 0.0671875 0.0484375
0 0.796875 0.2578125 0.046875 0.0578125
0 0.8671875 0.2421875 0.053125 0.0390625
0 0.91796875 0.2484375 0.0203125 0.021875
0 0.08203125 0.290625 0.09375 0.05
0 0.15546875 0.29140625 0.040625 0.0421875
0 0.22890625 0.303125 0.0859375 0.0703125
0 0.325 0.31015625 0.075 0.075
0 0.4078125 0.3 0.065625 0.0421875
0 0.46953125 0.30703125 0.025 0.0375
0 0.51640625 0.3078125 0.0296875 0.0328125
0 0.17421875 0.36015625 0.0328125 0.0484375
0 0.2578125 0.3734375 0.071875 0.0421875
0 0.353125 0.39296875 0.065625 0.0625
0 0.390625 0.3875 0.028125 0.040625
0 0.425 0.37734375 0.0390625 0.0484375
0 0.50390625 0.38671875 0.0921875 0.065625
0 0.609375 0.38984375 0.0859375 0.03125
0 0.70234375 0.40390625 0.1 0.0515625
0 0.79296875 0.38984375 0.0546875 0.046875
0 0.8546875 0.3953125 0.0359375 0.0375
0 0.91875 0.39765625 0.0578125 0.03125
0 0.9640625 0.4046875 0.03125 0.0578125
0 0.05078125 0.4328125 0.0359375 0.0421875
0 0.12109375 0.4390625 0.0796875 0.040625
0 0.203125 0.45 0.0671875 0.0640625
0 0.303125 0.4578125 0.1 0.0703125
0 0.4046875 0.446875 0.0671875 0.0515625
0 0.496875 0.453125 0.05625 0.046875
0 0.5671875 0.4546875 0.0578125 0.04375
0 0.65703125 0.47734375 0.0765625 0.0625
0 0.73984375 0.46328125 0.04375 0.0421875
0 0.825 0.47578125 0.1015625 0.071875
0 0.9203125 0.47578125 0.0484375 0.03125
0 0.05859375 0.5125 0.0515625 0.0390625
0 0.109375 0.5234375 0.0234375 0.06875
0 0.19453125 0.51015625 0.109375 0.0515625
0 0.296875 0.51796875 0.0421875 0.0375
0 0.4046875 0.5390625 0.125 0.0671875
0 0.54609375 0.54140625 0.1078125 0.0671875
0 0.6609375 0.540625 0.1171875 0.071875
0 0.778125 0.5390625 0.1015625 0.0484375
0 0.8703125 0.5625 0.0578125 0.0765625
0 0.05078125 0.57734375 0.0515625 0.0484375
0 0.10390625 0.59140625 0.025 0.0265625
0 0.15078125 0.58671875 0.0421875 0.0390625
0 0.22890625 0.59921875 0.1 0.06875
0 0.3015625 0.60078125 0.025 0.0265625
0 0.3515625 0.59921875 0.0484375 0.0328125
0 0.409375 0.61328125 0.0484375 0.0703125
0 0.45625 0.5984375 0.03125 0.0375
0 0.52421875 0.60390625 0.065625 0.04375
0 0.5890625 0.60703125 0.0484375 0.040625
0 0.6609375 0.61171875 0.0640625 0.05
0 0.73046875 0.628125 0.01875 0.021875
0 0.8203125 0.62265625 0.11875 0.05
0 0.91953125 0.6203125 0.0484375 0.0515625
0 0.046875 0.65859375 0.0328125 0.0375
0 0.09140625 0.6578125 0.0375 0.0375
0 0.18828125 0.6625 0.1359375 0.053125
0 0.278125 0.6671875 0.0359375 0.0375
0 0.35078125 0.67265625 0.0859375 0.0421875
0 0.40625 0.6828125 0.0171875 0.025
0 0.46640625 0.6828125 0.078125 0.0375
0 0.5296875 0.6890625 0.0359375 0.065625
0 0.60390625 0.70703125 0.090625 0.0578125
0 0.6828125 0.7 0.059375 0.0765625
0 0.74296875 0.6921875 0.0421875 0.046875
0 0.81171875 0.6984375 0.059375 0.0484375
0 0.87890625 0.7109375 0.0203125 0.0296875
0 0.06875 0.740625 0.0984375 0.075
0 0.18203125 0.74296875 0.1 0.06875
0 0.26640625 0.74453125 0.0296875 0.0375
0 0.340625 0.765625 0.0828125 0.0859375
0 0.42109375 0.7546875 0.0640625 0.0484375
0 0.49453125 0.75859375 0.0515625 0.04375
0 0.58515625 0.7734375 0.090625 0.0671875
0 0.6921875 0.78046875 0.1109375 0.075
0 0.77109375 0.771875 0.01875 0.0421875
0 0.84765625 0.7765625 0.0828125 0.0625
0 0.0359375 0.79375 0.0421875 0.0453125
0 0.0875 0.809375 0.028125 0.0265625
0 0.1796875 0.8265625 0.1421875 0.0671875
0 0.2953125 0.81875 0.05 0.046875
0 0.3765625 0.8390625 0.075 0.0578125
0 0.4453125 0.828125 0.03125 0.040625
0 0.4796875 0.83984375 0.01875 0.0265625
0 0.53515625 0.8390625 0.05 0.0421875
0 0.6390625 0.84609375 0.121875 0.065625
0 0.15859375 0.87890625 0.0265625 0.0453125
0 0.2453125 0.9046875 0.0890625 0.0625
0 0.3359375 0.91796875 0.0703125 0.071875
0 0.415625 0.903125 0.0484375 0.04375
0 0.50234375 0.92734375 0.0953125 0.0734375
0 0.5796875 0.92109375 0.01875 0.0359375
0 0.62109375 0.93359375 0.0203125 0.025
0 0.696875 0.928125 0.084375 0.0484375
0 0.7609375 0.9375 0.03125 0.0390625
0 0.84140625 0.96171875 0.1078125 0.0765625