0 0.48671875 0.17578125 0.3203125 0.1484375
0 0.4171875 0.28828125 0.08125 0.084375
0 0.471875 0.31171875 0.009375 0.0125
0 0.62578125 0.30625 0.296875 0.1265625
0 0.33203125 0.4140625 0.0703125 0.078125
0 0.4703125 0.43046875 0.1203125 0.0953125
0 0.540625 0.446875 0.009375 0.0125
0 0.77578125 0.49609375 0.1046875 0.1109375
0 0.3203125 0.51640625 0.05625 0.1234375
0 0.45078125 0.57109375 0.265625 0.15625
0 0.64375 0.596875 0.1203125 0.09375
0 0.71171875 0.62109375 0.0140625 0.0203125
0 0.7171875 0.71015625 0.090625 0.1859375
0 0.2890625 0.73125 0.0484375 0.09375
0 0.39296875 0.75625 0.1359375 0.08125
0 0.52109375 0.7765625 0.053125 0.1
0 0.63984375 0.73828125 0.1125 0.09375
0 0.7671875 0.7515625 0.15 0.1140625
0 0.65078125 0.8546875 0.1140625 0.125
0 0.7078125 0.8625 0.034375 0.1125
0 0.77265625 0.85078125 0.1015625 0.071875
0 0.35703125 0.89609375 0.171875 0.115625
0 0.4578125 0.909375 0.0109375 0.0171875
0 0.75390625 0.91875 0.06875 0.06875