0 0.4078125 0.134375 0.1390625 0.040625
0 0.67265625 0.14921875 0.178125 0.040625
0 0.49140625 0.071875 0.2109375 0.0546875
0 0.80390625 0.08203125 0.31875 0.059375
0 0.96640625 0.1296875 0.0671875 0.028125
0 0.96484375 0.16875 0.0703125 0.03125
0 0.43046875 0.17734375 0.203125 0.0421875
0 0.65 0.18828125 0.165625 0.0421875
0 0.95 0.2078125 0.1 0.03125
0 0.42109375 0.21640625 0.184375 0.0515625
0 0.659375 0.23359375 0.1703125 0.0390625
0 0.94296875 0.25390625 0.1140625 0.0296875
0 0.39140625 0.25703125 0.1515625 0.0390625
0 0.68046875 0.2796875 0.1796875 0.040625
0 0.9453125 0.29296875 0.109375 0.0390625
0 0.3875 0.30078125 0.11875 0.040625
0 0.6796875 0.31796875 0.165625 0.046875
0 0.95 0.33359375 0.1 0.0265625
0 0.3796875 0.3484375 0.1296875 0.0390625
0 0.69765625 0.36171875 0.1921875 0.046875
0 0.95546875 0.37734375 0.084375 0.0296875
0 0.3796875 0.38984375 0.1015625 0.0375
0 0.6890625 0.40703125 0.184375 0.0375
0 0.83046875 0.41796875 0.0734375 0.03125
0 0.9546875 0.4203125 0.090625 0.028125
0 0.32109375 0.43359375 0.084375 0.04375
0 0.38046875 0.43828125 0.04375 0.0265625
0 0.465625 0.44375 0.09375 0.021875
0 0.71328125 0.453125 0.24375 0.05625
0 0.94296875 0.465625 0.1140625 0.03125
0 0.34140625 0.4796875 0.115625 0.040625
0 0.46875 0.490625 0.1 0.0453125
0 0.709375 0.50078125 0.21875 0.0609375
0 0.35625 0.5234375 0.1375 0.034375
0 0.6609375 0.534375 0.2015625 0.04375
0 0.34609375 0.571875 0.1265625 0.0484375
0 0.35859375 0.6125 0.1453125 0.0296875
0 0.64375 0.62109375 0.271875 0.0546875
0 0.37578125 0.65859375 0.1640625 0.04375
0 0.30859375 0.70625 0.1015625 0.0359375
0 0.42578125 0.7140625 0.115625 0.040625
0 0.6546875 0.71328125 0.3 0.0578125
0 0.41796875 0.753125 0.13125 0.046875
0 0.5671875 0.76015625 0.109375 0.0390625
0 0.41015625 0.8046875 0.10625 0.0296875
0 0.62578125 0.8109375 0.1625 0.0390625
0 0.30703125 0.83984375 0.10625 0.0359375
0 0.425 0.85390625 0.1015625 0.03125
0 0.51640625 0.85546875 0.0296875 0.01875
0 0.6046875 0.85703125 0.1203125 0.034375
0 0.39375 0.8984375 0.115625 0.028125
0 0.56328125 0.9015625 0.1078125 0.0328125
0 0.31796875 0.921875 0.1453125 0.028125
0 0.4328125 0.940625 0.071875 0.053125
0 0.31171875 0.946875 0.171875 0.046875
0 0.54296875 0.94609375 0.075 0.0484375
0 0.61796875 0.94765625 0.028125 0.05
0 0.334375 0.9796875 0.1828125 0.034375