0 0.090625 0.08125 0.1140625 0.0390625
0 0.7265625 0.065625 0.03125 0.009375
0 0.73046875 0.08125 0.0390625 0.0125
0 0.93828125 0.0875 0.01875 0.0109375
0 0.3640625 0.10625 0.1890625 0.0546875
0 0.528125 0.0953125 0.075 0.0390625
0 0.640625 0.09765625 0.128125 0.06875
0 0.77109375 0.09296875 0.0375 0.01875
0 0.9109375 0.10703125 0.1765625 0.0796875
0 0.196875 0.128125 0.1046875 0.028125
0 0.38359375 0.134375 0.128125 0.0375
0 0.525 0.13125 0.05 0.0359375
0 0.59609375 0.12421875 0.071875 0.028125
0 0.10703125 0.13046875 0.08125 0.0390625
0 0.21484375 0.23515625 0.1140625 0.0453125
0 0.3671875 0.2296875 0.05625 0.0234375
0 0.53203125 0.23359375 0.1484375 0.053125
0 0.7359375 0.22265625 0.121875 0.0390625
0 0.34296875 0.25546875 0.140625 0.03125
0 0.06484375 0.2828125 0.1046875 0.021875
0 0.0765625 0.30859375 0.0890625 0.0296875
0 0.25 0.30234375 0.075 0.0328125
0 0.3203125 0.3046875 0.0203125 0.0296875
0 0.37578125 0.303125 0.0609375 0.028125
0 0.4859375 0.30390625 0.121875 0.0359375
0 0.61484375 0.30546875 0.0953125 0.028125
0 0.20390625 0.325 0.08125 0.025
0 0.4296875 0.33984375 0.1234375 0.04375
0 0.6984375 0.328125 0.0875 0.0328125
0 0.16171875 0.34921875 0.0296875 0.028125
0 0.215625 0.359375 0.071875 0.0421875
0 0.38125 0.35859375 0.084375 0.028125
0 0.56875 0.36015625 0.215625 0.0515625
0 0.72109375 0.3609375 0.025 0.009375
0 0.19921875 0.43203125 0.1078125 0.0265625
0 0.42265625 0.440625 0.1203125 0.0515625
0 0.65234375 0.453125 0.16875 0.06875
0 0.8359375 0.43828125 0.15 0.0515625
0 0.11171875 0.45546875 0.0296875 0.028125
0 0.18671875 0.46640625 0.115625 0.0390625
0 0.1734375 0.55546875 0.075 0.03125
0 0.3875 0.57734375 0.1625 0.0578125
0 0.14375 0.58671875 0.025 0.025
0 0.190625 0.596875 0.06875 0.0359375
0 0.80078125 0.57734375 0.2515625 0.0515625
0 0.4203125 0.59921875 0.1140625 0.0296875
0 0.58984375 0.60546875 0.1515625 0.034375
0 0.27578125 0.6234375 0.096875 0.0265625
0 0.37421875 0.628125 0.046875 0.025
0 0.50234375 0.64765625 0.128125 0.059375
0 0.64765625 0.6375 0.071875 0.0265625
0 0.77109375 0.6453125 0.153125 0.059375
0 0.1625 0.69921875 0.0984375 0.0328125
0 0.34609375 0.70859375 0.0984375 0.034375
0 0.13203125 0.7296875 0.025 0.028125
0 0.2015625 0.73828125 0.090625 0.0390625
0 0.478125 0.746875 0.190625 0.03125
0 0.7859375 0.73984375 0.128125 0.04375
0 0.93671875 0.73671875 0.0984375 0.0390625
0 0.4578125 0.971875 0.0265625 0.015625
0 0.49609375 0.97578125 0.05 0.015625
0 0.20078125 0.084375 0.071875 0.0296875