0 0.13984375 0.32421875 0.103125 0.0578125
0 0.20625 0.31328125 0.025 0.05
0 0.23515625 0.315625 0.034375 0.0609375
0 0.0875 0.44609375 0.0578125 0.059375
0 0.171875 0.47734375 0.0671875 0.0765625
0 0.28203125 0.465625 0.125 0.0921875
0 0.3984375 0.47890625 0.06875 0.0828125
0 0.4671875 0.440625 0.0625 0.0734375
0 0.55078125 0.43359375 0.0765625 0.065625
0 0.6328125 0.45390625 0.04375 0.090625
0 0.68984375 0.44609375 0.034375 0.0578125
0 0.76015625 0.4453125 0.0671875 0.084375
0 0.83828125 0.44296875 0.046875 0.05
0 0.93125 0.465625 0.1078125 0.0765625
0 0.09296875 0.55078125 0.1328125 0.0578125
0 0.22421875 0.54921875 0.08125 0.0609375
0 0.315625 0.5796875 0.075 0.078125
0 0.54453125 0.53984375 0.025 0.0390625
0 0.62265625 0.5484375 0.078125 0.0734375
0 0.75234375 0.534375 0.1265625 0.065625
0 0.44453125 0.559375 0.13125 0.0828125
0 0.86015625 0.55078125 0.0546875 0.065625
0 0.93203125 0.5265625 0.0609375 0.0640625
0 0.06015625 0.64453125 0.046875 0.046875
0 0.14921875 0.65078125 0.0859375 0.084375
0 0.24140625 0.6625 0.05 0.0734375
0 0.35625 0.66328125 0.140625 0.0875
0 0.4890625 0.65 0.0921875 0.1
0 0.57421875 0.64609375 0.03125 0.0421875
0 0.69296875 0.6359375 0.146875 0.075
0 0.8046875 0.634375 0.0640625 0.0703125
0 0.8765625 0.6171875 0.05625 0.0625
0 0.128125 0.73125 0.1515625 0.084375