0 0.0765625 0.13515625 0.0796875 0.0453125
0 0.1390625 0.14140625 0.053125 0.0375
0 0.4296875 0.0890625 0.1046875 0.075
0 0.5359375 0.084375 0.10625 0.04375
0 0.0859375 0.25546875 0.084375 0.05
0 0.15078125 0.2625 0.0546875 0.0390625
0 0.43984375 0.2125 0.1890625 0.0796875
0 0.559375 0.19296875 0.0640625 0.0484375
0 0.72890625 0.20390625 0.25 0.1359375
0 0.09765625 0.38046875 0.0765625 0.0453125
0 0.1625 0.390625 0.053125 0.046875
0 0.41328125 0.3328125 0.1546875 0.06875
0 0.59453125 0.30390625 0.203125 0.0875
0 0.74375 0.29453125 0.0890625 0.0578125
0 0.83125 0.28984375 0.1 0.090625
0 0.4171875 0.46015625 0.125 0.071875
0 0.57109375 0.434375 0.159375 0.06875
0 0.11953125 0.62890625 0.065625 0.05
0 0.1828125 0.6375 0.0609375 0.0515625
0 0.46875 0.5984375 0.1671875 0.11875
0 0.59296875 0.5609375 0.06875 0.053125
0 0.7625 0.553125 0.25 0.1125
0 0.1484375 0.76015625 0.0859375 0.0484375
0 0.21015625 0.7640625 0.05 0.0421875
0 0.475 0.69921875 0.16875 0.078125
0 0.60390625 0.68671875 0.065625 0.05625
0 0.8 0.67734375 0.2859375 0.1265625