0 0.24375 0.09921875 0.125 0.159375
0 0.36796875 0.1296875 0.096875 0.1234375
0 0.51796875 0.196875 0.146875 0.23125
0 0.7453125 0.215625 0.3078125 0.3
0 0.253125 0.3484375 0.05625 0.1234375
0 0.3765625 0.37734375 0.15 0.0765625
0 0.5140625 0.42890625 0.1359375 0.203125
0 0.634375 0.384375 0.053125 0.10625
0 0.75703125 0.3984375 0.103125 0.128125
0 0.3125 0.55078125 0.221875 0.128125
0 0.5 0.5484375 0.0890625 0.10625
0 0.71484375 0.5609375 0.2609375 0.128125
0 0.2546875 0.69296875 0.134375 0.0953125
0 0.34609375 0.75234375 0.134375 0.225
0 0.53359375 0.696875 0.2328125 0.11875
0 0.69140625 0.703125 0.05625 0.109375
0 0.809375 0.721875 0.1640625 0.125
0 0.2859375 0.88125 0.2734375 0.203125
0 0.6 0.87265625 0.2015625 0.1953125