0 0.57890625 0.246875 0.08125 0.04375
0 0.675 0.25859375 0.0859375 0.0546875
0 0.63359375 0.35390625 0.13125 0.0734375
0 0.73359375 0.36171875 0.0578125 0.040625
0 0.78515625 0.34921875 0.0125 0.0140625
0 0.84140625 0.3578125 0.0703125 0.0421875
0 0.646875 0.4140625 0.103125 0.071875
0 0.78046875 0.4140625 0.1515625 0.0703125
0 0.68515625 0.465625 0.0890625 0.0484375
0 0.77734375 0.47265625 0.075 0.0359375
0 0.634375 0.55078125 0.075 0.0859375
0 0.765625 0.53359375 0.1375 0.034375
0 0.86953125 0.52578125 0.0296875 0.0375
0 0.5671875 0.615625 0.0796875 0.0734375
0 0.64921875 0.62890625 0.0640625 0.0453125
0 0.73203125 0.61640625 0.0796875 0.0390625
0 0.7796875 0.6203125 0.021875 0.021875
0 0.84140625 0.6140625 0.0828125 0.0671875
0 0.92890625 0.6234375 0.06875 0.071875
0 0.553125 0.69140625 0.0296875 0.0296875
0 0.61171875 0.6921875 0.0546875 0.04375
0 0.6796875 0.70234375 0.0328125 0.0421875
0 0.759375 0.69609375 0.0921875 0.04375
0 0.878125 0.7140625 0.1015625 0.05