0 0.04296875 0.18203125 0.0390625 0.0328125
0 0.04921875 0.215625 0.053125 0.0296875
0 0.0578125 0.234375 0.065625 0.034375
0 0.0828125 0.26171875 0.090625 0.0453125
0 0.1015625 0.2890625 0.134375 0.05625
0 0.07890625 0.3171875 0.0421875 0.0296875
0 0.13984375 0.30078125 0.06875 0.03125
0 0.0984375 0.340625 0.075 0.0359375
0 0.11953125 0.36640625 0.0875 0.0390625
0 0.10859375 0.3953125 0.08125 0.0453125
0 0.246875 0.1765625 0.0984375 0.04375
0 0.2484375 0.20078125 0.06875 0.0421875
0 0.26171875 0.2234375 0.078125 0.040625
0 0.2703125 0.2453125 0.0890625 0.046875
0 0.3828125 0.14140625 0.04375 0.0375
0 0.39453125 0.16328125 0.0546875 0.04375
0 0.40703125 0.18515625 0.053125 0.05
0 0.50859375 0.06875 0.065625 0.04375
0 0.5796875 0.04375 0.0578125 0.0375
0 0.65078125 0.02109375 0.0640625 0.0296875
0 0.70703125 0.00859375 0.0296875 0.0171875
0 0.52890625 0.09921875 0.1 0.0546875
0 0.61171875 0.0671875 0.0390625 0.034375
0 0.7046875 0.04375 0.13125 0.05625
0 0.53046875 0.1375 0.071875 0.0390625
0 0.61171875 0.12109375 0.0828125 0.05
0 0.72578125 0.08046875 0.1328125 0.0625
0 0.7609375 0.42109375 0.0671875 0.0515625
0 0.82109375 0.39609375 0.0609375 0.05625
0 0.80546875 0.43984375 0.1140625 0.078125
0 0.434375 0.6140625 0.025 0.0328125
0 0.50859375 0.596875 0.059375 0.040625
0 0.38671875 0.67890625 0.0109375 0.00625
0 0.44765625 0.66640625 0.096875 0.0515625
0 0.39296875 0.70703125 0.0125 0.00625
0 0.4640625 0.69921875 0.096875 0.0546875
0 0.4015625 0.73828125 0.009375 0.0078125
0 0.49453125 0.72890625 0.15625 0.0765625
0 0.5265625 0.7625 0.115625 0.04375
0 0.46875 0.8140625 0.01875 0.0234375
0 0.52421875 0.7984375 0.0734375 0.0390625
0 0.58984375 0.79453125 0.0453125 0.04375
0 0.63984375 0.77578125 0.05625 0.0359375
0 0.134375 0.87578125 0.034375 0.0328125
0 0.18359375 0.85859375 0.05625 0.0328125
0 0.31015625 0.8359375 0.121875 0.0640625
0 0.14765625 0.8984375 0.034375 0.03125
0 0.2265625 0.8921875 0.115625 0.06875
0 0.1546875 0.9265625 0.034375 0.028125
0 0.18828125 0.92109375 0.028125 0.025
0 0.36875 0.8859375 0.084375 0.0609375
0 0.8609375 0.77421875 0.1296875 0.0546875
0 0.82265625 0.85390625 0.103125 0.0609375
0 0.8125 0.8875 0.05625 0.04375
0 0.84375 0.9078125 0.0859375 0.0421875
0 0.23203125 0.846875 0.03125 0.0296875
0 0.26953125 0.9109375 0.1171875 0.0625
0 0.87421875 0.80859375 0.1046875 0.05
0 0.740625 0.86640625 0.0421875 0.0359375
0 0.9296875 0.828125 0.103125 0.05625
0 0.88515625 0.86640625 0.0890625 0.04375
0 0.9515625 0.88515625 0.0953125 0.0546875