0 0.221875 0.01015625 0.15625 0.0203125
0 0.3703125 0.01953125 0.11875 0.0390625
0 0.5015625 0.0390625 0.115625 0.0390625
0 0.61015625 0.05234375 0.0609375 0.03125
0 0.72109375 0.071875 0.1390625 0.046875
0 0.88828125 0.09453125 0.1453125 0.053125
0 0.88046875 0.13828125 0.1703125 0.0515625
0 0.675 0.10546875 0.175 0.0515625
0 0.55703125 0.08125 0.0625 0.0296875
0 0.36484375 0.059375 0.25 0.0578125
0 0.17890625 0.02890625 0.0984375 0.0375
0 0.25625 0.08046875 0.28125 0.0625
0 0.459375 0.109375 0.0828125 0.0375
0 0.59375 0.1296875 0.140625 0.046875
0 0.80078125 0.1625 0.1875 0.046875
0 0.87734375 0.21328125 0.1265625 0.0453125
0 0.75703125 0.1890625 0.128125 0.0421875
0 0.57265625 0.1640625 0.2484375 0.0609375
0 0.38359375 0.13671875 0.0703125 0.03125
0 0.275 0.12265625 0.1109375 0.0359375
0 0.1546875 0.1046875 0.0984375 0.034375
0 0.21640625 0.15390625 0.2375 0.059375
0 0.396875 0.18046875 0.0640625 0.03125
0 0.48125 0.18984375 0.0609375 0.03125
0 0.5953125 0.20703125 0.13125 0.046875
0 0.728125 0.228125 0.0921875 0.040625
0 0.89140625 0.25078125 0.1875 0.05625
0 0.25625 0.19453125 0.16875 0.05
0 0.128125 0.17265625 0.075 0.0359375
0 0.146875 0.25078125 0.1109375 0.053125
0 0.2640625 0.2765625 0.0625 0.0359375
0 0.44765625 0.3015625 0.2515625 0.06875
0 0.634375 0.32890625 0.065625 0.040625
0 0.6921875 0.3359375 0.053125 0.0328125
0 0.77734375 0.3484375 0.0671875 0.034375
0 0.9 0.36796875 0.159375 0.0484375
0 0.9453125 0.4203125 0.109375 0.046875
0 0.83828125 0.396875 0.1046875 0.0359375
0 0.6796875 0.378125 0.16875 0.05
0 0.534375 0.35625 0.103125 0.0359375
0 0.4125 0.33515625 0.1171875 0.0421875
0 0.20546875 0.30078125 0.2828125 0.0734375
0 0.17734375 0.3484375 0.2484375 0.0734375
0 0.1296875 0.4125 0.175 0.0625
0 0.25390625 0.4296875 0.0703125 0.0328125
0 0.4046875 0.4453125 0.228125 0.0640625
0 0.6046875 0.4796875 0.0921875 0.0390625
0 0.7953125 0.51328125 0.2390625 0.075
0 0.87734375 0.55703125 0.1328125 0.0421875
0 0.74140625 0.5390625 0.1 0.0328125
0 0.62109375 0.521875 0.1171875 0.04375
0 0.5046875 0.50625 0.0953125 0.034375
0 0.35703125 0.4921875 0.1671875 0.0640625
0 0.1421875 0.4625 0.2078125 0.0578125
0 0.15078125 0.49765625 0.26875 0.065625
0 0.3515625 0.5234375 0.11875 0.046875
0 0.5515625 0.56171875 0.2671875 0.08125
0 0.053125 0.60234375 0.053125 0.046875
0 0.109375 0.615625 0.046875 0.03125
0 0.2203125 0.62734375 0.1125 0.0359375
0 0.32890625 0.6390625 0.0796875 0.0421875
0 0.478125 0.66328125 0.19375 0.053125
0 0.63125 0.6875 0.065625 0.0328125
0 0.75234375 0.703125 0.1203125 0.040625
0 0.88203125 0.72265625 0.11875 0.0421875
0 0.10625 0.65625 0.2125 0.059375
0 0.31171875 0.684375 0.1140625 0.0375
0 0.4578125 0.70703125 0.1359375 0.040625
0 0.61015625 0.72734375 0.09375 0.034375
0 0.74140625 0.74375 0.1234375 0.0375
0 0.871875 0.7609375 0.1078125 0.0390625
0 0.05703125 0.684375 0.1140625 0.04375
0 0.1609375 0.71171875 0.046875 0.0328125
0 0.25234375 0.71953125 0.096875 0.0328125
0 0.02421875 0.76328125 0.0296875 0.0328125
0 0.1046875 0.778125 0.1015625 0.0359375
0 0.24140625 0.79765625 0.109375 0.040625
0 0.35546875 0.81328125 0.090625 0.0390625
0 0.52890625 0.84296875 0.240625 0.075