0 0.1671875 0.11875 0.04375 0.04375
0 0.2171875 0.10234375 0.0625 0.059375
0 0.29140625 0.08984375 0.090625 0.0671875
0 0.43984375 0.06796875 0.2046875 0.0859375
0 0.09921875 0.40234375 0.115625 0.0765625
0 0.175 0.384375 0.0421875 0.04375
0 0.2578125 0.375 0.11875 0.0671875
0 0.0328125 0.23828125 0.065625 0.0765625
0 0.10234375 0.215625 0.071875 0.0578125
0 0.15859375 0.20390625 0.034375 0.0484375
0 0.22421875 0.20234375 0.0859375 0.059375
0 0.5625 0.13046875 0.028125 0.0328125
0 0.63984375 0.10859375 0.128125 0.06875
0 0.75703125 0.08515625 0.103125 0.065625
0 0.83046875 0.06796875 0.034375 0.046875
0 0.3484375 0.3578125 0.0609375 0.053125
0 0.4390625 0.328125 0.1171875 0.06875
0 0.5734375 0.30625 0.14375 0.065625
0 0.66953125 0.2875 0.046875 0.0390625
0 0.75 0.265625 0.1125 0.0640625
0 0.8453125 0.23984375 0.0796875 0.059375
0 0.03125 0.596875 0.0515625 0.0484375
0 0.12421875 0.58125 0.1328125 0.084375
0 0.23125 0.5484375 0.0796875 0.059375
0 0.575 0.47421875 0.0625 0.0515625
0 0.67578125 0.45703125 0.146875 0.08125
0 0.8015625 0.42421875 0.1125 0.0703125
0 0.8875 0.40703125 0.0609375 0.0515625
0 0.0515625 0.6828125 0.046875 0.0421875
0 0.1171875 0.6640625 0.0890625 0.0640625
0 0.06171875 0.77109375 0.009375 0.0125
0 0.09765625 0.75390625 0.0640625 0.0890625
0 0.17890625 0.74921875 0.090625 0.1078125
0 0.29609375 0.7015625 0.1375 0.1078125
0 0.39375 0.6671875 0.0453125 0.046875
0 0.46171875 0.66953125 0.075 0.090625
0 0.553125 0.634375 0.0828125 0.0671875
0 0.6453125 0.61484375 0.0890625 0.0640625
0 0.74765625 0.59453125 0.1 0.0703125
0 0.10859375 0.840625 0.0828125 0.0609375
0 0.19296875 0.81953125 0.0578125 0.0484375
0 0.3 0.79296875 0.1578125 0.0828125
0 0.43671875 0.7625 0.1015625 0.0671875
0 0.5265625 0.74921875 0.0625 0.040625
0 0.58828125 0.7265625 0.0453125 0.05625
0 0.6546875 0.7046875 0.078125 0.065625
0 0.721875 0.69375 0.0421875 0.0375
0 0.83125 0.66953125 0.14375 0.084375
0 0.875 0.565625 0.1265625 0.0859375
0 0.94921875 0.5703125 0.021875 0.01875
0 0.97734375 0.546875 0.0453125 0.05625
0 0.9625 0.63671875 0.075 0.0734375
0 0.16796875 0.90546875 0.1734375 0.115625
0 0.33046875 0.8578125 0.1359375 0.078125
0 0.51953125 0.8359375 0.2015625 0.134375
0 0.1203125 0.978125 0.0328125 0.0359375
0 0.14375 0.9859375 0.009375 0.0078125
0 0.16640625 0.965625 0.034375 0.053125
0 0.225 0.95078125 0.0796875 0.0640625
0 0.3078125 0.9375 0.0765625 0.0609375
0 0.38203125 0.91875 0.0625 0.065625
0 0.48828125 0.915625 0.1171875 0.103125
0 0.5703125 0.8890625 0.04375 0.046875
0 0.61875 0.884375 0.0890625 0.0953125
0 0.68984375 0.86796875 0.0625 0.0828125
0 0.746875 0.83203125 0.059375 0.0609375
0 0.878125 0.83046875 0.190625 0.125
0 0.978125 0.778125 0.04375 0.065625
0 0.3296875 0.9890625 0.084375 0.021875
0 0.50234375 0.9625 0.2078125 0.075