0 0.24453125 0.05078125 0.0140625 0.0234375
0 0.303125 0.0609375 0.0359375 0.028125
0 0.3625 0.0671875 0.046875 0.0265625
0 0.4734375 0.08359375 0.1265625 0.040625
0 0.58125 0.1078125 0.0421875 0.0265625
0 0.6734375 0.1140625 0.0890625 0.0421875
0 0.77109375 0.12578125 0.0515625 0.034375
0 0.828125 0.1421875 0.0328125 0.04375
0 0.909375 0.14921875 0.125 0.0515625
0 0.93671875 0.22109375 0.03125 0.0234375
0 0.85859375 0.20703125 0.0828125 0.0453125
0 0.8046875 0.2078125 0.0078125 0.0140625
0 0.76328125 0.19609375 0.0515625 0.0328125
0 0.69609375 0.18671875 0.0515625 0.0328125
0 0.7296875 0.19609375 0.0109375 0.0140625
0 0.63203125 0.1765625 0.0546875 0.0359375
0 0.5390625 0.16875 0.0953125 0.0484375
0 0.4140625 0.14296875 0.13125 0.046875
0 0.3125 0.1265625 0.0453125 0.0359375
0 0.253125 0.1203125 0.0609375 0.0390625
0 0.17890625 0.10703125 0.05 0.0296875
0 0.1609375 0.1765625 0.0421875 0.03125
0 0.2484375 0.18828125 0.0953125 0.0421875
0 0.3296875 0.2125 0.0453125 0.0453125
0 0.39375 0.21328125 0.05 0.0296875
0 0.4671875 0.228125 0.090625 0.0390625
0 0.55 0.23515625 0.0515625 0.0359375
0 0.62734375 0.24453125 0.078125 0.040625
0 0.20703125 0.2578125 0.021875 0.025
0 0.29609375 0.2765625 0.1125 0.0609375
0 0.39140625 0.28203125 0.0484375 0.03125
0 0.4671875 0.2984375 0.0734375 0.0359375
0 0.54296875 0.30546875 0.01875 0.0234375
0 0.61640625 0.31875 0.0578125 0.0265625
0 0.678125 0.32265625 0.021875 0.01875
0 0.75390625 0.34296875 0.084375 0.053125
0 0.83515625 0.353125 0.0328125 0.0375
0 0.89453125 0.3640625 0.090625 0.0515625
0 0.934375 0.428125 0.0546875 0.028125
0 0.86171875 0.42578125 0.078125 0.053125
0 0.77265625 0.41171875 0.084375 0.059375
0 0.66484375 0.3953125 0.11875 0.0421875
0 0.55546875 0.3765625 0.0484375 0.03125
0 0.47109375 0.36328125 0.0875 0.0421875
0 0.36171875 0.35859375 0.0984375 0.04375
0 0.2421875 0.32890625 0.103125 0.0515625
0 0.14375 0.32109375 0.0671875 0.0515625
0 0.16328125 0.39921875 0.128125 0.065625
0 0.27890625 0.40546875 0.040625 0.028125
0 0.340625 0.4171875 0.05 0.0328125
0 0.43984375 0.4359375 0.1 0.046875
0 0.52734375 0.4453125 0.0421875 0.0265625
0 0.11640625 0.45546875 0.05625 0.0328125
0 0.196875 0.4640625 0.0765625 0.040625
0 0.29609375 0.48046875 0.090625 0.0453125
0 0.4 0.496875 0.0765625 0.040625
0 0.45859375 0.50546875 0.0359375 0.03125
0 0.5171875 0.515625 0.0546875 0.0328125
0 0.13203125 0.540625 0.1140625 0.071875
0 0.22109375 0.5421875 0.03125 0.0296875
0 0.30234375 0.5546875 0.084375 0.046875
0 0.6 0.4609375 0.0671875 0.053125
0 0.68828125 0.46640625 0.0671875 0.028125
0 0.80234375 0.4828125 0.1265625 0.046875
0 0.61953125 0.5328125 0.103125 0.0515625
0 0.725 0.54609375 0.065625 0.04375
0 0.8125 0.56171875 0.125 0.0546875
0 0.88828125 0.490625 0.0484375 0.03125
0 0.96171875 0.50859375 0.0765625 0.0609375
0 0.9453125 0.584375 0.1 0.06875
0 0.14609375 0.61171875 0.01875 0.028125
0 0.20859375 0.615625 0.053125 0.034375
0 0.27421875 0.625 0.0578125 0.034375
0 0.3296875 0.640625 0.034375 0.0484375
0 0.41015625 0.64921875 0.1 0.05625
0 0.53125 0.6578125 0.0984375 0.04375
0 0.6359375 0.6703125 0.071875 0.0359375
0 0.70703125 0.68203125 0.0359375 0.0359375
0 0.7671875 0.684375 0.053125 0.040625
0 0.11953125 0.675 0.11875 0.053125
0 0.23125 0.69765625 0.0796875 0.04375
0 0.34453125 0.70859375 0.1125 0.046875
0 0.453125 0.7265625 0.0765625 0.0515625
0 0.525 0.73203125 0.028125 0.028125
0 0.58359375 0.734375 0.0484375 0.0328125
0 0.6828125 0.75546875 0.0921875 0.0578125
0 0.075 0.74765625 0.065625 0.034375
0 0.14296875 0.759375 0.0328125 0.0296875
0 0.21171875 0.7625 0.053125 0.04375
0 0.2875 0.7765625 0.059375 0.0375
0 0.3875 0.78984375 0.0703125 0.0375
0 0.46015625 0.803125 0.034375 0.05
0 0.52890625 0.80078125 0.04375 0.0375
0 0.61015625 0.8109375 0.071875 0.0359375
0 0.66484375 0.825 0.0109375 0.01875
0 0.7171875 0.83203125 0.0609375 0.0421875
0 0.85 0.7 0.071875 0.034375
0 0.9125 0.70703125 0.034375 0.03125
0 0.7796875 0.76640625 0.053125 0.034375
0 0.86015625 0.778125 0.075 0.0453125
0 0.81640625 0.83984375 0.075 0.0421875
0 0.0546875 0.82109375 0.071875 0.0390625
0 0.1671875 0.8421875 0.1109375 0.0625
0 0.30390625 0.86171875 0.11875 0.0625
0 0.41171875 0.871875 0.05625 0.04375
0 0.5359375 0.88046875 0.1453125 0.0484375
0 0.22578125 0.27265625 0.00625 0.0078125
0 0.1625 0.6171875 0.0078125 0.0078125
0 0.25703125 0.06171875 0.00625 0.0046875