0 0.0484375 0.1328125 0.01875 0.03125
0 0.0828125 0.1265625 0.053125 0.028125
0 0.13046875 0.12109375 0.0359375 0.0234375
0 0.08984375 0.15546875 0.0640625 0.025
0 0.13203125 0.15390625 0.0140625 0.01875
0 0.16484375 0.178125 0.05625 0.03125
0 0.25703125 0.171875 0.1109375 0.040625
0 0.17421875 0.2171875 0.0828125 0.028125
0 0.22734375 0.2140625 0.0140625 0.025
0 0.3046875 0.20703125 0.0796875 0.0375
0 0.3640625 0.20546875 0.0359375 0.0453125
0 0.08828125 0.25625 0.046875 0.0375
0 0.13203125 0.25 0.009375 0.0078125
0 0.18359375 0.24453125 0.084375 0.03125
0 0.12890625 0.30703125 0.009375 0.0109375
0 0.18046875 0.30546875 0.075 0.028125
0 0.25859375 0.29453125 0.078125 0.0484375
0 0.1234375 0.36953125 0.0078125 0.0078125
0 0.1796875 0.3796875 0.0796875 0.0453125
0 0.278125 0.36328125 0.09375 0.0546875
0 0.1234375 0.44375 0.009375 0.009375
0 0.16796875 0.44296875 0.0625 0.0328125
0 0.05546875 0.540625 0.0078125 0.015625
0 0.11640625 0.53671875 0.09375 0.0265625
0 0.0546875 0.56796875 0.009375 0.0140625
0 0.1203125 0.56796875 0.1125 0.03125
0 0.2265625 0.5546875 0.0734375 0.0375
0 0.0546875 0.60390625 0.0140625 0.0171875
0 0.1171875 0.59921875 0.0953125 0.0390625
0 0.06015625 0.63828125 0.0140625 0.0171875
0 0.19296875 0.7109375 0.1046875 0.0296875
0 0.0765625 0.7453125 0.03125 0.03125
0 0.1890625 0.8484375 0.0609375 0.028125
0 0.1765625 0.8953125 0.05 0.0328125
0 0.16875 0.93671875 0.025 0.0296875
0 0.19921875 0.940625 0.01875 0.0296875
0 0.47265625 0.096875 0.03125 0.0296875
0 0.428125 0.1328125 0.0375 0.0265625
0 0.49765625 0.128125 0.0578125 0.0265625
0 0.5078125 0.16484375 0.0671875 0.028125
0 0.5546875 0.16015625 0.0125 0.01875
0 0.6515625 0.1078125 0.0453125 0.028125
0 0.6640625 0.13515625 0.0625 0.028125
0 0.78046875 0.1296875 0.084375 0.028125
0 0.8703125 0.1296875 0.0796875 0.0328125
0 0.80234375 0.159375 0.115625 0.021875
0 0.43828125 0.25546875 0.034375 0.015625
0 0.4984375 0.25078125 0.03125 0.015625
0 0.3984375 0.29765625 0.0078125 0.0046875
0 0.44296875 0.28828125 0.0609375 0.028125
0 0.4046875 0.3171875 0.009375 0.00625
0 0.42421875 0.321875 0.0296875 0.021875
0 0.39921875 0.3515625 0.0140625 0.00625
0 0.43671875 0.34140625 0.053125 0.028125
0 0.4015625 0.37109375 0.0078125 0.00625
0 0.43984375 0.365625 0.05625 0.028125
0 0.25625 0.4375 0.028125 0.015625
0 0.30859375 0.434375 0.0796875 0.025
0 0.2421875 0.471875 0.028125 0.0171875
0 0.28671875 0.47421875 0.0765625 0.0296875
0 0.240625 0.51171875 0.021875 0.015625
0 0.28359375 0.51484375 0.0484375 0.03125
0 0.31953125 0.5140625 0.0171875 0.0109375
0 0.35 0.5109375 0.025 0.0203125
0 0.42265625 0.4359375 0.0890625 0.0265625
0 0.62265625 0.4359375 0.1453125 0.0359375
0 0.7859375 0.42265625 0.009375 0.025
0 0.81796875 0.42265625 0.0515625 0.034375
0 0.31484375 0.56953125 0.08125 0.03125
0 0.28125 0.6 0.015625 0.0296875
0 0.29765625 0.6 0.0125 0.025
0 0.33203125 0.59609375 0.05 0.0265625
0 0.41015625 0.6015625 0.0390625 0.0359375
0 0.26171875 0.671875 0.01875 0.0265625
0 0.3078125 0.67109375 0.0609375 0.0328125
0 0.44296875 0.66015625 0.153125 0.04375
0 0.4421875 0.70625 0.159375 0.05625
0 0.3125 0.83203125 0.0234375 0.0359375
0 0.3609375 0.80625 0.0125 0.0078125
0 0.39609375 0.796875 0.053125 0.0328125
0 0.47265625 0.803125 0.0921875 0.0390625
0 0.5328125 0.79609375 0.0203125 0.0328125
0 0.35859375 0.83828125 0.0140625 0.009375
0 0.4046875 0.834375 0.0796875 0.0375
0 0.49375 0.8375 0.0875 0.0328125
0 0.36171875 0.865625 0.0171875 0.015625
0 0.42109375 0.87421875 0.084375 0.0296875
0 0.5140625 0.87578125 0.06875 0.0390625
0 0.35859375 0.896875 0.01875 0.015625
0 0.40234375 0.921875 0.059375 0.028125
0 0.4984375 0.91953125 0.0921875 0.034375
0 0.90703125 0.51328125 0.0203125 0.0546875
0 0.95546875 0.0359375 0.0359375 0.071875