0 0.37578125 0.24296875 0.3046875 0.078125
0 0.68203125 0.18046875 0.1375 0.040625
0 0.803125 0.15703125 0.10625 0.03125
0 0.6671875 0.20625 0.0796875 0.0296875
0 0.76953125 0.18515625 0.1015625 0.03125
0 0.6875 0.22421875 0.075 0.0265625
0 0.80546875 0.20234375 0.1359375 0.0359375
0 0.746875 0.2375 0.084375 0.0265625
0 0.85390625 0.215625 0.1265625 0.0359375
0 0.10078125 0.33203125 0.053125 0.0265625
0 0.20234375 0.31640625 0.121875 0.0375
0 0.3125 0.2953125 0.0609375 0.021875
0 0.478125 0.26953125 0.2171875 0.0578125
0 0.1015625 0.3796875 0.1546875 0.0375
0 0.3015625 0.346875 0.2203125 0.0484375
0 0.10078125 0.4046875 0.0546875 0.0234375
0 0.17890625 0.39375 0.071875 0.0234375
0 0.27109375 0.38125 0.078125 0.0265625
0 0.4359375 0.3484375 0.209375 0.05
0 0.67109375 0.30390625 0.2140625 0.0515625
0 0.8546875 0.26953125 0.1265625 0.034375
0 0.1125 0.42890625 0.071875 0.0203125
0 0.196875 0.41328125 0.0703125 0.0234375
0 0.28828125 0.40078125 0.075 0.0265625
0 0.44375 0.3703125 0.2109375 0.0515625
0 0.665625 0.33125 0.184375 0.04375
0 0.8421875 0.296875 0.1359375 0.0359375
0 0.13203125 0.47421875 0.13125 0.0359375
0 0.275 0.45078125 0.128125 0.034375
0 0.14921875 0.49765625 0.15 0.0375
0 0.29921875 0.4734375 0.1171875 0.03125
0 0.4734375 0.440625 0.178125 0.0421875
0 0.65 0.4125 0.14375 0.0390625
0 0.7484375 0.390625 0.05 0.0234375
0 0.80078125 0.38046875 0.034375 0.01875
0 0.8953125 0.36171875 0.1328125 0.0390625
0 0.15859375 0.52109375 0.15625 0.0421875
0 0.3359375 0.49140625 0.18125 0.04375
0 0.528125 0.4578125 0.1078125 0.03125
0 0.68046875 0.4296875 0.1734375 0.0421875
0 0.16171875 0.56953125 0.2140625 0.053125
0 0.33515625 0.540625 0.0859375 0.0265625
0 0.46328125 0.5203125 0.115625 0.0328125
0 0.5828125 0.49765625 0.1046875 0.0328125
0 0.7484375 0.4671875 0.1 0.028125
0 0.878125 0.44453125 0.1453125 0.0421875
0 0.4578125 0.54609375 0.078125 0.0296875
0 0.57265625 0.5265625 0.134375 0.0453125
0 0.74609375 0.49765625 0.10625 0.034375
0 0.88671875 0.47109375 0.1625 0.0390625
0 0.33671875 0.60390625 0.040625 0.01875
0 0.47890625 0.5796875 0.0375 0.015625
0 0.10390625 0.684375 0.1296875 0.0390625
0 0.1046875 0.703125 0.1171875 0.0328125
0 0.21953125 0.6828125 0.0984375 0.0328125
0 0.45546875 0.62578125 0.1578125 0.04375
0 0.68359375 0.58515625 0.2546875 0.0546875
0 0.503125 0.640625 0.18125 0.0421875
0 0.91875 0.571875 0.1625 0.05
0 0.10390625 0.73359375 0.1234375 0.034375
0 0.1921875 0.7171875 0.0546875 0.01875
0 0.2734375 0.70234375 0.1 0.028125
0 0.5125 0.665625 0.18125 0.0421875
0 0.7390625 0.63046875 0.2453125 0.059375
0 0.09140625 0.7515625 0.06875 0.0234375
0 0.17890625 0.7359375 0.0921875 0.0265625
0 0.11171875 0.7640625 0.128125 0.0328125
0 0.2390625 0.740625 0.1 0.0375
0 0.14453125 0.7828125 0.1171875 0.0328125
0 0.3078125 0.75390625 0.1765625 0.0421875
0 0.45234375 0.7296875 0.0515625 0.0234375
0 0.59375 0.70703125 0.165625 0.0421875
0 0.28828125 0.79453125 0.2453125 0.0625
0 0.46640625 0.75546875 0.0671875 0.0265625
0 0.5234375 0.74296875 0.0359375 0.0171875
0 0.63203125 0.73984375 0.1453125 0.0453125
0 0.9015625 0.69609375 0.146875 0.04375
0 0.1125 0.86328125 0.1109375 0.03125
0 0.22890625 0.83984375 0.0859375 0.0265625
0 0.3328125 0.81875 0.0890625 0.0265625
0 0.13984375 0.8796875 0.1125 0.0328125
0 0.66171875 0.79375 0.196875 0.053125
0 0.13515625 0.9078125 0.071875 0.0234375
0 0.27734375 0.88125 0.2015625 0.0578125
0 0.04140625 0.33828125 0.025 0.0078125
0 0.04765625 0.41328125 0.021875 0.0078125
0 0.05 0.43984375 0.021875 0.009375
0 0.68125 0.2515625 0.03125 0.015625
0 0.453125 0.47109375 0.034375 0.021875
0 0.72265625 0.60546875 0.2265625 0.053125
0 0.2640625 0.85859375 0.1234375 0.0421875
0 0.44296875 0.82578125 0.2265625 0.05625