0 0.534375 0.02109375 0.284375 0.0421875
0 0.54296875 0.08046875 0.1109375 0.159375
0 0.46015625 0.21875 0.2015625 0.1640625
0 0.62578125 0.20390625 0.0671875 0.0953125
0 0.14921875 0.37734375 0.10625 0.11875
0 0.29921875 0.36640625 0.153125 0.1546875
0 0.421875 0.390625 0.09375 0.1484375
0 0.5125 0.3609375 0.0875 0.109375
0 0.64765625 0.38828125 0.178125 0.1703125
0 0.80078125 0.365625 0.1265625 0.1296875
0 0.9140625 0.3609375 0.11875 0.175
0 0.98984375 0.38203125 0.0203125 0.09375
0 0.63984375 0.56484375 0.13125 0.1484375
0 0.76796875 0.52578125 0.096875 0.096875
0 0.85546875 0.53828125 0.021875 0.09375
0 0.615625 0.74296875 0.090625 0.121875
0 0.71015625 0.740625 0.065625 0.10625
0 0.82890625 0.740625 0.115625 0.109375