0 0.17421875 0.0140625 0.0171875 0.028125
0 0.24375 0.02734375 0.075 0.0546875
0 0.3546875 0.06171875 0.1140625 0.090625
0 0.4484375 0.07578125 0.028125 0.0328125
0 0.5515625 0.10625 0.1484375 0.1359375
0 0.675 0.12265625 0.09375 0.0640625
0 0.7609375 0.14765625 0.0453125 0.05
0 0.8328125 0.1609375 0.08125 0.0890625
0 0.93984375 0.18828125 0.1203125 0.1140625
0 0.2 0.07890625 0.0984375 0.10625
0 0.29375 0.08828125 0.046875 0.0515625
0 0.3453125 0.10078125 0.0296875 0.0390625
0 0.44375 0.11484375 0.1078125 0.084375
0 0.525 0.14609375 0.040625 0.0453125
0 0.60390625 0.1578125 0.0921875 0.0609375
0 0.703125 0.1921875 0.0890625 0.0625
0 0.8015625 0.2171875 0.078125 0.053125
0 0.9140625 0.24453125 0.1234375 0.08125
0 0.99140625 0.26015625 0.0171875 0.0703125
0 0.1828125 0.11015625 0.075 0.065625
0 0.3328125 0.15703125 0.20625 0.140625
0 0.12890625 0.19375 0.0328125 0.0421875
0 0.18125 0.209375 0.06875 0.071875
0 0.28515625 0.23671875 0.140625 0.1203125
0 0.39921875 0.265625 0.0890625 0.053125
0 0.5 0.2984375 0.0921875 0.0578125
0 0.6359375 0.3296875 0.1703125 0.1515625
0 0.75859375 0.346875 0.0671875 0.078125
0 0.8359375 0.3640625 0.096875 0.078125
0 0.91640625 0.3984375 0.065625 0.075
0 0.9671875 0.425 0.065625 0.075
0 0.1703125 0.2703125 0.1953125 0.128125
0 0.0796875 0.353125 0.025 0.0359375
0 0.16796875 0.3640625 0.128125 0.109375
0 0.29765625 0.4078125 0.10625 0.0609375
0 0.4046875 0.4328125 0.096875 0.0734375
0 0.484375 0.44453125 0.0375 0.0375
0 0.56328125 0.465625 0.1109375 0.1
0 0.68671875 0.50078125 0.1328125 0.1234375
0 0.7890625 0.51796875 0.0921875 0.0609375
0 0.90859375 0.53671875 0.125 0.096875
0 0.10546875 0.41796875 0.09375 0.0609375
0 0.2125 0.4375 0.10625 0.084375
0 0.29609375 0.45703125 0.065625 0.065625
0 0.37578125 0.47890625 0.078125 0.090625
0 0.4609375 0.49609375 0.0921875 0.0671875
0 0.58125 0.52109375 0.08125 0.0609375
0 0.67890625 0.55546875 0.1015625 0.103125
0 0.8390625 0.58203125 0.184375 0.0984375
0 0.04296875 0.509375 0.0328125 0.0515625
0 0.09296875 0.51953125 0.0609375 0.0671875
0 0.196875 0.553125 0.1453125 0.1265625
0 0.35390625 0.56875 0.153125 0.10625
0 0.47421875 0.5953125 0.05 0.05625
0 0.5421875 0.61953125 0.0328125 0.0359375
0 0.63046875 0.64375 0.1375 0.134375
0 0.753125 0.66953125 0.0953125 0.0640625
0 0.825 0.675 0.0390625 0.0546875
0 0.8703125 0.68984375 0.034375 0.0375
0 0.91171875 0.7234375 0.0765625 0.0796875
0 0.06953125 0.5609375 0.084375 0.06875
0 0.18828125 0.596875 0.121875 0.0796875
0 0.0078125 0.66015625 0.015625 0.0359375
0 0.11875 0.6921875 0.2109375 0.109375
0 0.2703125 0.72890625 0.0453125 0.05625
0 0.33359375 0.74375 0.0328125 0.0375
0 0.44765625 0.7640625 0.146875 0.125
0 0.55390625 0.7859375 0.0875 0.0625
0 0.66484375 0.8109375 0.109375 0.0703125
0 0.80234375 0.834375 0.1359375 0.0921875
0 0.89453125 0.86640625 0.0578125 0.0875
0 0.02265625 0.725 0.0453125 0.05625
0 0.165625 0.7859375 0.2390625 0.1828125
0 0.3375 0.79453125 0.09375 0.1015625
0 0.4328125 0.8046875 0.0703125 0.0609375
0 0.49453125 0.83125 0.0796875 0.0890625
0 0.57265625 0.834375 0.0390625 0.05625
0 0.65625 0.85234375 0.109375 0.08125