0 0.12421875 0.3359375 0.1125 0.0359375
0 0.2609375 0.365625 0.1390625 0.0515625
0 0.42109375 0.384375 0.1265625 0.0390625
0 0.51796875 0.3984375 0.03125 0.025
0 0.5578125 0.40546875 0.028125 0.0203125
0 0.659375 0.4203125 0.1265625 0.040625
0 0.753125 0.43359375 0.03125 0.021875
0 0.140625 0.36796875 0.1484375 0.0421875
0 0.28359375 0.39453125 0.09375 0.0421875
0 0.353125 0.39765625 0.0203125 0.009375
0 0.42421875 0.41484375 0.1015625 0.0421875
0 0.53359375 0.43125 0.0671875 0.0296875
0 0.1296875 0.39921875 0.140625 0.05
0 0.4015625 0.43515625 0.3296875 0.08125
0 0.58125 0.46171875 0.015625 0.0078125
0 0.64609375 0.475 0.096875 0.034375
0 0.740625 0.4890625 0.0625 0.025
0 0.8578125 0.5125 0.11875 0.04375
0 0.14375 0.42890625 0.1625 0.0453125
0 0.29609375 0.453125 0.10625 0.034375
0 0.36171875 0.4609375 0.0171875 0.00625
0 0.42578125 0.4734375 0.0921875 0.03125
0 0.53046875 0.48671875 0.1 0.03125
0 0.64453125 0.5046875 0.1078125 0.034375
0 0.76640625 0.521875 0.1171875 0.034375
0 0.8984375 0.53828125 0.1109375 0.0390625
0 0.32109375 0.5453125 0.1 0.04375
0 0.4875 0.56953125 0.11875 0.053125
0 0.5890625 0.58046875 0.0515625 0.025
0 0.6375 0.59140625 0.0296875 0.028125
0 0.75078125 0.6140625 0.0796875 0.040625
0 0.4515625 0.5875 0.1359375 0.040625
0 0.57578125 0.59609375 0.0234375 0.015625
0 0.62265625 0.6109375 0.0296875 0.0203125
0 0.45390625 0.61328125 0.1203125 0.040625
0 0.5671875 0.62890625 0.0265625 0.0140625
0 0.6203125 0.6390625 0.0296875 0.021875