0 0.2359375 0.0140625 0.2 0.028125
0 0.41796875 0.01328125 0.0484375 0.0265625
0 0.48046875 0.01640625 0.0578125 0.028125
0 0.5609375 0.02109375 0.090625 0.0421875
0 0.63125 0.0328125 0.0296875 0.028125
0 0.73203125 0.0515625 0.1453125 0.053125
0 0.346875 0.084375 0.309375 0.1078125
0 0.52421875 0.109375 0.01875 0.0171875
0 0.65859375 0.12734375 0.2171875 0.0859375
0 0.78828125 0.14765625 0.01875 0.0140625
0 0.90625 0.16484375 0.1875 0.0671875
0 0.11953125 0.14453125 0.046875 0.0375
0 0.18046875 0.15 0.046875 0.0390625
0 0.2296875 0.14609375 0.0328125 0.0265625
0 0.29609375 0.15625 0.075 0.0375
0 0.39296875 0.1671875 0.0328125 0.028125
0 0.44921875 0.16953125 0.053125 0.0328125
0 0.525 0.18125 0.0765625 0.0296875
0 0.6359375 0.19375 0.1203125 0.059375
0 0.7359375 0.21015625 0.0390625 0.0203125
0 0.8140625 0.2171875 0.0734375 0.034375
0 0.928125 0.228125 0.05625 0.034375
0 0.9890625 0.2390625 0.021875 0.025
0 0.11796875 0.19765625 0.0453125 0.03125
0 0.18046875 0.2015625 0.0421875 0.0390625
0 0.23046875 0.20234375 0.01875 0.0265625
0 0.2546875 0.20859375 0.0171875 0.0140625
0 0.28046875 0.21171875 0.03125 0.0265625
0 0.3671875 0.21171875 0.0609375 0.034375
0 0.57890625 0.240625 0.1234375 0.0546875
0 0.45546875 0.21953125 0.0828125 0.0328125
0 0.696875 0.2484375 0.075 0.0359375
0 0.78125 0.26484375 0.0734375 0.0375
0 0.059375 0.25390625 0.0375 0.0359375
0 0.13203125 0.25625 0.0453125 0.03125
0 0.2046875 0.26328125 0.0796875 0.0359375
0 0.31484375 0.28828125 0.1234375 0.0546875
0 0.465625 0.30234375 0.134375 0.0609375
0 0.59140625 0.30546875 0.0828125 0.0390625
0 0.6859375 0.31875 0.065625 0.0359375
0 0.0546875 0.29453125 0.04375 0.0328125
0 0.14296875 0.29765625 0.0484375 0.0328125
0 0.20234375 0.30546875 0.0375 0.0234375
0 0.2859375 0.31015625 0.08125 0.040625
0 0.37890625 0.3203125 0.06875 0.0328125
0 0.45 0.3328125 0.034375 0.025
0 0.5515625 0.3546875 0.1328125 0.0546875
0 0.73515625 0.36875 0.190625 0.0640625
0 0.0796875 0.371875 0.0515625 0.0375
0 0.246875 0.390625 0.1265625 0.075
0 0.54765625 0.4640625 0.409375 0.125
0 0.21640625 0.56015625 0.0625 0.0546875
0 0.390625 0.5921875 0.125 0.0390625
0 0.13828125 0.60078125 0.078125 0.0390625
0 0.203125 0.61171875 0.01875 0.025
0 0.22578125 0.61640625 0.01875 0.0140625
0 0.25625 0.6203125 0.0265625 0.0265625
0 0.34765625 0.6328125 0.10625 0.0625
0 0.47265625 0.65625 0.134375 0.0515625
0 0.6359375 0.64375 0.04375 0.0359375
0 0.71875 0.64921875 0.1 0.0421875
0 0.7953125 0.66328125 0.040625 0.040625
0 0.8734375 0.67421875 0.1109375 0.04375
0 0.95 0.6796875 0.0296875 0.0265625
0 0.1359375 0.65390625 0.0796875 0.0390625
0 0.20234375 0.66328125 0.0234375 0.028125
0 0.23046875 0.6671875 0.021875 0.0125
0 0.25625 0.6703125 0.0328125 0.0375
0 0.334375 0.68125 0.078125 0.0578125
0 0.4609375 0.69921875 0.11875 0.0640625
0 0.87109375 0.71640625 0.1140625 0.046875
0 0.59453125 0.71796875 0.053125 0.028125
0 0.6734375 0.7234375 0.071875 0.0359375
0 0.73671875 0.73203125 0.0328125 0.0265625
0 0.778125 0.73359375 0.0203125 0.0265625
0 0.79765625 0.73828125 0.0203125 0.0140625
0 0.81875 0.74140625 0.025 0.0234375
0 0.06953125 0.70625 0.0328125 0.034375
0 0.134375 0.71484375 0.04375 0.0375
0 0.21640625 0.72734375 0.0953125 0.0390625
0 0.3703125 0.7359375 0.0484375 0.03125
0 0.45390625 0.7453125 0.078125 0.028125
0 0.56953125 0.76328125 0.1234375 0.0515625
0 0.70546875 0.76953125 0.1328125 0.053125
0 0.084375 0.765625 0.0375 0.034375
0 0.15546875 0.7765625 0.0625 0.0375
0 0.2203125 0.78671875 0.0390625 0.0265625
0 0.2625 0.7921875 0.0359375 0.028125
0 0.32734375 0.7953125 0.0265625 0.028125
0 0.36015625 0.7953125 0.025 0.028125
0 0.46015625 0.80078125 0.140625 0.0515625
0 0.6375 0.83203125 0.159375 0.0578125
0 0.03203125 0.82578125 0.0375 0.034375
0 0.096875 0.84296875 0.0390625 0.03125
0 0.1734375 0.85234375 0.1 0.0671875
0 0.4265625 0.88515625 0.296875 0.096875
0 0.76328125 0.909375 0.3515625 0.103125
0 0.89609375 0.95625 0.1203125 0.046875
0 0.075 0.90859375 0.0671875 0.0359375
0 0.1390625 0.92265625 0.046875 0.040625
0 0.18984375 0.925 0.03125 0.0296875
0 0.23828125 0.93359375 0.0453125 0.0328125
0 0.31796875 0.93828125 0.09375 0.0421875
0 0.3921875 0.9484375 0.0375 0.034375
0 0.4484375 0.95 0.0546875 0.034375
0 0.521875 0.9546875 0.06875 0.0296875
0 0.63125 0.96953125 0.125 0.0453125
0 0.725 0.96953125 0.0546875 0.0390625
0 0.7734375 0.96875 0.028125 0.0296875
0 0.8015625 0.9765625 0.0296875 0.034375
0 0.871875 0.2296875 0.0375 0.028125
0 0.1484375 0.37890625 0.05 0.034375
0 0.37734375 0.52265625 0.025 0.015625
0 0.6984375 0.55546875 0.596875 0.1265625
0 0.15859375 0.559375 0.04375 0.0296875
0 0.26953125 0.57578125 0.034375 0.0390625
0 0.28125 0.740625 0.0109375 0.0125
0 0.853125 0.99140625 0.09375 0.0171875
0 0.12109375 0.95546875 0.0484375 0.0203125
0 0.39375 0.98203125 0.01875 0.0203125