0 0.2828125 0.0609375 0.0640625 0.034375
0 0.52265625 0.0453125 0.1015625 0.0453125
0 0.29609375 0.20234375 0.103125 0.0546875
0 0.49296875 0.18203125 0.0984375 0.0828125
0 0.578125 0.1703125 0.0703125 0.0453125
0 0.6359375 0.165625 0.053125 0.0375
0 0.68984375 0.16015625 0.059375 0.040625
0 0.73359375 0.15390625 0.0296875 0.0453125
0 0.784375 0.15703125 0.0640625 0.0359375
0 0.83828125 0.15546875 0.0640625 0.0421875
0 0.4890625 0.21328125 0.0859375 0.040625
0 0.28984375 0.29453125 0.1015625 0.0578125
0 0.48828125 0.26640625 0.0796875 0.0453125
0 0.559375 0.2609375 0.059375 0.040625
0 0.61953125 0.26875 0.065625 0.065625
0 0.70078125 0.25 0.09375 0.0515625
0 0.30390625 0.38203125 0.103125 0.053125
0 0.50859375 0.3640625 0.1015625 0.078125
0 0.6 0.34609375 0.090625 0.0546875
0 0.69765625 0.3421875 0.1015625 0.040625
0 0.83203125 0.34609375 0.1671875 0.0859375
0 0.309375 0.4765625 0.0921875 0.05625
0 0.51484375 0.44296875 0.090625 0.059375
0 0.60234375 0.446875 0.0765625 0.078125
0 0.69609375 0.425 0.109375 0.053125
0 0.31640625 0.5703125 0.090625 0.05625
0 0.53359375 0.54375 0.1140625 0.09375
0 0.63046875 0.521875 0.096875 0.053125
0 0.73203125 0.51640625 0.09375 0.0359375
0 0.85546875 0.503125 0.140625 0.0953125
0 0.334375 0.665625 0.1046875 0.0578125
0 0.53125 0.63984375 0.0953125 0.08125
0 0.60234375 0.6203125 0.0265625 0.0359375
0 0.653125 0.61328125 0.06875 0.0421875
0 0.7203125 0.6078125 0.065625 0.04375
0 0.7984375 0.6 0.1 0.0453125
0 0.903125 0.5984375 0.1265625 0.071875
0 0.33671875 0.7546875 0.0890625 0.05
0 0.56484375 0.715625 0.15 0.0640625
0 0.6859375 0.7046875 0.071875 0.06875
0 0.7484375 0.703125 0.059375 0.046875
0 0.79140625 0.7 0.0390625 0.0578125
0 0.853125 0.6890625 0.0921875 0.05625
0 0.92578125 0.67734375 0.078125 0.05625
0 0.52421875 0.76328125 0.0546875 0.034375
0 0.5875 0.75546875 0.059375 0.021875
0 0.66484375 0.74453125 0.1 0.0421875
0 0.353125 0.85 0.1078125 0.0546875
0 0.553125 0.8296875 0.0953125 0.065625
0 0.6375 0.81796875 0.084375 0.065625
0 0.71484375 0.796875 0.075 0.040625
0 0.78046875 0.78984375 0.0640625 0.0390625
0 0.8609375 0.7703125 0.1 0.0546875
0 0.94140625 0.75859375 0.0671875 0.0484375
0 0.55 0.8640625 0.0921875 0.053125
0 0.6171875 0.85234375 0.0296875 0.0171875
0 0.690625 0.84140625 0.1140625 0.0515625
0 0.3625 0.94921875 0.10625 0.05625
0 0.5765625 0.92734375 0.1140625 0.0828125
0 0.65078125 0.88984375 0.0359375 0.053125
0 0.703125 0.8875 0.075 0.0546875
0 0.76875 0.9 0.0578125 0.0578125
0 0.83359375 0.86328125 0.0828125 0.0625
0 0.64765625 0.7109375 0.0109375 0.0078125
0 0.61953125 0.62109375 0.00625 0.00625