0 0.23828125 0.1875 0.1953125 0.075
0 0.86953125 0.20234375 0.0453125 0.040625
0 0.2125 0.24375 0.1390625 0.078125
0 0.39375 0.26484375 0.159375 0.06875
0 0.590625 0.278125 0.1828125 0.078125
0 0.75234375 0.28203125 0.084375 0.0671875
0 0.209375 0.3375 0.1171875 0.0625
0 0.35703125 0.3375 0.1203125 0.065625
0 0.45078125 0.3515625 0.0375 0.059375
0 0.5421875 0.36015625 0.1078125 0.0703125
0 0.69140625 0.3734375 0.109375 0.0609375
0 0.83984375 0.3859375 0.1421875 0.078125
0 0.15390625 0.4234375 0.0359375 0.05
0 0.2609375 0.434375 0.14375 0.075
0 0.39296875 0.43046875 0.05625 0.0671875
0 0.53984375 0.4484375 0.159375 0.0703125
0 0.76640625 0.4734375 0.23125 0.1328125
0 0.1921875 0.5171875 0.1171875 0.0640625
0 0.33515625 0.54375 0.1234375 0.0953125
0 0.553125 0.53046875 0.2546875 0.0859375
0 0.2046875 0.8953125 0.1015625 0.0671875