0 0.015625 0.32265625 0.03125 0.0828125
0 0.54140625 0.103125 0.0921875 0.1234375
0 0.18046875 0.271875 0.19375 0.1140625
0 0.33828125 0.23671875 0.1171875 0.084375
0 0.46328125 0.19140625 0.0984375 0.0921875
0 0.6328125 0.19765625 0.2046875 0.1640625
0 0.7875 0.146875 0.128125 0.0921875
0 0.03046875 0.42890625 0.0609375 0.1015625
0 0.18203125 0.40703125 0.1203125 0.0734375
0 0.3265625 0.38046875 0.121875 0.0953125
0 0.5078125 0.3296875 0.1953125 0.0890625
0 0.0375 0.54453125 0.075 0.0921875
0 0.16875 0.51875 0.1015625 0.0984375
0 0.2671875 0.503125 0.059375 0.078125
0 0.35390625 0.47890625 0.1265625 0.0859375
0 0.53046875 0.44296875 0.1859375 0.10625
0 0.06015625 0.67265625 0.0828125 0.1125
0 0.16796875 0.66171875 0.0765625 0.0796875
0 0.28984375 0.6265625 0.1328125 0.121875
0 0.459375 0.58671875 0.25 0.15