0 0.2328125 0.21015625 0.1359375 0.05625
0 0.37578125 0.2234375 0.0703125 0.0484375
0 0.51875 0.2515625 0.146875 0.0953125
0 0.6609375 0.24375 0.0796875 0.0515625
0 0.80390625 0.253125 0.1359375 0.0625
0 0.225 0.359375 0.1515625 0.10625
0 0.3625 0.3734375 0.1015625 0.0734375
0 0.48046875 0.35546875 0.1109375 0.0484375
0 0.6109375 0.359375 0.0890625 0.0421875
0 0.68828125 0.36328125 0.040625 0.0359375
0 0.7859375 0.36875 0.0890625 0.0359375
0 0.25859375 0.52578125 0.2328125 0.096875
0 0.44375 0.509375 0.109375 0.040625
0 0.59921875 0.515625 0.11875 0.046875
0 0.7734375 0.5375 0.175 0.084375
0 0.2046875 0.6765625 0.128125 0.0921875
0 0.3734375 0.6890625 0.146875 0.0953125
0 0.509375 0.67421875 0.1046875 0.04375
0 0.62890625 0.67265625 0.06875 0.053125
0 0.77734375 0.68828125 0.16875 0.0859375
0 0.2015625 0.81484375 0.1515625 0.084375
0 0.340625 0.80703125 0.090625 0.090625
0 0.47421875 0.821875 0.134375 0.096875
0 0.3890625 0.8953125 0.1015625 0.0578125
0 0.5140625 0.896875 0.1078125 0.059375
0 0.67421875 0.90859375 0.1515625 0.0578125