0 0.2453125 0.10390625 0.103125 0.05625
0 0.49609375 0.06640625 0.2 0.053125
0 0.12265625 0.1625 0.0640625 0.0328125
0 0.2796875 0.13359375 0.1921875 0.0703125
0 0.49609375 0.1 0.228125 0.06875
0 0.12578125 0.2078125 0.0578125 0.03125
0 0.2859375 0.1828125 0.153125 0.0625
0 0.5265625 0.14609375 0.0578125 0.03125
0 0.609375 0.13125 0.059375 0.04375
0 0.684375 0.12109375 0.0875 0.05
0 0.14921875 0.25 0.0734375 0.0328125
0 0.22890625 0.23828125 0.0796875 0.025
0 0.634375 0.321875 0.0421875 0.0421875
0 0.571875 0.3921875 0.1421875 0.0625
0 0.72109375 0.275 0.11875 0.0484375
0 0.1359375 0.5171875 0.034375 0.0265625
0 0.1953125 0.50546875 0.08125 0.0296875
0 0.2828125 0.49453125 0.0875 0.034375
0 0.3578125 0.48125 0.0546875 0.0265625
0 0.54921875 0.45703125 0.2875 0.1015625
0 0.7515625 0.41640625 0.115625 0.059375
0 0.1765625 0.56015625 0.0703125 0.0734375
0 0.3640625 0.5375 0.284375 0.1109375
0 0.65390625 0.4890625 0.2390625 0.0671875
0 0.415625 0.56953125 0.0875 0.0328125
0 0.515625 0.5546875 0.109375 0.034375
0 0.20703125 0.6328125 0.1375 0.046875
0 0.4390625 0.6046875 0.2796875 0.0796875
0 0.7 0.5609375 0.2046875 0.065625
0 0.25625 0.66796875 0.1453125 0.0578125
0 0.4234375 0.6390625 0.140625 0.0421875
0 0.553125 0.6171875 0.0640625 0.0296875
0 0.73203125 0.59140625 0.2390625 0.0703125
0 0.1984375 0.71640625 0.034375 0.0265625
0 0.2984375 0.70234375 0.1609375 0.0625
0 0.4984375 0.6671875 0.2296875 0.065625
0 0.659375 0.63984375 0.04375 0.0359375
0 0.82109375 0.62265625 0.2328125 0.078125
0 0.29140625 0.74609375 0.2421875 0.0703125
0 0.446875 0.7203125 0.0625 0.034375
0 0.5296875 0.70859375 0.084375 0.0375
0 0.66171875 0.69140625 0.1796875 0.071875
0 0.834375 0.66328125 0.1265625 0.053125
0 0.2203125 0.796875 0.103125 0.053125
0 0.4125 0.7703125 0.2453125 0.071875
0 0.5859375 0.73671875 0.046875 0.0296875
0 0.6921875 0.71875 0.1234375 0.0453125
0 0.78515625 0.7046875 0.0390625 0.0296875
0 0.2875 0.83359375 0.2078125 0.0640625
0 0.42890625 0.8046875 0.0703125 0.0328125
0 0.56640625 0.7796875 0.1796875 0.059375
0 0.71796875 0.75625 0.103125 0.04375
0 0.828125 0.74140625 0.0484375 0.040625
0 0.30625 0.86640625 0.196875 0.05625
0 0.48359375 0.8359375 0.1203125 0.0453125
0 0.58984375 0.821875 0.084375 0.0453125
0 0.76484375 0.796875 0.215625 0.065625
0 0.28984375 0.9125 0.1921875 0.071875
0 0.453125 0.88828125 0.109375 0.05
0 0.62265625 0.85859375 0.2 0.065625
0 0.75 0.83046875 0.053125 0.03125
0 0.8421875 0.8171875 0.1171875 0.04375
0 0.2390625 0.94921875 0.0859375 0.04375
0 0.36796875 0.93125 0.1390625 0.046875
0 0.50234375 0.91015625 0.0984375 0.0359375
0 0.59375 0.8953125 0.053125 0.028125
0 0.725 0.87421875 0.196875 0.0546875
0 0.8765625 0.85078125 0.0859375 0.0390625
0 0.5359375 0.93984375 0.265625 0.071875
0 0.1265625 0.37578125 0.11875 0.0890625
0 0.2296875 0.36171875 0.10625 0.0921875
0 0.321875 0.365625 0.103125 0.1046875
0 0.421875 0.34296875 0.15 0.128125
0 0.525 0.31484375 0.1921875 0.1171875
0 0.359375 0.08671875 0.05 0.0296875
0 0.17265625 0.2875 0.096875 0.0609375
0 0.3109375 0.26484375 0.121875 0.0859375
0 0.16953125 0.40859375 0.0421875 0.046875
0 0.37265625 0.3765625 0.059375 0.0515625
0 0.571875 0.34609375 0.05 0.046875
0 0.73125 0.32265625 0.046875 0.0453125
0 0.775 0.90078125 0.1703125 0.0640625