0 0.3171875 0.12890625 0.0875 0.0390625
0 0.5359375 0.1203125 0.1765625 0.0296875
0 0.20859375 0.1671875 0.0578125 0.025
0 0.3078125 0.16875 0.1125 0.028125
0 0.203125 0.20390625 0.053125 0.0234375
0 0.3296875 0.20859375 0.1203125 0.046875
0 0.55390625 0.19609375 0.0515625 0.0265625
0 0.6765625 0.19453125 0.115625 0.03125
0 0.2203125 0.24140625 0.0671875 0.0265625
0 0.28984375 0.24140625 0.071875 0.0265625
0 0.35390625 0.28828125 0.06875 0.021875
0 0.52265625 0.28828125 0.046875 0.0234375
0 0.16640625 0.46484375 0.0296875 0.0203125
0 0.22109375 0.46171875 0.075 0.021875
0 0.30234375 0.4625 0.0796875 0.025
0 0.3703125 0.45859375 0.0515625 0.021875
0 0.4453125 0.465625 0.0734375 0.0296875
0 0.59375 0.47109375 0.0625 0.0421875
0 0.72265625 0.45625 0.1171875 0.0546875
0 0.259375 0.51171875 0.1828125 0.034375
0 0.48515625 0.50703125 0.1140625 0.0296875
0 0.60703125 0.50625 0.053125 0.0203125
0 0.6796875 0.5046875 0.0375 0.01875
0 0.75859375 0.49921875 0.046875 0.0234375
0 0.4109375 0.54140625 0.0828125 0.0203125
0 0.503125 0.5390625 0.1015625 0.0234375
0 0.19296875 0.575 0.1125 0.0390625
0 0.34140625 0.58125 0.08125 0.0296875
0 0.46640625 0.57890625 0.0890625 0.028125
0 0.578125 0.57421875 0.040625 0.021875
0 0.7 0.575 0.0796875 0.0375
0 0.134375 0.62265625 0.03125 0.0234375
0 0.290625 0.6171875 0.1796875 0.03125
0 0.5296875 0.62109375 0.1984375 0.040625
0 0.6734375 0.61640625 0.0515625 0.025
0 0.7703125 0.61328125 0.0734375 0.0296875
0 0.16640625 0.66171875 0.096875 0.0359375
0 0.3015625 0.66015625 0.0484375 0.025
0 0.4171875 0.6578125 0.0984375 0.040625
0 0.56015625 0.6578125 0.140625 0.0328125
0 0.128125 0.70703125 0.0375 0.03125
0 0.25390625 0.71875 0.121875 0.0390625
0 0.390625 0.71015625 0.1078125 0.0296875
0 0.50859375 0.70703125 0.0625 0.025
0 0.63828125 0.7078125 0.1203125 0.034375
0 0.76875 0.71015625 0.078125 0.028125
0 0.19375 0.7609375 0.159375 0.0390625
0 0.396875 0.75703125 0.1546875 0.0375
0 0.56015625 0.75546875 0.1046875 0.0296875
0 0.1203125 0.8 0.0484375 0.025
0 0.1671875 0.8 0.040625 0.0296875
0 0.24921875 0.80078125 0.06875 0.0265625
0 0.39609375 0.803125 0.1390625 0.0375
0 0.528125 0.8 0.0515625 0.0296875
0 0.67265625 0.79296875 0.18125 0.0546875
0 0.10859375 0.8359375 0.04375 0.0265625
0 0.20859375 0.84140625 0.125 0.0296875
0 0.340625 0.846875 0.05 0.0265625
0 0.44375 0.8421875 0.0921875 0.021875
0 0.559375 0.834375 0.1265625 0.03125
0 0.11640625 0.8796875 0.059375 0.025
0 0.20234375 0.88046875 0.0953125 0.0375
0 0.33046875 0.87890625 0.084375 0.028125
0 0.45625 0.875 0.0828125 0.0328125
0 0.56640625 0.86953125 0.0765625 0.0296875
0 0.6609375 0.8734375 0.04375 0.021875
0 0.7625 0.86640625 0.1515625 0.0359375
0 0.4171875 0.125 0.040625 0.021875