0 0.296875 0.021875 0.103125 0.04375
0 0.475 0.04765625 0.2125 0.0953125
0 0.66796875 0.0609375 0.14375 0.0640625
0 0.20390625 0.07578125 0.115625 0.0703125
0 0.29765625 0.0890625 0.0234375 0.021875
0 0.3765625 0.09296875 0.115625 0.0515625
0 0.553125 0.12109375 0.109375 0.0578125
0 0.68046875 0.13828125 0.11875 0.059375
0 0.1796875 0.11640625 0.096875 0.0515625
0 0.25234375 0.12265625 0.0328125 0.01875
0 0.41015625 0.1390625 0.284375 0.0734375
0 0.5671875 0.16640625 0.0265625 0.0125
0 0.64296875 0.178125 0.1046875 0.053125
0 0.7609375 0.184375 0.121875 0.065625
0 0.1578125 0.15078125 0.075 0.053125
0 0.2234375 0.16015625 0.0265625 0.015625
0 0.2828125 0.16171875 0.0640625 0.0421875
0 0.3546875 0.16875 0.08125 0.0453125
0 0.41640625 0.18203125 0.021875 0.0171875
0 0.5 0.190625 0.10625 0.0640625
0 0.63984375 0.2140625 0.171875 0.0671875
0 0.76953125 0.2265625 0.06875 0.0421875
0 0.8953125 0.24375 0.1890625 0.075
0 0.18359375 0.196875 0.146875 0.053125
0 0.2640625 0.19921875 0.01875 0.015625
0 0.3109375 0.2 0.05625 0.0421875
0 0.36875 0.2046875 0.05625 0.04375
0 0.46875 0.2265625 0.146875 0.0703125
0 0.565625 0.2359375 0.0234375 0.0125
0 0.640625 0.246875 0.109375 0.0484375
0 0.77890625 0.2671875 0.1359375 0.05
0 0.90234375 0.2875 0.0984375 0.0515625
0 0.1375 0.2296875 0.078125 0.04375
0 0.22109375 0.24375 0.0734375 0.046875
0 0.328125 0.23984375 0.125 0.0609375
0 0.43671875 0.25546875 0.090625 0.0484375
0 0.4875 0.27109375 0.0234375 0.0140625
0 0.575 0.2796875 0.1453125 0.075
0 0.66875 0.290625 0.028125 0.0140625
0 0.73515625 0.29765625 0.11875 0.0546875
0 0.8625 0.31796875 0.121875 0.0453125
0 0.959375 0.3296875 0.08125 0.040625
0 0.14375 0.2703125 0.1265625 0.0671875
0 0.21875 0.2703125 0.021875 0.0171875
0 0.2953125 0.27734375 0.1265625 0.053125
0 0.39765625 0.28984375 0.0734375 0.034375
0 0.503125 0.3078125 0.1546875 0.0734375
0 0.63828125 0.32265625 0.1125 0.053125
0 0.58671875 0.32890625 0.0125 0.0171875
0 0.73515625 0.34140625 0.0921875 0.059375
0 0.921875 0.365625 0.1328125 0.05625
0 0.8125 0.35 0.071875 0.0484375
0 0.13671875 0.29765625 0.071875 0.046875
0 0.2703125 0.3 0.1703125 0.071875
0 0.3671875 0.33125 0.0078125 0.0078125
0 0.384375 0.32109375 0.03125 0.0109375
0 0.42734375 0.33203125 0.0375 0.0328125
0 0.49296875 0.34140625 0.046875 0.034375
0 0.45625 0.33828125 0.0328125 0.028125
0 0.6125 0.35234375 0.16875 0.0640625
0 0.775 0.378125 0.134375 0.05625
0 0.184375 0.33984375 0.1734375 0.075
0 0.315625 0.35546875 0.034375 0.0171875
0 0.3984375 0.3671875 0.1015625 0.0421875
0 0.4890625 0.38203125 0.0890625 0.05
0 0.696875 0.40546875 0.1421875 0.0578125
0 0.60546875 0.3953125 0.01875 0.0078125
0 0.12421875 0.38359375 0.06875 0.0578125
0 0.2328125 0.378125 0.1140625 0.059375
0 0.32265625 0.39453125 0.0203125 0.0125
0 0.4 0.39921875 0.096875 0.0609375
0 0.46328125 0.41875 0.04375 0.0421875
0 0.52109375 0.425 0.0734375 0.0625
0 0.584375 0.43828125 0.0140625 0.0078125
0 0.70546875 0.440625 0.175 0.0671875
0 0.1734375 0.4125 0.2109375 0.075
0 0.31640625 0.43125 0.025 0.0109375
0 0.40078125 0.4421875 0.084375 0.04375
0 0.48046875 0.45625 0.0359375 0.015625
0 0.59375 0.46953125 0.15625 0.078125
0 0.74140625 0.4890625 0.134375 0.053125
0 0.83984375 0.48671875 0.075 0.034375
0 0.93828125 0.48671875 0.1234375 0.0640625
0 0.9046875 0.51328125 0.1390625 0.05
0 0.125 0.4484375 0.1328125 0.071875
0 0.2578125 0.45625 0.1265625 0.0640625
0 0.340625 0.47421875 0.0265625 0.0109375
0 0.40078125 0.48125 0.0859375 0.04375
0 0.5140625 0.48671875 0.1328125 0.0671875
0 0.596875 0.50625 0.0265625 0.0109375
0 0.70078125 0.5125 0.1640625 0.065625
0 0.1453125 0.496875 0.1578125 0.078125
0 0.3328125 0.5046875 0.1890625 0.0703125
0 0.44609375 0.53203125 0.034375 0.015625
0 0.5390625 0.53984375 0.15 0.0734375
0 0.70546875 0.56640625 0.18125 0.0703125
0 0.809375 0.575 0.0265625 0.0140625
0 0.875 0.58203125 0.1140625 0.0484375
0 0.1578125 0.5296875 0.184375 0.08125
0 0.30625 0.5390625 0.103125 0.0578125
0 0.38203125 0.56640625 0.0078125 0.0078125
0 0.11796875 0.55546875 0.1234375 0.053125
0 0.25546875 0.57734375 0.0890625 0.065625
0 0.334375 0.58984375 0.021875 0.0109375
0 0.396875 0.60078125 0.0796875 0.034375
0 0.48359375 0.60859375 0.06875 0.0578125
0 0.5484375 0.6203125 0.0125 0.00625
0 0.1015625 0.59140625 0.0859375 0.05625
0 0.19921875 0.60078125 0.090625 0.0625
0 0.2671875 0.61953125 0.0234375 0.0125
0 0.375 0.63828125 0.171875 0.0625
0 0.5015625 0.6515625 0.03125 0.015625
0 0.5890625 0.65859375 0.140625 0.059375
0 0.1015625 0.628125 0.103125 0.0578125
0 0.2 0.6453125 0.0796875 0.05
0 0.2578125 0.659375 0.0171875 0.0109375
0 0.37578125 0.67890625 0.1859375 0.0703125
0 0.49375 0.6921875 0.021875 0.0078125
0 0.58125 0.6953125 0.134375 0.0609375