0 0.13359375 0.33671875 0.1046875 0.0609375
0 0.2 0.3234375 0.0265625 0.05
0 0.22890625 0.325 0.0375 0.0609375
0 0.0859375 0.4609375 0.059375 0.0609375
0 0.17109375 0.48828125 0.06875 0.078125
0 0.28125 0.47265625 0.128125 0.096875
0 0.39765625 0.48203125 0.0703125 0.084375
0 0.465625 0.4421875 0.0640625 0.0765625
0 0.5484375 0.43125 0.078125 0.06875
0 0.63125 0.44921875 0.046875 0.0921875
0 0.6875 0.43984375 0.0359375 0.059375
0 0.7578125 0.43671875 0.0703125 0.0859375
0 0.8359375 0.43125 0.0484375 0.0515625
0 0.9296875 0.45 0.109375 0.08125
0 0.0953125 0.56484375 0.134375 0.0625
0 0.22578125 0.559375 0.0828125 0.0640625
0 0.31875 0.5859375 0.0765625 0.08125
0 0.54609375 0.53828125 0.0265625 0.0390625
0 0.62421875 0.54375 0.0796875 0.0765625
0 0.753125 0.525 0.128125 0.0703125
0 0.44609375 0.5609375 0.134375 0.0875
0 0.86171875 0.53828125 0.0578125 0.0671875
0 0.93203125 0.5109375 0.0640625 0.065625
0 0.065625 0.659375 0.0484375 0.0484375
0 0.1546875 0.6625 0.0875 0.0875
0 0.246875 0.67109375 0.0515625 0.075
0 0.3625 0.66796875 0.14375 0.0921875
0 0.49375 0.65 0.0953125 0.103125
0 0.57890625 0.64296875 0.0328125 0.04375
0 0.69765625 0.6296875 0.15 0.0796875
0 0.809375 0.62421875 0.065625 0.071875
0 0.8796875 0.60390625 0.0578125 0.0640625
0 0.13671875 0.74375 0.1546875 0.0890625