0 0.1328125 0.0859375 0.065625 0.025
0 0.17578125 0.0859375 0.00625 0.0234375
0 0.2078125 0.08671875 0.0421875 0.0234375
0 0.2765625 0.0875 0.084375 0.0234375
0 0.34140625 0.08828125 0.028125 0.025
0 0.20078125 0.15625 0.14375 0.040625
0 0.153125 0.25546875 0.0625 0.021875
0 0.1921875 0.25234375 0.0046875 0.015625
0 0.21953125 0.253125 0.0359375 0.0171875
0 0.28203125 0.25859375 0.078125 0.021875
0 0.34921875 0.2546875 0.053125 0.01875
0 0.209375 0.30625 0.203125 0.05
0 0.18046875 0.36484375 0.1625 0.0375
0 0.32578125 0.3734375 0.053125 0.015625
0 0.478125 0.3875 0.1875 0.05
0 0.6921875 0.38359375 0.175 0.040625
0 0.4015625 0.415625 0.0453125 0.021875
0 0.4875 0.42265625 0.0453125 0.0234375
0 0.59765625 0.428125 0.0375 0.021875
0 0.709375 0.43359375 0.1171875 0.021875
0 0.409375 0.45546875 0.0875 0.03125
0 0.6453125 0.4765625 0.24375 0.046875
0 0.184375 0.5515625 0.1890625 0.040625
0 0.33515625 0.559375 0.053125 0.01875
0 0.40625 0.55625 0.0453125 0.021875
0 0.54453125 0.5671875 0.11875 0.04375
0 0.65234375 0.56640625 0.0390625 0.0203125
0 0.43828125 0.61328125 0.109375 0.025
0 0.63671875 0.621875 0.2015625 0.034375
0 0.796875 0.62421875 0.1 0.0296875
0 0.43125 0.65234375 0.04375 0.028125
0 0.54453125 0.6546875 0.1125 0.0375
0 0.17734375 0.690625 0.175 0.034375
0 0.18046875 0.73125 0.1875 0.0375
0 0.41796875 0.72265625 0.20625 0.0375
0 0.14375 0.7828125 0.040625 0.034375
0 0.20546875 0.78671875 0.0765625 0.0390625
0 0.26171875 0.78515625 0.015625 0.0046875
0 0.30234375 0.7859375 0.0328125 0.021875
0 0.58515625 0.790625 0.2125 0.028125
0 0.75390625 0.79921875 0.0453125 0.0234375
0 0.55078125 0.821875 0.14375 0.028125
0 0.72734375 0.828125 0.121875 0.021875
0 0.07734375 0.83828125 0.015625 0.0078125
0 0.11953125 0.8390625 0.05625 0.021875
0 0.178125 0.840625 0.053125 0.028125
0 0.225 0.83984375 0.0171875 0.0046875
0 0.30234375 0.84375 0.11875 0.034375
0 0.5171875 0.8515625 0.1015625 0.034375
0 0.6796875 0.859375 0.090625 0.0375
0 0.5515625 0.8890625 0.15625 0.028125
0 0.72421875 0.89375 0.13125 0.028125
0 0.43203125 0.7859375 0.021875 0.01875