0 0.246875 0.05546875 0.171875 0.084375
0 0.403125 0.08984375 0.134375 0.075
0 0.49140625 0.11015625 0.028125 0.0328125
0 0.603125 0.12421875 0.190625 0.0875
0 0.825 0.1703125 0.2578125 0.1109375
0 0.28359375 0.1734375 0.134375 0.0953125
0 0.36171875 0.20546875 0.040625 0.0390625
0 0.43125 0.2234375 0.1078125 0.084375
0 0.578125 0.24140625 0.1890625 0.0890625
0 0.703125 0.2625 0.04375 0.0421875
0 0.75 0.27890625 0.0421875 0.0359375
0 0.27265625 0.24609375 0.1515625 0.08125
0 0.36796875 0.26953125 0.0484375 0.0578125
0 0.44921875 0.2890625 0.10625 0.0640625
0 0.58984375 0.309375 0.1703125 0.0875
0 0.73125 0.33203125 0.11875 0.065625
0 0.22734375 0.28359375 0.0921875 0.059375
0 0.346875 0.31484375 0.146875 0.071875
0 0.55078125 0.3640625 0.2484375 0.09375
0 0.20078125 0.35859375 0.1046875 0.0671875
0 0.3234375 0.38359375 0.121875 0.0640625
0 0.50625 0.4359375 0.2359375 0.115625
0 0.71015625 0.4765625 0.1765625 0.1
0 0.2109375 0.43359375 0.1328125 0.065625
0 0.3109375 0.45625 0.0515625 0.0515625
0 0.4015625 0.47421875 0.1140625 0.05625
0 0.534375 0.50625 0.134375 0.0640625
0 0.69375 0.54609375 0.1765625 0.0859375
0 0.63125 0.621875 0.096875 0.0625
0 0.746875 0.63984375 0.1421875 0.0734375
0 0.15 0.03203125 0.0296875 0.0359375