0 0.76171875 0.1140625 0.109375 0.0671875
0 0.87578125 0.11953125 0.1140625 0.0765625
0 0.43671875 0.13828125 0.1484375 0.1484375
0 0.58359375 0.20625 0.1453125 0.1328125
0 0.6921875 0.1953125 0.0328125 0.0296875
0 0.76328125 0.19765625 0.1203125 0.078125
0 0.896875 0.21640625 0.1125 0.0984375
0 0.4640625 0.36953125 0.14375 0.04375
0 0.55234375 0.38515625 0.0296875 0.021875
0 0.6109375 0.3921875 0.0796875 0.046875
0 0.67890625 0.41484375 0.0578125 0.05
0 0.7375 0.40859375 0.059375 0.0421875
0 0.7984375 0.41171875 0.05625 0.0359375
0 0.8484375 0.4234375 0.0609375 0.0421875
0 0.48125 0.42734375 0.0109375 0.025
0 0.54453125 0.43671875 0.115625 0.0515625
0 0.61875 0.44765625 0.0296875 0.021875
0 0.71015625 0.45625 0.1421875 0.0421875
0 0.4671875 0.53359375 0.1171875 0.04375
0 0.58046875 0.55078125 0.10625 0.0578125
0 0.659375 0.56015625 0.046875 0.03125
0 0.709375 0.5671875 0.05 0.03125
0 0.78046875 0.575 0.084375 0.0375
0 0.51015625 0.59609375 0.040625 0.0328125
0 0.55078125 0.6015625 0.0390625 0.03125
0 0.62109375 0.615625 0.0921875 0.0453125
0 0.7 0.6203125 0.0546875 0.0328125
0 0.38515625 0.65234375 0.1109375 0.0640625
0 0.52109375 0.65859375 0.0921875 0.0859375
0 0.60078125 0.671875 0.053125 0.0515625
0 0.6828125 0.7015625 0.09375 0.096875
0 0.79609375 0.70234375 0.0890625 0.078125
0 0.3296875 0.73203125 0.1078125 0.1171875
0 0.46484375 0.75234375 0.10625 0.0765625
0 0.63046875 0.7703125 0.196875 0.0921875
0 0.7921875 0.78359375 0.1234375 0.0765625
0 0.325 0.77109375 0.0875 0.0671875
0 0.41484375 0.79765625 0.0796875 0.103125
0 0.534375 0.80859375 0.134375 0.0921875
0 0.66875 0.78828125 0.1453125 0.096875
0 0.49375 0.8359375 0.2296875 0.1265625
0 0.66015625 0.87265625 0.121875 0.0828125
0 0.81796875 0.89140625 0.196875 0.1015625
0 0.37109375 0.909375 0.1578125 0.1
0 0.4921875 0.90546875 0.040625 0.0328125
0 0.590625 0.909375 0.1375 0.0875