0 0.16171875 0.60703125 0.25 0.09375
0 0.1953125 0.1671875 0.225 0.0890625
0 0.109375 0.3984375 0.1953125 0.0953125
0 0.50859375 0.57421875 0.2078125 0.0828125
0 0.65390625 0.24921875 0.159375 0.090625
0 0.0953125 0.29296875 0.1875 0.0796875
0 0.8609375 0.2234375 0.1765625 0.0921875
0 0.84609375 0.31796875 0.1828125 0.0765625
0 0.621875 0.415625 0.1625 0.1
0 0.078125 0.225 0.15625 0.06875
0 0.7015625 0.534375 0.1953125 0.0734375
0 0.22421875 0.53984375 0.2046875 0.06875
0 0.18125 0.4921875 0.175 0.0703125
0 0.353125 0.58828125 0.1515625 0.084375
0 0.26875 0.36171875 0.1265625 0.0703125
0 0.84609375 0.4078125 0.1328125 0.078125
0 0.27890625 0.2796875 0.1703125 0.0640625
0 0.08125 0.3515625 0.1375 0.0765625
0 0.52734375 0.3625 0.103125 0.065625
0 0.56796875 0.1125 0.1578125 0.06875
0 0.39453125 0.5140625 0.16875 0.0640625
0 0.61875 0.34453125 0.0890625 0.078125
0 0.04375 0.17734375 0.0875 0.0796875
0 0.27890625 0.2046875 0.1375 0.05625
0 0.71015625 0.33203125 0.0859375 0.071875
0 0.73828125 0.40859375 0.0953125 0.08125
0 0.37265625 0.36328125 0.0984375 0.0625
0 0.409375 0.25703125 0.1171875 0.0515625
0 0.44296875 0.13203125 0.09375 0.053125
0 0.27734375 0.6390625 0.15 0.0375
0 0.83828125 0.1015625 0.084375 0.05625
0 0.1578125 0.440625 0.1078125 0.053125
0 0.9421875 0.36484375 0.0890625 0.0578125
0 0.3453125 0.1359375 0.0953125 0.05625
0 0.11171875 0.10625 0.1109375 0.0359375
0 0.34765625 0.43125 0.128125 0.040625
0 0.525 0.24921875 0.0953125 0.053125
0 0.6796875 0.109375 0.078125 0.0578125
0 0.06484375 0.45390625 0.0875 0.0515625
0 0.08203125 0.546875 0.1015625 0.046875
0 0.5921875 0.81796875 0.0921875 0.0359375
0 0.24765625 0.43125 0.0828125 0.0546875
0 0.065625 0.496875 0.0828125 0.05
0 0.10859375 0.87109375 0.1015625 0.0359375
0 0.45 0.42265625 0.0828125 0.040625
0 0.5578125 0.50234375 0.0625 0.046875
0 0.02734375 0.115625 0.0546875 0.034375
0 0.75390625 0.115625 0.08125 0.0359375
0 0.190625 0.215625 0.0578125 0.0453125
0 0.75625 0.2265625 0.059375 0.05625
0 0.44453125 0.35859375 0.0546875 0.04375
0 0.90625 0.09375 0.0421875 0.0609375
0 0.134375 0.653125 0.0671875 0.03125
0 0.284375 0.853125 0.06875 0.0296875
0 0.51328125 0.8265625 0.0625 0.03125
0 0.52578125 0.4125 0.0625 0.0484375
0 0.0671875 0.66171875 0.0640625 0.0296875
0 0.50078125 0.50546875 0.0609375 0.0484375
0 0.21640625 0.8609375 0.0625 0.028125
0 0.38046875 0.84140625 0.05625 0.028125
0 0.45703125 0.8328125 0.0453125 0.025
0 0.3359375 0.85 0.0296875 0.03125
0 0.1859375 0.65234375 0.028125 0.03125
0 0.1703125 0.86328125 0.0234375 0.0296875
0 0.421875 0.83671875 0.021875 0.025