0 0.06640625 0.1234375 0.028125 0.03125
0 0.31328125 0.08515625 0.0515625 0.0421875
0 0.55390625 0.05625 0.05625 0.04375
0 0.6015625 0.05 0.0203125 0.0140625
0 0.69921875 0.03671875 0.1640625 0.059375
0 0.82265625 0.0328125 0.0640625 0.0328125
0 0.89453125 0.040625 0.0578125 0.0390625
0 0.89296875 0.075 0.046875 0.034375
0 0.15859375 0.1609375 0.165625 0.0578125
0 0.46875 0.1234375 0.390625 0.078125
0 0.7734375 0.09921875 0.1671875 0.05625
0 0.11015625 0.225 0.0421875 0.0234375
0 0.33984375 0.20390625 0.065625 0.040625
0 0.40078125 0.19140625 0.025 0.021875
0 0.46953125 0.18125 0.08125 0.03125
0 0.59140625 0.16953125 0.1125 0.0328125
0 0.68515625 0.159375 0.046875 0.025
0 0.73359375 0.159375 0.03125 0.0265625
0 0.77421875 0.15859375 0.034375 0.025
0 0.85 0.16015625 0.0890625 0.053125
0 0.07109375 0.26484375 0.096875 0.0328125
0 0.14296875 0.25390625 0.0203125 0.021875
0 0.18828125 0.24609375 0.046875 0.0296875
0 0.24140625 0.246875 0.04375 0.0265625
0 0.309375 0.22734375 0.05625 0.0328125
0 0.3625 0.22734375 0.0296875 0.021875
0 0.4015625 0.2234375 0.0328125 0.025
0 0.4734375 0.2140625 0.0765625 0.0421875
0 0.5796875 0.20546875 0.090625 0.028125
0 0.671875 0.19296875 0.08125 0.040625
0 0.7875 0.1953125 0.121875 0.034375
0 0.11484375 0.2921875 0.0421875 0.040625
0 0.18515625 0.2828125 0.0734375 0.0265625
0 0.25234375 0.2765625 0.034375 0.0234375
0 0.32265625 0.2640625 0.0734375 0.0328125
0 0.5640625 0.25078125 0.3859375 0.075
0 0.12734375 0.34609375 0.0703125 0.0359375
0 0.1921875 0.3390625 0.0484375 0.03125
0 0.25703125 0.33359375 0.0625 0.03125
0 0.31328125 0.32890625 0.0296875 0.025
0 0.4421875 0.31328125 0.2046875 0.0703125
0 0.14453125 0.384375 0.0671875 0.025
0 0.24453125 0.378125 0.0828125 0.034375
0 0.38359375 0.3625 0.134375 0.0390625
0 0.1359375 0.446875 0.0609375 0.034375
0 0.20390625 0.44375 0.065625 0.03125
0 0.2765625 0.4375 0.0640625 0.025
0 0.33203125 0.43046875 0.0328125 0.0265625
0 0.4015625 0.42109375 0.075 0.0375
0 0.51640625 0.41328125 0.140625 0.05
0 0.68125 0.40625 0.1015625 0.0421875
0 0.84375 0.39453125 0.2046875 0.0609375
0 0.1765625 0.48671875 0.1296875 0.0453125
0 0.2859375 0.4734375 0.05 0.03125
0 0.3546875 0.46875 0.0671875 0.025
0 0.415625 0.46875 0.028125 0.0234375
0 0.4671875 0.4625 0.0421875 0.0203125
0 0.628125 0.45234375 0.1046875 0.040625
0 0.72578125 0.44140625 0.0703125 0.0375
0 0.790625 0.4375 0.040625 0.0390625
0 0.07265625 0.5640625 0.0375 0.0296875
0 0.20703125 0.55390625 0.13125 0.04375
0 0.3875 0.54296875 0.1734375 0.04375
0 0.60390625 0.52578125 0.1859375 0.04375
0 0.84609375 0.5125 0.1875 0.0609375
0 0.16796875 0.59140625 0.0515625 0.0265625
0 0.23984375 0.58671875 0.078125 0.0296875
0 0.3234375 0.5828125 0.0640625 0.0296875
0 0.40546875 0.57421875 0.0453125 0.034375
0 0.4953125 0.578125 0.084375 0.05
0 0.64921875 0.5671875 0.1734375 0.053125
0 0.790625 0.5609375 0.053125 0.0484375
0 0.840625 0.5484375 0.0375 0.03125
0 0.89453125 0.5484375 0.0359375 0.03125
0 0.2484375 0.62421875 0.2421875 0.053125
0 0.4453125 0.61875 0.1109375 0.0515625
0 0.540625 0.60859375 0.03125 0.028125
0 0.58828125 0.60859375 0.0546875 0.0265625
0 0.6546875 0.60390625 0.0609375 0.034375
0 0.765625 0.58984375 0.090625 0.0390625
0 0.278125 0.66484375 0.278125 0.053125
0 0.26953125 0.70703125 0.2578125 0.0640625
0 0.50546875 0.7015625 0.1578125 0.05625
0 0.71484375 0.6890625 0.1796875 0.05
0 0.86484375 0.67734375 0.08125 0.0390625
0 0.921875 0.67734375 0.0265625 0.028125
0 0.95859375 0.67109375 0.03125 0.028125
0 0.79609375 0.73125 0.1140625 0.0359375
0 0.8859375 0.725 0.025 0.0265625
0 0.93125 0.71796875 0.0515625 0.0328125
0 0.98203125 0.71953125 0.0234375 0.0296875
0 0.1078125 0.79375 0.134375 0.0578125
0 0.22578125 0.78671875 0.0796875 0.0359375
0 0.3875 0.77578125 0.178125 0.046875
0 0.3234375 0.8296875 0.3203125 0.0765625
0 0.56484375 0.81875 0.1421875 0.0453125
0 0.18984375 0.909375 0.05625 0.0390625
0 0.415625 0.909375 0.3296875 0.084375
0 0.74609375 0.8984375 0.2515625 0.0515625
0 0.028125 0.56796875 0.046875 0.0375
0 0.0796875 0.0859375 0.0328125 0.0125
0 0.115625 0.1171875 0.053125 0.0359375
0 0.14921875 0.11640625 0.0140625 0.0140625
0 0.2078125 0.096875 0.0953125 0.053125
0 0.35546875 0.08125 0.01875 0.0140625
0 0.43203125 0.06953125 0.1359375 0.059375
0 0.61328125 0.3046875 0.1140625 0.0515625
0 0.5234375 0.45859375 0.0546875 0.028125
0 0.7265625 0.53125 0.0046875 0.009375
0 0.21796875 0.21015625 0.153125 0.046875