0 0.5859375 0.1234375 0.0625 0.0265625
0 0.83671875 0.06875 0.04375 0.021875
0 0.0921875 0.26640625 0.084375 0.0296875
0 0.1828125 0.24453125 0.071875 0.028125
0 0.25078125 0.2296875 0.0578125 0.021875
0 0.06796875 0.2984375 0.0375 0.0171875
0 0.11171875 0.28828125 0.028125 0.01875
0 0.15703125 0.27734375 0.0375 0.01875
0 0.21171875 0.265625 0.053125 0.0234375
0 0.3015625 0.24375 0.1078125 0.0359375
0 0.43125 0.21484375 0.084375 0.0296875
0 0.52109375 0.19765625 0.084375 0.0359375
0 0.07890625 0.32421875 0.040625 0.0203125
0 0.12265625 0.31328125 0.03125 0.01875
0 0.20859375 0.2921875 0.125 0.0390625
0 0.3515625 0.26171875 0.09375 0.034375
0 0.47265625 0.234375 0.1328125 0.040625
0 0.12734375 0.33828125 0.1328125 0.0421875
0 0.2390625 0.31484375 0.071875 0.028125
0 0.29609375 0.30078125 0.0265625 0.015625
0 0.3453125 0.2921875 0.0546875 0.021875
0 0.415625 0.275 0.065625 0.021875
0 0.103125 0.371875 0.071875 0.0265625
0 0.16484375 0.3578125 0.028125 0.015625
0 0.20625 0.34921875 0.0421875 0.01875
0 0.259375 0.3375 0.0390625 0.01875
0 0.3046875 0.328125 0.0328125 0.0203125
0 0.35703125 0.315625 0.0578125 0.025
0 0.13359375 0.45078125 0.1640625 0.0515625
0 0.2625 0.421875 0.0671875 0.0265625
0 0.33984375 0.40703125 0.0875 0.03125
0 0.15546875 0.475 0.1828125 0.0578125
0 0.32421875 0.43671875 0.1296875 0.0453125
0 0.1046875 0.51640625 0.0984375 0.0375
0 0.203125 0.49375 0.0828125 0.03125
0 0.2734375 0.47734375 0.0546875 0.025
0 0.32265625 0.46484375 0.03125 0.0203125
0 0.37578125 0.45546875 0.0765625 0.03125
0 0.4890625 0.43203125 0.09375 0.034375
0 0.56875 0.4171875 0.0453125 0.0234375
0 0.10703125 0.5453125 0.0875 0.03125
0 0.13828125 0.56484375 0.1421875 0.04375
0 0.26484375 0.53984375 0.0921875 0.0328125
0 0.1734375 0.58671875 0.1921875 0.05625
0 0.1703125 0.61953125 0.1109375 0.0359375
0 0.2609375 0.6 0.0421875 0.0203125
0 0.3390625 0.584375 0.1015625 0.0359375
0 0.3984375 0.5671875 0.0171875 0.0140625
0 0.484375 0.5515625 0.1453125 0.046875
0 0.58125 0.534375 0.0328125 0.0203125
0 0.62109375 0.521875 0.04375 0.0234375
0 0.19921875 0.6421875 0.1234375 0.0421875
0 0.1109375 0.6953125 0.0546875 0.025
0 0.16796875 0.6828125 0.0484375 0.021875
0 0.25625 0.665625 0.1046875 0.0359375
0 0.33125 0.64609375 0.028125 0.01875
0 0.3953125 0.63359375 0.065625 0.028125
0 0.4875 0.6140625 0.1 0.0375
0 0.1703125 0.77578125 0.16875 0.0546875
0 0.6515625 0.67265625 0.06875 0.0328125
0 0.75546875 0.6515625 0.153125 0.05
0 0.14375 0.8140625 0.0671875 0.028125
0 0.6890625 0.6984375 0.1015625 0.0359375
0 0.77890625 0.68359375 0.053125 0.028125
0 0.209375 0.834375 0.215625 0.0640625
0 0.7203125 0.72734375 0.1703125 0.0546875
0 0.88515625 0.690625 0.1625 0.053125
0 0.14453125 0.8796875 0.09375 0.03125
0 0.22578125 0.865625 0.0515625 0.0234375
0 0.30859375 0.84765625 0.103125 0.0390625
0 0.403125 0.828125 0.075 0.0296875
0 0.703125 0.7640625 0.115625 0.04375
0 0.784375 0.7484375 0.034375 0.0203125
0 0.86640625 0.7265625 0.11875 0.0421875
0 0.96640625 0.7046875 0.0671875 0.03125
0 0.1796875 0.90625 0.1515625 0.046875
0 0.28125 0.88671875 0.0328125 0.0203125
0 0.38125 0.86796875 0.15625 0.046875
0 0.7265625 0.790625 0.1390625 0.04375
0 0.81875 0.775 0.03125 0.0203125
0 0.89453125 0.7578125 0.0984375 0.0390625