0 0.01875 0.1140625 0.0375 0.028125
0 0.2734375 0.08203125 0.1015625 0.0375
0 0.3359375 0.0734375 0.0171875 0.021875
0 0.365625 0.07578125 0.0328125 0.025
0 0.41484375 0.06328125 0.0609375 0.03125
0 0.46015625 0.059375 0.01875 0.01875
0 0.51796875 0.05078125 0.090625 0.0359375
0 0.740625 0.021875 0.053125 0.0296875
0 0.778125 0.0171875 0.0171875 0.021875
0 0.83828125 0.015625 0.1015625 0.03125
0 0.16875 0.17265625 0.1765625 0.10625
0 0.2890625 0.14921875 0.071875 0.0671875
0 0.3578125 0.1421875 0.0828125 0.0515625
0 0.4578125 0.1234375 0.1046875 0.06875
0 0.54375 0.1234375 0.053125 0.0453125
0 0.61796875 0.1203125 0.0828125 0.0390625
0 0.13984375 0.23046875 0.040625 0.053125
0 0.22109375 0.22109375 0.115625 0.0625
0 0.30859375 0.2234375 0.0296875 0.03125
0 0.390625 0.20234375 0.1421875 0.06875
0 0.4875 0.19140625 0.034375 0.03125
0 0.53828125 0.184375 0.04375 0.0328125
0 0.5984375 0.190625 0.0796875 0.0671875
0 0.153125 0.2828125 0.090625 0.0640625
0 0.79296875 0.209375 0.2109375 0.1171875
0 0.18671875 0.3375 0.1046875 0.06875
0 0.28125 0.32890625 0.08125 0.053125
0 0.41015625 0.30859375 0.1578125 0.0609375
0 0.553125 0.28359375 0.103125 0.0609375
0 0.66484375 0.27265625 0.1265625 0.084375
0 0.17578125 0.39453125 0.0859375 0.0671875
0 0.253125 0.39453125 0.0359375 0.0328125
0 0.35 0.3890625 0.1703125 0.1078125
0 0.06953125 0.46796875 0.0953125 0.059375
0 0.24453125 0.45546875 0.14375 0.1015625
0 0.33515625 0.434375 0.0265625 0.0359375
0 0.421875 0.4125 0.1015625 0.090625
0 0.51171875 0.39453125 0.0625 0.0671875
0 0.60390625 0.3796875 0.121875 0.071875
0 0.2078125 0.50234375 0.103125 0.0765625
0 0.35546875 0.50234375 0.109375 0.0796875
0 0.89453125 0.4125 0.184375 0.1109375
0 0.11015625 0.6421875 0.1265625 0.10625
0 0.21875 0.6203125 0.075 0.0359375
0 0.28984375 0.609375 0.0453125 0.0421875
0 0.3421875 0.59921875 0.05 0.0375
0 0.2375 0.6703125 0.1 0.0578125
0 0.31171875 0.66171875 0.046875 0.08125
0 0.39375 0.659375 0.128125 0.071875
0 0.51171875 0.60234375 0.0921875 0.0828125
0 0.609375 0.60546875 0.065625 0.046875
0 0.68125 0.58359375 0.065625 0.065625
0 0.2546875 0.71484375 0.115625 0.065625
0 0.07734375 0.85234375 0.025 0.0234375
0 0.12578125 0.84296875 0.065625 0.0328125
0 0.19140625 0.83125 0.0625 0.0296875
0 0.2390625 0.82265625 0.025 0.021875
0 0.28046875 0.8140625 0.0515625 0.028125
0 0.32734375 0.80546875 0.0359375 0.025
0 0.37890625 0.79921875 0.059375 0.034375