0 0.87890625 0.1375 0.025 0.0109375
0 0.87578125 0.15625 0.025 0.0109375
0 0.9921875 0.16328125 0.015625 0.0171875
0 0.90390625 0.140625 0.0203125 0.0109375
0 0.34375 0.08359375 0.040625 0.0296875
0 0.41328125 0.103125 0.0515625 0.0296875
0 0.44921875 0.1078125 0.0140625 0.0140625
0 0.50390625 0.12421875 0.05 0.028125
0 0.590625 0.15 0.08125 0.0359375
0 0.68828125 0.17578125 0.1046875 0.0625
0 0.77578125 0.196875 0.0359375 0.025
0 0.8890625 0.21796875 0.1453125 0.05
0 0.4328125 0.18203125 0.0390625 0.021875
0 0.471875 0.19140625 0.0203125 0.01875
0 0.53125 0.20625 0.075 0.03125
0 0.690625 0.2453125 0.040625 0.01875
0 0.73671875 0.25546875 0.0203125 0.01875
0 0.8015625 0.2703125 0.059375 0.025
0 0.87421875 0.28515625 0.0640625 0.028125
0 0.8375 0.28046875 0.009375 0.0046875
0 0.32578125 0.21171875 0.0109375 0.0046875
0 0.3609375 0.22109375 0.04375 0.021875
0 0.43984375 0.2390625 0.06875 0.0296875
0 0.56484375 0.2734375 0.1234375 0.0453125
0 0.30703125 0.26484375 0.0421875 0.028125
0 0.37109375 0.28359375 0.05 0.0265625
0 0.428125 0.2953125 0.009375 0.0140625
0 0.44140625 0.29765625 0.0078125 0.0046875
0 0.49921875 0.3109375 0.05 0.021875
0 0.5578125 0.32421875 0.015625 0.015625
0 0.5875 0.33515625 0.0375 0.0171875
0 0.66328125 0.34921875 0.0703125 0.0328125
0 0.56875 0.3484375 0.028125 0.0203125
0 0.5734375 0.375 0.075 0.034375
0 0.28359375 0.35 0.0359375 0.025
0 0.36328125 0.36328125 0.0578125 0.028125
0 0.421875 0.38046875 0.0140625 0.0125
0 0.52109375 0.39921875 0.0890625 0.0375
0 0.6015625 0.4234375 0.0546875 0.0390625
0 0.6953125 0.43828125 0.1046875 0.046875
0 0.50234375 0.43046875 0.0921875 0.05625
0 0.584375 0.446875 0.0421875 0.0328125
0 0.6234375 0.45546875 0.0375 0.0359375
0 0.6859375 0.4609375 0.0421875 0.0234375
0 0.76640625 0.478125 0.065625 0.028125
0 0.49140625 0.446875 0.0234375 0.01875
0 0.621875 0.4765625 0.159375 0.0453125
0 0.26796875 0.45234375 0.0390625 0.03125
0 0.35390625 0.478125 0.01875 0.0171875
0 0.4109375 0.48359375 0.0375 0.025
0 0.48984375 0.5046875 0.0671875 0.040625
0 0.58515625 0.51640625 0.078125 0.0328125
0 0.66953125 0.5328125 0.0546875 0.0265625
0 0.7546875 0.55234375 0.0671875 0.0453125
0 0.825 0.56328125 0.0359375 0.0234375
0 0.85390625 0.5703125 0.0203125 0.0203125
0 0.38671875 0.50546875 0.0578125 0.0265625
0 0.48828125 0.52578125 0.084375 0.03125
0 0.315625 0.51953125 0.028125 0.0203125
0 0.375 0.5328125 0.0359375 0.0171875
0 0.44140625 0.54609375 0.0328125 0.0171875
0 0.503125 0.55546875 0.0359375 0.01875
0 0.56484375 0.5703125 0.0671875 0.0328125
0 0.6359375 0.584375 0.028125 0.03125
0 0.69453125 0.5875 0.071875 0.040625
0 0.77109375 0.609375 0.0609375 0.0328125
0 0.834375 0.6171875 0.0390625 0.01875
0 0.89375 0.5765625 0.0234375 0.01875
0 0.2515625 0.56015625 0.034375 0.025
0 0.29375 0.57421875 0.0265625 0.034375
0 0.34609375 0.5828125 0.034375 0.015625
0 0.39765625 0.590625 0.0375 0.0234375
0 0.45234375 0.6 0.0296875 0.0203125
0 0.4734375 0.603125 0.009375 0.0046875
0 0.48828125 0.6046875 0.0328125 0.0203125
0 0.5390625 0.6140625 0.040625 0.025
0 0.6015625 0.62265625 0.03125 0.025
0 0.659375 0.640625 0.0640625 0.0375
0 0.7078125 0.6453125 0.015625 0.0140625
0 0.74765625 0.65078125 0.028125 0.0171875
0 0.81796875 0.66015625 0.103125 0.040625
0 0.365625 0.609375 0.059375 0.0328125
0 0.43515625 0.621875 0.046875 0.021875
0 0.5078125 0.63515625 0.053125 0.025
0 0.5671875 0.64296875 0.0203125 0.0140625
0 0.596875 0.65 0.0171875 0.0140625
0 0.6296875 0.65625 0.015625 0.0140625
0 0.69609375 0.66796875 0.0875 0.0328125
0 0.2390625 0.61484375 0.04375 0.025
0 0.2171875 0.64140625 0.0328125 0.0359375
0 0.27109375 0.65078125 0.040625 0.021875
0 0.3375 0.66171875 0.0421875 0.01875
0 0.4046875 0.67578125 0.065625 0.0390625
0 0.484375 0.68125 0.0296875 0.028125
0 0.56328125 0.690625 0.078125 0.0421875
0 0.6625 0.71015625 0.06875 0.034375
0 0.73828125 0.72265625 0.0625 0.028125
0 0.81015625 0.73671875 0.0578125 0.0296875
0 0.85625 0.75 0.0171875 0.0125
0 0.87734375 0.753125 0.021875 0.0140625
0 0.9234375 0.76640625 0.0625 0.025
0 0.26484375 0.6765625 0.0625 0.0359375
0 0.35546875 0.6890625 0.053125 0.028125
0 0.43359375 0.70390625 0.046875 0.034375
0 0.49765625 0.71015625 0.034375 0.021875
0 0.53828125 0.7171875 0.0171875 0.0171875
0 0.58515625 0.73046875 0.0640625 0.0421875
0 0.6484375 0.734375 0.025 0.0203125
0 0.7171875 0.74609375 0.078125 0.03125
0 0.8265625 0.76875 0.0765625 0.03125
0 0.8875 0.7859375 0.0375 0.034375
0 0.209375 0.6875 0.034375 0.034375
0 0.2671875 0.703125 0.0421875 0.0203125
0 0.22421875 0.775 0.059375 0.0375
0 0.2625 0.78125 0.015625 0.0078125
0 0.2890625 0.784375 0.025 0.021875
0 0.3484375 0.8 0.021875 0.0203125
0 0.40703125 0.803125 0.040625 0.0234375
0 0.5078125 0.81328125 0.0796875 0.0359375
0 0.2078125 0.8 0.0171875 0.015625
0 0.4171875 0.83359375 0.0828125 0.0359375
0 0.121875 0.809375 0.065625 0.0328125
0 0.184375 0.82421875 0.028125 0.028125
0 0.415625 0.85078125 0.0875 0.04375
0 0.10546875 0.83125 0.0328125 0.025
0 0.16875 0.8421875 0.078125 0.0296875
0 0.44765625 0.87890625 0.1578125 0.0578125
0 0.19921875 0.86953125 0.134375 0.040625
0 0.41875 0.90390625 0.121875 0.0546875
0 0.43671875 0.9265625 0.1671875 0.0671875