0 0.16953125 0.2625 0.165625 0.1015625
0 0.38671875 0.24296875 0.2203125 0.153125
0 0.6390625 0.209375 0.225 0.1640625
0 0.7953125 0.1640625 0.059375 0.0828125
0 0.14921875 0.37265625 0.1015625 0.0890625
0 0.3078125 0.35625 0.1515625 0.08125
0 0.47421875 0.33125 0.096875 0.0953125
0 0.603125 0.3109375 0.046875 0.0546875
0 0.73046875 0.28359375 0.153125 0.0984375
0 0.1796875 0.4875 0.14375 0.103125
0 0.48046875 0.47109375 0.3953125 0.20625
0 0.7375 0.39921875 0.0484375 0.075
0 0.20390625 0.60546875 0.1953125 0.1328125
0 0.37421875 0.5703125 0.1125 0.096875
0 0.53828125 0.54609375 0.1453125 0.096875
0 0.6921875 0.5140625 0.0640625 0.0765625
0 0.8109375 0.49375 0.1546875 0.1203125
0 0.84453125 0.59765625 0.1203125 0.0859375
0 0.190625 0.94375 0.075 0.065625
0 0.37890625 0.91796875 0.1859375 0.0796875
0 0.640625 0.86171875 0.1296875 0.0828125
0 0.73515625 0.83203125 0.0703125 0.0625