0 0.084375 0.15 0.0921875 0.075
0 0.15234375 0.13046875 0.0453125 0.0640625
0 0.19140625 0.12421875 0.034375 0.0484375
0 0.26015625 0.1125 0.0890625 0.0625
0 0.290625 0.11015625 0.015625 0.0125
0 0.3828125 0.090625 0.1734375 0.128125
0 0.53203125 0.059375 0.1046875 0.090625
0 0.65703125 0.0515625 0.1921875 0.103125
0 0.146875 0.2578125 0.275 0.1796875
0 0.34921875 0.19375 0.1703125 0.1140625
0 0.4921875 0.16484375 0.0375 0.0515625
0 0.540625 0.1421875 0.0734375 0.0734375
0 0.6 0.1359375 0.040625 0.0453125
0 0.7484375 0.12734375 0.2515625 0.153125
0 0.1671875 0.446875 0.15 0.11875
0 0.26640625 0.39453125 0.0578125 0.0625
0 0.325 0.38828125 0.0609375 0.084375
0 0.371875 0.375 0.0625 0.06875
0 0.44921875 0.3609375 0.103125 0.1015625
0 0.63984375 0.33359375 0.0578125 0.065625
0 0.74375 0.32578125 0.1734375 0.165625
0 0.12109375 0.54140625 0.0671875 0.065625
0 0.32265625 0.5171875 0.1921875 0.14375
0 0.49140625 0.46328125 0.1015625 0.1203125
0 0.5734375 0.43984375 0.0875 0.0953125
0 0.66484375 0.42578125 0.0375 0.0546875
0 0.7359375 0.41171875 0.1296875 0.1234375
0 0.1453125 0.7546875 0.0640625 0.0828125
0 0.20859375 0.7421875 0.071875 0.078125
0 0.2890625 0.7109375 0.0984375 0.096875
0 0.40234375 0.68984375 0.04375 0.0640625
0 0.44921875 0.68203125 0.046875 0.0625
0 0.51015625 0.67109375 0.0921875 0.0984375
0 0.64296875 0.64296875 0.1484375 0.1234375
0 0.8078125 0.609375 0.1828125 0.1109375
0 0.16875 0.83046875 0.09375 0.1015625
0 0.2578125 0.8015625 0.0609375 0.0703125
0 0.41875 0.8 0.2078125 0.1421875
0 0.5453125 0.78359375 0.0734375 0.08125
0 0.65 0.73515625 0.0984375 0.1
0 0.72734375 0.734375 0.0578125 0.0671875
0 0.82109375 0.7234375 0.065625 0.0953125
0 0.915625 0.684375 0.16875 0.16875
0 0.16484375 0.9859375 0.0640625 0.028125
0 0.24296875 0.9671875 0.0734375 0.065625
0 0.35078125 0.94453125 0.0890625 0.0875
0 0.47421875 0.9125 0.0921875 0.075
0 0.62109375 0.8921875 0.171875 0.115625
0 0.79453125 0.8390625 0.0921875 0.0953125
0 0.884375 0.83125 0.0671875 0.075
0 0.9640625 0.8375 0.071875 0.134375
0 0.9765625 0.846875 0.046875 0.1