0 0.3765625 0.23828125 0.2140625 0.14375
0 0.5546875 0.23046875 0.103125 0.0859375
0 0.66484375 0.25546875 0.121875 0.1046875
0 0.2171875 0.3734375 0.190625 0.1
0 0.3890625 0.3703125 0.125 0.0953125
0 0.52421875 0.3828125 0.14375 0.10625
0 0.62265625 0.36875 0.0296875 0.0625
0 0.74453125 0.38046875 0.1859375 0.0859375
0 0.88984375 0.36796875 0.096875 0.0609375
0 0.41953125 0.4484375 0.1 0.059375
0 0.5640625 0.44609375 0.15625 0.0625
0 0.453125 0.50859375 0.159375 0.0640625
0 0.6078125 0.4984375 0.1359375 0.05625
0 0.69765625 0.490625 0.0234375 0.0390625
0 0.75234375 0.4859375 0.0625 0.0546875
0 0.84921875 0.48359375 0.1234375 0.0671875
0 0.3015625 0.6234375 0.034375 0.0515625
0 0.403125 0.60703125 0.121875 0.05625
0 0.525 0.59453125 0.0921875 0.0515625
0 0.60078125 0.5875 0.028125 0.0453125
0 0.68515625 0.578125 0.1171875 0.053125
0 0.4078125 0.66796875 0.1140625 0.0578125
0 0.55546875 0.6453125 0.1609375 0.0609375
0 0.66328125 0.63671875 0.025 0.046875
0 0.753125 0.63125 0.1328125 0.05
0 0.3 0.7640625 0.3484375 0.0890625
0 0.52890625 0.7328125 0.090625 0.0578125
0 0.38203125 0.83046875 0.0796875 0.0640625
0 0.4875 0.81328125 0.0953125 0.0640625
0 0.61640625 0.7890625 0.128125 0.06875
0 0.69609375 0.7734375 0.01875 0.021875
0 0.7421875 0.7234375 0.0640625 0.0515625
0 0.75546875 0.7703125 0.06875 0.0421875
0 0.76640625 0.80546875 0.1 0.0515625
0 0.67890625 0.8859375 0.090625 0.075
0 0.75078125 0.8640625 0.021875 0.05
0 0.81796875 0.8546875 0.1 0.059375
0 0.70390625 0.93671875 0.09375 0.05625
0 0.796875 0.9171875 0.071875 0.04375