0 0.11640625 0.1796875 0.1296875 0.0703125
0 0.37890625 0.13203125 0.2109375 0.09375
0 0.07734375 0.3046875 0.06875 0.0984375
0 0.19453125 0.3203125 0.125 0.0625
0 0.33046875 0.2921875 0.103125 0.040625
0 0.4984375 0.265625 0.1546875 0.046875
0 0.6578125 0.25078125 0.1015625 0.0453125
0 0.78828125 0.23203125 0.1234375 0.0515625
0 0.1515625 0.396875 0.125 0.075
0 0.3203125 0.36484375 0.14375 0.0578125
0 0.4734375 0.334375 0.1140625 0.0578125
0 0.6234375 0.3265625 0.115625 0.071875
0 0.7828125 0.30234375 0.1484375 0.0609375
0 0.140625 0.4734375 0.096875 0.0578125
0 0.253125 0.453125 0.0984375 0.04375
0 0.4484375 0.40390625 0.2484375 0.0984375
0 0.20390625 0.53515625 0.2171875 0.1109375
0 0.4890625 0.5203125 0.2953125 0.171875
0 0.66796875 0.4796875 0.0421875 0.0390625
0 0.7546875 0.471875 0.2140625 0.165625
0 0.284375 0.69765625 0.15 0.090625
0 0.4671875 0.66796875 0.13125 0.0875
0 0.3765625 0.6875 0.03125 0.021875