0 0.1546875 0.5828125 0.2453125 0.0765625
0 0.21953125 0.146875 0.221875 0.075
0 0.1171875 0.37109375 0.1921875 0.0828125
0 0.503125 0.575 0.2046875 0.06875
0 0.67109375 0.26015625 0.15625 0.0796875
0 0.1109375 0.26484375 0.184375 0.06875
0 0.87890625 0.24921875 0.1734375 0.08125
0 0.8578125 0.34296875 0.1796875 0.0640625
0 0.62734375 0.42421875 0.15625 0.0890625
0 0.09453125 0.19609375 0.1640625 0.0578125
0 0.6984375 0.5484375 0.1921875 0.0609375
0 0.22265625 0.5203125 0.2015625 0.0546875
0 0.18203125 0.46953125 0.171875 0.0578125
0 0.346875 0.578125 0.146875 0.075
0 0.27890625 0.34609375 0.1234375 0.0625
0 0.8515625 0.43203125 0.1296875 0.0703125
0 0.29453125 0.26484375 0.16875 0.0515625
0 0.09296875 0.32265625 0.1328125 0.0671875
0 0.53671875 0.36484375 0.1 0.059375
0 0.59453125 0.11796875 0.1546875 0.0578125
0 0.39375 0.50703125 0.1671875 0.053125
0 0.6296875 0.353125 0.084375 0.071875
0 0.0625 0.146875 0.0953125 0.075
0 0.3 0.18984375 0.1359375 0.046875
0 0.72109375 0.346875 0.08125 0.065625
0 0.74453125 0.42578125 0.090625 0.075
0 0.38203125 0.3546875 0.0953125 0.05625
0 0.4265625 0.2515625 0.115625 0.0453125
0 0.46875 0.12890625 0.090625 0.046875
0 0.26796875 0.62265625 0.15 0.028125
0 0.865625 0.12578125 0.08125 0.05
0 0.1625 0.4171875 0.1046875 0.0453125
0 0.95078125 0.39609375 0.0859375 0.053125
0 0.37109375 0.12578125 0.0921875 0.0515625
0 0.13984375 0.08046875 0.1109375 0.028125
0 0.35234375 0.42109375 0.1265625 0.03125
0 0.5421875 0.2515625 0.0921875 0.0484375
0 0.70625 0.12265625 0.075 0.053125
0 0.06875 0.4234375 0.084375 0.046875
0 0.0796875 0.51796875 0.1 0.040625
0 0.5703125 0.8234375 0.090625 0.0296875
0 0.253125 0.4140625 0.0796875 0.0484375
0 0.06640625 0.46640625 0.0796875 0.0453125
0 0.08359375 0.84296875 0.1 0.028125
0 0.45546875 0.41953125 0.08125 0.0359375
0 0.55703125 0.50625 0.059375 0.0421875
0 0.04375 0.0828125 0.078125 0.0296875
0 0.78046875 0.134375 0.0796875 0.0296875
0 0.2109375 0.1953125 0.0546875 0.0421875
0 0.775 0.2453125 0.05625 0.053125
0 0.4546875 0.35546875 0.0515625 0.040625
0 0.93359375 0.12265625 0.0375 0.059375
0 0.12421875 0.62734375 0.0671875 0.0265625
0 0.26015625 0.8375 0.0671875 0.025
0 0.490625 0.8265625 0.0609375 0.0265625
0 0.53203125 0.4140625 0.059375 0.04375
0 0.05703125 0.63125 0.0625 0.025
0 0.5 0.50546875 0.0578125 0.04375
0 0.1921875 0.840625 0.0609375 0.0234375
0 0.35703125 0.8328125 0.0546875 0.025
0 0.434375 0.82890625 0.04375 0.021875
0 0.31171875 0.83828125 0.028125 0.0296875
0 0.1765625 0.63046875 0.0265625 0.0296875
0 0.14609375 0.8390625 0.021875 0.028125
0 0.39921875 0.83046875 0.0203125 0.0234375