0 0.315625 0.39609375 0.35 0.1125
0 0.55859375 0.35390625 0.1140625 0.09375
0 0.3109375 0.4703125 0.2828125 0.10625
0 0.578125 0.42421875 0.2125 0.071875
0 0.75390625 0.4125 0.1203125 0.1
0 0.19609375 0.57265625 0.053125 0.040625
0 0.3578125 0.5390625 0.2 0.0828125
0 0.53671875 0.5265625 0.1375 0.1
0 0.6640625 0.50078125 0.090625 0.0578125
0 0.2796875 0.6296875 0.2640625 0.0859375
0 0.459375 0.61328125 0.090625 0.0609375
0 0.58984375 0.58828125 0.1484375 0.0640625
0 0.71328125 0.57578125 0.0859375 0.0484375
0 0.24765625 0.71015625 0.1765625 0.0796875
0 0.44765625 0.68671875 0.1984375 0.0671875
0 0.63125 0.6625 0.1484375 0.0640625
0 0.79375 0.6390625 0.159375 0.071875
0 0.28671875 0.8 0.253125 0.1171875
0 0.5375 0.74765625 0.2140625 0.09375
0 0.78984375 0.72265625 0.2921875 0.0953125