0 0.0375 0.23203125 0.075 0.0453125
0 0.103125 0.23984375 0.165625 0.0578125
0 0.03203125 0.309375 0.0640625 0.028125
0 0.32890625 0.17109375 0.171875 0.0609375
0 0.47890625 0.13984375 0.1234375 0.0578125
0 0.6515625 0.12421875 0.0984375 0.05
0 0.359375 0.23203125 0.1484375 0.059375
0 0.5953125 0.24375 0.14375 0.0640625
0 0.40546875 0.28125 0.0671875 0.0265625
0 0.0296875 0.35546875 0.059375 0.0265625
0 0.23984375 0.31484375 0.140625 0.0703125
0 0.06796875 0.39453125 0.096875 0.0359375
0 0.1734375 0.375 0.1046875 0.03125
0 0.32421875 0.38125 0.0890625 0.0421875
0 0.4703125 0.35703125 0.071875 0.04375
0 0.05625 0.490625 0.046875 0.0296875
0 0.11328125 0.4796875 0.0625 0.03125
0 0.1671875 0.46796875 0.0421875 0.0265625
0 0.2140625 0.45859375 0.05 0.025
0 0.29453125 0.44296875 0.10625 0.0375
0 0.35859375 0.46640625 0.140625 0.0625
0 0.58828125 0.43515625 0.2046875 0.075
0 0.09921875 0.5828125 0.115625 0.0546875
0 0.171875 0.56484375 0.0203125 0.0328125
0 0.21484375 0.55546875 0.071875 0.0390625
0 0.31640625 0.54140625 0.1484375 0.05625
0 0.43203125 0.51484375 0.0859375 0.0453125
0 0.2140625 0.63046875 0.1953125 0.0875
0 0.4296875 0.5796875 0.178125 0.0921875
0 0.63125 0.55703125 0.1421875 0.13125
0 0.16015625 0.73203125 0.05625 0.0390625
0 0.34140625 0.7015625 0.265625 0.1171875
0 0.61484375 0.6421875 0.2203125 0.1171875
0 0.23203125 0.78671875 0.1875 0.0859375
0 0.48125 0.72578125 0.2515625 0.103125
0 0.74140625 0.68203125 0.21875 0.121875
0 0.18359375 0.87890625 0.0953125 0.0609375
0 0.28828125 0.84140625 0.0859375 0.059375
0 0.3921875 0.815625 0.10625 0.0734375
0 0.58203125 0.7875 0.203125 0.1359375
0 0.76484375 0.7328125 0.053125 0.0515625
0 0.32734375 0.92578125 0.3546875 0.1484375
0 0.6375 0.8484375 0.284375 0.1546875
0 0.1265625 0.2125 0.0421875 0.0234375