0 0.7125 0.08046875 0.0453125 0.0234375
0 0.709375 0.1140625 0.0609375 0.028125
0 0.21484375 0.0484375 0.0640625 0.034375
0 0.41171875 0.11640625 0.0890625 0.034375
0 0.559375 0.14375 0.0796875 0.028125
0 0.74765625 0.18984375 0.125 0.05
0 0.56484375 0.16875 0.0734375 0.0265625
0 0.41015625 0.17109375 0.1171875 0.04375
0 0.5859375 0.2125 0.1 0.0390625
0 0.71796875 0.24765625 0.1125 0.0421875
0 0.38125 0.2296875 0.0984375 0.0359375
0 0.5640625 0.26484375 0.1296875 0.0453125
0 0.72421875 0.30078125 0.1015625 0.0375
0 0.6890625 0.378125 0.053125 0.025
0 0.753125 0.3953125 0.0546875 0.025
0 0.8203125 0.4109375 0.06875 0.0265625
0 0.14375 0.29140625 0.0484375 0.025
0 0.190625 0.2984375 0.0296875 0.01875
0 0.23359375 0.30703125 0.04375 0.0203125
0 0.31796875 0.32421875 0.10625 0.0390625
0 0.38828125 0.3390625 0.01875 0.0109375
0 0.47578125 0.36015625 0.1375 0.0484375
0 0.6 0.390625 0.078125 0.03125
0 0.13203125 0.31640625 0.0484375 0.025
0 0.184375 0.3265625 0.0125 0.0109375
0 0.2296875 0.3328125 0.0625 0.0265625
0 0.1125 0.33984375 0.01875 0.015625
0 0.16328125 0.34765625 0.0671875 0.03125
0 0.2171875 0.3578125 0.0171875 0.0125
0 0.29765625 0.37421875 0.1234375 0.046875
0 0.41484375 0.4046875 0.0765625 0.03125
0 0.11015625 0.36796875 0.025 0.0203125
0 0.15546875 0.37578125 0.05 0.028125
0 0.19921875 0.38203125 0.021875 0.0125
0 0.2890625 0.4015625 0.13125 0.053125
0 0.40078125 0.42890625 0.0703125 0.0328125
0 0.09453125 0.39296875 0.01875 0.0125
0 0.14609375 0.39921875 0.08125 0.034375
0 0.2125 0.415625 0.0375 0.0203125
0 0.29375 0.4328125 0.1125 0.0453125
0 0.40625 0.45625 0.09375 0.0359375
0 0.48359375 0.47421875 0.0296875 0.015625
0 0.5296875 0.48515625 0.040625 0.0203125
0 0.60078125 0.5015625 0.075 0.028125
0 0.33828125 0.471875 0.328125 0.109375
0 0.65 0.54609375 0.2515625 0.0875
0 0.21171875 0.47734375 0.159375 0.0609375
0 0.1671875 0.49375 0.046875 0.025
0 0.25625 0.51015625 0.11875 0.040625
0 0.3484375 0.53125 0.0296875 0.0171875
0 0.38984375 0.5421875 0.0453125 0.0203125
0 0.4609375 0.55859375 0.0609375 0.0234375
0 0.55 0.578125 0.0765625 0.028125
0 0.6234375 0.59921875 0.0265625 0.0140625
0 0.68828125 0.61015625 0.06875 0.028125
0 0.7609375 0.628125 0.028125 0.015625
0 0.80625 0.6375 0.040625 0.01875
0 0.2015625 0.528125 0.1203125 0.04375
0 0.3 0.55 0.03125 0.0171875
0 0.39140625 0.56953125 0.1140625 0.0390625
0 0.4734375 0.58984375 0.028125 0.0140625
0 0.5484375 0.60625 0.0921875 0.034375
0 0.6734375 0.63515625 0.1265625 0.0453125
0 0.78984375 0.6609375 0.090625 0.0375
0 0.11953125 0.5390625 0.0375 0.01875
0 0.16953125 0.55390625 0.0453125 0.01875
0 0.23125 0.56484375 0.0671875 0.0296875
0 0.32109375 0.5859375 0.071875 0.028125
0 0.39453125 0.60234375 0.0296875 0.0171875
0 0.45234375 0.6140625 0.071875 0.028125
0 0.55625 0.63828125 0.1140625 0.0421875
0 0.65625 0.6609375 0.04375 0.01875
0 0.72734375 0.6765625 0.0640625 0.028125
0 0.18671875 0.584375 0.1359375 0.05
0 0.33125 0.61875 0.1328125 0.0484375
0 0.13671875 0.6015625 0.0203125 0.015625
0 0.2328125 0.6234375 0.146875 0.05
0 0.3765625 0.65625 0.115625 0.04375
0 0.4671875 0.6765625 0.0296875 0.0171875
0 0.53125 0.69140625 0.0796875 0.0296875
0 0.61328125 0.709375 0.0671875 0.025
0 0.68828125 0.72890625 0.0453125 0.0203125
0 0.7953125 0.75234375 0.1328125 0.046875
0 0.15546875 0.634375 0.10625 0.0359375
0 0.2671875 0.659375 0.0765625 0.028125
0 0.3546875 0.678125 0.0453125 0.01875
0 0.4203125 0.69609375 0.075 0.0265625
0 0.515625 0.71484375 0.096875 0.034375
0 0.57421875 0.73359375 0.0125 0.009375
0 0.59609375 0.7359375 0.025 0.0140625
0 0.63828125 0.74609375 0.028125 0.015625
0 0.7046875 0.76015625 0.084375 0.034375
0 0.7734375 0.775 0.0359375 0.01875
0 0.14140625 0.659375 0.04375 0.01875
0 0.24140625 0.68125 0.10625 0.0390625
0 0.38203125 0.71484375 0.1359375 0.0453125
0 0.078125 0.6734375 0.0328125 0.0171875
0 0.12890625 0.6875 0.0515625 0.021875
0 0.2015625 0.70390625 0.078125 0.028125
0 0.27109375 0.72421875 0.040625 0.01875
0 0.3359375 0.7375 0.0765625 0.0296875
0 0.39765625 0.75078125 0.0421875 0.0203125
0 0.484375 0.771875 0.1140625 0.04375
0 0.58828125 0.79453125 0.0640625 0.028125
0 0.665625 0.81171875 0.0609375 0.0265625
0 0.740625 0.82890625 0.075 0.028125
0 0.13671875 0.71484375 0.06875 0.0296875
0 0.20546875 0.73359375 0.0390625 0.0171875
0 0.31796875 0.75859375 0.146875 0.05
0 0.14296875 0.75 0.109375 0.040625
0 0.265625 0.77890625 0.11875 0.0421875
0 0.11328125 0.76796875 0.0296875 0.0171875
0 0.1875 0.78671875 0.096875 0.034375
0 0.2609375 0.80703125 0.0296875 0.01875
0 0.315625 0.81953125 0.0703125 0.0296875
0 0.38046875 0.834375 0.03125 0.0171875
0 0.45078125 0.85078125 0.0828125 0.034375
0 0.5234375 0.86640625 0.028125 0.0140625
0 0.57265625 0.878125 0.0453125 0.021875
0 0.6640625 0.896875 0.1296875 0.046875
0 0.76796875 0.9203125 0.065625 0.028125
0 0.09921875 0.79453125 0.059375 0.0234375
0 0.2203125 0.825 0.15 0.05
0 0.35625 0.85703125 0.09375 0.0359375
0 0.471875 0.88515625 0.1125 0.040625
0 0.565625 0.90703125 0.0421875 0.0203125
0 0.628125 0.9171875 0.0640625 0.028125
0 0.6921875 0.93203125 0.034375 0.015625
0 0.11875 0.8265625 0.10625 0.0390625
0 0.19609375 0.8515625 0.025 0.0140625
0 0.25625 0.86484375 0.075 0.0296875
0 0.3203125 0.88046875 0.0296875 0.01875
0 0.3640625 0.89140625 0.0203125 0.0140625
0 0.45625 0.9109375 0.140625 0.0578125
0 0.56796875 0.93203125 0.065625 0.03125
0 0.01015625 0.82421875 0.0203125 0.0234375
0 0.04453125 0.83984375 0.0359375 0.01875
0 0.13984375 0.86796875 0.14375 0.0484375
0 0.24765625 0.89375 0.053125 0.025
0 0.325 0.91328125 0.0625 0.0234375
0 0.4265625 0.93515625 0.1015625 0.0359375
0 0.534375 0.96015625 0.0828125 0.0328125
0 0.69296875 0.9890625 0.1046875 0.021875