0 0.1046875 0.046875 0.1015625 0.0375
0 0.18671875 0.07421875 0.1921875 0.04375
0 0.4609375 0.04140625 0.1921875 0.05
0 0.63515625 0.03671875 0.1296875 0.05
0 0.0859375 0.13125 0.0890625 0.025
0 0.25703125 0.12265625 0.1984375 0.0546875
0 0.53203125 0.12265625 0.290625 0.0578125
0 0.07734375 0.18671875 0.0734375 0.0234375
0 0.52421875 0.18359375 0.071875 0.021875
0 0.66328125 0.17109375 0.1140625 0.0515625
0 0.11875 0.24296875 0.1125 0.028125
0 0.24375 0.2421875 0.121875 0.0203125
0 0.1453125 0.28359375 0.1359375 0.0515625
0 0.31015625 0.2765625 0.109375 0.05
0 0.08984375 0.35078125 0.0546875 0.0265625
0 0.1546875 0.3484375 0.0671875 0.0265625
0 0.21796875 0.34453125 0.0453125 0.0234375
0 0.275 0.34453125 0.05625 0.021875
0 0.36796875 0.34453125 0.11875 0.0265625
0 0.17890625 0.3953125 0.20625 0.0578125
0 0.32734375 0.38828125 0.1109375 0.0484375
0 0.503125 0.3796875 0.196875 0.05625
0 0.11953125 0.46328125 0.1296875 0.0484375
0 0.2046875 0.45546875 0.021875 0.03125
0 0.25546875 0.45546875 0.0734375 0.034375
0 0.3734375 0.4578125 0.16875 0.0359375
0 0.50703125 0.4484375 0.096875 0.0328125
0 0.52109375 0.53515625 0.40625 0.115625
0 0.1796875 0.64921875 0.2046875 0.0578125
0 0.46171875 0.62890625 0.2296875 0.065625
0 0.71953125 0.59453125 0.171875 0.0875
0 0.10078125 0.72734375 0.0671875 0.0328125
0 0.38515625 0.72109375 0.3328125 0.103125
0 0.6515625 0.6828125 0.1296875 0.0484375
0 0.83671875 0.66484375 0.1375 0.0625
0 0.14921875 0.79375 0.1765625 0.0796875
0 0.33515625 0.76953125 0.096875 0.034375
0 0.59765625 0.75078125 0.3078125 0.0796875
0 0.2359375 0.8234375 0.3171875 0.065625
0 0.5234375 0.80078125 0.2140625 0.0484375
0 0.7609375 0.7890625 0.090625 0.040625
0 0.1890625 0.87890625 0.2328125 0.0625
0 0.4625 0.86015625 0.184375 0.0671875
0 0.64375 0.8515625 0.128125 0.0453125
0 0.10546875 0.946875 0.0625 0.0328125
0 0.3578125 0.93359375 0.3953125 0.1046875
0 0.10859375 0.996875 0.1265625 0.00625
0 0.20703125 0.99453125 0.0703125 0.0109375
0 0.27109375 0.99453125 0.0546875 0.0109375
0 0.21796875 0.04375 0.0453125 0.0203125