0 0.4140625 0.07734375 0.178125 0.1546875
0 0.53359375 0.075 0.028125 0.0421875
0 0.93671875 0.1703125 0.1265625 0.115625
0 0.853125 0.2109375 0.175 0.0828125
0 0.85546875 0.26015625 0.15 0.0765625
0 0.378125 0.14375 0.1734375 0.090625
0 0.21171875 0.21484375 0.06875 0.05625
0 0.4796875 0.30859375 0.159375 0.08125
0 0.1859375 0.34921875 0.1109375 0.06875
0 0.46875 0.4234375 0.0953125 0.05625
0 0.83046875 0.40703125 0.1140625 0.0859375
0 0.703125 0.428125 0.1109375 0.0640625
0 0.79453125 0.459375 0.03125 0.021875
0 0.88046875 0.47890625 0.153125 0.0765625
0 0.409375 0.51875 0.15 0.075
0 0.80546875 0.52734375 0.140625 0.06875
0 0.35546875 0.5984375 0.08125 0.05
0 0.6140625 0.60234375 0.1421875 0.096875
0 0.76875 0.63828125 0.15625 0.1140625
0 0.10546875 0.6578125 0.1640625 0.0765625
0 0.23203125 0.69296875 0.0484375 0.0484375
0 0.321875 0.7109375 0.1078125 0.0640625
0 0.1109375 0.70546875 0.1046875 0.0484375
0 0.26953125 0.74765625 0.1515625 0.0609375
0 0.6203125 0.79765625 0.1328125 0.0640625
0 0.51640625 0.8109375 0.0828125 0.05625
0 0.71796875 0.865625 0.125 0.078125
0 0.040625 0.7796875 0.05 0.0515625
0 0.09375 0.77421875 0.0625 0.059375
0 0.13515625 0.803125 0.015625 0.009375
0 0.21015625 0.82421875 0.140625 0.0796875
0 0.4953125 0.87890625 0.1234375 0.0765625
0 0.74921875 0.95 0.0765625 0.0515625