0 0.3671875 0.059375 0.234375 0.11875
0 0.54375 0.07890625 0.13125 0.0578125
0 0.70625 0.05390625 0.146875 0.071875
0 0.83359375 0.06875 0.0859375 0.0578125
0 0.16796875 0.14453125 0.0703125 0.0515625
0 0.2734375 0.14296875 0.084375 0.05
0 0.40078125 0.15390625 0.1625 0.08125
0 0.61875 0.1625 0.21875 0.0703125
0 0.23515625 0.24609375 0.2140625 0.0859375
0 0.4296875 0.24453125 0.13125 0.04375
0 0.590625 0.23046875 0.128125 0.0484375
0 0.75 0.240625 0.1359375 0.04375
0 0.85390625 0.2546875 0.0375 0.0234375
0 0.17890625 0.340625 0.1390625 0.071875
0 0.6109375 0.3296875 0.159375 0.065625
0 0.78203125 0.3296875 0.125 0.0515625
0 0.19375 0.3984375 0.1421875 0.05
0 0.34296875 0.4078125 0.125 0.0859375
0 0.49765625 0.42109375 0.1421875 0.0453125
0 0.70703125 0.4125 0.2328125 0.0796875
0 0.19296875 0.484375 0.2265625 0.075
0 0.371875 0.47421875 0.115625 0.0390625
0 0.53515625 0.48515625 0.15 0.0734375
0 0.72421875 0.47890625 0.2078125 0.0796875
0 0.82734375 0.16015625 0.159375 0.0625
0 0.38828125 0.33515625 0.1890625 0.0765625