0 0.2390625 0.24765625 0.16875 0.203125
0 0.309375 0.21484375 0.0453125 0.0953125
0 0.3734375 0.2140625 0.1703125 0.178125
0 0.040625 0.4125 0.0609375 0.065625
0 0.125 0.38046875 0.1 0.1390625
0 0.23359375 0.3859375 0.1015625 0.1140625
0 0.2984375 0.31484375 0.0875 0.0921875
0 0.38125 0.290625 0.071875 0.08125
0 0.43671875 0.309375 0.021875 0.0203125
0 0.53359375 0.24921875 0.1765625 0.15
0 0.66015625 0.2375 0.0796875 0.1125
0 0.75078125 0.22578125 0.1421875 0.1734375
0 0.82109375 0.20234375 0.034375 0.065625
0 0.8859375 0.21015625 0.084375 0.1078125
0 0.0578125 0.48671875 0.0546875 0.04375
0 0.15859375 0.45078125 0.1140625 0.125
0 0.29296875 0.40546875 0.1671875 0.1171875
0 0.39375 0.3828125 0.040625 0.06875
0 0.47578125 0.39375 0.11875 0.1484375
0 0.54140625 0.35234375 0.0875 0.096875
0 0.60625 0.35703125 0.034375 0.025
0 0.64921875 0.3328125 0.0296875 0.04375
0 0.7296875 0.32890625 0.1234375 0.115625
0 0.34375 0.50625 0.10625 0.115625
0 0.428125 0.521875 0.0453125 0.0296875
0 0.4953125 0.4671875 0.0953125 0.1171875
0 0.34296875 0.63359375 0.1953125 0.153125
0 0.50859375 0.590625 0.1734375 0.1359375
0 0.66796875 0.53359375 0.190625 0.1515625
0 0.759375 0.53125 0.0421875 0.0765625
0 0.86640625 0.4890625 0.20625 0.1453125
0 0.48125 0.84609375 0.040625 0.040625
0 0.51171875 0.83359375 0.0375 0.03125
0 0.5390625 0.82734375 0.0359375 0.0234375
0 0.57265625 0.8140625 0.034375 0.0296875