0 0.4078125 0.5828125 0.184375 0.040625
0 0.86796875 0.46953125 0.125 0.0421875
0 0.66484375 0.81953125 0.140625 0.046875
0 0.734375 0.50625 0.128125 0.0421875
0 0.68828125 0.4578125 0.178125 0.0328125
0 0.1671875 0.54375 0.1203125 0.046875
0 0.6078125 0.28984375 0.1125 0.040625
0 0.725 0.3796875 0.0921875 0.0421875
0 0.37109375 0.41015625 0.1328125 0.0328125
0 0.29453125 0.80703125 0.11875 0.034375
0 0.2265625 0.76875 0.096875 0.0453125
0 0.26640625 0.4546875 0.11875 0.0328125
0 0.37265625 0.36796875 0.1234375 0.0296875
0 0.2859375 0.6765625 0.1015625 0.0515625
0 0.8125 0.86640625 0.0859375 0.04375
0 0.1859375 0.846875 0.09375 0.040625
0 0.57578125 0.24375 0.1171875 0.0328125
0 0.4765625 0.28515625 0.109375 0.03125
0 0.79140625 0.82109375 0.0890625 0.040625
0 0.28203125 0.90078125 0.1109375 0.0375
0 0.36328125 0.24609375 0.109375 0.0296875
0 0.39921875 0.45625 0.1046875 0.0296875
0 0.46796875 0.8578125 0.1171875 0.034375
0 0.7984375 0.24609375 0.09375 0.034375
0 0.26484375 0.1265625 0.0921875 0.04375
0 0.821875 0.1703125 0.0890625 0.0375
0 0.746875 0.28984375 0.096875 0.0359375
0 0.421875 0.20703125 0.1078125 0.028125
0 0.2234375 0.4140625 0.109375 0.034375
0 0.2046875 0.33515625 0.096875 0.034375
0 0.29296875 0.540625 0.0890625 0.0328125
0 0.20625 0.29296875 0.090625 0.0390625
0 0.309375 0.71875 0.0734375 0.0328125
0 0.2609375 0.215625 0.0875 0.0375
0 0.45546875 0.32734375 0.078125 0.034375
0 0.2 0.25625 0.08125 0.0359375
0 0.7953125 0.41875 0.096875 0.0265625
0 0.17109375 0.621875 0.090625 0.028125
0 0.1453125 0.496875 0.0859375 0.0265625
0 0.15703125 0.1328125 0.08125 0.0296875
0 0.25703125 0.50625 0.0796875 0.028125
0 0.1703125 0.8 0.0765625 0.03125
0 0.28828125 0.165625 0.08125 0.028125
0 0.46015625 0.07890625 0.0828125 0.0234375
0 0.290625 0.84609375 0.0703125 0.034375
0 0.3234375 0.63515625 0.0671875 0.03125
0 0.1703125 0.8984375 0.0546875 0.03125
0 0.1890625 0.17578125 0.0640625 0.025
0 0.15078125 0.09453125 0.075 0.025
0 0.43828125 0.77578125 0.0484375 0.034375
0 0.1375 0.590625 0.046875 0.0296875
0 0.496875 0.8109375 0.05625 0.0265625
0 0.6921875 0.25390625 0.0625 0.0234375
0 0.19375 0.36875 0.0546875 0.021875
0 0.575 0.86484375 0.05 0.028125
0 0.659375 0.85859375 0.0609375 0.01875
0 0.36796875 0.76171875 0.04375 0.025
0 0.346875 0.5109375 0.05625 0.0265625
0 0.38671875 0.1671875 0.0453125 0.03125
0 0.93515625 0.8359375 0.0453125 0.0359375
0 0.15703125 0.7140625 0.040625 0.028125
0 0.159375 0.66953125 0.0453125 0.0234375
0 0.62578125 0.3796875 0.05625 0.0265625
0 0.8953125 0.41640625 0.040625 0.0234375
0 0.3578125 0.3265625 0.053125 0.025
0 0.12421875 0.0609375 0.0609375 0.0234375
0 0.57421875 0.16484375 0.05625 0.0171875
0 0.40703125 0.80859375 0.046875 0.0265625
0 0.228125 0.71640625 0.046875 0.0234375
0 0.3703125 0.8515625 0.04375 0.025
0 0.46796875 0.24609375 0.04375 0.021875
0 0.17734375 0.45625 0.0390625 0.021875
0 0.3078125 0.77421875 0.03125 0.0328125
0 0.4828125 0.3734375 0.0484375 0.01875
0 0.31796875 0.08125 0.0453125 0.0203125
0 0.73125 0.175 0.0453125 0.021875
0 0.25703125 0.5875 0.0375 0.0203125
0 0.36796875 0.2875 0.0375 0.0203125
0 0.8953125 0.86796875 0.0296875 0.0234375
0 0.65625 0.16640625 0.0359375 0.0171875
0 0.30078125 0.29609375 0.0265625 0.025
0 0.56328125 0.825 0.0265625 0.0328125
0 0.546875 0.37421875 0.0375 0.015625
0 0.2046875 0.5921875 0.0265625 0.0203125
0 0.12734375 0.453125 0.0234375 0.025
0 0.70859375 0.415625 0.0234375 0.025
0 0.096875 0.61953125 0.025 0.025
0 0.1203125 0.17109375 0.01875 0.0203125
0 0.63203125 0.49921875 0.0203125 0.0203125
0 0.146875 0.75546875 0.025 0.0265625
0 0.27109375 0.36875 0.0234375 0.01875
0 0.25234375 0.62734375 0.021875 0.01875
0 0.29453125 0.04375 0.0171875 0.0203125
0 0.21484375 0.66875 0.021875 0.0171875
0 0.2328125 0.0484375 0.0171875 0.0171875
0 0.36796875 0.7234375 0.01875 0.0140625
0 0.33203125 0.2 0.0234375 0.0234375
0 0.44296875 0.16484375 0.01875 0.0234375
0 0.37890625 0.54296875 0.0171875 0.0140625
0 0.7359375 0.859375 0.015625 0.015625
0 0.1796875 0.053125 0.0140625 0.015625
0 0.275 0.246875 0.015625 0.021875
0 0.1 0.79296875 0.025 0.0078125
0 0.8703125 0.81484375 0.0203125 0.028125
0 0.29375 0.325 0.021875 0.025
0 0.3796875 0.07890625 0.0203125 0.025
0 0.2515625 0.08125 0.025 0.0078125
0 0.12265625 0.2515625 0.0171875 0.0078125
0 0.1234375 0.36875 0.01875 0.0078125
0 0.5 0.17421875 0.0390625 0.0296875
0 0.8125 0.3734375 0.015625 0.0265625