0 0.17265625 0.3953125 0.1734375 0.028125
0 0.33046875 0.2359375 0.1890625 0.0265625
0 0.20546875 0.50390625 0.275 0.0203125
0 0.13203125 0.4640625 0.1703125 0.025
0 0.15390625 0.3296875 0.171875 0.0234375
0 0.47890625 0.44921875 0.1734375 0.0234375
0 0.1453125 0.41796875 0.2 0.0203125
0 0.33828125 0.253125 0.14375 0.021875
0 0.44609375 0.3796875 0.146875 0.0203125
0 0.34296875 0.4765625 0.1703125 0.0203125
0 0.39140625 0.2734375 0.1375 0.025
0 0.3859375 0.40625 0.1609375 0.025
0 0.1375 0.35625 0.125 0.0203125
0 0.128125 0.26484375 0.128125 0.01875
0 0.12890625 0.2875 0.1078125 0.021875
0 0.19921875 0.48046875 0.0875 0.0140625
0 0.275 0.4546875 0.0796875 0.0171875
0 0.16171875 0.246875 0.084375 0.0140625
0 0.44375 0.31484375 0.084375 0.0140625
0 0.053125 0.31484375 0.0515625 0.0171875
0 0.05546875 0.22421875 0.0640625 0.0140625
0 0.29921875 0.32109375 0.065625 0.0140625
0 0.30546875 0.38828125 0.0609375 0.0109375
0 0.2328125 0.28046875 0.05 0.0140625
0 0.39375 0.33984375 0.0640625 0.0125
0 0.078125 0.24921875 0.05625 0.0125
0 0.04453125 0.1984375 0.0453125 0.0140625
0 0.05078125 0.40078125 0.0453125 0.0140625
0 0.47890625 0.46796875 0.03125 0.015625
0 0.36640625 0.31875 0.04375 0.0109375
0 0.2796875 0.41328125 0.0375 0.0125
0 0.4015625 0.49375 0.04375 0.0140625
0 0.328125 0.34296875 0.0359375 0.0125
0 0.23359375 0.25859375 0.03125 0.0140625
0 0.35 0.45234375 0.0359375 0.0125
0 0.29296875 0.278125 0.021875 0.0109375
0 0.1546875 0.4953125 0.0234375 0.009375
0 0.440625 0.3359375 0.00625 0.0125
0 0.46640625 0.503125 0.14375 0.021875
0 0.15078125 0.53125 0.1640625 0.0265625
0 0.28203125 0.521875 0.0578125 0.015625
0 0.35078125 0.51953125 0.059375 0.0109375
0 0.38671875 0.5171875 0.0109375 0.003125
0 0.42265625 0.51640625 0.0671875 0.0109375
0 0.109375 0.54921875 0.084375 0.015625
0 0.115625 0.59375 0.1078125 0.015625
0 0.2046875 0.59375 0.0421875 0.0078125
0 0.740625 0.59921875 0.125 0.01875
0 0.8484375 0.59921875 0.0640625 0.01875
0 0.9234375 0.58984375 0.01875 0.0140625
0 0.7578125 0.61875 0.134375 0.01875
0 0.89140625 0.61328125 0.0953125 0.0171875
0 0.1390625 0.66171875 0.175 0.01875
0 0.2234375 0.6828125 0.121875 0.0203125
0 0.31953125 0.6796875 0.040625 0.0140625
0 0.4234375 0.675 0.1375 0.01875
0 0.2796875 0.70546875 0.2171875 0.025
0 0.50390625 0.6921875 0.115625 0.015625
0 0.6375 0.690625 0.1265625 0.0171875
0 0.7546875 0.68359375 0.0859375 0.0125
0 0.8890625 0.6796875 0.1546875 0.0234375
0 0.98984375 0.66875 0.0203125 0.009375
0 0.51171875 0.70390625 0.1140625 0.0140625
0 0.6078125 0.7 0.0515625 0.0125
0 0.66875 0.696875 0.028125 0.0140625
0 0.7796875 0.6953125 0.140625 0.0203125
0 0.278125 0.72578125 0.1765625 0.028125
0 0.42578125 0.7015625 0.0203125 0.00625
0 0.40625 0.72265625 0.015625 0.0046875
0 0.484375 0.725 0.128125 0.01875
0 0.65625 0.7203125 0.159375 0.025
0 0.7984375 0.7125 0.078125 0.0203125
0 0.92109375 0.7015625 0.1578125 0.021875
0 0.33828125 0.75 0.3015625 0.03125
0 0.51875 0.740625 0.01875 0.009375
0 0.58984375 0.73984375 0.115625 0.01875
0 0.69765625 0.73671875 0.0390625 0.015625
0 0.78359375 0.73359375 0.103125 0.0203125
0 0.88125 0.72734375 0.0515625 0.0140625
0 0.59375 0.76171875 0.1171875 0.0234375
0 0.43125 0.7953125 0.0703125 0.01875
0 0.5484375 0.7953125 0.1171875 0.021875
0 0.69765625 0.78359375 0.140625 0.0203125
0 0.78125 0.78203125 0.0125 0.0140625
0 0.171875 0.8296875 0.184375 0.0265625
0 0.33125 0.821875 0.078125 0.015625
0 0.4140625 0.825 0.053125 0.0140625
0 0.53671875 0.82421875 0.1703125 0.025
0 0.67109375 0.815625 0.046875 0.0171875
0 0.859375 0.80390625 0.2625 0.034375
0 0.15 0.84765625 0.13125 0.0203125
0 0.3015625 0.84609375 0.15 0.0234375
0 0.4359375 0.865625 0.075 0.01875
0 0.55859375 0.8640625 0.1421875 0.021875
0 0.1078125 0.9078125 0.121875 0.0203125