0 0.42109375 0.06953125 0.059375 0.01875
0 0.5890625 0.09375 0.3078125 0.1046875
0 0.4203125 0.1234375 0.06875 0.0203125
0 0.56484375 0.15234375 0.290625 0.1
0 0.215625 0.24296875 0.103125 0.046875
0 0.475 0.28125 0.2984375 0.0953125
0 0.70390625 0.31875 0.1203125 0.0703125
0 0.22578125 0.403125 0.1015625 0.1625
0 0.42421875 0.45078125 0.1140625 0.203125
0 0.446875 0.49453125 0.05 0.046875
0 0.678125 0.478125 0.134375 0.159375
0 0.5296875 0.56875 0.225 0.1046875
0 0.31015625 0.903125 0.184375 0.115625