0 0.1546875 0.1015625 0.084375 0.0296875
0 0.4703125 0.1078125 0.171875 0.0375
0 0.628125 0.10703125 0.11875 0.04375
0 0.2296875 0.13046875 0.171875 0.034375
0 0.13984375 0.1796875 0.075 0.015625
0 0.3109375 0.178125 0.20625 0.05
0 0.590625 0.1875 0.2625 0.0546875
0 0.1296875 0.228125 0.0625 0.015625
0 0.51953125 0.234375 0.0671875 0.0171875
0 0.65546875 0.240625 0.071875 0.046875
0 0.16171875 0.27734375 0.096875 0.025
0 0.27109375 0.2796875 0.10625 0.015625
0 0.17734375 0.31796875 0.0734375 0.040625
0 0.296875 0.321875 0.0734375 0.040625
0 0.3984375 0.3171875 0.046875 0.0421875
0 0.47890625 0.31953125 0.040625 0.04375
0 0.134375 0.37265625 0.0375 0.021875
0 0.18984375 0.371875 0.05625 0.021875
0 0.2421875 0.37109375 0.0390625 0.01875
0 0.2921875 0.371875 0.05 0.01875
0 0.375 0.37421875 0.103125 0.0171875
0 0.571875 0.390625 0.25 0.046875
0 0.7453125 0.39609375 0.05625 0.0375
0 0.26484375 0.41640625 0.2875 0.0375
0 0.153125 0.4703125 0.103125 0.0375
0 0.2265625 0.46640625 0.015625 0.025
0 0.27109375 0.46875 0.0625 0.028125
0 0.37578125 0.47578125 0.1484375 0.028125
0 0.4921875 0.471875 0.0796875 0.025
0 0.22578125 0.54375 0.25625 0.115625
0 0.48046875 0.51171875 0.1921875 0.06875
0 0.684375 0.4984375 0.125 0.0875
0 0.14453125 0.590625 0.0453125 0.04375
0 0.315625 0.58125 0.21875 0.096875
0 0.61328125 0.57734375 0.3 0.09375
0 0.1921875 0.6296875 0.153125 0.053125
0 0.35078125 0.6203125 0.04375 0.05
0 0.571875 0.63125 0.3359375 0.115625
0 0.1375 0.6875 0.06875 0.0328125
0 0.34921875 0.6765625 0.234375 0.06875
0 0.62109375 0.684375 0.234375 0.1
0 0.146875 0.72890625 0.096875 0.0625
0 0.28359375 0.74765625 0.1515625 0.1109375
0 0.4859375 0.740625 0.20625 0.0421875
0 0.69609375 0.7375 0.184375 0.053125
0 0.1703125 0.8046875 0.15 0.1015625
0 0.2921875 0.8 0.053125 0.03125
0 0.434375 0.79375 0.1375 0.059375
0 0.5859375 0.7921875 0.09375 0.0625
0 0.725 0.7921875 0.140625 0.06875
0 0.13359375 0.8703125 0.10625 0.065625
0 0.27421875 0.84609375 0.10625 0.065625
0 0.3890625 0.846875 0.059375 0.071875
0 0.5125 0.85703125 0.203125 0.1
0 0.70703125 0.84921875 0.1 0.059375
0 0.203125 0.90625 0.115625 0.0625
0 0.325 0.8953125 0.1 0.0625
0 0.434375 0.90625 0.06875 0.0390625
0 0.50859375 0.89765625 0.075 0.0484375
0 0.61171875 0.9015625 0.0890625 0.0359375
0 0.7375 0.9015625 0.1265625 0.075
0 0.78125 0.909375 0.109375 0.0484375
0 0.1234375 0.9359375 0.10625 0.0125
0 0.20859375 0.9375 0.05625 0.0109375
0 0.2640625 0.93984375 0.04375 0.0125
0 0.25546875 0.1046875 0.0390625 0.0171875