0 0.2390625 0.06015625 0.171875 0.08125
0 0.39609375 0.09140625 0.134375 0.071875
0 0.484375 0.11015625 0.028125 0.0328125
0 0.596875 0.12265625 0.190625 0.084375
0 0.81875 0.1640625 0.2578125 0.1078125
0 0.278125 0.17734375 0.1328125 0.09375
0 0.35703125 0.2078125 0.040625 0.0375
0 0.4265625 0.225 0.10625 0.0828125
0 0.5734375 0.23984375 0.1890625 0.0859375
0 0.69921875 0.25859375 0.04375 0.0421875
0 0.74609375 0.27421875 0.0421875 0.0359375
0 0.26796875 0.25 0.1515625 0.0796875
0 0.3640625 0.271875 0.0484375 0.0578125
0 0.4453125 0.290625 0.1046875 0.0625
0 0.58671875 0.3078125 0.1703125 0.084375
0 0.728125 0.328125 0.11875 0.0625
0 0.2234375 0.2890625 0.090625 0.0578125
0 0.34375 0.3171875 0.146875 0.0703125
0 0.5484375 0.36328125 0.2484375 0.090625
0 0.1984375 0.3640625 0.1046875 0.065625
0 0.32109375 0.38671875 0.121875 0.0609375
0 0.5046875 0.4359375 0.2359375 0.1109375
0 0.709375 0.47265625 0.1765625 0.096875
0 0.209375 0.4390625 0.1328125 0.0640625
0 0.31015625 0.459375 0.0515625 0.0515625
0 0.4015625 0.47578125 0.1140625 0.0546875
0 0.534375 0.50546875 0.134375 0.0625
0 0.69453125 0.54296875 0.1765625 0.0828125
0 0.63359375 0.61953125 0.096875 0.0609375
0 0.74921875 0.63515625 0.1421875 0.071875
0 0.1421875 0.03828125 0.028125 0.0359375