0 0.3375 0.0375 0.0609375 0.0296875
0 0.578125 0.0515625 0.0984375 0.0375
0 0.33359375 0.1796875 0.1 0.046875
0 0.53203125 0.18359375 0.0921875 0.0765625
0 0.61796875 0.1828125 0.0671875 0.0390625
0 0.67578125 0.18515625 0.05 0.034375
0 0.7296875 0.1859375 0.05625 0.0359375
0 0.77421875 0.18515625 0.0265625 0.04375
0 0.82421875 0.19375 0.0609375 0.03125
0 0.878125 0.19921875 0.0609375 0.0375
0 0.5234375 0.2140625 0.0828125 0.0328125
0 0.31640625 0.2703125 0.0984375 0.05
0 0.51640625 0.26640625 0.0765625 0.0390625
0 0.58828125 0.2703125 0.05625 0.0359375
0 0.646875 0.28515625 0.0609375 0.0609375
0 0.7296875 0.2765625 0.090625 0.04375
0 0.31953125 0.359375 0.1 0.04375
0 0.525 0.36640625 0.096875 0.0703125
0 0.61796875 0.359375 0.0875 0.046875
0 0.715625 0.36796875 0.0984375 0.0328125
0 0.8484375 0.3875 0.1625 0.071875
0 0.31328125 0.45390625 0.0890625 0.0484375
0 0.521875 0.44453125 0.0859375 0.0515625
0 0.6078125 0.459375 0.0703125 0.0734375
0 0.70390625 0.45 0.10625 0.0453125
0 0.309375 0.54765625 0.0875 0.0484375
0 0.528125 0.54765625 0.10625 0.084375
0 0.6265625 0.5375 0.0921875 0.0453125
0 0.728125 0.54453125 0.0921875 0.028125
0 0.85234375 0.546875 0.1328125 0.084375
0 0.315625 0.64453125 0.1015625 0.05
0 0.5140625 0.6421875 0.0890625 0.0734375
0 0.58671875 0.63203125 0.0234375 0.034375
0 0.63828125 0.63125 0.065625 0.0359375
0 0.70546875 0.634375 0.0625 0.0390625
0 0.784375 0.63515625 0.096875 0.0375
0 0.88828125 0.646875 0.121875 0.0609375
0 0.30703125 0.7328125 0.0859375 0.0421875
0 0.53828125 0.721875 0.146875 0.0515625
0 0.659375 0.72578125 0.0671875 0.0640625
0 0.721875 0.73203125 0.0546875 0.0421875
0 0.76484375 0.734375 0.034375 0.0546875
0 0.82734375 0.73046875 0.0890625 0.0484375
0 0.90078125 0.728125 0.075 0.05
0 0.4921875 0.7640625 0.053125 0.0296875
0 0.55546875 0.7640625 0.0578125 0.0171875
0 0.63359375 0.7625 0.096875 0.034375
0 0.31171875 0.8296875 0.103125 0.0453125
0 0.5125 0.83359375 0.0921875 0.0578125
0 0.5984375 0.83203125 0.0796875 0.0578125
0 0.67734375 0.82109375 0.071875 0.034375
0 0.74296875 0.82109375 0.0609375 0.034375
0 0.825 0.81171875 0.0953125 0.046875
0 0.90625 0.81015625 0.0625 0.04375
0 0.50546875 0.8671875 0.0875 0.0453125
0 0.5734375 0.8640625 0.0296875 0.015625
0 0.64765625 0.86171875 0.1109375 0.0421875
0 0.30859375 0.92890625 0.1015625 0.046875
0 0.5234375 0.93359375 0.109375 0.0734375
0 0.60234375 0.9046875 0.0328125 0.0515625
0 0.6546875 0.909375 0.071875 0.0484375
0 0.71796875 0.9296875 0.053125 0.053125
0 0.78671875 0.90078125 0.078125 0.05625
0 0.62109375 0.72734375 0.0109375 0.0078125
0 0.60390625 0.634375 0.00625 0.00625