0 0.45 0.03359375 0.2875 0.0671875
0 0.46875 0.08359375 0.1375 0.1671875
0 0.41171875 0.2296875 0.2265625 0.196875
0 0.57265625 0.18671875 0.0828125 0.10625
0 0.13359375 0.43984375 0.125 0.134375
0 0.27890625 0.403125 0.1765625 0.178125
0 0.40390625 0.40546875 0.1171875 0.1625
0 0.48828125 0.3609375 0.1046875 0.1234375
0 0.62578125 0.3640625 0.2046875 0.1984375
0 0.77265625 0.315625 0.146875 0.15
0 0.88359375 0.29140625 0.146875 0.1921875
0 0.96171875 0.2984375 0.0359375 0.0953125
0 0.64921875 0.53984375 0.1546875 0.16875
0 0.76875 0.47890625 0.1125 0.1109375
0 0.85703125 0.47578125 0.0390625 0.0953125
0 0.65625 0.71953125 0.1109375 0.134375
0 0.7484375 0.70078125 0.084375 0.115625
0 0.865625 0.6796875 0.1328125 0.128125