0 0.29296875 0.1046875 0.278125 0.1140625
0 0.14453125 0.25703125 0.2359375 0.0859375
0 0.3390625 0.24765625 0.1109375 0.0734375
0 0.47734375 0.2421875 0.1328125 0.0828125
0 0.62734375 0.24140625 0.1390625 0.1
0 0.7484375 0.2203125 0.0734375 0.05625
0 0.85625 0.21484375 0.13125 0.0890625
0 0.0953125 0.37578125 0.078125 0.0875
0 0.19765625 0.35625 0.0765625 0.0515625
0 0.35234375 0.35546875 0.1984375 0.1078125
0 0.12890625 0.51484375 0.1515625 0.0828125
0 0.29453125 0.50078125 0.1125 0.06875
0 0.41015625 0.4921875 0.08125 0.065625
0 0.48828125 0.49609375 0.0765625 0.0921875
0 0.575 0.4828125 0.1109375 0.0671875
0 0.70703125 0.46875 0.1328125 0.075
0 0.8375 0.4703125 0.153125 0.0953125
0 0.11953125 0.61328125 0.0796875 0.0671875
0 0.246875 0.609375 0.140625 0.0859375
0 0.35390625 0.59140625 0.059375 0.0671875
0 0.4453125 0.584375 0.0828125 0.0546875
0 0.54140625 0.59921875 0.0671875 0.0703125
0 0.61328125 0.58125 0.028125 0.04375
0 0.671875 0.56171875 0.0578125 0.06875
0 0.73671875 0.58828125 0.053125 0.1046875
0 0.80078125 0.559375 0.09375 0.065625
0 0.89765625 0.56953125 0.071875 0.065625
0 0.13984375 0.6921875 0.121875 0.0671875
0 0.30859375 0.68671875 0.165625 0.0859375
0 0.46640625 0.68671875 0.1203125 0.090625
0 0.60078125 0.6859375 0.140625 0.096875
0 0.22265625 0.84609375 0.28125 0.0984375
0 0.4890625 0.84765625 0.1984375 0.1015625
0 0.63671875 0.8125 0.078125 0.0578125
0 0.77265625 0.8109375 0.1609375 0.103125
0 0.92109375 0.7984375 0.1578125 0.1
0 0.12109375 0.95625 0.0765625 0.0796875
0 0.2265625 0.95390625 0.109375 0.0921875
0 0.3765625 0.9421875 0.178125 0.115625
0 0.5484375 0.9234375 0.1109375 0.1125
0 0.71796875 0.90859375 0.2140625 0.1140625