0 0.4734375 0.04765625 0.278125 0.0953125
0 0.5921875 0.109375 0.334375 0.1109375
0 0.48671875 0.21953125 0.0734375 0.034375
0 0.5890625 0.2078125 0.1265625 0.03125
0 0.68671875 0.20078125 0.0546875 0.0296875
0 0.46484375 0.3390625 0.1734375 0.0875
0 0.653125 0.32421875 0.228125 0.084375
0 0.346875 0.40390625 0.08125 0.0328125
0 0.40703125 0.396875 0.028125 0.021875
0 0.51484375 0.38203125 0.078125 0.034375
0 0.66171875 0.38359375 0.2109375 0.078125
0 0.3390625 0.46171875 0.0515625 0.025
0 0.46875 0.459375 0.1515625 0.06875
0 0.58828125 0.43359375 0.146875 0.0453125
0 0.771875 0.42734375 0.19375 0.0734375
0 0.35625 0.51953125 0.0796875 0.0328125
0 0.415625 0.51328125 0.0296875 0.0234375
0 0.578125 0.5078125 0.175 0.071875
0 0.34140625 0.5828125 0.034375 0.0203125
0 0.3875 0.57734375 0.04375 0.03125
0 0.47734375 0.55546875 0.096875 0.0515625
0 0.56484375 0.55859375 0.0515625 0.0328125
0 0.60703125 0.55390625 0.0296875 0.025
0 0.81484375 0.534375 0.03125 0.025
0 0.35703125 0.64296875 0.0625 0.0265625
0 0.45 0.6328125 0.115625 0.0390625
0 0.5296875 0.62421875 0.04375 0.0265625
0 0.6015625 0.6109375 0.0828125 0.053125
0 0.64921875 0.61171875 0.0578125 0.034375
0 0.69296875 0.6078125 0.0328125 0.025
0 0.734375 0.61640625 0.103125 0.078125
0 0.8234375 0.5953125 0.034375 0.0234375
0 0.34921875 0.703125 0.0359375 0.0234375
0 0.48984375 0.6796875 0.1484375 0.0484375
0 0.66015625 0.6625 0.1453125 0.0609375
0 0.840625 0.653125 0.10625 0.034375
0 0.35859375 0.76328125 0.0328125 0.0234375
0 0.53359375 0.74140625 0.1828125 0.0515625
0 0.37109375 0.825 0.0515625 0.034375
0 0.465625 0.815625 0.1421875 0.0359375
0 0.6359375 0.8 0.1703125 0.0734375
0 0.80625 0.79140625 0.175 0.0921875
0 0.54375 0.87265625 0.0828125 0.0296875
0 0.6265625 0.86171875 0.090625 0.0359375
0 0.7484375 0.84375 0.1390625 0.05
0 0.646875 0.921875 0.13125 0.0515625
0 0.80859375 0.92109375 0.1921875 0.0796875
0 0.7078125 0.54921875 0.178125 0.0625
0 0.84765625 0.53828125 0.040625 0.040625
0 0.859375 0.5890625 0.0515625 0.0328125
0 0.4234375 0.8828125 0.1484375 0.0390625
0 0.8765625 0.84921875 0.09375 0.06875