0 0.4375 0.06640625 0.1734375 0.053125
0 0.6375 0.09375 0.2078125 0.071875
0 0.17578125 0.15625 0.1703125 0.0859375
0 0.36796875 0.16796875 0.1328125 0.0640625
0 0.56171875 0.190625 0.16875 0.0765625
0 0.75 0.209375 0.1515625 0.075
0 0.16171875 0.246875 0.184375 0.1078125
0 0.453125 0.24921875 0.31875 0.103125
0 0.76015625 0.29140625 0.21875 0.10625
0 0.14609375 0.2859375 0.08125 0.065625
0 0.2921875 0.303125 0.1140625 0.0578125
0 0.46171875 0.3421875 0.1375 0.10625
0 0.653125 0.34140625 0.1953125 0.0765625
0 0.11640625 0.3578125 0.1296875 0.071875
0 0.30390625 0.371875 0.1484375 0.06875
0 0.525 0.4171875 0.2375 0.115625
0 0.740625 0.41875 0.10625 0.078125
0 0.13828125 0.44375 0.19375 0.1203125
0 0.321875 0.44609375 0.1203125 0.065625
0 0.58984375 0.49765625 0.35 0.1390625
0 0.1609375 0.51640625 0.2578125 0.1140625
0 0.3703125 0.5203125 0.0875 0.0640625
0 0.51796875 0.55 0.1734375 0.1
0 0.7421875 0.56796875 0.25 0.1140625
0 0.1125 0.56875 0.1671875 0.071875
0 0.34375 0.58125 0.225 0.0765625
0 0.58671875 0.60390625 0.1609375 0.078125
0 0.7390625 0.62109375 0.0640625 0.05625
0 0.090625 0.65 0.146875 0.096875
0 0.30390625 0.64296875 0.190625 0.0828125
0 0.46640625 0.66953125 0.1640625 0.0859375
0 0.7125 0.69453125 0.2921875 0.0890625
0 0.140625 0.696875 0.21875 0.0515625
0 0.48125 0.734375 0.20625 0.04375
0 0.7515625 0.765625 0.08125 0.0296875
0 0.08046875 0.75859375 0.11875 0.05
0 0.1578125 0.76484375 0.015625 0.0296875
0 0.20546875 0.77578125 0.0640625 0.034375
0 0.31640625 0.7828125 0.146875 0.04375
0 0.41171875 0.7984375 0.046875 0.0421875
0 0.628125 0.834375 0.2578125 0.1671875
0 0.02421875 0.8109375 0.021875 0.0296875
0 0.10078125 0.82578125 0.1265625 0.0484375
0 0.2390625 0.83671875 0.140625 0.05
0 0.35859375 0.853125 0.1109375 0.04375
0 0.45 0.86796875 0.065625 0.0390625
0 0.046875 0.87109375 0.0703125 0.059375
0 0.1640625 0.890625 0.0609375 0.04375
0 0.27578125 0.90078125 0.0609375 0.0484375
0 0.3953125 0.909375 0.0671875 0.0515625
0 0.47890625 0.921875 0.046875 0.0265625
0 0.55234375 0.91484375 0.0828125 0.0953125
0 0.67421875 0.928125 0.11875 0.0890625