0 0.1546875 0.09296875 0.0890625 0.0859375
0 0.240625 0.10625 0.03125 0.078125
0 0.32421875 0.09140625 0.065625 0.0796875
0 0.4109375 0.08046875 0.0265625 0.0859375
0 0.47734375 0.09296875 0.034375 0.0359375
0 0.11171875 0.325 0.0765625 0.084375
0 0.25625 0.315625 0.1109375 0.0875
0 0.3828125 0.30859375 0.06875 0.078125
0 0.46953125 0.3078125 0.06875 0.084375
0 0.60859375 0.3328125 0.1140625 0.0859375
0 0.71796875 0.29765625 0.0546875 0.078125
0 0.81328125 0.3046875 0.0875 0.0609375
0 0.92265625 0.29296875 0.0875 0.0734375
0 0.11328125 0.45703125 0.0453125 0.128125
0 0.20859375 0.46171875 0.078125 0.10625
0 0.440625 0.4453125 0.2 0.146875
0 0.6109375 0.425 0.0765625 0.0734375
0 0.71171875 0.409375 0.084375 0.0796875
0 0.86875 0.428125 0.171875 0.1046875
0 0.14453125 0.54375 0.1125 0.0953125
0 0.253125 0.55625 0.06875 0.11875
0 0.33515625 0.53828125 0.0765625 0.090625
0 0.4890625 0.55 0.2 0.1390625
0 0.6390625 0.55078125 0.040625 0.1078125
0 0.76640625 0.5421875 0.1609375 0.134375
0 0.88828125 0.52109375 0.0328125 0.0453125
0 0.15078125 0.69375 0.125 0.11875
0 0.33515625 0.675 0.14375 0.1296875
0 0.459375 0.64375 0.059375 0.0796875
0 0.63125 0.63671875 0.2375 0.09375
0 0.7953125 0.6484375 0.0453125 0.0890625
0 0.8546875 0.63359375 0.040625 0.0421875
0 0.93984375 0.64375 0.0953125 0.0828125
0 0.096875 0.7765625 0.05625 0.0828125
0 0.15703125 0.77265625 0.0375 0.078125
0 0.2375 0.7828125 0.0828125 0.0703125
0 0.3625 0.7859375 0.1328125 0.153125
0 0.471875 0.765625 0.04375 0.04375
0 0.56328125 0.74453125 0.0875 0.0828125
0 0.72421875 0.75390625 0.19375 0.146875
0 0.88984375 0.740625 0.0796875 0.0640625
0 0.12890625 0.89765625 0.1015625 0.0921875
0 0.23046875 0.8859375 0.0375 0.078125
0 0.30703125 0.878125 0.06875 0.075
0 0.434375 0.87109375 0.1109375 0.0890625
0 0.56015625 0.86640625 0.1078125 0.08125
0 0.29765625 0.4625 0.05 0.140625