0 0.621875 0.046875 0.04375 0.015625
0 0.6296875 0.078125 0.0609375 0.0171875
0 0.09140625 0.12578125 0.028125 0.0125
0 0.115625 0.12109375 0.009375 0.0109375
0 0.13046875 0.12265625 0.0125 0.009375
0 0.15234375 0.12421875 0.0234375 0.0140625
0 0.2484375 0.115625 0.1421875 0.021875
0 0.3625 0.1125 0.0421875 0.0125
0 0.43203125 0.1109375 0.071875 0.0140625
0 0.5203125 0.109375 0.0515625 0.0125
0 0.6203125 0.109375 0.11875 0.0234375
0 0.72265625 0.1109375 0.028125 0.015625
0 0.7734375 0.109375 0.0390625 0.0140625
0 0.84375 0.10625 0.071875 0.0140625
0 0.11328125 0.14453125 0.034375 0.0171875
0 0.17734375 0.140625 0.0640625 0.01875
0 0.3609375 0.13359375 0.234375 0.0265625
0 0.071875 0.18125 0.0109375 0.009375
0 0.15546875 0.17109375 0.1328125 0.0265625
0 0.26484375 0.1703125 0.040625 0.015625
0 0.3375 0.16328125 0.078125 0.01875
0 0.44609375 0.16171875 0.115625 0.015625
0 0.546875 0.16015625 0.040625 0.0125
0 0.628125 0.159375 0.1046875 0.0203125
0 0.715625 0.1625 0.0265625 0.0140625
0 0.75234375 0.16015625 0.015625 0.009375
0 0.81875 0.1578125 0.1046875 0.0140625
0 0.35390625 0.19453125 0.0921875 0.0203125
0 0.50859375 0.19140625 0.1703125 0.025
0 0.3640625 0.21875 0.08125 0.0171875
0 0.11484375 0.28359375 0.0546875 0.01875
0 0.18046875 0.27578125 0.06875 0.0140625
0 0.115625 0.346875 0.115625 0.0234375
0 0.37578125 0.26796875 0.05625 0.015625
0 0.6375 0.2546875 0.06875 0.015625
0 0.43515625 0.26484375 0.059375 0.0171875
0 0.71171875 0.25234375 0.0765625 0.0171875
0 0.07421875 0.43515625 0.009375 0.0046875
0 0.11640625 0.43359375 0.0671875 0.0140625
0 0.20234375 0.42734375 0.0828125 0.0140625
0 0.07578125 0.4625 0.009375 0.0046875
0 0.15078125 0.46015625 0.10625 0.0171875
0 0.26484375 0.45625 0.0890625 0.0171875
0 0.6625 0.3875 0.1125 0.01875
0 0.76640625 0.3828125 0.059375 0.0140625
0 0.08203125 0.48671875 0.0125 0.0046875
0 0.14609375 0.48125 0.090625 0.0203125
0 0.26484375 0.47578125 0.1265625 0.0171875
0 0.17265625 0.4984375 0.08125 0.0203125
0 0.171875 0.51875 0.05625 0.0109375
0 0.2015625 0.74609375 0.1125 0.0171875
0 0.29765625 0.7421875 0.053125 0.0140625
0 0.1421875 0.771875 0.0125 0.0046875
0 0.21484375 0.771875 0.1046875 0.0203125
0 0.353125 0.76640625 0.128125 0.021875
0 0.11953125 0.80078125 0.0125 0.00625
0 0.190625 0.796875 0.115625 0.0203125
0 0.34765625 0.79140625 0.178125 0.025
0 0.13203125 0.82890625 0.009375 0.0078125
0 0.23046875 0.825 0.175 0.01875
0 0.3265625 0.83203125 0.121875 0.021875
0 0.5015625 0.82578125 0.075 0.0203125
0 0.57578125 0.82421875 0.0640625 0.0125
0 0.43359375 0.853125 0.015625 0.00625
0 0.53125 0.84609375 0.1578125 0.01875
0 0.54609375 0.8703125 0.1640625 0.0203125
0 0.5296875 0.41875 0.0078125 0.00625
0 0.578125 0.41953125 0.071875 0.0140625
0 0.6890625 0.41640625 0.1328125 0.0203125
0 0.5390625 0.4453125 0.009375 0.0046875
0 0.5875 0.44609375 0.0625 0.015625
0 0.69765625 0.44296875 0.1328125 0.01875
0 0.8046875 0.4390625 0.04375 0.0140625
0 0.88125 0.43828125 0.0859375 0.0140625
0 0.825 0.46484375 0.2 0.021875
0 0.84375 0.609375 0.115625 0.021875
0 0.9359375 0.60625 0.0546875 0.015625
0 0.79609375 0.63515625 0.015625 0.00625
0 0.85 0.63359375 0.0796875 0.015625
0 0.803125 0.66171875 0.0125 0.0046875
0 0.859375 0.6609375 0.0796875 0.0171875
0 0.95234375 0.65703125 0.08125 0.01875
0 0.79296875 0.6875 0.04375 0.0125
0 0.86015625 0.68515625 0.0875 0.0171875
0 0.87109375 0.7046875 0.1734375 0.0234375
0 0.73515625 0.7546875 0.1421875 0.025
0 0.64453125 0.78359375 0.015625 0.00625
0 0.70625 0.7828125 0.0875 0.01875
0 0.78984375 0.77734375 0.0453125 0.0140625
0 0.89921875 0.77265625 0.1390625 0.01875
0 0.85546875 0.934375 0.1015625 0.0203125