0 0.165625 0.090625 0.06875 0.0234375
0 0.2109375 0.09140625 0.00625 0.0234375
0 0.2421875 0.09296875 0.040625 0.0234375
0 0.3125 0.0953125 0.0875 0.0234375
0 0.37734375 0.096875 0.028125 0.0234375
0 0.2734375 0.15703125 0.24375 0.0515625
0 0.1828125 0.265625 0.0625 0.0296875
0 0.221875 0.26171875 0.0046875 0.0171875
0 0.25 0.2625 0.0375 0.01875
0 0.31171875 0.2703125 0.0828125 0.021875
0 0.38125 0.2671875 0.0515625 0.0203125
0 0.26015625 0.31640625 0.19375 0.0484375
0 0.15234375 0.38671875 0.0453125 0.0359375
0 0.3625 0.409375 0.3546875 0.0671875
0 0.63359375 0.41484375 0.0890625 0.046875
0 0.778125 0.42109375 0.1703125 0.0390625
0 0.14609375 0.43984375 0.0203125 0.00625
0 0.26484375 0.43984375 0.1921875 0.0484375
0 0.4109375 0.44921875 0.0625 0.0390625
0 0.48828125 0.45546875 0.034375 0.03125
0 0.625 0.46796875 0.146875 0.0375
0 0.33046875 0.503125 0.31875 0.046875
0 0.515625 0.51875 0.015625 0.0125
0 0.58359375 0.51640625 0.0453125 0.0265625
0 0.66640625 0.52265625 0.0265625 0.0265625
0 0.78671875 0.525 0.1859375 0.0375
0 0.5828125 0.553125 0.1265625 0.0375
0 0.4265625 0.60703125 0.0390625 0.0203125
0 0.56875 0.61328125 0.234375 0.053125
0 0.2390625 0.70859375 0.23125 0.0703125
0 0.12421875 0.77578125 0.05 0.034375
0 0.31484375 0.778125 0.26875 0.0703125
0 0.5421875 0.784375 0.1421875 0.0515625
0 0.69765625 0.796875 0.078125 0.0375
0 0.21640625 0.83046875 0.1046875 0.046875
0 0.34765625 0.83671875 0.115625 0.040625
0 0.48359375 0.8375 0.053125 0.0328125
0 0.65078125 0.840625 0.2015625 0.0421875
0 0.2796875 0.86953125 0.159375 0.034375
0 0.52890625 0.8828125 0.2484375 0.0375