0 0.071875 0.09140625 0.075 0.0671875
0 0.17265625 0.07265625 0.109375 0.0765625
0 0.29453125 0.06328125 0.1296875 0.084375
0 0.440625 0.04296875 0.078125 0.0578125
0 0.584375 0.02109375 0.15 0.0421875
0 0.084375 0.18359375 0.16875 0.1265625
0 0.26328125 0.14375 0.1109375 0.090625
0 0.37578125 0.10546875 0.1125 0.0671875
0 0.50625 0.0875 0.09375 0.0609375
0 0.6234375 0.06953125 0.05 0.0484375
0 0.721875 0.0421875 0.146875 0.084375
0 0.034375 0.240625 0.06875 0.0875
0 0.1078125 0.23046875 0.0484375 0.0609375
0 0.196875 0.2109375 0.040625 0.0515625
0 0.28984375 0.203125 0.1390625 0.125
0 0.3640625 0.1828125 0.0125 0.0078125
0 0.47578125 0.1765625 0.20625 0.13125
0 0.77734375 0.1109375 0.328125 0.1328125
0 0.01484375 0.334375 0.0296875 0.075
0 0.08828125 0.29609375 0.1046875 0.078125
0 0.209375 0.27421875 0.11875 0.08125
0 0.33046875 0.25859375 0.1046875 0.0796875
0 0.45859375 0.2484375 0.0453125 0.046875
0 0.6421875 0.21640625 0.20625 0.1328125
0 0.86328125 0.16953125 0.1953125 0.1046875
0 0.028125 0.38671875 0.05625 0.0734375
0 0.17734375 0.3875 0.0953125 0.0703125
0 0.3359375 0.33984375 0.140625 0.0859375
0 0.48515625 0.3203125 0.040625 0.0578125
0 0.58984375 0.3125 0.121875 0.0625
0 0.7859375 0.27421875 0.09375 0.059375
0 0.92265625 0.2421875 0.0984375 0.0796875
0 0.128125 0.48203125 0.2375 0.146875
0 0.36484375 0.45546875 0.121875 0.1078125
0 0.56953125 0.39609375 0.1734375 0.0984375
0 0.71796875 0.36015625 0.121875 0.09375
0 0.8390625 0.353125 0.1015625 0.0734375
0 0.95234375 0.3671875 0.0765625 0.0828125
0 0.078125 0.5703125 0.134375 0.0984375
0 0.2875 0.54375 0.1171875 0.1046875
0 0.56171875 0.49921875 0.259375 0.11875
0 0.78828125 0.46640625 0.0625 0.0640625
0 0.903125 0.4484375 0.13125 0.096875
0 0.0578125 0.69140625 0.078125 0.0875
0 0.1859375 0.6625 0.10625 0.0671875
0 0.403125 0.62890625 0.1828125 0.096875
0 0.6265625 0.58515625 0.1828125 0.1125
0 0.78828125 0.5484375 0.11875 0.0875
0 0.90546875 0.54375 0.10625 0.0578125
0 0.06796875 0.7671875 0.084375 0.115625
0 0.29609375 0.74921875 0.2890625 0.125
0 0.584375 0.696875 0.1953125 0.109375
0 0.78671875 0.65234375 0.159375 0.096875
0 0.94375 0.64453125 0.1125 0.1078125
0 0.07578125 0.8796875 0.05625 0.065625
0 0.16015625 0.86796875 0.0625 0.0765625
0 0.30546875 0.84765625 0.084375 0.0828125
0 0.45703125 0.81171875 0.0703125 0.0703125
0 0.64921875 0.78203125 0.153125 0.09375
0 0.86171875 0.75703125 0.184375 0.11875
0 0.13515625 0.95078125 0.1453125 0.0984375
0 0.39609375 0.94453125 0.1578125 0.103125
0 0.69453125 0.8921875 0.325 0.1703125
0 0.95078125 0.8375 0.0984375 0.096875
0 0.27109375 0.98359375 0.2609375 0.0328125