0 0.1484375 0.07578125 0.128125 0.0640625
0 0.14921875 0.11796875 0.190625 0.0609375
0 0.4078125 0.0828125 0.26875 0.075
0 0.64765625 0.03984375 0.08125 0.0453125
0 0.19296875 0.1578125 0.246875 0.0765625
0 0.234375 0.1984375 0.2671875 0.08125
0 0.5984375 0.1390625 0.315625 0.09375
0 0.17109375 0.2609375 0.215625 0.0703125
0 0.34765625 0.225 0.0875 0.046875
0 0.4140625 0.2234375 0.009375 0.0078125
0 0.25234375 0.30546875 0.3 0.084375
0 0.48046875 0.26953125 0.0859375 0.05
0 0.13203125 0.38671875 0.1171875 0.059375
0 0.215625 0.36640625 0.0109375 0.01875
0 0.4203125 0.33515625 0.3265625 0.0828125
0 0.6546875 0.3 0.05 0.028125
0 0.75390625 0.28515625 0.11875 0.053125
0 0.15078125 0.45 0.1578125 0.0671875
0 0.28125 0.42265625 0.0453125 0.0390625
0 0.49296875 0.38984375 0.259375 0.071875
0 0.6484375 0.37109375 0.009375 0.0140625
0 0.7390625 0.3515625 0.1328125 0.0453125
0 0.871875 0.3375 0.0953125 0.0453125
0 0.13359375 0.5171875 0.1078125 0.053125
0 0.21328125 0.50703125 0.0140625 0.0203125
0 0.15546875 0.5734375 0.1421875 0.0546875
0 0.3203125 0.54375 0.1328125 0.0484375
0 0.409375 0.5328125 0.0140625 0.01875
0 0.58359375 0.496875 0.2625 0.0703125
0 0.84375 0.45859375 0.215625 0.075
0 0.221875 0.60546875 0.2453125 0.0703125
0 0.50546875 0.56484375 0.26875 0.0796875
0 0.21953125 0.6578125 0.2234375 0.065625
0 0.49375 0.6140625 0.2515625 0.0734375
0 0.1640625 0.71953125 0.1234375 0.0578125
0 0.33359375 0.6890625 0.134375 0.0390625
0 0.428125 0.6734375 0.0109375 0.0171875
0 0.28046875 0.74453125 0.234375 0.0671875
0 0.46640625 0.7140625 0.046875 0.025
0 0.56640625 0.70078125 0.1109375 0.0484375
0 0.2859375 0.7828125 0.2265625 0.059375
0 0.57734375 0.73984375 0.25625 0.08125
0 0.296875 0.81875 0.2390625 0.0640625
0 0.5859375 0.778125 0.2578125 0.078125
0 0.19375 0.875 0.140625 0.0453125
0 0.29296875 0.8578125 0.0109375 0.0140625
0 0.309375 0.89765625 0.2359375 0.0625
0 0.52421875 0.859375 0.06875 0.0359375
0 0.2546875 0.94609375 0.221875 0.065625
0 0.30234375 0.975 0.2171875 0.05
0 0.5671875 0.93125 0.23125 0.0734375
0 0.2953125 0.9921875 0.20625 0.015625
0 0.5609375 0.965625 0.228125 0.06875