0 0.3484375 0.0046875 0.053125 0.009375
0 0.42421875 0.0203125 0.0953125 0.040625
0 0.525 0.03046875 0.0953125 0.05625
0 0.60078125 0.046875 0.046875 0.0359375
0 0.69375 0.0734375 0.140625 0.071875
0 0.8140625 0.09140625 0.09375 0.053125
0 0.20390625 0.02421875 0.0265625 0.0328125
0 0.30078125 0.03671875 0.1515625 0.071875
0 0.425 0.0609375 0.084375 0.046875
0 0.5296875 0.08359375 0.11875 0.05625
0 0.646875 0.11015625 0.1109375 0.053125
0 0.20390625 0.0546875 0.0109375 0.0140625
0 0.275 0.0640625 0.1109375 0.0609375
0 0.365625 0.084375 0.065625 0.0453125
0 0.465625 0.1 0.1328125 0.0546875
0 0.5640625 0.1265625 0.034375 0.028125
0 0.62578125 0.13828125 0.059375 0.040625
0 0.684375 0.146875 0.0328125 0.0265625
0 0.75 0.1609375 0.075 0.0421875
0 0.83515625 0.17890625 0.0828125 0.0390625
0 0.3046875 0.1 0.1859375 0.08125
0 0.40546875 0.12109375 0.0125 0.00625
0 0.44765625 0.128125 0.0625 0.0375
0 0.525 0.1515625 0.090625 0.05
0 0.60078125 0.1640625 0.053125 0.0328125
0 0.18046875 0.12265625 0.034375 0.0328125
0 0.253125 0.13125 0.09375 0.0453125
0 0.353125 0.14765625 0.0828125 0.040625
0 0.49765625 0.18125 0.1703125 0.0703125
0 0.17578125 0.15234375 0.0125 0.0140625
0 0.28203125 0.16484375 0.1703125 0.075
0 0.428125 0.19921875 0.1046875 0.053125
0 0.51015625 0.215625 0.028125 0.0265625
0 0.57265625 0.225 0.065625 0.0375
0 0.659375 0.24453125 0.084375 0.040625
0 0.7265625 0.26484375 0.0453125 0.034375
0 0.78671875 0.27265625 0.0625 0.0328125
0 0.8625 0.2890625 0.06875 0.040625
0 0.271875 0.1984375 0.109375 0.0515625
0 0.3546875 0.21640625 0.034375 0.0265625
0 0.37421875 0.21953125 0.0125 0.0078125
0 0.41328125 0.22421875 0.059375 0.04375
0 0.496875 0.24765625 0.1 0.053125
0 0.15078125 0.2203125 0.034375 0.03125
0 0.23359375 0.23046875 0.103125 0.0546875
0 0.35703125 0.259375 0.125 0.065625
0 0.14921875 0.25546875 0.0140625 0.0140625
0 0.21171875 0.26328125 0.075 0.04375
0 0.27265625 0.2703125 0.028125 0.0265625
0 0.3421875 0.28984375 0.0890625 0.05
0 0.42421875 0.3046875 0.0578125 0.04375
0 0.4765625 0.315625 0.034375 0.0328125
0 0.54140625 0.33671875 0.078125 0.0484375
0 0.61796875 0.34375 0.0578125 0.0375
0 0.715625 0.36875 0.1140625 0.0640625
0 0.82578125 0.3875 0.0984375 0.0515625
0 0.18203125 0.29453125 0.0796875 0.0453125
0 0.25546875 0.3 0.0484375 0.03125
0 0.32578125 0.31875 0.1015625 0.053125
0 0.41953125 0.3359375 0.0578125 0.0359375
0 0.54375 0.36875 0.171875 0.06875
0 0.140625 0.325 0.0390625 0.0375
0 0.19921875 0.3328125 0.0765625 0.040625
0 0.31015625 0.35 0.125 0.05625
0 0.48671875 0.38984375 0.2234375 0.0765625
0 0.65625 0.42421875 0.1109375 0.0546875
0 0.13203125 0.35546875 0.015625 0.0125
0 0.1875 0.36484375 0.084375 0.0515625
0 0.30703125 0.3890625 0.1203125 0.0546875
0 0.4328125 0.41640625 0.1046875 0.05
0 0.5296875 0.43515625 0.0765625 0.040625
0 0.6234375 0.45390625 0.1046875 0.05
0 0.71796875 0.47265625 0.0765625 0.0390625
0 0.80390625 0.48984375 0.0796875 0.0390625
0 0.1703125 0.403125 0.1140625 0.0609375
0 0.2703125 0.415625 0.08125 0.04375
0 0.35234375 0.4296875 0.065625 0.040625
0 0.4515625 0.45703125 0.10625 0.053125
0 0.5109375 0.46484375 0.009375 0.00625
0 0.5484375 0.46953125 0.0625 0.04375
0 0.61640625 0.49140625 0.065625 0.0375
0 0.66875 0.50078125 0.046875 0.028125
0 0.7421875 0.5140625 0.0875 0.04375
0 0.825 0.5328125 0.059375 0.04375
0 0.90234375 0.54140625 0.0890625 0.0453125
0 0.17578125 0.4375 0.1453125 0.0640625
0 0.3015625 0.459375 0.0984375 0.05
0 0.40078125 0.48046875 0.084375 0.0515625
0 0.48203125 0.49375 0.065625 0.0390625
0 0.58125 0.51875 0.121875 0.0609375
0 0.69296875 0.53984375 0.0984375 0.05
0 0.784375 0.55546875 0.078125 0.040625
0 0.8609375 0.5703125 0.053125 0.034375
0 0.93515625 0.5859375 0.0734375 0.0421875
0 0.10546875 0.46328125 0.0375 0.0359375
0 0.165625 0.471875 0.059375 0.0359375
0 0.2859375 0.490625 0.1625 0.06875
0 0.09140625 0.49375 0.015625 0.015625
0 0.16640625 0.51015625 0.11875 0.0546875
0 0.30078125 0.5375 0.153125 0.0734375
0 0.4078125 0.559375 0.0484375 0.04375
0 0.48828125 0.571875 0.1140625 0.0625
0 0.59765625 0.59375 0.0875 0.040625
0 0.67421875 0.60859375 0.0875 0.0484375
0 0.75078125 0.61953125 0.0625 0.040625
0 0.88359375 0.65078125 0.1875 0.0734375
0 0.12890625 0.53515625 0.0875 0.0515625
0 0.21953125 0.5515625 0.0796875 0.046875
0 0.31015625 0.575 0.096875 0.059375
0 0.43203125 0.59375 0.121875 0.05625
0 0.08515625 0.56875 0.0390625 0.0390625
0 0.1546875 0.5765625 0.0859375 0.04375
0 0.2609375 0.59765625 0.1078125 0.0453125
0 0.4296875 0.63046875 0.19375 0.0765625
0 0.0765625 0.60078125 0.015625 0.015625
0 0.16328125 0.61875 0.14375 0.059375
0 0.33203125 0.65234375 0.1671875 0.06875
0 0.446875 0.67109375 0.0625 0.0421875
0 0.53671875 0.69140625 0.0984375 0.04375
0 0.65 0.71171875 0.121875 0.0578125
0 0.74375 0.73046875 0.0640625 0.040625
0 0.82265625 0.753125 0.0875 0.04375
0 0.16015625 0.65390625 0.0703125 0.04375
0 0.28359375 0.67890625 0.140625 0.059375
0 0.7265625 0.78046875 0.078125 0.0421875
0 0.83359375 0.80078125 0.125 0.0484375
0 0.0625 0.671875 0.0328125 0.0328125
0 0.13203125 0.69296875 0.0765625 0.0515625
0 0.21953125 0.70078125 0.0703125 0.04375
0 0.30625 0.71640625 0.06875 0.0359375
0 0.4359375 0.7515625 0.1609375 0.0765625
0 0.05078125 0.70546875 0.0109375 0.015625
0 0.1125 0.72109375 0.08125 0.040625
0 0.1984375 0.734375 0.0671875 0.0453125
0 0.27734375 0.75625 0.078125 0.0453125
0 0.375 0.76875 0.090625 0.05
0 0.484375 0.790625 0.109375 0.0546875
0 0.56875 0.8109375 0.0390625 0.034375
0 0.69140625 0.83671875 0.184375 0.0765625
0 0.1 0.72890625 0.0359375 0.025
0 0.134375 0.740625 0.0265625 0.01875
0 0.196875 0.75234375 0.0921875 0.0390625
0 0.084375 0.7515625 0.0796875 0.0421875
0 0.14453125 0.7640625 0.025 0.025
0 0.21640625 0.7875 0.1203125 0.0625
0 0.3046875 0.8015625 0.0484375 0.0328125
0 0.38203125 0.80859375 0.096875 0.0515625
0 0.484375 0.8296875 0.090625 0.05
0 0.6046875 0.8546875 0.1265625 0.0640625
0 0.7046875 0.8734375 0.059375 0.0390625
0 0.7703125 0.88828125 0.0640625 0.040625
0 0.0859375 0.82734375 0.134375 0.05625
0 0.2296875 0.86015625 0.140625 0.0625
0 0.21171875 0.90078125 0.3875 0.1328125
0 0.4359375 0.93828125 0.0640625 0.0359375
0 0.31796875 0.92734375 0.0640625 0.0328125
0 0.390625 0.940625 0.065625 0.0359375
0 0.45390625 0.953125 0.0515625 0.028125
0 0.50859375 0.96484375 0.046875 0.028125
0 0.56015625 0.9765625 0.040625 0.01875
0 0.62421875 0.98359375 0.0765625 0.0328125
0 0.70625 0.9921875 0.084375 0.015625