0 0.421875 0.02265625 0.28125 0.0453125
0 0.3234375 0.0296875 0.0921875 0.05
0 0.49140625 0.0640625 0.165625 0.0671875
0 0.18046875 0.03984375 0.13125 0.0703125
0 0.33359375 0.09921875 0.209375 0.0953125
0 0.19375 0.10234375 0.0953125 0.0484375
0 0.1796875 0.06953125 0.0609375 0.046875
0 0.15859375 0.17890625 0.18125 0.08125
0 0.23125 0.22578125 0.209375 0.090625
0 0.48515625 0.28046875 0.3 0.121875
0 0.0984375 0.21328125 0.084375 0.046875
0 0.23515625 0.265625 0.1640625 0.078125
0 0.17890625 0.2984375 0.01875 0.0109375
0 0.26796875 0.31328125 0.0984375 0.05
0 0.515625 0.46328125 0.034375 0.01875
0 0.09296875 0.40078125 0.1296875 0.059375
0 0.2171875 0.43828125 0.1 0.0421875
0 0.33828125 0.471875 0.1078125 0.05
0 0.46171875 0.503125 0.1515625 0.0625
0 0.053125 0.43046875 0.040625 0.034375
0 0.20078125 0.47734375 0.159375 0.065625
0 0.3234375 0.50078125 0.15 0.0703125
0 0.0421875 0.49140625 0.0328125 0.03125
0 0.1703125 0.52578125 0.0984375 0.059375
0 0.253125 0.5390625 0.046875 0.034375
0 0.35078125 0.57109375 0.1265625 0.0671875
0 0.221875 0.3484375 0.1640625 0.065625
0 0.1984375 0.3875 0.1375 0.0640625
0 0.31171875 0.41328125 0.0375 0.034375
0 0.38515625 0.43203125 0.0375 0.034375
0 0.4546875 0.45078125 0.0734375 0.0484375
0 0.596875 0.47734375 0.125 0.0765625
0 0.70703125 0.51796875 0.1296875 0.0875
0 0.81328125 0.5515625 0.0765625 0.046875
0 0.60078125 0.62265625 0.3109375 0.1234375
0 0.7828125 0.675 0.0546875 0.040625
0 0.51640625 0.6453125 0.2265625 0.0921875