0 0.875 0.27109375 0.1375 0.075
0 0.9640625 0.2984375 0.046875 0.0375
0 0.61171875 0.2765625 0.159375 0.10625
0 0.97109375 0.33671875 0.053125 0.0359375
0 0.18203125 0.29921875 0.1375 0.0671875
0 0.3125 0.31015625 0.1171875 0.065625
0 0.45859375 0.32734375 0.1 0.0546875
0 0.6078125 0.3421875 0.171875 0.1
0 0.82734375 0.34921875 0.253125 0.1046875
0 0.08359375 0.36953125 0.040625 0.0328125
0 0.2203125 0.375 0.18125 0.090625
0 0.36875 0.4015625 0.1109375 0.0546875
0 0.56484375 0.421875 0.2359375 0.128125
0 0.09375 0.45703125 0.0421875 0.0359375
0 0.17734375 0.465625 0.06875 0.0453125
0 0.52265625 0.4875 0.1171875 0.0546875
0 0.6234375 0.49140625 0.075 0.06875
0 0.7640625 0.51953125 0.1765625 0.103125
0 0.91640625 0.5234375 0.1078125 0.0734375
0 0.103125 0.5328125 0.0453125 0.0375
0 0.23359375 0.553125 0.1796875 0.0609375
0 0.36953125 0.57265625 0.0921875 0.0609375
0 0.5796875 0.59453125 0.20625 0.115625
0 0.77421875 0.60546875 0.15625 0.05625
0 0.92265625 0.578125 0.09375 0.05625
0 0.91796875 0.61875 0.0921875 0.0640625
0 0.096875 0.621875 0.0421875 0.03125
0 0.21328125 0.62421875 0.125 0.0765625
0 0.48125 0.65703125 0.0484375 0.0625
0 0.5640625 0.65078125 0.1015625 0.0625
0 0.1109375 0.6953125 0.0375 0.0296875
0 0.1890625 0.70234375 0.06875 0.0640625
0 0.51328125 0.73046875 0.0484375 0.0484375
0 0.596875 0.74921875 0.071875 0.0390625
0 0.665625 0.7390625 0.0671875 0.059375
0 0.77265625 0.74921875 0.0515625 0.05
0 0.8375 0.74609375 0.075 0.065625
0 0.1125 0.7796875 0.034375 0.025
0 0.25703125 0.77890625 0.190625 0.1
0 0.50390625 0.8125 0.0734375 0.0625
0 0.64765625 0.840625 0.15 0.078125
0 0.78046875 0.81484375 0.08125 0.08125
0 0.05078125 0.85078125 0.1015625 0.0828125
0 0.153125 0.84921875 0.0609375 0.0546875
0 0.25859375 0.86796875 0.103125 0.0671875
0 0.42421875 0.88359375 0.109375 0.08125
0 0.51953125 0.8671875 0.0640625 0.0796875
0 0.74453125 0.746875 0.021875 0.0296875
0 0.08125 0.29140625 0.040625 0.025