0 0.6359375 0.68046875 0.1421875 0.01875
0 0.315625 0.5953125 0.1328125 0.01875
0 0.31484375 0.5765625 0.134375 0.015625
0 0.31171875 0.55859375 0.1359375 0.0203125
0 0.51328125 0.8203125 0.1234375 0.021875
0 0.30078125 0.71015625 0.109375 0.01875
0 0.30703125 0.53515625 0.125 0.021875
0 0.30859375 0.6765625 0.11875 0.028125
0 0.49609375 0.6234375 0.115625 0.021875
0 0.521875 0.74140625 0.11875 0.025
0 0.2984375 0.5 0.121875 0.01875
0 0.48828125 0.41953125 0.10625 0.028125
0 0.684375 0.81796875 0.103125 0.01875
0 0.48828125 0.28359375 0.090625 0.028125
0 0.28828125 0.48125 0.109375 0.025
0 0.62890625 0.80078125 0.11875 0.01875
0 0.29296875 0.4421875 0.115625 0.015625
0 0.53359375 0.76015625 0.0953125 0.021875
0 0.4796875 0.66953125 0.0875 0.021875
0 0.471875 0.803125 0.10625 0.0203125
0 0.3078125 0.51875 0.121875 0.0171875
0 0.33984375 0.61640625 0.1 0.0234375
0 0.53125 0.35625 0.103125 0.01875
0 0.28515625 0.73046875 0.0875 0.021875
0 0.27265625 0.46328125 0.0796875 0.0203125
0 0.73359375 0.73984375 0.0765625 0.025
0 0.33984375 0.83046875 0.0921875 0.028125
0 0.50546875 0.6859375 0.0859375 0.021875
0 0.25859375 0.284375 0.071875 0.021875
0 0.353125 0.68828125 0.0828125 0.021875
0 0.54921875 0.64296875 0.0984375 0.0140625
0 0.6671875 0.41015625 0.075 0.021875
0 0.65859375 0.6359375 0.071875 0.0203125
0 0.3515625 0.65390625 0.1 0.03125
0 0.73515625 0.353125 0.071875 0.028125
0 0.36328125 0.75234375 0.0890625 0.01875
0 0.45703125 0.478125 0.065625 0.025
0 0.43125 0.55234375 0.096875 0.015625
0 0.45625 0.71015625 0.059375 0.021875
0 0.521875 0.43984375 0.075 0.025
0 0.51953125 0.60546875 0.09375 0.025
0 0.4921875 0.58984375 0.0640625 0.025
0 0.47109375 0.53203125 0.0734375 0.0125
0 0.75625 0.7578125 0.09375 0.01875
0 0.42578125 0.56953125 0.08125 0.0171875
0 0.25546875 0.33203125 0.0734375 0.028125
0 0.39765625 0.6328125 0.0640625 0.021875
0 0.7265625 0.60078125 0.075 0.01875
0 0.53203125 0.72109375 0.0765625 0.01875
0 0.60546875 0.33828125 0.06875 0.01875
0 0.66796875 0.72109375 0.084375 0.01875
0 0.33828125 0.809375 0.078125 0.021875
0 0.5359375 0.70625 0.065625 0.01875
0 0.33125 0.32265625 0.084375 0.015625
0 0.38203125 0.478125 0.0671875 0.01875
0 0.66484375 0.70390625 0.053125 0.028125
0 0.41875 0.846875 0.0625 0.025
0 0.3859375 0.72890625 0.090625 0.015625
0 0.69765625 0.3296875 0.0828125 0.0125
0 0.65859375 0.42890625 0.078125 0.01875
0 0.4609375 0.49375 0.0703125 0.0171875
0 0.6015625 0.70078125 0.0625 0.0171875
0 0.6171875 0.37109375 0.075 0.015625
0 0.40078125 0.378125 0.071875 0.01875
0 0.4 0.34375 0.0609375 0.021875
0 0.39375 0.41875 0.05625 0.01875
0 0.48828125 0.84453125 0.0625 0.01875
0 0.26875 0.4015625 0.071875 0.015625
0 0.44453125 0.8625 0.06875 0.01875
0 0.32265625 0.421875 0.05625 0.015625
0 0.515625 0.54921875 0.05625 0.0125
0 0.4234375 0.5890625 0.06875 0.01875
0 0.33671875 0.3625 0.0640625 0.0203125
0 0.55234375 0.8390625 0.065625 0.01875
0 0.36015625 0.84921875 0.053125 0.021875
0 0.40078125 0.5359375 0.0625 0.0203125
0 0.403125 0.51328125 0.065625 0.0171875
0 0.31796875 0.340625 0.078125 0.0203125
0 0.4234375 0.7640625 0.065625 0.0203125
0 0.4671875 0.33828125 0.05625 0.01875
0 0.34140625 0.2828125 0.065625 0.021875
0 0.2578125 0.365625 0.0671875 0.015625
0 0.253125 0.83359375 0.053125 0.0125
0 0.4484375 0.646875 0.05625 0.01875
0 0.271875 0.63203125 0.05 0.0125
0 0.59921875 0.6015625 0.0375 0.015625
0 0.434375 0.6078125 0.05625 0.0171875
0 0.25703125 0.4265625 0.046875 0.0203125
0 0.4078125 0.2875 0.053125 0.01875
0 0.32734375 0.38359375 0.059375 0.0140625
0 0.58359375 0.4125 0.05 0.0171875
0 0.73515625 0.42421875 0.05 0.01875
0 0.3078125 0.88359375 0.05 0.021875
0 0.53359375 0.37421875 0.0546875 0.01875
0 0.30625 0.84921875 0.053125 0.0171875
0 0.73828125 0.67890625 0.05 0.0171875
0 0.3921875 0.49765625 0.0578125 0.015625
0 0.62890625 0.75859375 0.05 0.0125
0 0.6578125 0.7375 0.059375 0.015625
0 0.78671875 0.81640625 0.0515625 0.015625
0 0.27734375 0.690625 0.040625 0.015625
0 0.33828125 0.7703125 0.05 0.015625
0 0.44609375 0.434375 0.04375 0.015625
0 0.28359375 0.790625 0.05625 0.0140625
0 0.5375 0.33671875 0.046875 0.01875
0 0.50703125 0.565625 0.05 0.01875
0 0.42265625 0.784375 0.059375 0.0140625
0 0.2375 0.7515625 0.0390625 0.015625
0 0.65703125 0.6 0.04375 0.0125
0 0.38984375 0.43984375 0.040625 0.015625
0 0.29140625 0.75 0.04375 0.0125
0 0.7265625 0.66171875 0.0390625 0.0125
0 0.6125 0.35390625 0.0515625 0.01875
0 0.33828125 0.63359375 0.0515625 0.0125
0 0.66640625 0.35234375 0.04375 0.0171875
0 0.3546875 0.86875 0.034375 0.01875
0 0.2625 0.653125 0.04375 0.0109375
0 0.40703125 0.66640625 0.034375 0.0125
0 0.4609375 0.72578125 0.03125 0.0109375
0 0.2453125 0.346875 0.05 0.0125
0 0.35703125 0.78671875 0.040625 0.01875
0 0.465625 0.51171875 0.046875 0.0125
0 0.4015625 0.3625 0.04375 0.0203125
0 0.2109375 0.29375 0.0265625 0.0203125
0 0.25390625 0.38359375 0.040625 0.015625
0 0.2296875 0.68984375 0.0265625 0.015625
0 0.30078125 0.86875 0.04375 0.0140625
0 0.42421875 0.825 0.034375 0.015625
0 0.428125 0.68515625 0.03125 0.01875
0 0.7734375 0.66171875 0.034375 0.009375
0 0.47265625 0.37734375 0.03125 0.015625
0 0.39609375 0.32421875 0.034375 0.015625
0 0.2625 0.84765625 0.0265625 0.0203125
0 0.2640625 0.86640625 0.021875 0.01875
0 0.68203125 0.36796875 0.03125 0.01875
0 0.39140625 0.70625 0.028125 0.01875
0 0.45234375 0.35859375 0.03125 0.01875
0 0.275 0.8109375 0.028125 0.0171875
0 0.6796875 0.75625 0.028125 0.0140625
0 0.6015625 0.7234375 0.025 0.015625
0 0.2328125 0.853125 0.028125 0.0140625
0 0.7421875 0.69609375 0.01875 0.0125
0 0.234375 0.61328125 0.034375 0.015625
0 0.36953125 0.88203125 0.040625 0.0125
0 0.58984375 0.43203125 0.0296875 0.015625
0 0.6 0.7359375 0.025 0.01875
0 0.21953125 0.48125 0.01875 0.0125
0 0.2796875 0.77109375 0.025 0.0140625
0 0.2125 0.4234375 0.0265625 0.0125
0 0.26484375 0.61640625 0.025 0.009375
0 0.6109375 0.81953125 0.0203125 0.0140625
0 0.20703125 0.34765625 0.021875 0.0125
0 0.43125 0.7453125 0.015625 0.0171875
0 0.3984375 0.80625 0.01875 0.0140625
0 0.20625 0.32890625 0.0171875 0.0109375
0 0.7734375 0.6734375 0.0125 0.0125
0 0.7546875 0.81328125 0.00625 0.0171875
0 0.32890625 0.86875 0.015625 0.0109375
0 0.55546875 0.79921875 0.0046875 0.0125
0 0.34140625 0.8828125 0.0125 0.0078125
0 0.3453125 0.71953125 0.046875 0.015625
0 0.38671875 0.71875 0.021875 0.0109375
0 0.375 0.80703125 0.01875 0.0125
0 0.3953125 0.82578125 0.021875 0.0109375
0 0.5859375 0.8203125 0.021875 0.0125
0 0.534375 0.80078125 0.01875 0.0125
0 0.74296875 0.81484375 0.01875 0.0125