0 0.3890625 0.1265625 0.0734375 0.0390625
0 0.46328125 0.13671875 0.0328125 0.028125
0 0.5390625 0.1421875 0.075 0.0390625
0 0.66953125 0.14375 0.1453125 0.0375
0 0.11015625 0.16640625 0.0125 0.025
0 0.2046875 0.17109375 0.0703125 0.04375
0 0.29921875 0.1890625 0.021875 0.0109375
0 0.4015625 0.18984375 0.128125 0.0640625
0 0.5484375 0.19453125 0.075 0.053125
0 0.70390625 0.1953125 0.165625 0.0515625
0 0.115625 0.22265625 0.0234375 0.040625
0 0.18046875 0.23203125 0.04375 0.04375
0 0.24921875 0.24453125 0.0375 0.0328125
0 0.30234375 0.253125 0.053125 0.0546875
0 0.421875 0.25234375 0.1296875 0.040625
0 0.07421875 0.35078125 0.0203125 0.034375
0 0.178125 0.35703125 0.1 0.0453125
0 0.278125 0.36796875 0.021875 0.0078125
0 0.3625 0.35859375 0.1234375 0.0546875
0 0.5203125 0.3734375 0.1234375 0.065625
0 0.6421875 0.3734375 0.0578125 0.04375
0 0.7703125 0.3734375 0.1515625 0.05625
0 0.13359375 0.4203125 0.0546875 0.0421875
0 0.234375 0.4109375 0.0671875 0.0625
0 0.2984375 0.4265625 0.0171875 0.0296875
0 0.35703125 0.434375 0.0453125 0.0375
0 0.4125 0.4390625 0.0234375 0.03125
0 0.490625 0.4421875 0.0953125 0.05
0 0.559375 0.43515625 0.0265625 0.0390625
0 0.62890625 0.43515625 0.053125 0.053125
0 0.04375 0.54453125 0.0109375 0.034375
0 0.15 0.5484375 0.078125 0.0453125
0 0.221875 0.55078125 0.0171875 0.0078125
0 0.3109375 0.55390625 0.1109375 0.0484375
0 0.4703125 0.55234375 0.125 0.0546875
0 0.6328125 0.56796875 0.1421875 0.075
0 0.82421875 0.56484375 0.1890625 0.05
0 0.15546875 0.61171875 0.05 0.0328125
0 0.24453125 0.6125 0.059375 0.0390625
0 0.3109375 0.61640625 0.0203125 0.025
0 0.39765625 0.6171875 0.1015625 0.040625
0 0.5078125 0.6203125 0.0578125 0.046875
0 0.0296875 0.7421875 0.015625 0.0375
0 0.13828125 0.746875 0.084375 0.0453125
0 0.2125 0.75078125 0.0171875 0.0078125
0 0.29609375 0.740625 0.0890625 0.0578125
0 0.446875 0.74921875 0.1328125 0.0625
0 0.615625 0.76875 0.14375 0.08125
0 0.8109375 0.7546875 0.1953125 0.053125
0 0.02421875 0.88671875 0.0234375 0.0328125
0 0.13203125 0.89453125 0.0921875 0.0453125
0 0.20390625 0.8890625 0.0171875 0.0078125
0 0.30234375 0.88359375 0.090625 0.053125
0 0.434375 0.88046875 0.1203125 0.06875
0 0.57734375 0.890625 0.0953125 0.0578125
0 0.73359375 0.8953125 0.1421875 0.06875