0 0.6015625 0.025 0.1359375 0.0390625
0 0.38828125 0.1140625 0.25625 0.1109375
0 0.59453125 0.09609375 0.10625 0.0390625
0 0.73984375 0.10546875 0.1359375 0.053125
0 0.29453125 0.17578125 0.296875 0.0671875
0 0.47109375 0.1796875 0.021875 0.0359375
0 0.55078125 0.18203125 0.0828125 0.03125
0 0.7171875 0.190625 0.2234375 0.0671875
0 0.87109375 0.1703125 0.0484375 0.0203125
0 0.93515625 0.1640625 0.0796875 0.028125
0 0.15078125 0.22421875 0.140625 0.034375
0 0.328125 0.23125 0.1359375 0.028125
0 0.43515625 0.225 0.0546875 0.0296875
0 0.5828125 0.2203125 0.171875 0.0421875
0 0.68828125 0.22109375 0.0171875 0.03125
0 0.8078125 0.2109375 0.153125 0.0375
0 0.2015625 0.27265625 0.14375 0.0421875
0 0.33125 0.26875 0.05 0.025
0 0.52265625 0.26640625 0.24375 0.0375
0 0.809375 0.25 0.025 0.0234375
0 0.23828125 0.33046875 0.175 0.075
0 0.38828125 0.3140625 0.053125 0.021875
0 0.4984375 0.309375 0.1109375 0.034375
0 0.65625 0.32109375 0.140625 0.0625
0 0.8484375 0.2953125 0.03125 0.025
0 0.85625 0.35625 0.221875 0.0734375
0 0.7015625 0.34765625 0.0625 0.021875
0 0.56875 0.35390625 0.1421875 0.034375
0 0.421875 0.36015625 0.078125 0.0265625
0 0.22578125 0.371875 0.24375 0.065625
0 0.12890625 0.41484375 0.0640625 0.025
0 0.22890625 0.40625 0.0984375 0.03125
0 0.41953125 0.39921875 0.2484375 0.0453125
0 0.72421875 0.38125 0.046875 0.040625
0 0.24921875 0.44765625 0.29375 0.05625
0 0.70078125 0.42734375 0.0140625 0.025
0 0.775 0.46328125 0.028125 0.025
0 0.47109375 0.48984375 0.1796875 0.034375
0 0.23515625 0.5 0.259375 0.0484375
0 0.1984375 0.55390625 0.16875 0.090625
0 0.44296875 0.5453125 0.2921875 0.08125
0 0.68125 0.53515625 0.146875 0.0578125
0 0.81796875 0.509375 0.0265625 0.0296875
0 0.8296875 0.559375 0.0375 0.0328125
0 0.63046875 0.590625 0.1671875 0.0796875
0 0.49140625 0.578125 0.075 0.0265625
0 0.396875 0.584375 0.04375 0.0171875
0 0.2515625 0.6 0.225 0.0578125
0 0.26875 0.64921875 0.246875 0.071875
0 0.284375 0.67734375 0.334375 0.05625
0 0.44296875 0.02734375 0.1546875 0.0546875