0 0.4484375 0.17890625 0.0671875 0.0625
0 0.525 0.16171875 0.096875 0.075
0 0.54453125 0.26875 0.1390625 0.1171875
0 0.690625 0.22734375 0.2125 0.15625
0 0.50546875 0.36875 0.0546875 0.0578125
0 0.5640625 0.36328125 0.0765625 0.075
0 0.6625 0.321875 0.1453125 0.084375
0 0.7671875 0.30390625 0.0640625 0.034375
0 0.83046875 0.28671875 0.0640625 0.059375
0 0.89140625 0.26796875 0.0625 0.0375
0 0.52421875 0.42890625 0.0546875 0.0484375
0 0.5734375 0.415625 0.0390625 0.0328125
0 0.62265625 0.4078125 0.0484375 0.034375
0 0.68046875 0.3875 0.0515625 0.0359375
0 0.7390625 0.3953125 0.05625 0.0625
0 0.77734375 0.35703125 0.0390625 0.0484375
0 0.86796875 0.3375 0.14375 0.0765625
0 0.55625 0.4953125 0.0859375 0.084375
0 0.61484375 0.46171875 0.0609375 0.05
0 0.70234375 0.47109375 0.103125 0.08125
0 0.771875 0.43671875 0.0453125 0.0375
0 0.8359375 0.43515625 0.0828125 0.075
0 0.91171875 0.4171875 0.0765625 0.071875
0 0.5640625 0.54453125 0.0640625 0.0515625
0 0.61875 0.54140625 0.05625 0.0765625
0 0.66796875 0.54140625 0.0625 0.0609375
0 0.70390625 0.515625 0.0453125 0.0453125
0 0.76875 0.50625 0.0921875 0.075
0 0.83671875 0.4890625 0.04375 0.03125
0 0.884375 0.48984375 0.0671875 0.0640625
0 0.93984375 0.45234375 0.0671875 0.053125
0 0.621875 0.6171875 0.0640625 0.0625
0 0.671875 0.61640625 0.04375 0.0765625
0 0.7296875 0.58359375 0.08125 0.06875
0 0.8484375 0.5859375 0.1671875 0.084375
0 0.72890625 0.69921875 0.1234375 0.090625
0 0.8015625 0.65703125 0.0390625 0.0515625
0 0.89765625 0.6234375 0.11875 0.08125
0 0.9734375 0.653125 0.0375 0.04375