0 0.15703125 0.16953125 0.0625 0.01875
0 0.25703125 0.15546875 0.1171875 0.040625
0 0.18125 0.1984375 0.075 0.0234375
0 0.1703125 0.2265625 0.0171875 0.0046875
0 0.25625 0.21640625 0.096875 0.0296875
0 0.35390625 0.2046875 0.0734375 0.03125
0 0.43828125 0.1890625 0.0390625 0.025
0 0.42421875 0.2203125 0.009375 0.003125
0 0.47109375 0.2140625 0.0265625 0.0203125
0 0.53359375 0.2078125 0.0578125 0.0234375
0 0.590625 0.1984375 0.028125 0.021875
0 0.646875 0.190625 0.0390625 0.0203125
0 0.709375 0.1890625 0.04375 0.03125
0 0.778125 0.1828125 0.0453125 0.0265625
0 0.4796875 0.2484375 0.034375 0.0171875
0 0.54375 0.23828125 0.0453125 0.0234375
0 0.60859375 0.23203125 0.040625 0.0171875
0 0.67109375 0.22109375 0.05 0.021875
0 0.73671875 0.21484375 0.034375 0.0203125
0 0.51796875 0.278125 0.0875 0.040625
0 0.596875 0.26640625 0.03125 0.0234375
0 0.6546875 0.25625 0.0359375 0.01875
0 0.7390625 0.2453125 0.0765625 0.025
0 0.26328125 0.32578125 0.065625 0.0234375
0 0.16328125 0.38828125 0.01875 0.0140625
0 0.2265625 0.37890625 0.0734375 0.0296875
0 0.31640625 0.36875 0.075 0.028125
0 0.38828125 0.35625 0.0140625 0.015625
0 0.45 0.35703125 0.065625 0.0328125
0 0.53125 0.34375 0.053125 0.025
0 0.5984375 0.340625 0.040625 0.025
0 0.65546875 0.328125 0.01875 0.0125
0 0.75078125 0.31875 0.1046875 0.034375
0 0.25859375 0.41328125 0.071875 0.034375
0 0.33515625 0.40625 0.01875 0.0109375
0 0.39765625 0.39453125 0.05 0.01875
0 0.46015625 0.3859375 0.0234375 0.021875
0 0.52890625 0.37265625 0.0375 0.021875
0 0.5890625 0.36875 0.0234375 0.01875
0 0.65078125 0.3609375 0.05 0.0203125
0 0.72265625 0.3578125 0.034375 0.028125
0 0.78984375 0.3546875 0.0703125 0.028125
0 0.16796875 0.459375 0.021875 0.0140625
0 0.23359375 0.45 0.06875 0.025
0 0.31171875 0.440625 0.015625 0.015625
0 0.37734375 0.43359375 0.0546875 0.0171875
0 0.51015625 0.41171875 0.1546875 0.0390625
0 0.6140625 0.39921875 0.021875 0.021875
0 0.66484375 0.39453125 0.015625 0.0109375
0 0.71953125 0.390625 0.04375 0.021875
0 0.80078125 0.38359375 0.0703125 0.0359375
0 0.2578125 0.48515625 0.046875 0.0265625
0 0.328125 0.4734375 0.04375 0.0234375
0 0.3796875 0.46328125 0.0234375 0.021875
0 0.43984375 0.45859375 0.05 0.025
0 0.5203125 0.44921875 0.053125 0.021875
0 0.59453125 0.4375 0.0375 0.021875
0 0.6625 0.4375 0.0484375 0.0421875
0 0.7328125 0.421875 0.0375 0.025
0 0.78671875 0.4171875 0.0234375 0.0171875
0 0.83828125 0.4125 0.0421875 0.0234375
0 0.25078125 0.5203125 0.0265625 0.015625
0 0.30234375 0.5125 0.0375 0.01875
0 0.4078125 0.50234375 0.125 0.0390625
0 0.5609375 0.47578125 0.134375 0.0421875
0 0.17421875 0.56328125 0.021875 0.01875
0 0.2453125 0.55390625 0.0828125 0.0296875
0 0.33671875 0.5421875 0.059375 0.0265625
0 0.4203125 0.53671875 0.084375 0.0375
0 0.49765625 0.53125 0.0359375 0.025
0 0.59375 0.5109375 0.1203125 0.0359375
0 0.709375 0.5 0.090625 0.0390625
0 0.78515625 0.49296875 0.021875 0.0125
0 0.8546875 0.48671875 0.046875 0.028125
0 0.28359375 0.5921875 0.0875 0.034375
0 0.36328125 0.5796875 0.0296875 0.028125
0 0.421875 0.56640625 0.0375 0.021875
0 0.5203125 0.5609375 0.1046875 0.0453125
0 0.253125 0.62890625 0.09375 0.0421875
0 0.36328125 0.6109375 0.090625 0.0390625
0 0.4375 0.609375 0.021875 0.0171875
0 0.5296875 0.596875 0.11875 0.04375
0 0.65546875 0.5859375 0.096875 0.03125
0 0.75703125 0.571875 0.0703125 0.028125
0 0.81953125 0.56953125 0.03125 0.0265625
0 0.87421875 0.5609375 0.0421875 0.028125
0 0.2125 0.6671875 0.1046875 0.0328125
0 0.18359375 0.70703125 0.0171875 0.00625
0 0.25390625 0.7078125 0.0875 0.0375
0 0.321875 0.69375 0.021875 0.0203125
0 0.3703125 0.68984375 0.0546875 0.0234375
0 0.43046875 0.68359375 0.040625 0.025
0 0.51875 0.6734375 0.10625 0.040625
0 0.634375 0.66015625 0.0921875 0.0328125
0 0.7265625 0.65078125 0.0421875 0.028125
0 0.80234375 0.64453125 0.0703125 0.0296875
0 0.2625 0.74375 0.0828125 0.0265625
0 0.35546875 0.7359375 0.0515625 0.040625
0 0.42421875 0.725 0.040625 0.0234375
0 0.4890625 0.71953125 0.0453125 0.0203125
0 0.54453125 0.715625 0.021875 0.01875
0 0.64296875 0.70234375 0.1125 0.034375
0 0.75859375 0.6953125 0.078125 0.0421875
0 0.825 0.6859375 0.0265625 0.015625
0 0.88359375 0.684375 0.0515625 0.034375
0 0.29453125 0.77265625 0.140625 0.0453125
0 0.4375 0.76875 0.1 0.040625
0 0.19296875 0.82578125 0.015625 0.0046875
0 0.25625 0.825 0.053125 0.021875
0 0.35703125 0.81328125 0.0953125 0.028125
0 0.4515625 0.8046875 0.0375 0.0203125
0 0.51484375 0.80078125 0.05625 0.0375
0 0.58984375 0.78984375 0.0890625 0.034375
0 0.66484375 0.78125 0.0265625 0.0078125
0 0.71328125 0.78671875 0.028125 0.025
0 0.78359375 0.7734375 0.090625 0.0453125
0 0.85078125 0.76875 0.025 0.0203125
0 0.9015625 0.7609375 0.0421875 0.0265625
0 0.2671875 0.865625 0.059375 0.040625
0 0.20546875 0.90546875 0.015625 0.0078125
0 0.26953125 0.9015625 0.0515625 0.025
0 0.31484375 0.903125 0.0171875 0.0109375
0 0.3609375 0.8984375 0.05625 0.028125
0 0.43046875 0.89375 0.071875 0.0390625
0 0.52890625 0.88984375 0.0984375 0.04375
0 0.21328125 0.94609375 0.015625 0.00625
0 0.271875 0.93828125 0.0296875 0.0203125
0 0.34609375 0.934375 0.084375 0.0328125
0 0.4078125 0.93125 0.021875 0.00625
0 0.4828125 0.92734375 0.08125 0.0390625
0 0.56640625 0.925 0.0546875 0.0328125
0 0.61640625 0.9171875 0.028125 0.021875
0 0.6875 0.9078125 0.0890625 0.0359375
0 0.775 0.89921875 0.0390625 0.03125
0 0.85703125 0.89453125 0.0765625 0.0296875
0 0.59453125 0.9640625 0.1375 0.0390625
0 0.90390625 0.0546875 0.053125 0.04375
0 0.94609375 0.02421875 0.021875 0.025
0 0.89765625 0.0890625 0.0109375 0.009375
0 0.9375 0.06640625 0.05 0.0390625
0 0.909375 0.12265625 0.00625 0.00625
0 0.94765625 0.09921875 0.0390625 0.025
0 0.96328125 0.1296875 0.0125 0.015625
0 0.50625 0.178125 0.078125 0.0328125
0 0.97421875 0.2359375 0.009375 0.01875