0 0.134375 0.6515625 0.171875 0.05625
0 0.1390625 0.8046875 0.2 0.053125
0 0.35078125 0.72109375 0.1609375 0.0640625
0 0.59453125 0.7640625 0.203125 0.0453125
0 0.1734375 0.57421875 0.190625 0.0484375
0 0.15546875 0.5296875 0.2015625 0.0359375
0 0.2 0.84140625 0.146875 0.059375
0 0.78984375 0.803125 0.1765625 0.040625
0 0.303125 0.65 0.14375 0.05
0 0.1453125 0.60390625 0.1546875 0.04375
0 0.3296875 0.31953125 0.1484375 0.053125
0 0.13125 0.17265625 0.1390625 0.046875
0 0.62109375 0.57109375 0.2234375 0.0328125
0 0.61328125 0.88359375 0.165625 0.0515625
0 0.37421875 0.69140625 0.1671875 0.040625
0 0.17578125 0.42265625 0.1703125 0.0359375
0 0.7859375 0.6109375 0.15 0.05625
0 0.1890625 0.4546875 0.1703125 0.0359375
0 0.60859375 0.6515625 0.1515625 0.05
0 0.33828125 0.28671875 0.14375 0.0453125
0 0.61015625 0.425 0.1984375 0.034375
0 0.1671875 0.6796875 0.121875 0.05625
0 0.25234375 0.1296875 0.159375 0.0359375
0 0.35859375 0.3515625 0.1625 0.04375
0 0.13046875 0.21796875 0.1125 0.0671875
0 0.32421875 0.80234375 0.1390625 0.0453125
0 0.61015625 0.2921875 0.165625 0.040625
0 0.33828125 0.46171875 0.10625 0.0546875
0 0.615625 0.11015625 0.140625 0.0390625
0 0.71640625 0.22265625 0.1515625 0.034375
0 0.2734375 0.87578125 0.1625 0.034375
0 0.33828125 0.428125 0.1265625 0.04375
0 0.70390625 0.1859375 0.1453125 0.040625
0 0.203125 0.27890625 0.1265625 0.0375
0 0.6390625 0.14296875 0.16875 0.0328125
0 0.78046875 0.08046875 0.11875 0.04375
0 0.3734375 0.828125 0.1375 0.0390625
0 0.7765625 0.11171875 0.1546875 0.0328125
0 0.1234375 0.71875 0.1375 0.0359375
0 0.55703125 0.79921875 0.125 0.0390625
0 0.76328125 0.940625 0.14375 0.0328125
0 0.26328125 0.2015625 0.1328125 0.034375
0 0.39296875 0.1 0.1109375 0.0421875
0 0.21640625 0.3890625 0.1453125 0.034375
0 0.159375 0.09453125 0.128125 0.03125
0 0.66015625 0.3640625 0.103125 0.0421875
0 0.2609375 0.06171875 0.15 0.0296875
0 0.5703125 0.84296875 0.1234375 0.03125
0 0.24140625 0.75546875 0.1296875 0.0328125
0 0.80078125 0.72578125 0.103125 0.05
0 0.33984375 0.57421875 0.14375 0.028125
0 0.6015625 0.94609375 0.1265625 0.034375
0 0.853125 0.64765625 0.11875 0.03125
0 0.76953125 0.325 0.11875 0.0328125
0 0.109375 0.04765625 0.1109375 0.0421875
0 0.20078125 0.31328125 0.1046875 0.0328125
0 0.54375 0.6078125 0.103125 0.0296875
0 0.10859375 0.759375 0.0953125 0.040625
0 0.815625 0.2609375 0.0796875 0.0390625
0 0.57734375 0.2125 0.0984375 0.03125
0 0.32578125 0.16953125 0.09375 0.0328125
0 0.56015625 0.72578125 0.1265625 0.0375
0 0.89375 0.7625 0.115625 0.0296875
0 0.56640625 0.35859375 0.0921875 0.046875
0 0.11171875 0.3546875 0.0796875 0.046875
0 0.77734375 0.2890625 0.1015625 0.0265625
0 0.58984375 0.465625 0.10625 0.0265625
0 0.2765625 0.60625 0.075 0.0328125
0 0.70703125 0.68359375 0.103125 0.0265625
0 0.9 0.86640625 0.1078125 0.025
0 0.09609375 0.26953125 0.06875 0.0359375
0 0.60078125 0.91171875 0.0671875 0.0421875
0 0.5671875 0.06953125 0.08125 0.034375
0 0.1125 0.1328125 0.06875 0.034375
0 0.428125 0.6015625 0.06875 0.0390625
0 0.74609375 0.76640625 0.05 0.05
0 0.5375 0.6828125 0.0765625 0.0328125
0 0.66015625 0.07265625 0.0953125 0.025
0 0.8390625 0.36484375 0.0875 0.0234375
0 0.246875 0.171875 0.0515625 0.04375
0 0.73828125 0.46796875 0.071875 0.034375
0 0.7 0.909375 0.0765625 0.0328125
0 0.52578125 0.50703125 0.05625 0.046875
0 0.1109375 0.31484375 0.04375 0.0421875
0 0.75625 0.646875 0.06875 0.0265625
0 0.65625 0.71875 0.0390625 0.0421875
0 0.34140625 0.76484375 0.0421875 0.0421875
0 0.896875 0.68046875 0.0671875 0.034375
0 0.79921875 0.76640625 0.0609375 0.034375
0 0.38125 0.1359375 0.0765625 0.0265625
0 0.65703125 0.790625 0.0640625 0.0265625
0 0.23828125 0.7109375 0.0515625 0.0359375
0 0.7203125 0.709375 0.065625 0.0234375
0 0.09609375 0.83515625 0.05 0.034375
0 0.7609375 0.8625 0.0546875 0.025
0 0.7390625 0.2578125 0.0515625 0.0328125
0 0.665625 0.2515625 0.0625 0.0234375
0 0.66484375 0.4703125 0.0328125 0.0328125
0 0.82265625 0.6859375 0.06875 0.015625
0 0.83203125 0.47421875 0.0609375 0.0203125
0 0.365625 0.61015625 0.046875 0.025
0 0.38984375 0.17734375 0.0375 0.0265625
0 0.62734375 0.678125 0.0328125 0.0265625
0 0.8859375 0.72890625 0.0484375 0.0265625
0 0.52734375 0.9171875 0.0421875 0.021875
0 0.27421875 0.1015625 0.040625 0.0203125
0 0.6796875 0.61015625 0.0453125 0.0171875
0 0.78671875 0.90625 0.0328125 0.0203125
0 0.7671875 0.36484375 0.040625 0.0140625
0 0.60859375 0.61015625 0.03125 0.0203125
0 0.41328125 0.64453125 0.03125 0.0203125
0 0.075 0.68203125 0.0296875 0.0203125
0 0.56953125 0.50546875 0.0265625 0.01875
0 0.828125 0.9015625 0.025 0.015625
0 0.24375 0.35859375 0.025 0.0171875
0 0.81484375 0.865625 0.0421875 0.0203125
0 0.628125 0.509375 0.0859375 0.0484375
0 0.2 0.35078125 0.0609375 0.0390625
0 0.79609375 0.14609375 0.1234375 0.03125