0 0.32109375 0.07265625 0.2375 0.134375
0 0.49921875 0.0765625 0.1328125 0.0625
0 0.65859375 0.0359375 0.1484375 0.071875
0 0.7859375 0.0359375 0.0875 0.0609375
0 0.13203125 0.18125 0.071875 0.0546875
0 0.2375 0.16796875 0.0859375 0.053125
0 0.365625 0.16640625 0.1640625 0.0859375
0 0.5828125 0.15234375 0.2203125 0.078125
0 0.21015625 0.275 0.2171875 0.09375
0 0.40390625 0.253125 0.1328125 0.0484375
0 0.56171875 0.22265625 0.1296875 0.053125
0 0.72109375 0.215625 0.1375 0.0484375
0 0.8265625 0.21875 0.0390625 0.025
0 0.1640625 0.375 0.1421875 0.0765625
0 0.5921875 0.31875 0.1609375 0.071875
0 0.7625 0.3015625 0.1265625 0.0546875
0 0.18515625 0.43125 0.14375 0.0546875
0 0.334375 0.425 0.1265625 0.090625
0 0.4890625 0.421875 0.14375 0.05
0 0.696875 0.39140625 0.234375 0.0875
0 0.19375 0.51640625 0.2296875 0.0828125
0 0.3703125 0.48828125 0.115625 0.04375
0 0.5328125 0.48125 0.1515625 0.078125
0 0.72109375 0.45546875 0.209375 0.0859375
0 0.790625 0.128125 0.1609375 0.0671875
0 0.371875 0.34765625 0.1921875 0.0828125