0 0.2796875 0.1125 0.2796875 0.1234375
0 0.13671875 0.26953125 0.2375 0.09375
0 0.33046875 0.253125 0.1140625 0.0765625
0 0.46796875 0.24296875 0.134375 0.0875
0 0.61875 0.23671875 0.1421875 0.1046875
0 0.73828125 0.21171875 0.075 0.059375
0 0.84609375 0.203125 0.134375 0.09375
0 0.090625 0.38984375 0.0796875 0.090625
0 0.19296875 0.36640625 0.078125 0.0546875
0 0.346875 0.36015625 0.2015625 0.1140625
0 0.1296875 0.528125 0.153125 0.0890625
0 0.2953125 0.5078125 0.1140625 0.071875
0 0.41015625 0.4953125 0.0828125 0.06875
0 0.4875 0.496875 0.0796875 0.09375
0 0.57421875 0.48046875 0.1125 0.0703125
0 0.70546875 0.46171875 0.134375 0.0796875
0 0.83671875 0.45859375 0.15625 0.1015625
0 0.1234375 0.6265625 0.08125 0.06875
0 0.25078125 0.61796875 0.14375 0.090625
0 0.35703125 0.596875 0.0625 0.06875
0 0.4484375 0.5859375 0.084375 0.0578125
0 0.54453125 0.59765625 0.06875 0.071875
0 0.615625 0.57734375 0.0296875 0.04375
0 0.67421875 0.55546875 0.0609375 0.0703125
0 0.7390625 0.58046875 0.05625 0.10625
0 0.803125 0.54921875 0.0953125 0.06875
0 0.9 0.55546875 0.0734375 0.06875
0 0.146875 0.7046875 0.1234375 0.071875
0 0.315625 0.69296875 0.1671875 0.090625
0 0.47265625 0.6875 0.1234375 0.09375
0 0.60703125 0.68203125 0.1421875 0.1015625
0 0.23515625 0.85546875 0.2828125 0.1078125
0 0.5015625 0.84765625 0.2 0.109375
0 0.64765625 0.80703125 0.0796875 0.0609375
0 0.7828125 0.80078125 0.1640625 0.1078125
0 0.92578125 0.7828125 0.1484375 0.10625
0 0.13671875 0.9640625 0.0796875 0.071875
0 0.2421875 0.9578125 0.1125 0.084375
0 0.39375 0.94296875 0.18125 0.1140625
0 0.56328125 0.921875 0.1140625 0.115625
0 0.73203125 0.90078125 0.215625 0.1203125