0 0.18828125 0.0453125 0.146875 0.08125
0 0.446875 0.08046875 0.303125 0.1609375
0 0.69296875 0.19375 0.1921875 0.0609375
0 0.86640625 0.20234375 0.0875 0.059375
0 0.9453125 0.2015625 0.0515625 0.084375
0 0.1328125 0.2421875 0.165625 0.078125
0 0.29140625 0.23046875 0.109375 0.0765625
0 0.39296875 0.25234375 0.0484375 0.0609375
0 0.521875 0.25703125 0.125 0.0609375
0 0.68046875 0.278125 0.146875 0.06875
0 0.83359375 0.32578125 0.1109375 0.0828125
0 0.940625 0.29453125 0.0890625 0.0484375
0 0.18984375 0.3421875 0.2984375 0.0875
0 0.40703125 0.3375 0.090625 0.075
0 0.559375 0.39375 0.1578125 0.09375
0 0.721875 0.39609375 0.1421875 0.1125
0 0.81328125 0.40546875 0.0140625 0.025
0 0.9140625 0.4109375 0.171875 0.090625
0 0.08671875 0.421875 0.1015625 0.065625
0 0.28203125 0.43671875 0.2296875 0.06875
0 0.428125 0.521875 0.05625 0.0984375
0 0.61015625 0.54921875 0.2640625 0.1140625
0 0.834375 0.55 0.125 0.0734375
0 0.1359375 0.60859375 0.2171875 0.090625
0 0.32578125 0.6296875 0.1046875 0.0390625
0 0.434375 0.6375 0.0375 0.03125
0 0.5515625 0.63125 0.1109375 0.065625
0 0.72890625 0.671875 0.1890625 0.1171875
0 0.9 0.65 0.0859375 0.0609375
0 0.096875 0.70703125 0.1703125 0.096875
0 0.303125 0.7015625 0.190625 0.0671875
0 0.4765625 0.75 0.109375 0.084375
0 0.5875 0.76015625 0.0578125 0.109375
0 0.71171875 0.778125 0.1296875 0.084375
0 0.86015625 0.78515625 0.1484375 0.1125
0 0.046875 0.778125 0.0703125 0.04375
0 0.2671875 0.79921875 0.290625 0.0859375
0 0.471875 0.8875 0.159375 0.059375
0 0.625 0.91875 0.1109375 0.06875
0 0.7359375 0.90703125 0.0859375 0.0984375
0 0.85546875 0.9265625 0.1234375 0.0671875
0 0.05390625 0.90703125 0.1078125 0.0671875
0 0.21015625 0.928125 0.1625 0.0640625
0 0.39453125 0.946875 0.1609375 0.0671875
0 0.5375 0.9765625 0.078125 0.046875
0 0.72890625 0.9765625 0.2671875 0.046875