0 0.3 0.03125 0.0796875 0.0375
0 0.36953125 0.0515625 0.053125 0.0265625
0 0.33984375 0.096875 0.0765625 0.040625
0 0.453125 0.11953125 0.1484375 0.065625
0 0.59375 0.15234375 0.1359375 0.053125
0 0.68828125 0.17421875 0.071875 0.0359375
0 0.73828125 0.1875 0.0296875 0.021875
0 0.76953125 0.196875 0.0234375 0.0171875
0 0.8453125 0.2109375 0.1171875 0.046875
0 0.3484375 0.11640625 0.1140625 0.04375
0 0.421875 0.13359375 0.0375 0.025
0 0.459375 0.14453125 0.028125 0.0171875
0 0.5390625 0.16484375 0.1359375 0.0609375
0 0.6390625 0.18671875 0.0578125 0.025
0 0.73125 0.20859375 0.10625 0.0421875
0 0.83125 0.23984375 0.1046875 0.05
0 0.31015625 0.13203125 0.040625 0.021875
0 0.3765625 0.1484375 0.065625 0.0265625
0 0.4734375 0.175 0.121875 0.0609375
0 0.5578125 0.19140625 0.04375 0.0265625
0 0.61796875 0.20625 0.0703125 0.04375
0 0.69453125 0.221875 0.0734375 0.0375
0 0.76015625 0.24296875 0.06875 0.0453125
0 0.82421875 0.2578125 0.0453125 0.0234375
0 0.31640625 0.15625 0.065625 0.034375
0 0.375 0.1734375 0.040625 0.021875
0 0.41796875 0.18359375 0.028125 0.0171875
0 0.50078125 0.203125 0.121875 0.0515625
0 0.59921875 0.22734375 0.0625 0.028125
0 0.5640625 0.25 0.109375 0.05625
0 0.64140625 0.26015625 0.040625 0.0265625
0 0.69296875 0.271875 0.0734375 0.034375
0 0.75078125 0.2859375 0.0578125 0.0296875
0 0.809375 0.3 0.0625 0.03125
0 0.8796875 0.31796875 0.0875 0.0375
0 0.959375 0.34453125 0.08125 0.0640625
0 0.23984375 0.209375 0.090625 0.040625
0 0.31640625 0.23046875 0.05625 0.03125
0 0.3015625 0.27578125 0.1328125 0.0546875
0 0.39375 0.303125 0.040625 0.0203125
0 0.5015625 0.328125 0.1640625 0.0671875
0 0.65390625 0.3640625 0.146875 0.0546875
0 0.7671875 0.3921875 0.0703125 0.034375
0 0.8359375 0.41015625 0.05625 0.028125
0 0.9171875 0.4265625 0.084375 0.0359375
0 0.3125 0.30703125 0.146875 0.05625
0 0.4484375 0.34140625 0.1328125 0.0515625
0 0.27734375 0.325 0.1015625 0.04375
0 0.396875 0.3640625 0.1421875 0.06875
0 0.571875 0.39921875 0.2046875 0.0703125
0 0.2953125 0.35703125 0.0109375 0.0046875
0 0.3453125 0.36875 0.0796875 0.0359375
0 0.40703125 0.384375 0.0328125 0.021875
0 0.50546875 0.41328125 0.1546875 0.06875
0 0.64453125 0.43984375 0.1265625 0.0546875
0 0.390625 0.41015625 0.0484375 0.0234375
0 0.4921875 0.4390625 0.1578125 0.0734375
0 0.6640625 0.47578125 0.190625 0.06875
0 0.7796875 0.5078125 0.05 0.0265625
0 0.825 0.51875 0.0296875 0.01875
0 0.88984375 0.53046875 0.09375 0.0421875
0 0.3953125 0.4375 0.0875 0.040625
0 0.47265625 0.45625 0.0640625 0.034375
0 0.53125 0.4734375 0.04375 0.0234375
0 0.6140625 0.49140625 0.103125 0.046875
0 0.6921875 0.5140625 0.0546875 0.046875
0 0.73828125 0.5171875 0.028125 0.025
0 0.83203125 0.546875 0.18125 0.06875
0 0.3875 0.4625 0.075 0.0390625
0 0.434375 0.47890625 0.0265625 0.01875
0 0.540625 0.50390625 0.178125 0.0609375
0 0.70625 0.5421875 0.1421875 0.05625
0 0.81484375 0.5765625 0.078125 0.0390625
0 0.87890625 0.58828125 0.05 0.04375
0 0.353125 0.478125 0.021875 0.0203125
0 0.46953125 0.515625 0.225 0.0765625
0 0.2234375 0.4765625 0.0171875 0.009375
0 0.31484375 0.50390625 0.1296875 0.053125
0 0.4515625 0.5359375 0.1421875 0.05625
0 0.5953125 0.58203125 0.1578125 0.0828125
0 0.36484375 0.546875 0.0859375 0.0390625
0 0.425 0.5640625 0.059375 0.0484375
0 0.46796875 0.56796875 0.028125 0.028125
0 0.54140625 0.59296875 0.1421875 0.0609375
0 0.34921875 0.575 0.084375 0.0421875
0 0.44375 0.59375 0.0859375 0.0484375
0 0.52421875 0.62421875 0.08125 0.0453125
0 0.5890625 0.62578125 0.028125 0.0265625
0 0.696875 0.6625 0.2234375 0.084375
0 0.39140625 0.61953125 0.19375 0.084375
0 0.49921875 0.640625 0.021875 0.021875
0 0.55390625 0.66015625 0.096875 0.0578125
0 0.65390625 0.68515625 0.115625 0.05625
0 0.7328125 0.7 0.04375 0.028125
0 0.3734375 0.6453125 0.16875 0.075
0 0.5078125 0.6734375 0.090625 0.0484375
0 0.1515625 0.615625 0.0171875 0.009375
0 0.2109375 0.63515625 0.084375 0.04375
0 0.2796875 0.65078125 0.053125 0.0328125
0 0.41640625 0.6921875 0.1984375 0.0875
0 0.584375 0.72265625 0.1375 0.0609375
0 0.325 0.69296875 0.0875 0.0453125
0 0.3890625 0.71328125 0.0515625 0.046875
0 0.44609375 0.71953125 0.028125 0.0234375
0 0.47421875 0.7203125 0.0234375 0.025
0 0.5515625 0.753125 0.1578125 0.0671875
0 0.34609375 0.7296875 0.1546875 0.0625
0 0.453125 0.76484375 0.0703125 0.0421875
0 0.5140625 0.77890625 0.0546875 0.0484375
0 0.56875 0.784375 0.021875 0.01875
0 0.60390625 0.78671875 0.025 0.0234375
0 0.71171875 0.825 0.2125 0.078125
0 0.271875 0.7453125 0.04375 0.0296875
0 0.3265625 0.76328125 0.0875 0.0625
0 0.46640625 0.79453125 0.196875 0.0703125
0 0.05234375 0.75703125 0.1046875 0.0546875
0 0.1484375 0.784375 0.0859375 0.05
0 0.190625 0.8703125 0.2796875 0.1078125
0 0.35625 0.91171875 0.0703125 0.059375
0 0.40703125 0.92109375 0.034375 0.028125
0 0.49296875 0.9359375 0.1265625 0.05625
0 0.58359375 0.96484375 0.06875 0.059375
0 0.73828125 0.97578125 0.2421875 0.0484375
0 0.09375 0.88359375 0.134375 0.0703125
0 0.178125 0.9015625 0.0375 0.025
0 0.24609375 0.91796875 0.090625 0.040625
0 0.35078125 0.93984375 0.103125 0.05
0 0.15078125 0.91796875 0.28125 0.0890625
0 0.34375 0.965625 0.08125 0.0390625
0 0.41796875 0.9875 0.0765625 0.025