0 0.275 0.13828125 0.2359375 0.109375
0 0.4546875 0.17890625 0.1015625 0.0625
0 0.58515625 0.178125 0.0625 0.0453125
0 0.68046875 0.2046875 0.0328125 0.0265625
0 0.26953125 0.26875 0.271875 0.1296875
0 0.55625 0.290625 0.20625 0.071875
0 0.7515625 0.325 0.0734375 0.034375
0 0.8578125 0.34609375 0.0921875 0.025
0 0.17109375 0.340625 0.1546875 0.0765625
0 0.46953125 0.40390625 0.31875 0.1265625
0 0.725 0.44140625 0.21875 0.1125
0 0.15234375 0.4375 0.1078125 0.0578125
0 0.2640625 0.48515625 0.1125 0.0703125
0 0.46640625 0.528125 0.2921875 0.1140625