0 0.525 0.228125 0.09375 0.0515625
0 0.64765625 0.2625 0.165625 0.075
0 0.11171875 0.2203125 0.0625 0.0375
0 0.16796875 0.2375 0.0609375 0.0359375
0 0.25390625 0.25234375 0.0703125 0.05625
0 0.340625 0.27734375 0.1 0.0609375
0 0.10234375 0.28203125 0.078125 0.0453125
0 0.21953125 0.3203125 0.103125 0.0875
0 0.33671875 0.34921875 0.10625 0.06875
0 0.0703125 0.36640625 0.0546875 0.034375
0 0.13984375 0.38515625 0.096875 0.046875
0 0.12578125 0.41953125 0.078125 0.0515625
0 0.1953125 0.4359375 0.059375 0.053125
0 0.2453125 0.44921875 0.0421875 0.046875
0 0.3203125 0.465625 0.084375 0.0640625
0 0.396875 0.4828125 0.0515625 0.05625
0 0.440625 0.49921875 0.021875 0.0296875
0 0.47890625 0.52109375 0.0640625 0.0609375
0 0.53046875 0.525 0.034375 0.0375
0 0.575 0.52734375 0.053125 0.059375
0 0.64375 0.55078125 0.084375 0.06875
0 0.734375 0.5734375 0.0828125 0.05625
0 0.809375 0.590625 0.075 0.0609375
0 0.865625 0.59921875 0.040625 0.0484375
0 0.11171875 0.478125 0.0859375 0.0578125
0 0.16953125 0.48828125 0.046875 0.0375
0 0.21015625 0.4953125 0.0265625 0.03125
0 0.30390625 0.5203125 0.125 0.0859375
0 0.4 0.534375 0.06875 0.053125
0 0.4828125 0.5640625 0.0890625 0.071875
0 0.56953125 0.590625 0.0828125 0.0765625
0 0.66171875 0.61015625 0.09375 0.075
0 0.7328125 0.61875 0.0375 0.0421875
0 0.784375 0.62890625 0.08125 0.0671875
0 0.84140625 0.65 0.0546875 0.0453125
0 0.8828125 0.6546875 0.04375 0.046875
0 0.09375 0.5296875 0.065625 0.053125
0 0.1578125 0.5421875 0.0640625 0.0546875
0 0.21015625 0.5640625 0.0453125 0.0703125
0 0.2515625 0.56953125 0.046875 0.053125
0 0.2859375 0.58046875 0.03125 0.034375
0 0.346875 0.5859375 0.0734375 0.0546875
0 0.4390625 0.609375 0.0828125 0.0609375
0 0.50546875 0.63125 0.028125 0.0296875
0 0.5609375 0.6421875 0.0734375 0.0625
0 0.62578125 0.65625 0.05625 0.0578125
0 0.69609375 0.67578125 0.1046875 0.0703125
0 0.790625 0.69453125 0.075 0.0640625
0 0.840625 0.7109375 0.0453125 0.0609375
0 0.0828125 0.5890625 0.090625 0.078125
0 0.1578125 0.61171875 0.059375 0.034375
0 0.21875 0.62734375 0.04375 0.034375
0 0.27109375 0.6296875 0.0484375 0.0484375
0 0.340625 0.653125 0.0953125 0.0734375
0 0.43828125 0.678125 0.09375 0.078125
0 0.525 0.6875 0.08125 0.059375
0 0.59921875 0.71484375 0.078125 0.06875
0 0.6875 0.740625 0.0921875 0.084375
0 0.7546875 0.746875 0.0515625 0.0546875
0 0.83359375 0.7703125 0.1015625 0.0703125
0 0.06171875 0.64609375 0.0703125 0.0578125
0 0.13203125 0.6609375 0.08125 0.065625
0 0.2703125 0.69296875 0.075 0.059375
0 0.353125 0.71640625 0.0890625 0.0578125
0 0.4296875 0.73125 0.0671875 0.053125
0 0.50546875 0.7625 0.084375 0.065625
0 0.57265625 0.76796875 0.053125 0.0484375
0 0.6359375 0.78984375 0.08125 0.0609375
0 0.7296875 0.80390625 0.0796875 0.065625
0 0.784375 0.82578125 0.0375 0.040625
0 0.859375 0.84765625 0.103125 0.090625
0 0.0421875 0.69375 0.0515625 0.05
0 0.12578125 0.71484375 0.09375 0.0625
0 0.2046875 0.73359375 0.05 0.0484375
0 0.28203125 0.74765625 0.1 0.059375
0 0.38671875 0.7734375 0.1078125 0.0765625
0 0.4609375 0.78984375 0.0609375 0.053125
0 0.5265625 0.821875 0.103125 0.0796875
0 0.61796875 0.83046875 0.0859375 0.0578125
0 0.70234375 0.8453125 0.0796875 0.059375
0 0.7734375 0.8640625 0.0578125 0.053125
0 0.8359375 0.89375 0.0703125 0.065625
0 0.8875 0.8984375 0.046875 0.046875
0 0.0078125 0.72421875 0.015625 0.0421875
0 0.06171875 0.74375 0.109375 0.05
0 0.125 0.75546875 0.03125 0.0296875
0 0.15 0.76328125 0.025 0.0234375
0 0.17109375 0.76640625 0.0234375 0.021875
0 0.228125 0.7828125 0.09375 0.0453125
0 0.284375 0.79375 0.01875 0.0234375
0 0.328125 0.80546875 0.06875 0.0359375
0 0.38203125 0.81796875 0.0453125 0.0328125
0 0.425 0.8234375 0.04375 0.0296875
0 0.4796875 0.83671875 0.065625 0.034375
0 0.06953125 0.8015625 0.0984375 0.0859375
0 0.140625 0.8109375 0.034375 0.0359375
0 0.225 0.83359375 0.1109375 0.0828125
0 0.32109375 0.84140625 0.0703125 0.0625
0 0.384375 0.85234375 0.0546875 0.0546875
0 0.46171875 0.871875 0.0984375 0.0703125
0 0.53671875 0.9 0.05 0.034375
0 0.8796875 0.940625 0.05 0.05
0 0.196875 0.67734375 0.0671875 0.0640625