0 0.3328125 0.05 0.16875 0.1
0 0.54140625 0.075 0.1953125 0.1125
0 0.7046875 0.10390625 0.134375 0.0890625
0 0.26953125 0.12421875 0.053125 0.06875
0 0.38828125 0.178125 0.2046875 0.10625
0 0.55859375 0.22109375 0.1140625 0.0828125
0 0.6734375 0.234375 0.0984375 0.0515625
0 0.771875 0.265625 0.084375 0.053125
0 0.2625 0.22578125 0.0765625 0.046875
0 0.3484375 0.2515625 0.0875 0.05
0 0.4546875 0.28203125 0.0921875 0.05
0 0.53203125 0.2953125 0.04375 0.046875
0 0.634375 0.33671875 0.1234375 0.096875
0 0.77265625 0.353125 0.1140625 0.0625
0 0.303125 0.32265625 0.1734375 0.08125
0 0.45 0.37109375 0.1109375 0.0640625
0 0.56875 0.4140625 0.0890625 0.0578125
0 0.63515625 0.4265625 0.034375 0.0390625
0 0.696875 0.43671875 0.046875 0.046875
0 0.2484375 0.403125 0.0796875 0.0484375
0 0.39765625 0.453125 0.1765625 0.0796875
0 0.6046875 0.50703125 0.184375 0.096875
0 0.2609375 0.51015625 0.146875 0.084375
0 0.39609375 0.53984375 0.10625 0.0625
0 0.509375 0.571875 0.075 0.046875
0 0.6578125 0.61796875 0.2046875 0.090625
0 0.2609375 0.59375 0.1703125 0.090625
0 0.453125 0.6546875 0.2015625 0.0875
0 0.61953125 0.69765625 0.0875 0.0515625
0 0.709375 0.68828125 0.01875 0.0234375
0 0.19765625 0.66015625 0.040625 0.0359375
0 0.27578125 0.68203125 0.065625 0.040625
0 0.3515625 0.71015625 0.0515625 0.0578125
0 0.45078125 0.7515625 0.159375 0.1
0 0.59453125 0.7828125 0.1265625 0.0828125
0 0.68046875 0.81484375 0.0328125 0.0375
0 0.19453125 0.7484375 0.0546875 0.0453125
0 0.29609375 0.7921875 0.128125 0.071875
0 0.4296875 0.83828125 0.115625 0.08125