0 0.21796875 0.0921875 0.028125 0.0390625
0 0.42421875 0.15546875 0.403125 0.16875
0 0.73828125 0.2484375 0.25 0.11875
0 0.365625 0.20546875 0.109375 0.05625
0 0.55703125 0.265625 0.240625 0.115625
0 0.24375 0.2953125 0.1703125 0.1328125
0 0.44453125 0.3453125 0.215625 0.11875
0 0.57578125 0.3640625 0.025 0.03125
0 0.74296875 0.3921875 0.29375 0.13125
0 0.30390625 0.38203125 0.2890625 0.1
0 0.5078125 0.41953125 0.1140625 0.0640625
0 0.6359375 0.45390625 0.13125 0.0890625
0 0.8 0.471875 0.1859375 0.078125
0 0.2046875 0.42578125 0.1109375 0.0671875
0 0.3609375 0.44609375 0.146875 0.071875
0 0.46484375 0.46640625 0.0671875 0.0671875
0 0.61953125 0.50859375 0.2265625 0.0875
0 0.8234375 0.546875 0.1640625 0.0921875
0 0.23359375 0.49296875 0.209375 0.0890625
0 0.45234375 0.5296875 0.19375 0.0796875
0 0.52421875 0.60859375 0.0515625 0.0546875
0 0.5828125 0.615625 0.0625 0.05
0 0.69609375 0.64296875 0.1828125 0.071875