0 0.3953125 0.05390625 0.1015625 0.0828125
0 0.49375 0.0859375 0.0328125 0.0390625
0 0.60859375 0.1171875 0.1203125 0.1140625
0 0.69765625 0.10703125 0.0328125 0.03125
0 0.77109375 0.1171875 0.134375 0.109375
0 0.39765625 0.1484375 0.1234375 0.078125
0 0.49921875 0.16015625 0.0515625 0.0734375
0 0.7078125 0.21328125 0.109375 0.09375
0 0.82734375 0.2109375 0.1078125 0.0671875
0 0.171875 0.28828125 0.1046875 0.0734375
0 0.30390625 0.328125 0.16875 0.1203125
0 0.06328125 0.39921875 0.021875 0.009375
0 0.14140625 0.43359375 0.1359375 0.146875
0 0.24453125 0.41640625 0.046875 0.0625
0 0.346875 0.428125 0.121875 0.06875
0 0.49453125 0.43046875 0.1078125 0.05625
0 0.65625 0.425 0.153125 0.103125
0 0.771875 0.4375 0.0484375 0.053125
0 0.87109375 0.4546875 0.11875 0.0578125
0 0.09765625 0.5015625 0.084375 0.059375
0 0.1953125 0.496875 0.05625 0.0734375
0 0.31328125 0.5046875 0.1203125 0.071875
0 0.453125 0.5171875 0.0859375 0.0671875
0 0.62578125 0.53828125 0.271875 0.1484375
0 0.6 0.18046875 0.0765625 0.0640625