0 0.2640625 0.1046875 0.1796875 0.0796875
0 0.47890625 0.14375 0.2421875 0.134375
0 0.6734375 0.14921875 0.0859375 0.0484375
0 0.803125 0.1484375 0.0890625 0.0703125
0 0.22265625 0.2109375 0.1609375 0.0765625
0 0.40625 0.23046875 0.14375 0.0796875
0 0.59453125 0.26484375 0.203125 0.103125
0 0.7359375 0.25078125 0.0171875 0.0171875
0 0.82734375 0.25390625 0.0828125 0.0703125
0 0.21796875 0.3265625 0.1828125 0.078125
0 0.38125 0.35390625 0.0828125 0.0625
0 0.51953125 0.346875 0.1046875 0.071875
0 0.70078125 0.3640625 0.18125 0.0953125
0 0.8515625 0.38359375 0.121875 0.0875
0 0.29296875 0.4703125 0.3578125 0.1203125
0 0.61171875 0.5015625 0.2265625 0.0984375
0 0.79296875 0.475 0.0875 0.0703125
0 0.25078125 0.54296875 0.2625 0.0875
0 0.13125 0.77734375 0.075 0.05625
0 0.32578125 0.7984375 0.209375 0.0828125
0 0.61484375 0.81640625 0.11875 0.0609375
0 0.83203125 0.834375 0.1671875 0.0765625