0 0.23828125 0.13125 0.1609375 0.0953125
0 0.49765625 0.19765625 0.2296875 0.2078125
0 0.76015625 0.203125 0.1703125 0.1453125
0 0.9234375 0.2421875 0.109375 0.1265625
0 0.12890625 0.26171875 0.0484375 0.0625
0 0.34453125 0.2796875 0.2921875 0.2015625
0 0.6109375 0.328125 0.1640625 0.15625
0 0.81484375 0.33828125 0.1984375 0.171875
0 0.10234375 0.40390625 0.084375 0.065625
0 0.296875 0.39140625 0.2109375 0.159375
0 0.5640625 0.4484375 0.271875 0.18125
0 0.8421875 0.48671875 0.1984375 0.14375
0 0.08515625 0.5140625 0.0828125 0.1078125
0 0.25859375 0.5375 0.2171875 0.1328125
0 0.47734375 0.56875 0.1171875 0.0703125
0 0.65546875 0.59296875 0.13125 0.0703125
0 0.83515625 0.6265625 0.16875 0.140625
0 0.1171875 0.65703125 0.2015625 0.128125
0 0.31171875 0.66328125 0.096875 0.128125
0 0.4703125 0.69296875 0.15625 0.1546875
0 0.6703125 0.70390625 0.2234375 0.15
0 0.8484375 0.73125 0.15625 0.1609375
0 0.0984375 0.7703125 0.196875 0.14375
0 0.13984375 0.83828125 0.11875 0.1140625
0 0.36640625 0.85 0.1828125 0.1609375
0 0.61015625 0.89921875 0.1359375 0.0859375