0 0.1984375 0.15078125 0.190625 0.1609375
0 0.78828125 0.36171875 0.1828125 0.1140625
0 0.25625 0.23359375 0.16875 0.11875
0 0.24375 0.03515625 0.16875 0.0703125
0 0.3125 0.31796875 0.125 0.1109375
0 0.4625 0.1953125 0.128125 0.08125
0 0.871875 0.290625 0.1265625 0.0828125
0 0.11953125 0.259375 0.1125 0.0828125
0 0.64375 0.225 0.1078125 0.0828125
0 0.45078125 0.33828125 0.1453125 0.0703125
0 0.34140625 0.18671875 0.103125 0.096875
0 0.7484375 0.26015625 0.1171875 0.0703125
0 0.43203125 0.26484375 0.1484375 0.0609375
0 0.59296875 0.37734375 0.13125 0.075
0 0.96875 0.3296875 0.0625 0.059375
0 0.621875 0.30625 0.084375 0.053125
0 0.4875 0.09921875 0.10625 0.0890625
0 0.37265625 0.059375 0.078125 0.05625
0 0.13515625 0.18671875 0.0796875 0.05
0 0.21796875 0.27109375 0.0765625 0.053125
0 0.546875 0.2125 0.0484375 0.0625
0 0.53203125 0.28359375 0.046875 0.059375
0 0.9234375 0.37734375 0.075 0.0515625
0 0.67890625 0.32109375 0.0359375 0.03125
0 0.10859375 0.09453125 0.0140625 0.0078125