0 0.203125 0.05234375 0.075 0.04375
0 0.32890625 0.06953125 0.0640625 0.0359375
0 0.38046875 0.09765625 0.040625 0.0359375
0 0.45078125 0.1140625 0.0859375 0.0375
0 0.528125 0.1265625 0.05625 0.0359375
0 0.5890625 0.13828125 0.0609375 0.0359375
0 0.4109375 0.20078125 0.0671875 0.05
0 0.48671875 0.2078125 0.0703125 0.03125
0 0.57109375 0.22265625 0.053125 0.0328125
0 0.64453125 0.2359375 0.0703125 0.034375
0 0.72578125 0.246875 0.06875 0.0375
0 0.56796875 0.27265625 0.065625 0.0296875
0 0.4078125 0.296875 0.0890625 0.0390625
0 0.53203125 0.32109375 0.1015625 0.0453125
0 0.62734375 0.3359375 0.078125 0.05
0 0.71171875 0.34453125 0.08125 0.040625
0 0.39296875 0.36328125 0.0828125 0.0515625
0 0.384375 0.41484375 0.084375 0.04375
0 0.50546875 0.4296875 0.0921875 0.0421875
0 0.6046875 0.44765625 0.0578125 0.0375
0 0.371875 0.4796875 0.075 0.0578125
0 0.48125 0.4953125 0.046875 0.0296875
0 0.5515625 0.5015625 0.071875 0.0390625
0 0.64296875 0.51640625 0.0828125 0.04375
0 0.50625 0.37578125 0.071875 0.0359375
0 0.58984375 0.38671875 0.0515625 0.0359375
0 0.640625 0.40078125 0.0328125 0.0296875
0 0.68515625 0.45546875 0.0765625 0.0375
0 0.48515625 0.55 0.075 0.0421875
0 0.54296875 0.56640625 0.0421875 0.0328125
0 0.59296875 0.56953125 0.053125 0.034375
0 0.65390625 0.5859375 0.0671875 0.04375
0 0.29765625 0.6125 0.128125 0.0609375
0 0.41796875 0.62734375 0.0765625 0.040625
0 0.48203125 0.63515625 0.0515625 0.03125
0 0.54453125 0.64453125 0.065625 0.040625
0 0.359375 0.69375 0.0625 0.0390625
0 0.41640625 0.7 0.05 0.0265625
0 0.49140625 0.7109375 0.0734375 0.0359375
0 0.6234375 0.6578125 0.075 0.0296875
0 0.25703125 0.68515625 0.0875 0.04375
0 0.25859375 0.72109375 0.065625 0.05
0 0.33203125 0.728125 0.071875 0.040625
0 0.42265625 0.74140625 0.1046875 0.046875
0 0.60625 0.76484375 0.0671875 0.028125
0 0.52890625 0.75546875 0.06875 0.0484375
0 0.3234375 0.109375 0.0703125 0.040625