0 0.190625 0.00546875 0.040625 0.0109375
0 0.25 0.01875 0.08125 0.0375
0 0.34765625 0.02265625 0.0953125 0.0453125
0 0.4234375 0.0375 0.0375 0.0296875
0 0.50546875 0.05390625 0.1046875 0.0578125
0 0.615625 0.078125 0.1078125 0.046875
0 0.7078125 0.08125 0.0484375 0.0359375
0 0.82265625 0.1078125 0.1578125 0.0640625
0 0.94765625 0.13125 0.0765625 0.03125
0 0.19609375 0.03828125 0.065625 0.04375
0 0.32421875 0.0546875 0.1828125 0.0703125
0 0.1765625 0.07109375 0.0734375 0.0359375
0 0.24453125 0.0828125 0.0375 0.0296875
0 0.36953125 0.1078125 0.1890625 0.0625
0 0.525 0.14375 0.1 0.0515625
0 0.60390625 0.14609375 0.04375 0.034375
0 0.69765625 0.16484375 0.128125 0.053125
0 0.7921875 0.18046875 0.046875 0.021875
0 0.90625 0.19765625 0.165625 0.0515625
0 0.18515625 0.10546875 0.1078125 0.040625
0 0.1484375 0.140625 0.0421875 0.0296875
0 0.234375 0.159375 0.1171875 0.04375
0 0.3140625 0.1734375 0.0421875 0.028125
0 0.396875 0.18671875 0.10625 0.0421875
0 0.503125 0.2109375 0.1046875 0.0515625
0 0.5609375 0.20625 0.04375 0.0265625
0 0.6078125 0.234375 0.1 0.040625
0 0.690625 0.2453125 0.053125 0.0453125
0 0.76796875 0.2515625 0.0875 0.0390625
0 0.85234375 0.271875 0.0578125 0.03125
0 0.9421875 0.28046875 0.1078125 0.0421875
0 0.13828125 0.19140625 0.034375 0.028125
0 0.184375 0.2046875 0.05 0.0265625
0 0.25546875 0.2203125 0.0890625 0.0484375
0 0.321875 0.22578125 0.0359375 0.028125
0 0.39453125 0.246875 0.1046875 0.053125
0 0.50625 0.2625 0.11875 0.0453125
0 0.6 0.28203125 0.05625 0.0484375
0 0.7234375 0.29296875 0.1609375 0.05
0 0.85859375 0.31796875 0.0984375 0.0328125
0 0.14609375 0.27890625 0.1203125 0.0578125
0 0.82578125 0.3828125 0.0609375 0.0359375
0 0.88125 0.39375 0.0578125 0.0328125
0 0.9453125 0.40390625 0.059375 0.028125
0 0.07421875 0.33671875 0.0546875 0.04375
0 0.79921875 0.4546875 0.0578125 0.0390625
0 0.84921875 0.4609375 0.028125 0.0296875
0 0.915625 0.471875 0.0671875 0.034375
0 0.11796875 0.41796875 0.0859375 0.0421875
0 0.22109375 0.4328125 0.1140625 0.04375
0 0.328125 0.45078125 0.0828125 0.0359375
0 0.3890625 0.46171875 0.0375 0.0296875
0 0.4265625 0.4671875 0.04375 0.034375
0 0.50546875 0.478125 0.1015625 0.0421875
0 0.575 0.48984375 0.034375 0.0265625
0 0.628125 0.50390625 0.0671875 0.025
0 0.6953125 0.5140625 0.059375 0.04375
0 0.7734375 0.52265625 0.0703125 0.0390625
0 0.83828125 0.53359375 0.0421875 0.03125
0 0.915625 0.54609375 0.0890625 0.0421875
0 0.14296875 0.44921875 0.146875 0.05625
0 0.240625 0.45859375 0.0359375 0.03125
0 0.29453125 0.47578125 0.0546875 0.025
0 0.4 0.48515625 0.1265625 0.0515625
0 0.5140625 0.50625 0.0921875 0.0375
0 0.6 0.525 0.05625 0.0234375
0 0.6546875 0.53203125 0.053125 0.025
0 0.7109375 0.5375 0.04375 0.0296875
0 0.81171875 0.55546875 0.1359375 0.0421875
0 0.9203125 0.5734375 0.0671875 0.03125
0 0.09140625 0.465625 0.04375 0.034375
0 0.15 0.471875 0.046875 0.03125
0 0.25703125 0.48671875 0.140625 0.0515625
0 0.35234375 0.5046875 0.034375 0.028125
0 0.43984375 0.5171875 0.1125 0.04375
0 0.528125 0.5328125 0.0484375 0.028125
0 0.6125 0.54609375 0.1046875 0.0453125
0 0.69140625 0.559375 0.0453125 0.0328125
0 0.7640625 0.571875 0.0734375 0.0390625
0 0.85234375 0.58515625 0.0890625 0.0375
0 0.92109375 0.596875 0.046875 0.0328125
0 0.10859375 0.49765625 0.090625 0.0453125
0 0.22578125 0.5109375 0.0921875 0.0390625
0 0.303125 0.52265625 0.0453125 0.0296875
0 0.35703125 0.53359375 0.0609375 0.040625
0 0.44375 0.54375 0.1015625 0.0421875
0 0.5859375 0.565625 0.171875 0.05
0 0.71171875 0.5890625 0.0515625 0.034375
0 0.81015625 0.6046875 0.1234375 0.040625
0 0.9 0.6171875 0.0484375 0.03125
0 0.12578125 0.5234375 0.125 0.0546875
0 0.246875 0.53671875 0.08125 0.0359375
0 0.32265625 0.55234375 0.0640625 0.040625
0 0.40390625 0.56328125 0.0796875 0.0390625
0 0.4890625 0.5828125 0.075 0.046875
0 0.56484375 0.58828125 0.059375 0.03125
0 0.6390625 0.59921875 0.059375 0.0328125
0 0.70625 0.61171875 0.0609375 0.0328125
0 0.79140625 0.6234375 0.1 0.0421875
0 0.909375 0.6453125 0.109375 0.0421875
0 0.08984375 0.53515625 0.0515625 0.0296875
0 0.1484375 0.546875 0.0328125 0.025
0 0.20078125 0.55703125 0.03125 0.021875
0 0.27109375 0.5671875 0.0890625 0.046875
0 0.384375 0.5828125 0.1171875 0.0453125
0 0.45859375 0.596875 0.03125 0.034375
0 0.51171875 0.6046875 0.05 0.0328125
0 0.58359375 0.61875 0.0765625 0.0453125
0 0.6484375 0.6234375 0.040625 0.034375
0 0.71953125 0.63515625 0.0671875 0.0375
0 0.8078125 0.65390625 0.071875 0.040625
0 0.8859375 0.66484375 0.0640625 0.0375
0 0.1375 0.58046875 0.1453125 0.065625
0 0.24140625 0.59375 0.075 0.0515625
0 0.3046875 0.59453125 0.034375 0.025
0 0.35390625 0.6015625 0.05625 0.034375
0 0.42265625 0.62265625 0.075 0.0390625
0 0.49140625 0.6234375 0.0515625 0.0265625
0 0.5515625 0.63046875 0.0421875 0.03125
0 0.6 0.65078125 0.0875 0.0484375
0 0.68515625 0.6625 0.078125 0.046875
0 0.7828125 0.6703125 0.0875 0.04375
0 0.8578125 0.68515625 0.04375 0.0328125
0 0.11875 0.60234375 0.10625 0.0515625
0 0.20234375 0.60703125 0.0625 0.03125
0 0.053125 0.6546875 0.040625 0.0328125
0 0.125 0.66484375 0.0765625 0.040625
0 0.2109375 0.6765625 0.0546875 0.0328125
0 0.28671875 0.6875 0.0640625 0.0328125
0 0.39375 0.7046875 0.11875 0.0421875
0 0.48828125 0.7203125 0.04375 0.028125
0 0.54609375 0.73125 0.0578125 0.0296875
0 0.6375 0.746875 0.1078125 0.0421875
0 0.7375 0.775 0.0828125 0.0359375
0 0.84375 0.7875 0.1015625 0.0453125
0 0.08046875 0.6828125 0.0640625 0.0328125
0 0.13515625 0.6921875 0.0375 0.0328125
0 0.190625 0.7015625 0.075 0.0328125
0 0.2484375 0.7140625 0.0734375 0.0390625
0 0.3046875 0.71796875 0.0390625 0.028125
0 0.396875 0.7375 0.1265625 0.05
0 0.4984375 0.7484375 0.0640625 0.0328125
0 0.546875 0.7625 0.03125 0.01875
0 0.60625 0.78046875 0.0765625 0.040625
0 0.70546875 0.7859375 0.128125 0.046875
0 0.79296875 0.8015625 0.040625 0.01875
0 0.84765625 0.8140625 0.059375 0.0359375
0 0.89609375 0.81796875 0.0328125 0.01875
0 0.04921875 0.78046875 0.0984375 0.0578125
0 0.74453125 0.8875 0.0640625 0.0359375
0 0.80625 0.8984375 0.0578125 0.0328125
0 0.859375 0.90625 0.05 0.03125
0 0.05078125 0.82890625 0.01875 0.0078125
0 0.1796875 0.84765625 0.025 0.0109375
0 0.32109375 0.871875 0.0203125 0.0078125
0 0.42734375 0.88828125 0.0171875 0.009375
0 0.55234375 0.90703125 0.01875 0.0078125
0 0.05078125 0.84765625 0.0609375 0.0328125
0 0.1140625 0.86015625 0.0578125 0.028125
0 0.18125 0.8671875 0.0578125 0.034375
0 0.24609375 0.87890625 0.065625 0.0359375
0 0.31640625 0.8890625 0.05625 0.034375
0 0.37109375 0.8953125 0.0625 0.040625
0 0.42578125 0.9046875 0.046875 0.0328125
0 0.47734375 0.91171875 0.0703125 0.034375
0 0.5515625 0.925 0.0578125 0.0359375
0 0.6375 0.940625 0.0875 0.0453125
0 0.03359375 0.86953125 0.0203125 0.00625
0 0.228125 0.90078125 0.0265625 0.0109375
0 0.425 0.93046875 0.0296875 0.0125
0 0.03984375 0.9015625 0.078125 0.046875
0 0.13125 0.91953125 0.0828125 0.0546875
0 0.2296875 0.93046875 0.090625 0.0515625
0 0.328125 0.94453125 0.078125 0.04375
0 0.43203125 0.959375 0.09375 0.0515625
0 0.48671875 0.96953125 0.028125 0.0234375
0 0.55078125 0.97734375 0.0828125 0.0453125
0 0.09375 0.71171875 0.1015625 0.0390625
0 0.1875 0.72578125 0.0796875 0.040625
0 0.2875 0.7484375 0.125 0.040625
0 0.3734375 0.75390625 0.028125 0.025
0 0.44765625 0.7671875 0.103125 0.0484375