0 0.1953125 0.06875 0.15625 0.046875
0 0.334375 0.04296875 0.05625 0.034375
0 0.18046875 0.30859375 0.140625 0.053125
0 0.31796875 0.2921875 0.0546875 0.03125
0 0.453125 0.28984375 0.109375 0.059375
0 0.153125 0.36015625 0.0296875 0.0375
0 0.24375 0.35546875 0.10625 0.025
0 0.3390625 0.35 0.0234375 0.0328125
0 0.38984375 0.3515625 0.01875 0.0171875
0 0.14921875 0.39296875 0.01875 0.021875
0 0.23125 0.3875 0.090625 0.025
0 0.384375 0.378125 0.0984375 0.028125
0 0.15625 0.41796875 0.028125 0.03125
0 0.246875 0.41875 0.1 0.025
0 0.378125 0.41796875 0.0390625 0.034375
0 0.4328125 0.4140625 0.021875 0.01875
0 0.171875 0.52109375 0.065625 0.040625
0 0.178125 0.58203125 0.103125 0.034375
0 0.28671875 0.5890625 0.08125 0.0484375
0 0.4109375 0.58515625 0.125 0.0375
0 0.53515625 0.575 0.075 0.034375
0 0.63828125 0.571875 0.075 0.03125
0 0.7765625 0.57890625 0.040625 0.025
0 0.16484375 0.65 0.15625 0.059375
0 0.28828125 0.64375 0.059375 0.0421875
0 0.3515625 0.640625 0.028125 0.03125
0 0.42421875 0.6375 0.05 0.0375
0 0.528125 0.65078125 0.11875 0.028125
0 0.6484375 0.65 0.096875 0.059375
0 0.284375 0.7140625 0.16875 0.0453125
0 0.28046875 0.74296875 0.15625 0.046875
0 0.490625 0.74296875 0.1203125 0.040625
0 0.19140625 0.80390625 0.090625 0.0359375
0 0.34375 0.81015625 0.1203125 0.034375
0 0.48359375 0.82734375 0.10625 0.071875
0 0.63203125 0.8296875 0.1390625 0.034375
0 0.48125 0.88671875 0.465625 0.065625
0 0.09453125 0.03125 0.025 0.009375
0 0.09375 0.003125 0.01875 0.00625
0 0.384375 0.0375 0.015625 0.0328125
0 0.184375 0.12578125 0.034375 0.0328125
0 0.24375 0.128125 0.05 0.040625
0 0.3484375 0.11328125 0.1 0.046875
0 0.44296875 0.09765625 0.065625 0.028125
0 0.5015625 0.10078125 0.0453125 0.034375
0 0.13984375 0.215625 0.025 0.0875
0 0.19609375 0.178125 0.0640625 0.03125
0 0.246875 0.175 0.025 0.040625
0 0.31796875 0.17265625 0.0984375 0.040625
0 0.19453125 0.21171875 0.053125 0.040625
0 0.27109375 0.20625 0.0875 0.0375
0 0.1890625 0.24453125 0.04375 0.034375
0 0.22421875 0.23828125 0.015625 0.015625
0 0.26796875 0.2421875 0.0484375 0.0390625
0 0.3609375 0.2859375 0.021875 0.021875
0 0.59921875 0.2828125 0.175 0.059375
0 0.18125 0.3546875 0.015625 0.0140625
0 0.36328125 0.35 0.0125 0.0125
0 0.17421875 0.39296875 0.01875 0.009375
0 0.5 0.38359375 0.09375 0.0546875
0 0.184375 0.42265625 0.021875 0.0125
0 0.40703125 0.41484375 0.015625 0.015625
0 0.11640625 0.5 0.015625 0.05625
0 0.16484375 0.48359375 0.0515625 0.034375
0 0.2015625 0.48515625 0.015625 0.015625
0 0.26328125 0.48046875 0.08125 0.0375
0 0.53203125 0.47578125 0.43125 0.05625
0 0.2515625 0.51953125 0.1 0.03125
0 0.709375 0.58125 0.05625 0.028125
0 0.17734375 0.87109375 0.11875 0.034375
0 0.23671875 0.93125 0.0546875 0.0484375
0 0.3375 0.93359375 0.0546875 0.0421875
0 0.28515625 0.93515625 0.0203125 0.00625
0 0.34921875 0.9796875 0.15 0.040625
0 0.9390625 0.1109375 0.06875 0.046875
0 0.9875 0.3984375 0.025 0.028125
0 0.971875 0.596875 0.025 0.0140625
0 0.39375 0.740625 0.0375 0.025
0 0.11796875 0.3578125 0.015625 0.0125
0 0.11328125 0.390625 0.015625 0.0109375
0 0.1140625 0.41640625 0.015625 0.0109375