0 0.1984375 0.0515625 0.08125 0.0390625
0 0.3140625 0.0328125 0.0546875 0.0296875
0 0.45625 0.0125 0.078125 0.025
0 0.121875 0.1765625 0.1796875 0.1546875
0 0.3171875 0.15234375 0.0890625 0.115625
0 0.51171875 0.090625 0.24375 0.1375
0 0.68671875 0.05546875 0.1171875 0.1109375
0 0.85390625 0.0421875 0.1734375 0.084375
0 0.14296875 0.30078125 0.2171875 0.1375
0 0.3234375 0.2671875 0.153125 0.1671875
0 0.48984375 0.27890625 0.1140625 0.1046875
0 0.615625 0.2109375 0.1078125 0.103125
0 0.76015625 0.19609375 0.1453125 0.16875
0 0.89765625 0.1515625 0.1296875 0.1296875
0 0.15703125 0.43828125 0.2234375 0.1765625
0 0.34296875 0.415625 0.0890625 0.0765625
0 0.4390625 0.36953125 0.05625 0.1140625
0 0.5625 0.34765625 0.1265625 0.1203125
0 0.68828125 0.3453125 0.0453125 0.059375
0 0.8078125 0.31875 0.1484375 0.165625
0 0.915625 0.28046875 0.06875 0.1
0 0.13984375 0.596875 0.190625 0.184375
0 0.321875 0.54765625 0.11875 0.1328125
0 0.49296875 0.51953125 0.178125 0.1421875
0 0.65390625 0.48125 0.1296875 0.1234375
0 0.78046875 0.46171875 0.0921875 0.115625
0 0.9203125 0.4375 0.159375 0.140625
0 0.09609375 0.75546875 0.0578125 0.1109375
0 0.196875 0.7328125 0.09375 0.1078125
0 0.3671875 0.709375 0.1484375 0.103125
0 0.53125 0.678125 0.1484375 0.1734375
0 0.6578125 0.66953125 0.1078125 0.1296875
0 0.8015625 0.60546875 0.1359375 0.1421875
0 0.95390625 0.5703125 0.0921875 0.13125
0 0.1015625 0.93984375 0.05625 0.0828125
0 0.275 0.88828125 0.1875 0.1734375
0 0.51328125 0.85078125 0.29375 0.16875
0 0.70859375 0.80234375 0.109375 0.1390625
0 0.84765625 0.775 0.11875 0.1296875
0 0.9640625 0.7328125 0.071875 0.125