0 0.2828125 0.103125 0.115625 0.0328125
0 0.65703125 0.0953125 0.046875 0.01875
0 0.79296875 0.08984375 0.159375 0.0515625
0 0.66015625 0.1265625 0.0578125 0.01875
0 0.7640625 0.128125 0.1234375 0.040625
0 0.27109375 0.175 0.08125 0.059375
0 0.52421875 0.18203125 0.3296875 0.08125
0 0.1953125 0.21484375 0.0234375 0.0125
0 0.26328125 0.2109375 0.0640625 0.0421875
0 0.38984375 0.2328125 0.1375 0.05625
0 0.55546875 0.2421875 0.146875 0.06875
0 0.72890625 0.24375 0.134375 0.0640625
0 0.2765625 0.26640625 0.10625 0.0390625
0 0.3984375 0.28359375 0.10625 0.0515625
0 0.51875 0.28125 0.084375 0.034375
0 0.684375 0.2890625 0.1734375 0.0734375
0 0.8515625 0.2921875 0.15 0.1171875
0 0.24140625 0.3078125 0.0484375 0.034375
0 0.3609375 0.3171875 0.121875 0.0421875
0 0.18828125 0.35234375 0.0203125 0.0109375
0 0.25546875 0.359375 0.08125 0.0359375
0 0.3921875 0.36640625 0.134375 0.0421875
0 0.4734375 0.37265625 0.015625 0.0078125
0 0.51171875 0.36796875 0.0390625 0.040625
0 0.73671875 0.3859375 0.340625 0.08125
0 0.34921875 0.41015625 0.29375 0.0859375
0 0.709375 0.43515625 0.3703125 0.090625
0 0.1921875 0.4453125 0.0140625 0.009375
0 0.33515625 0.45703125 0.25 0.059375
0 0.58984375 0.48046875 0.184375 0.071875
0 0.7828125 0.49296875 0.15 0.046875
0 0.1953125 0.4953125 0.01875 0.00625
0 0.32734375 0.5109375 0.21875 0.053125
0 0.559375 0.51953125 0.171875 0.0484375
0 0.7515625 0.52734375 0.1578125 0.0625
0 0.30703125 0.5609375 0.1609375 0.0609375
0 0.4890625 0.5640625 0.1328125 0.0484375
0 0.684375 0.58046875 0.2140625 0.071875
0 0.18984375 0.5890625 0.0125 0.0078125
0 0.3359375 0.5953125 0.225 0.0625
0 0.48125 0.6140625 0.025 0.025
0 0.62265625 0.625 0.2078125 0.06875
0 0.8 0.64765625 0.1203125 0.046875
0 0.29609375 0.6453125 0.18125 0.046875
0 0.17578125 0.68203125 0.0109375 0.0046875
0 0.30859375 0.69921875 0.19375 0.0640625
0 0.47109375 0.721875 0.15 0.059375
0 0.64375 0.725 0.1234375 0.0390625
0 0.2921875 0.74296875 0.03125 0.0234375
0 0.39453125 0.75 0.1078125 0.0375
0 0.28984375 0.78671875 0.0296875 0.021875
0 0.428125 0.7984375 0.196875 0.0515625
0 0.28046875 0.8375 0.0328125 0.025
0 0.428125 0.8515625 0.2078125 0.0578125
0 0.1671875 0.87109375 0.0125 0.0078125
0 0.2453125 0.88671875 0.0890625 0.0453125
0 0.378125 0.90703125 0.13125 0.059375
0 0.60703125 0.91875 0.28125 0.0625
0 0.76484375 0.946875 0.015625 0.015625
0 0.83203125 0.94296875 0.1046875 0.0453125
0 0.4109375 0.66484375 0.0078125 0.0046875