0 0.25390625 0.01953125 0.0734375 0.0390625
0 0.3 0.03046875 0.0125 0.025
0 0.33125 0.0390625 0.046875 0.034375
0 0.40390625 0.0578125 0.0921875 0.04375
0 0.47109375 0.075 0.0328125 0.03125
0 0.32890625 0.1046875 0.2375 0.1125
0 0.23359375 0.20390625 0.06875 0.0375
0 0.27421875 0.21171875 0.0078125 0.0171875
0 0.3015625 0.21953125 0.040625 0.0265625
0 0.3640625 0.2390625 0.0859375 0.0390625
0 0.43671875 0.25390625 0.05625 0.0328125
0 0.29921875 0.27734375 0.253125 0.125
0 0.2203125 0.33046875 0.1296875 0.065625
0 0.36171875 0.36484375 0.1296875 0.05625
0 0.49375 0.38515625 0.1265625 0.071875
0 0.621875 0.40703125 0.0703125 0.0484375
0 0.75 0.43671875 0.1828125 0.0828125
0 0.2375 0.3796875 0.225 0.0921875
0 0.4015625 0.40859375 0.0984375 0.0609375
0 0.5953125 0.45703125 0.2453125 0.0984375
0 0.78125 0.49375 0.0796875 0.053125
0 0.18046875 0.4046875 0.10625 0.0578125
0 0.38828125 0.45625 0.2796875 0.1265625
0 0.61015625 0.49140625 0.15 0.0890625
0 0.7765625 0.5296875 0.14375 0.0890625
0 0.159375 0.44140625 0.08125 0.0515625
0 0.26484375 0.46953125 0.13125 0.0796875
0 0.38046875 0.49140625 0.08125 0.0609375
0 0.48671875 0.5140625 0.096875 0.0671875
0 0.63828125 0.54765625 0.2109375 0.109375
0 0.2296875 0.54765625 0.278125 0.1515625
0 0.1421875 0.6140625 0.14375 0.078125
0 0.38046875 0.64765625 0.25625 0.115625
0 0.7171875 0.72734375 0.371875 0.1546875
0 0.084375 0.65703125 0.0828125 0.059375
0 0.20546875 0.6765625 0.115625 0.071875
0 0.39765625 0.7328125 0.278125 0.159375
0 0.609375 0.77578125 0.1078125 0.053125
0 0.74375 0.7953125 0.1453125 0.084375
0 0.09453125 0.7140625 0.1390625 0.075
0 0.31484375 0.7671875 0.2671875 0.1140625
0 0.53046875 0.834375 0.1609375 0.1
0 0.70859375 0.853125 0.1859375 0.1046875