0 0.31875 0.06484375 0.0734375 0.0671875
0 0.3890625 0.09375 0.065625 0.103125
0 0.4359375 0.0953125 0.0109375 0.0140625
0 0.5015625 0.09921875 0.1015625 0.1375
0 0.184375 0.19296875 0.115625 0.10625
0 0.35390625 0.209375 0.175 0.1390625
0 0.4890625 0.22265625 0.09375 0.115625
0 0.57734375 0.2078125 0.071875 0.0578125
0 0.67578125 0.209375 0.0859375 0.0625
0 0.73515625 0.21484375 0.05 0.1015625
0 0.8046875 0.21015625 0.0640625 0.0953125
0 0.86328125 0.209375 0.0265625 0.059375
0 0.1390625 0.2953125 0.1984375 0.1265625
0 0.28359375 0.2796875 0.0078125 0.053125
0 0.359375 0.28046875 0.0734375 0.065625
0 0.43515625 0.3203125 0.075 0.0890625
0 0.509375 0.27890625 0.071875 0.0640625
0 0.58828125 0.3109375 0.0640625 0.0765625
0 0.66640625 0.28984375 0.0609375 0.059375
0 0.725 0.29765625 0.0375 0.0890625
0 0.80703125 0.2875 0.096875 0.0578125
0 0.88359375 0.28125 0.05625 0.05625
0 0.94921875 0.2859375 0.075 0.05625
0 0.06171875 0.3984375 0.0640625 0.0859375
0 0.1515625 0.3671875 0.0703125 0.0625
0 0.21875 0.3484375 0.0359375 0.05625
0 0.32734375 0.35859375 0.1390625 0.0671875
0 0.4515625 0.39296875 0.0640625 0.0875
0 0.53359375 0.36328125 0.059375 0.0359375
0 0.640625 0.359375 0.13125 0.1125
0 0.8078125 0.38671875 0.1828125 0.115625
0 0.05703125 0.46015625 0.0046875 0.05
0 0.14375 0.48125 0.0859375 0.090625
0 0.225 0.48671875 0.0703125 0.09375
0 0.3640625 0.44453125 0.1890625 0.0828125
0 0.4859375 0.4453125 0.0453125 0.05
0 0.55078125 0.4703125 0.1 0.0796875
0 0.68984375 0.4734375 0.1625 0.1234375
0 0.8109375 0.44609375 0.0671875 0.053125
0 0.11796875 0.54609375 0.0921875 0.059375
0 0.22109375 0.5578125 0.0265625 0.028125
0 0.3015625 0.5671875 0.0921875 0.0671875
0 0.41796875 0.55234375 0.109375 0.0828125
0 0.5390625 0.5375 0.1078125 0.0515625
0 0.6625 0.5390625 0.13125 0.1171875
0 0.76171875 0.53671875 0.0703125 0.034375
0 0.86875 0.54140625 0.125 0.09375
0 0.06953125 0.63125 0.065625 0.0609375
0 0.1234375 0.6296875 0.0421875 0.071875
0 0.240625 0.634375 0.175 0.08125
0 0.371875 0.6265625 0.08125 0.1015625
0 0.465625 0.61171875 0.059375 0.0578125
0 0.5640625 0.65078125 0.1015625 0.1015625
0 0.68046875 0.6140625 0.11875 0.0625
0 0.81796875 0.615625 0.1375 0.0859375
0 0.12109375 0.71328125 0.0890625 0.065625
0 0.203125 0.696875 0.0578125 0.046875
0 0.265625 0.7234375 0.0515625 0.071875
0 0.3265625 0.696875 0.0375 0.0203125
0 0.38203125 0.68515625 0.0484375 0.0359375
0 0.4765625 0.69296875 0.1171875 0.0484375
0 0.584375 0.68671875 0.1 0.040625
0 0.65546875 0.69296875 0.01875 0.01875
0 0.70234375 0.70703125 0.065625 0.071875
0 0.78359375 0.6828125 0.0640625 0.040625
0 0.84765625 0.68828125 0.05 0.021875
0 0.8984375 0.6828125 0.040625 0.0671875
0 0.11640625 0.7796875 0.05625 0.059375
0 0.19140625 0.759375 0.0546875 0.0359375
0 0.3171875 0.765625 0.16875 0.121875
0 0.45078125 0.7734375 0.0984375 0.1
0 0.50859375 0.78203125 0.0453125 0.109375
0 0.60546875 0.75625 0.1359375 0.0734375
0 0.4125 0.84609375 0.05 0.0734375
0 0.4578125 0.85546875 0.0421875 0.0890625
0 0.53671875 0.8421875 0.09375 0.0734375
0 0.56015625 0.8984375 0.071875 0.05625
0 0.6546875 0.8734375 0.1 0.1109375
0 0.84453125 0.91796875 0.0234375 0.009375
0 0.90390625 0.90390625 0.075 0.05
0 0.925 0.94609375 0.1203125 0.0515625