0 0.16171875 0.24609375 0.1875 0.1140625
0 0.33046875 0.23671875 0.1078125 0.1015625
0 0.4546875 0.22578125 0.10625 0.096875
0 0.1328125 0.37265625 0.09375 0.0796875
0 0.2671875 0.3796875 0.13125 0.1234375
0 0.37890625 0.3578125 0.065625 0.05
0 0.521875 0.3453125 0.1625 0.1140625
0 0.16171875 0.475 0.1125 0.0890625
0 0.26640625 0.45390625 0.04375 0.084375
0 0.39453125 0.4453125 0.1265625 0.0765625
0 0.528125 0.459375 0.0796875 0.09375
0 0.6171875 0.42734375 0.065625 0.0421875
0 0.75859375 0.4109375 0.1921875 0.10625
0 0.19765625 0.57734375 0.159375 0.0828125
0 0.41796875 0.54609375 0.19375 0.090625
0 0.753125 0.509375 0.06875 0.084375
0 0.884375 0.46875 0.1875 0.0875
0 0.30859375 0.678125 0.0421875 0.0421875
0 0.43203125 0.6734375 0.1328125 0.1109375
0 0.56640625 0.621875 0.0953125 0.0734375
0 0.6796875 0.60390625 0.0578125 0.0703125
0 0.78828125 0.58984375 0.0984375 0.0640625
0 0.21328125 0.78828125 0.140625 0.0890625
0 0.4390625 0.77109375 0.24375 0.1390625
0 0.640625 0.71171875 0.109375 0.09375
0 0.759375 0.68515625 0.109375 0.084375
0 0.8640625 0.6921875 0.084375 0.09375
0 0.22890625 0.91328125 0.1390625 0.1109375
0 0.33828125 0.9015625 0.0234375 0.025
0 0.43828125 0.87578125 0.1453125 0.11875
0 0.63515625 0.83046875 0.140625 0.1015625
0 0.771875 0.8015625 0.1234375 0.096875
0 0.89296875 0.7828125 0.0953125 0.1125
0 0.2296875 0.9703125 0.140625 0.059375
0 0.6921875 0.50234375 0.028125 0.0546875
0 0.59765625 0.5375 0.1765625 0.1265625
0 0.18828125 0.69609375 0.1265625 0.0828125