0 0.109375 0.31640625 0.0953125 0.0265625
0 0.20625 0.31640625 0.084375 0.021875
0 0.29453125 0.31484375 0.0578125 0.025
0 0.34609375 0.31796875 0.021875 0.01875
0 0.50390625 0.31796875 0.053125 0.021875
0 0.09921875 0.43203125 0.0796875 0.0328125
0 0.15859375 0.4359375 0.0109375 0.025
0 0.21796875 0.43984375 0.0890625 0.0328125
0 0.3109375 0.44140625 0.059375 0.034375
0 0.3640625 0.43515625 0.0203125 0.0296875
0 0.46640625 0.4390625 0.0703125 0.0328125
0 0.5234375 0.43359375 0.01875 0.0203125
0 0.55859375 0.4328125 0.03125 0.021875
0 0.6203125 0.43671875 0.078125 0.0359375
0 0.134375 0.52734375 0.08125 0.021875
0 0.66796875 0.52109375 0.071875 0.034375
0 0.0734375 0.57109375 0.0171875 0.025
0 0.11796875 0.57421875 0.046875 0.0265625
0 0.18828125 0.57734375 0.071875 0.0265625
0 0.26015625 0.57890625 0.040625 0.0296875
0 0.31640625 0.5765625 0.05625 0.0296875
0 0.36875 0.571875 0.01875 0.0203125
0 0.42109375 0.56875 0.0625 0.0265625
0 0.465625 0.56953125 0.0171875 0.01875
0 0.51015625 0.5734375 0.05 0.0296875
0 0.55390625 0.56484375 0.0234375 0.0203125
0 0.08671875 0.62265625 0.0484375 0.0265625
0 0.165625 0.625 0.075 0.04375
0 0.07265625 0.67265625 0.021875 0.034375
0 0.128125 0.68125 0.071875 0.03125
0 0.24296875 0.67109375 0.128125 0.0390625
0 0.05625 0.7234375 0.021875 0.0265625
0 0.11640625 0.7328125 0.075 0.0328125
0 0.19453125 0.725 0.0515625 0.03125
0 0.2421875 0.7234375 0.0359375 0.0265625
0 0.30703125 0.71953125 0.0734375 0.0296875
0 0.38515625 0.715625 0.0515625 0.0328125
0 0.43515625 0.715625 0.0234375 0.028125
0 0.47890625 0.7140625 0.0375 0.028125
0 0.52109375 0.7109375 0.03125 0.0296875
0 0.0953125 0.78046875 0.0703125 0.034375
0 0.18203125 0.78203125 0.06875 0.0328125
0 0.28125 0.77578125 0.109375 0.0421875
0 0.084375 0.83359375 0.0671875 0.04375
0 0.17109375 0.834375 0.0765625 0.034375
0 0.27109375 0.8328125 0.0875 0.0328125
0 0.08046875 0.89296875 0.0703125 0.0390625
0 0.17578125 0.9 0.09375 0.05625
0 0.24765625 0.8921875 0.034375 0.034375
0 0.29453125 0.89140625 0.0390625 0.034375
0 0.3546875 0.88828125 0.053125 0.0296875
0 0.42890625 0.8875 0.071875 0.034375
0 0.6390625 0.57109375 0.05 0.0359375
0 0.703125 0.5625 0.059375 0.025
0 0.63671875 0.61328125 0.0375 0.0296875
0 0.71171875 0.60703125 0.0921875 0.028125
0 0.621875 0.66875 0.0390625 0.040625
0 0.69140625 0.65546875 0.0703125 0.0296875
0 0.75078125 0.65234375 0.0296875 0.025
0 0.80234375 0.65078125 0.05 0.0265625
0 0.88046875 0.65390625 0.075 0.034375
0 0.6328125 0.70703125 0.04375 0.0265625
0 0.6890625 0.7109375 0.0609375 0.040625
0 0.75 0.7109375 0.040625 0.0265625
0 0.80234375 0.703125 0.0484375 0.03125
0 0.85703125 0.69921875 0.0359375 0.0296875
0 0.915625 0.7015625 0.0671875 0.040625
0 0.6265625 0.76328125 0.0234375 0.0296875
0 0.74453125 0.75859375 0.08125 0.0328125
0 0.82578125 0.7546875 0.05 0.0296875
0 0.8734375 0.75546875 0.0328125 0.025
0 0.9375 0.753125 0.078125 0.0359375
0 0.64609375 0.80859375 0.0375 0.0390625
0 0.69296875 0.8140625 0.021875 0.0296875
0 0.7453125 0.8109375 0.0671875 0.0421875
0 0.825 0.80390625 0.06875 0.0328125
0 0.8796875 0.8046875 0.0140625 0.034375
0 0.9390625 0.79921875 0.0984375 0.0421875
0 0.70859375 0.8734375 0.1453125 0.0484375
0 0.815625 0.875 0.0421875 0.0390625
0 0.85625 0.86015625 0.021875 0.03125
0 0.91796875 0.86640625 0.0671875 0.046875
0 0.9796875 0.85625 0.040625 0.03125
0 0.6828125 0.92890625 0.08125 0.0421875
0 0.76796875 0.9234375 0.053125 0.0359375
0 0.809375 0.921875 0.0109375 0.0328125
0 0.85625 0.92265625 0.0671875 0.0328125
0 0.40078125 0.4390625 0.028125 0.0234375
0 0.6671875 0.76328125 0.028125 0.0265625