0 0.54296875 0.02578125 0.05 0.0359375
0 0.615625 0.0375 0.0828125 0.04375
0 0.6890625 0.05703125 0.05 0.0453125
0 0.778125 0.0796875 0.1140625 0.05
0 0.9078125 0.12109375 0.1359375 0.06875
0 0.57734375 0.06171875 0.1484375 0.078125
0 0.6703125 0.0828125 0.065625 0.0359375
0 0.77734375 0.109375 0.1375 0.059375
0 0.31953125 0.05390625 0.14375 0.06875
0 0.5484375 0.084375 0.0578125 0.0359375
0 0.59921875 0.0984375 0.034375 0.0203125
0 0.646875 0.103125 0.0421875 0.0265625
0 0.76015625 0.12734375 0.1734375 0.0734375
0 0.5375 0.1171875 0.065625 0.053125
0 0.60859375 0.13515625 0.078125 0.05625
0 0.734375 0.1625 0.159375 0.0765625
0 0.88359375 0.20390625 0.140625 0.0703125
0 0.27734375 0.171875 0.0671875 0.053125
0 0.34375 0.19296875 0.0578125 0.03125
0 0.4234375 0.221875 0.0875 0.0515625
0 0.5625 0.26171875 0.1703125 0.103125
0 0.69921875 0.2765625 0.0859375 0.0578125
0 0.8046875 0.2875 0.090625 0.0484375
0 0.92265625 0.315625 0.1265625 0.0578125
0 0.25078125 0.22578125 0.0421875 0.0484375
0 0.3375 0.24453125 0.09375 0.0609375
0 0.453125 0.265625 0.1078125 0.0734375
0 0.25625 0.26953125 0.0484375 0.0484375
0 0.33515625 0.28046875 0.065625 0.046875
0 0.440625 0.3078125 0.109375 0.078125
0 0.275 0.31796875 0.084375 0.0453125
0 0.36796875 0.3265625 0.0546875 0.040625
0 0.48671875 0.3640625 0.109375 0.0640625
0 0.25234375 0.3421875 0.0578125 0.0375
0 0.31796875 0.371875 0.059375 0.040625
0 0.40859375 0.38046875 0.053125 0.03125
0 0.4609375 0.39140625 0.0421875 0.0359375
0 0.5265625 0.41015625 0.0390625 0.0265625
0 0.6125 0.42578125 0.0734375 0.034375
0 0.69140625 0.453125 0.0640625 0.0421875
0 0.80078125 0.4640625 0.10625 0.053125
0 0.2390625 0.3921875 0.0453125 0.0515625
0 0.3140625 0.4140625 0.065625 0.0390625
0 0.4171875 0.42734375 0.0765625 0.0375
0 0.5375 0.44765625 0.09375 0.05
0 0.64140625 0.46640625 0.06875 0.0453125
0 0.71953125 0.49140625 0.0515625 0.046875
0 0.80234375 0.5171875 0.09375 0.0609375
0 0.2546875 0.44921875 0.1125 0.0796875
0 0.415625 0.47578125 0.171875 0.0921875
0 0.5984375 0.5109375 0.121875 0.065625
0 0.69765625 0.525 0.0625 0.0421875
0 0.76640625 0.55234375 0.0546875 0.040625
0 0.86328125 0.55703125 0.0890625 0.05
0 0.9203125 0.565625 0.025 0.0296875
0 0.9609375 0.5859375 0.05625 0.0578125
0 0.23828125 0.4671875 0.0671875 0.0375
0 0.3546875 0.503125 0.1140625 0.0546875
0 0.46484375 0.52578125 0.05625 0.03125
0 0.55546875 0.55 0.0640625 0.0390625
0 0.64375 0.56015625 0.05625 0.0359375
0 0.6984375 0.5734375 0.034375 0.03125
0 0.765625 0.5953125 0.0609375 0.05625
0 0.8640625 0.615625 0.1078125 0.0625
0 0.26015625 0.515625 0.125 0.05625
0 0.2265625 0.5515625 0.0625 0.0421875
0 0.30703125 0.57890625 0.059375 0.0390625
0 0.40703125 0.59765625 0.090625 0.0484375
0 0.55390625 0.621875 0.134375 0.0609375
0 0.65703125 0.64609375 0.040625 0.0359375
0 0.740625 0.67890625 0.096875 0.0703125
0 0.81875 0.68125 0.0390625 0.0203125
0 0.22109375 0.5953125 0.0578125 0.0359375
0 0.3375 0.61640625 0.115625 0.05
0 0.22265625 0.6359375 0.05 0.05
0 0.3234375 0.66015625 0.115625 0.0578125
0 0.41328125 0.67265625 0.0453125 0.0359375
0 0.52421875 0.7125 0.109375 0.078125
0 0.21953125 0.67734375 0.0359375 0.04375
0 0.32578125 0.69609375 0.053125 0.0375
0 0.44921875 0.72890625 0.096875 0.071875
0 0.2125 0.7015625 0.059375 0.040625
0 0.29921875 0.73125 0.059375 0.028125
0 0.38515625 0.74609375 0.053125 0.0359375
0 0.4875 0.78359375 0.121875 0.0734375
0 0.634375 0.82109375 0.15 0.0734375
0 0.75546875 0.8296875 0.0984375 0.0609375
0 0.84375 0.84765625 0.090625 0.0625
0 0.20546875 0.7390625 0.0625 0.040625
0 0.28046875 0.765625 0.065625 0.0359375
0 0.36640625 0.78515625 0.05 0.040625
0 0.48203125 0.81953125 0.1109375 0.0546875
0 0.6 0.84453125 0.075 0.0390625
0 0.69140625 0.87578125 0.0703125 0.0421875
0 0.803125 0.8859375 0.1109375 0.05625
0 0.1921875 0.775 0.08125 0.05
0 0.309375 0.80703125 0.0765625 0.040625
0 0.39609375 0.82578125 0.065625 0.0390625
0 0.47890625 0.85703125 0.1046875 0.0671875
0 0.58671875 0.87265625 0.071875 0.04375
0 0.6734375 0.9 0.0765625 0.0390625
0 0.75078125 0.9109375 0.0328125 0.0328125
0 0.178125 0.8140625 0.0765625 0.0390625
0 0.2703125 0.8359375 0.0515625 0.034375
0 0.3546875 0.86015625 0.0625 0.0359375
0 0.46328125 0.8828125 0.096875 0.046875
0 0.46953125 0.92421875 0.09375 0.0390625
0 0.5453125 0.94296875 0.0328125 0.025
0 0.625 0.97109375 0.075 0.0421875
0 0.71875 0.9859375 0.075 0.028125
0 0.253125 0.91015625 0.075 0.0421875
0 0.35625 0.934375 0.1015625 0.05
0 0.4625 0.965625 0.046875 0.0265625
0 0.56015625 0.98203125 0.0984375 0.0359375
0 0.37109375 0.89765625 0.05625 0.03125
0 0.2859375 0.8796875 0.0859375 0.0375
0 0.1875 0.85703125 0.0765625 0.04375
0 0.17734375 0.8921875 0.075 0.05
0 0.23203125 0.165625 0.0328125 0.03125
0 0.2203125 0.21171875 0.0328125 0.0328125
0 0.21171875 0.25703125 0.028125 0.028125
0 0.209375 0.2984375 0.0390625 0.0328125
0 0.20859375 0.3375 0.03125 0.0265625
0 0.20078125 0.37734375 0.0296875 0.0265625
0 0.1859375 0.45625 0.03125 0.0296875
0 0.18125 0.5359375 0.0328125 0.0296875
0 0.17109375 0.621875 0.034375 0.0328125
0 0.171875 0.65546875 0.0296875 0.028125
0 0.15390625 0.6921875 0.0265625 0.028125
0 0.1453125 0.72421875 0.0265625 0.0234375
0 0.134375 0.76328125 0.028125 0.0265625
0 0.1234375 0.8359375 0.025 0.0296875