0 0.20703125 0.15234375 0.1671875 0.0953125
0 0.09140625 0.1875 0.0484375 0.0703125
0 0.175 0.21875 0.1234375 0.1
0 0.284375 0.2234375 0.10625 0.0625
0 0.140625 0.26875 0.1796875 0.109375
0 0.2859375 0.28046875 0.121875 0.0875
0 0.54609375 0.4140625 0.115625 0.0765625
0 0.6640625 0.43203125 0.128125 0.0828125
0 0.5234375 0.471875 0.0765625 0.0765625
0 0.6875 0.496875 0.228125 0.1078125
0 0.8375 0.50859375 0.1171875 0.075
0 0.5203125 0.52265625 0.0890625 0.0640625
0 0.6078125 0.54296875 0.1046875 0.0921875
0 0.6984375 0.54609375 0.0953125 0.071875
0 0.790625 0.57109375 0.0796875 0.0953125
0 0.8671875 0.5703125 0.0984375 0.06875
0 0.5171875 0.58046875 0.10625 0.075
0 0.103125 0.1234375 0.04375 0.059375