0 0.096875 0.02265625 0.078125 0.0453125
0 0.2390625 0.028125 0.203125 0.0328125
0 0.4171875 0.03203125 0.075 0.034375
0 0.4703125 0.03203125 0.034375 0.0265625
0 0.5515625 0.03125 0.10625 0.0375
0 0.6984375 0.0359375 0.16875 0.0359375
0 0.2890625 0.103125 0.090625 0.025
0 0.0453125 0.08828125 0.0515625 0.065625
0 0.0796875 0.09921875 0.0578125 0.0296875
0 0.1765625 0.09921875 0.13125 0.0296875
0 0.0328125 0.16484375 0.059375 0.0625
0 0.0734375 0.1765625 0.084375 0.05
0 0.2015625 0.17578125 0.159375 0.028125
0 0.37578125 0.175 0.1640625 0.034375
0 0.5375 0.1828125 0.134375 0.03125
0 0.659375 0.17421875 0.0875 0.03125
0 0.784375 0.18203125 0.20625 0.0375
0 0.4484375 0.2734375 0.178125 0.075
0 0.26875 0.25 0.14375 0.03125
0 0.11328125 0.24765625 0.1328125 0.0375
0 0.025 0.2390625 0.046875 0.046875
0 0.02265625 0.32109375 0.0453125 0.0546875
0 0.13203125 0.33359375 0.1515625 0.0625
0 0.2875 0.32578125 0.125 0.0296875
0 0.42109375 0.3328125 0.096875 0.021875
0 0.546875 0.32734375 0.1 0.028125
0 0.70390625 0.32890625 0.184375 0.0421875
0 0.88359375 0.33984375 0.1421875 0.05625
0 0.128125 0.38984375 0.159375 0.0390625
0 0.26484375 0.40234375 0.121875 0.04375
0 0.50234375 0.403125 0.290625 0.028125
0 0.8015625 0.4125 0.240625 0.0515625
0 0.92890625 0.4734375 0.140625 0.040625
0 0.78125 0.475 0.134375 0.046875
0 0.61953125 0.4765625 0.153125 0.03125
0 0.453125 0.4765625 0.171875 0.028125
0 0.28828125 0.47265625 0.1265625 0.028125
0 0.125 0.46875 0.178125 0.0390625
0 0.05859375 0.5546875 0.1171875 0.0578125
0 0.18203125 0.54453125 0.0828125 0.034375
0 0.303125 0.553125 0.159375 0.03125
0 0.0765625 0.64609375 0.1078125 0.0953125
0 0.2015625 0.63984375 0.115625 0.0578125
0 0.3296875 0.62265625 0.1234375 0.04375
0 0.4546875 0.64140625 0.1125 0.078125
0 0.58671875 0.6234375 0.128125 0.040625
0 0.7265625 0.634375 0.15625 0.0390625
0 0.89375 0.61640625 0.121875 0.0625
0 0.85 0.63125 0.1 0.05
0 0.75625 0.7171875 0.0828125 0.05625
0 0.90078125 0.71953125 0.1984375 0.0671875
0 0.659375 0.71484375 0.09375 0.04375
0 0.47421875 0.72109375 0.2234375 0.06875
0 0.33984375 0.69765625 0.090625 0.04375
0 0.26171875 0.709375 0.065625 0.075
0 0.12578125 0.69140625 0.1546875 0.05
0 0.08515625 0.79296875 0.1703125 0.0859375
0 0.2859375 0.77734375 0.2046875 0.0484375
0 0.45703125 0.1109375 0.190625 0.034375
0 0.021875 0.45078125 0.04375 0.06875
0 0.025 0.37890625 0.05 0.0609375
0 0.01171875 0.6046875 0.0234375 0.0625
0 0.01953125 0.6875 0.034375 0.0796875