0 0.1109375 0.12109375 0.0671875 0.028125
0 0.153125 0.11640625 0.00625 0.021875
0 0.18515625 0.11328125 0.0421875 0.0265625
0 0.25390625 0.1078125 0.0859375 0.0296875
0 0.31796875 0.10078125 0.0296875 0.025
0 0.13359375 0.19140625 0.096875 0.03125
0 0.18203125 0.2828125 0.0046875 0.0171875
0 0.209375 0.28046875 0.0359375 0.0203125
0 0.27109375 0.2796875 0.0796875 0.028125
0 0.1453125 0.2890625 0.0640625 0.028125
0 0.33984375 0.26953125 0.0515625 0.021875
0 0.16484375 0.325 0.1203125 0.0390625
0 0.1640625 0.36875 0.11875 0.0375
0 0.32265625 0.36015625 0.190625 0.0625
0 0.48671875 0.34453125 0.1109375 0.0390625
0 0.5953125 0.340625 0.0859375 0.03125
0 0.7515625 0.33359375 0.2046875 0.0515625
0 0.1296875 0.42421875 0.06875 0.05625
0 0.18203125 0.41640625 0.028125 0.0125
0 0.25078125 0.4109375 0.0859375 0.028125
0 0.328125 0.4015625 0.0078125 0.0234375
0 0.44765625 0.3921875 0.2046875 0.05
0 0.5953125 0.37890625 0.0578125 0.0296875
0 0.7171875 0.36875 0.14375 0.0421875
0 0.13984375 0.4703125 0.06875 0.0296875
0 0.23046875 0.465625 0.059375 0.0359375
0 0.325 0.4578125 0.0875 0.0375
0 0.47890625 0.4453125 0.178125 0.05625
0 0.61640625 0.43359375 0.0671875 0.04375
0 0.73984375 0.41640625 0.1671875 0.040625
0 0.13125 0.50390625 0.05625 0.025
0 0.23125 0.50625 0.0890625 0.0421875
0 0.315625 0.5 0.0625 0.0234375
0 0.39453125 0.49296875 0.053125 0.021875
0 0.475 0.48671875 0.0671875 0.028125
0 0.5890625 0.4765625 0.1125 0.0296875
0 0.2109375 0.634375 0.196875 0.05625
0 0.18046875 0.67578125 0.1296875 0.0390625
0 0.30078125 0.6703125 0.0859375 0.0265625
0 0.47109375 0.65859375 0.2140625 0.05625
0 0.65390625 0.63984375 0.13125 0.040625
0 0.15703125 0.7109375 0.084375 0.0375
0 0.2578125 0.70234375 0.090625 0.034375
0 0.3375 0.7 0.0625 0.0296875
0 0.47421875 0.6875 0.18125 0.040625
0 0.6921875 0.6734375 0.215625 0.0515625
0 0.15234375 0.73984375 0.0609375 0.028125
0 0.275 0.73125 0.1484375 0.0390625
0 0.403125 0.7234375 0.0671875 0.03125
0 0.49765625 0.71640625 0.0890625 0.0359375
0 0.57421875 0.71328125 0.0609375 0.0265625
0 0.7390625 0.7015625 0.2390625 0.0578125
0 0.18125 0.76640625 0.1265625 0.0390625
0 0.3140625 0.76015625 0.096875 0.034375
0 0.45078125 0.753125 0.1640625 0.0453125
0 0.6015625 0.740625 0.109375 0.0421875
0 0.7796875 0.7328125 0.215625 0.046875
0 0.1640625 0.8015625 0.0703125 0.034375
0 0.26875 0.80859375 0.1140625 0.0453125
0 0.371875 0.79609375 0.0671875 0.0265625
0 0.53828125 0.78046875 0.2234375 0.053125
0 0.6921875 0.76953125 0.0453125 0.0359375
0 0.79609375 0.7671875 0.121875 0.0484375