0 0.25625 0.01171875 0.11875 0.0234375
0 0.44296875 0.0390625 0.1484375 0.078125
0 0.6203125 0.05 0.1515625 0.0703125
0 0.77734375 0.07265625 0.1453125 0.071875
0 0.6609375 0.09765625 0.24375 0.1
0 0.57265625 0.12578125 0.078125 0.040625
0 0.69375 0.14375 0.16875 0.0671875
0 0.17890625 0.08046875 0.0578125 0.121875
0 0.24296875 0.0546875 0.0703125 0.04375
0 0.23671875 0.09140625 0.0703125 0.040625
0 0.23125 0.1296875 0.0734375 0.0453125
0 0.35625 0.15546875 0.06875 0.071875
0 0.40703125 0.14765625 0.034375 0.0296875
0 0.47890625 0.17109375 0.1328125 0.0921875
0 0.43359375 0.26171875 0.090625 0.19375
0 0.50625 0.2234375 0.06875 0.0546875
0 0.55 0.22734375 0.03125 0.046875
0 0.62734375 0.23828125 0.1359375 0.0703125
0 0.81015625 0.24453125 0.1265625 0.06875
0 0.75703125 0.26328125 0.059375 0.0453125
0 0.8296875 0.2734375 0.0796875 0.0390625
0 0.91484375 0.290625 0.0546875 0.0375
0 0.9625 0.31640625 0.075 0.0703125
0 0.509375 0.2765625 0.115625 0.0640625
0 0.615625 0.2921875 0.0890625 0.05625
0 0.471875 0.32890625 0.0578125 0.040625
0 0.5671875 0.34453125 0.1234375 0.0703125
0 0.66171875 0.36640625 0.0953125 0.0609375
0 0.72265625 0.37578125 0.04375 0.046875
0 0.78671875 0.39140625 0.109375 0.0609375
0 0.85703125 0.40234375 0.0203125 0.0296875
0 0.47421875 0.375 0.0671875 0.046875
0 0.55390625 0.38984375 0.090625 0.0453125
0 0.16015625 0.36875 0.065625 0.040625
0 0.2375 0.3765625 0.084375 0.0375
0 0.28203125 0.3953125 0.0140625 0.0125
0 0.36171875 0.4125 0.1140625 0.0578125
0 0.45078125 0.43515625 0.078125 0.05
0 0.50625 0.43046875 0.046875 0.0515625
0 0.57890625 0.46484375 0.1234375 0.0734375
0 0.071875 0.3875 0.08125 0.1640625
0 0.1375 0.41640625 0.0859375 0.053125
0 0.09765625 0.43671875 0.0171875 0.0125
0 0.1703125 0.45546875 0.071875 0.0375
0 0.21171875 0.475 0.0140625 0.0140625
0 0.265625 0.47734375 0.046875 0.034375
0 0.33828125 0.49453125 0.0984375 0.0546875
0 0.39765625 0.509375 0.028125 0.0375
0 0.46328125 0.51953125 0.090625 0.0390625
0 0.52265625 0.53515625 0.034375 0.040625
0 0.56171875 0.5421875 0.05625 0.0359375
0 0.659375 0.5765625 0.165625 0.0734375
0 0.10390625 0.5109375 0.0796875 0.0546875
0 0.20390625 0.5390625 0.1390625 0.0734375
0 0.071875 0.546875 0.1125 0.071875
0 0.10859375 0.5828125 0.08125 0.0546875
0 0.175 0.5921875 0.05 0.0375
0 0.20390625 0.61640625 0.01875 0.01875
0 0.096875 0.63125 0.059375 0.0625
0 0.22890625 0.62421875 0.034375 0.0546875
0 0.27421875 0.62578125 0.0328125 0.025
0 0.34453125 0.6421875 0.0890625 0.0453125
0 0.4 0.66328125 0.034375 0.0421875
0 0.45859375 0.678125 0.08125 0.0421875
0 0.61484375 0.69609375 0.0734375 0.0546875
0 0.71640625 0.721875 0.1203125 0.0578125
0 0.346875 0.69453125 0.13125 0.0671875
0 0.61015625 0.74296875 0.059375 0.0375
0 0.6796875 0.7609375 0.071875 0.05625
0 0.74140625 0.77421875 0.0703125 0.0578125
0 0.7953125 0.7828125 0.05625 0.0359375
0 0.046875 0.68515625 0.09375 0.0578125
0 0.19765625 0.73203125 0.13125 0.059375
0 0.31640625 0.76875 0.1171875 0.0625
0 0.42421875 0.79765625 0.0203125 0.0203125
0 0.5078125 0.82578125 0.134375 0.0625
0 0.50078125 0.8515625 0.1015625 0.0453125
0 0.4578125 0.88125 0.0453125 0.03125
0 0.51875 0.89921875 0.08125 0.0515625
0 0.1671875 0.7609375 0.103125 0.053125
0 0.2640625 0.790625 0.090625 0.04375
0 0.33984375 0.8140625 0.021875 0.0328125
0 0.11875 0.778125 0.0234375 0.0296875
0 0.159375 0.78984375 0.065625 0.0375
0 0.20234375 0.81015625 0.03125 0.0359375
0 0.26015625 0.8171875 0.0796875 0.0375
0 0.328125 0.83984375 0.0265625 0.0328125
0 0.43828125 0.84921875 0.040625 0.0703125
0 0.5546875 0.88828125 0.04375 0.0734375
0 0.6234375 0.85078125 0.025 0.028125
0 0.7125 0.86953125 0.115625 0.059375
0 0.14921875 0.64609375 0.06875 0.0671875
0 0.4765625 0.91640625 0.075 0.034375
0 0.11640625 0.35078125 0.0125 0.01875
0 0.11328125 0.7015625 0.0109375 0.0140625