0 0.29453125 0.12734375 0.2375 0.1203125
0 0.47109375 0.1765625 0.103125 0.0671875
0 0.6015625 0.1828125 0.0640625 0.0484375
0 0.6953125 0.21484375 0.034375 0.028125
0 0.28203125 0.25703125 0.275 0.1421875
0 0.5671875 0.29375 0.20625 0.0828125
0 0.76015625 0.33828125 0.0734375 0.0375
0 0.865625 0.365625 0.0921875 0.0296875
0 0.1796875 0.3234375 0.15625 0.084375
0 0.47421875 0.40234375 0.3203125 0.1421875
0 0.728125 0.453125 0.221875 0.1234375
0 0.15625 0.41953125 0.109375 0.0640625
0 0.26484375 0.47265625 0.115625 0.075
0 0.46484375 0.5265625 0.29375 0.128125