0 0.1546875 0.1453125 0.0734375 0.0484375
0 0.22421875 0.15390625 0.0609375 0.0390625
0 0.33125 0.16953125 0.121875 0.053125
0 0.4515625 0.17421875 0.103125 0.0390625
0 0.54296875 0.1828125 0.06875 0.03125
0 0.69296875 0.20625 0.1921875 0.0671875
0 0.16328125 0.19609375 0.0984375 0.0421875
0 0.22890625 0.203125 0.0125 0.0234375
0 0.29921875 0.2140625 0.0859375 0.034375
0 0.36875 0.215625 0.040625 0.0328125
0 0.43046875 0.22578125 0.065625 0.0328125
0 0.5828125 0.246875 0.215625 0.06875
0 0.140625 0.24453125 0.059375 0.034375
0 0.27734375 0.2609375 0.1796875 0.046875
0 0.446875 0.2796875 0.115625 0.05625
0 0.5609375 0.284375 0.06875 0.0328125
0 0.6609375 0.29765625 0.1265625 0.0421875
0 0.825 0.30859375 0.1609375 0.0515625
0 0.1671875 0.29140625 0.10625 0.0421875
0 0.24921875 0.30390625 0.0171875 0.0234375
0 0.30625 0.3125 0.05625 0.0234375
0 0.384375 0.32265625 0.0890625 0.04375
0 0.50234375 0.325 0.103125 0.040625
0 0.6046875 0.3390625 0.0640625 0.0359375
0 0.70625 0.34140625 0.0953125 0.0453125
0 0.1359375 0.3296875 0.046875 0.0421875
0 0.18125 0.340625 0.0125 0.0234375
0 0.26484375 0.3578125 0.1265625 0.046875
0 0.38671875 0.3640625 0.0796875 0.034375
0 0.453125 0.36875 0.0359375 0.0328125
0 0.515625 0.37734375 0.0484375 0.028125
0 0.57109375 0.3859375 0.0375 0.021875
0 0.68046875 0.39140625 0.1421875 0.046875
0 0.15078125 0.38359375 0.103125 0.0390625
0 0.2578125 0.4 0.059375 0.034375
0 0.38125 0.41640625 0.165625 0.0578125
0 0.5375 0.4390625 0.1421875 0.0484375
0 0.66484375 0.43828125 0.08125 0.040625
0 0.75546875 0.45 0.059375 0.034375
0 0.86015625 0.45703125 0.0984375 0.046875
0 0.103125 0.478125 0.0125 0.025
0 0.16171875 0.48203125 0.084375 0.0359375
0 0.2328125 0.49140625 0.0390625 0.0296875
0 0.31015625 0.50078125 0.0890625 0.0375
0 0.39765625 0.5078125 0.065625 0.034375
0 0.48671875 0.521875 0.0921875 0.04375
0 0.58046875 0.525 0.0671875 0.0328125
0 0.6765625 0.540625 0.0734375 0.03125
0 0.790625 0.559375 0.140625 0.05625
0 0.91015625 0.56640625 0.0625 0.046875
0 0.13671875 0.528125 0.0703125 0.0328125
0 0.21484375 0.5375 0.05 0.021875
0 0.30703125 0.54921875 0.10625 0.040625
0 0.409375 0.5546875 0.0703125 0.028125
0 0.51640625 0.56953125 0.0921875 0.0375
0 0.60078125 0.57734375 0.015625 0.025
0 0.66015625 0.58359375 0.096875 0.0421875
0 0.103125 0.57421875 0.0125 0.028125
0 0.15390625 0.58359375 0.059375 0.025
0 0.26171875 0.5953125 0.1203125 0.0578125
0 0.40546875 0.6140625 0.121875 0.0546875
0 0.49296875 0.61484375 0.0421875 0.03125
0 0.553125 0.62578125 0.0671875 0.028125
0 0.696875 0.6625 0.2140625 0.0984375