0 0.06875 0.07890625 0.0703125 0.03125
0 0.11953125 0.06640625 0.0296875 0.0171875
0 0.04921875 0.153125 0.0234375 0.0328125
0 0.121875 0.13203125 0.0546875 0.03125
0 0.16875 0.11796875 0.0484375 0.040625
0 0.2046875 0.1078125 0.0265625 0.0328125
0 0.23046875 0.103125 0.0375 0.0328125
0 0.2765625 0.09375 0.065625 0.04375
0 0.34765625 0.07578125 0.0890625 0.046875
0 0.4 0.06796875 0.0234375 0.0328125
0 0.43203125 0.06171875 0.0484375 0.0390625
0 0.46796875 0.05625 0.028125 0.034375
0 0.11171875 0.20703125 0.0234375 0.03125
0 0.15859375 0.1890625 0.090625 0.0796875
0 0.27734375 0.1515625 0.1328125 0.1
0 0.43515625 0.134375 0.103125 0.0953125
0 0.11796875 0.2828125 0.0265625 0.0375
0 0.18671875 0.25078125 0.1109375 0.10625
0 0.315625 0.23984375 0.0953125 0.0953125
0 0.078125 0.4046875 0.0359375 0.0453125
0 0.1484375 0.38984375 0.0578125 0.0390625
0 0.1921875 0.384375 0.0359375 0.0375
0 0.22734375 0.3796875 0.04375 0.0375
0 0.2796875 0.37578125 0.06875 0.046875
0 0.33671875 0.36796875 0.053125 0.0421875
0 0.41640625 0.359375 0.1109375 0.05625
0 0.48359375 0.353125 0.028125 0.034375
0 0.52265625 0.3453125 0.0578125 0.0453125
0 0.56875 0.33828125 0.0453125 0.0375
0 0.625 0.33203125 0.075 0.0484375
0 0.71640625 0.321875 0.1109375 0.053125
0 0.8109375 0.3125 0.078125 0.05
0 0.1390625 0.46953125 0.021875 0.034375
0 0.18828125 0.446875 0.059375 0.071875
0 0.284375 0.44765625 0.103125 0.0609375
0 0.3921875 0.43125 0.0796875 0.0859375
0 0.14765625 0.54453125 0.0234375 0.03125
0 0.1984375 0.5203125 0.0671875 0.0640625
0 0.29140625 0.5203125 0.09375 0.0796875
0 0.41484375 0.50078125 0.1171875 0.0921875
0 0.53828125 0.50546875 0.090625 0.090625
0 0.11015625 0.6640625 0.0375 0.0484375
0 0.1796875 0.659375 0.05625 0.0421875
0 0.2125 0.65703125 0.0203125 0.03125
0 0.2390625 0.6546875 0.0375 0.0359375
0 0.2875 0.65078125 0.059375 0.0375
0 0.3453125 0.64609375 0.0625 0.0421875
0 0.3875 0.63828125 0.0296875 0.0359375
0 0.421875 0.6359375 0.040625 0.0375
0 0.465625 0.634375 0.05 0.0359375
0 0.49921875 0.628125 0.0265625 0.0390625
0 0.54296875 0.62421875 0.0703125 0.0484375
0 0.64140625 0.61796875 0.1359375 0.0625
0 0.7328125 0.6140625 0.0515625 0.040625
0 0.803125 0.60625 0.096875 0.053125
0 0.90078125 0.6 0.1015625 0.0515625
0 0.18984375 0.69921875 0.065625 0.0421875
0 0.18984375 0.74765625 0.05 0.0828125
0 0.3046875 0.75703125 0.1234375 0.0984375
0 0.4296875 0.76640625 0.08125 0.0953125
0 0.515625 0.74765625 0.078125 0.0859375
0 0.60234375 0.73046875 0.075 0.0828125
0 0.21328125 0.884375 0.0640625 0.0484375
0 0.2609375 0.8828125 0.0390625 0.040625
0 0.3015625 0.884375 0.05 0.04375
0 0.340625 0.88125 0.0328125 0.0375
0 0.37578125 0.87890625 0.0640625 0.0484375
0 0.45546875 0.87109375 0.1078125 0.0578125
0 0.5203125 0.865625 0.028125 0.0375
0 0.54375 0.86171875 0.0265625 0.0359375
0 0.25703125 0.9390625 0.1453125 0.1125
0 0.140625 0.88671875 0.0359375 0.040625