0 0.7390625 0.1015625 0.071875 0.0265625
0 0.08125 0.240625 0.125 0.04375
0 0.17109375 0.22734375 0.025 0.021875
0 0.28828125 0.2140625 0.1734375 0.05
0 0.0796875 0.28125 0.1046875 0.0390625
0 0.15859375 0.26796875 0.03125 0.0203125
0 0.2375 0.26171875 0.0953125 0.0359375
0 0.31875 0.246875 0.0515625 0.0296875
0 0.36640625 0.23984375 0.03125 0.01875
0 0.4578125 0.225 0.1265625 0.0453125
0 0.5359375 0.20625 0.0265625 0.021875
0 0.62421875 0.19609375 0.1390625 0.04375
0 0.0484375 0.32265625 0.034375 0.01875
0 0.1484375 0.3078125 0.14375 0.04375
0 0.265625 0.28984375 0.078125 0.03125
0 0.3734375 0.27265625 0.11875 0.0390625
0 0.06328125 0.3546875 0.046875 0.025
0 0.11328125 0.35078125 0.0359375 0.028125
0 0.190625 0.33828125 0.0984375 0.034375
0 0.2703125 0.32578125 0.0453125 0.0234375
0 0.3515625 0.31171875 0.1 0.0328125
0 0.42421875 0.29609375 0.0203125 0.01875
0 0.51015625 0.28828125 0.1203125 0.040625
0 0.64375 0.26015625 0.1265625 0.0421875
0 0.1234375 0.38046875 0.0875 0.034375
0 0.2078125 0.36796875 0.0640625 0.0265625
0 0.3296875 0.34921875 0.15 0.04375
0 0.15078125 0.4125 0.1015625 0.0359375
0 0.2671875 0.39375 0.096875 0.0328125
0 0.34921875 0.38515625 0.0359375 0.0203125
0 0.4234375 0.36796875 0.090625 0.03125
0 0.5171875 0.353125 0.06875 0.0265625
0 0.17890625 0.4453125 0.15 0.046875
0 0.28984375 0.428125 0.0484375 0.021875
0 0.3859375 0.41171875 0.1265625 0.0375
0 0.471875 0.39921875 0.03125 0.021875
0 0.5171875 0.38984375 0.053125 0.025
0 0.16796875 0.51796875 0.1796875 0.053125
0 0.134375 0.55703125 0.090625 0.0359375
0 0.21875 0.54453125 0.0578125 0.0296875
0 0.32578125 0.53046875 0.146875 0.0484375
0 0.1453125 0.59296875 0.0640625 0.0296875
0 0.23671875 0.578125 0.0875 0.03125
0 0.30234375 0.5671875 0.01875 0.0171875
0 0.375 0.55625 0.1125 0.040625
0 0.45703125 0.54296875 0.0328125 0.01875
0 0.53125 0.53125 0.0875 0.03125
0 0.6671875 0.50625 0.1546875 0.05
0 0.17890625 0.62421875 0.034375 0.01875
0 0.2515625 0.6109375 0.09375 0.0328125
0 0.38046875 0.590625 0.1484375 0.05
0 0.19296875 0.659375 0.159375 0.0453125
0 0.3046875 0.64296875 0.0390625 0.0296875
0 0.36328125 0.63046875 0.05 0.0234375
0 0.4390625 0.61640625 0.08125 0.03125
0 0.5109375 0.6078125 0.0375 0.021875
0 0.59609375 0.59375 0.1046875 0.0390625
0 0.67421875 0.5796875 0.0296875 0.0234375
0 0.75703125 0.56875 0.121875 0.040625
0 0.2 0.69453125 0.1234375 0.04375
0 0.30703125 0.675 0.06875 0.025
0 0.4375 0.65234375 0.1578125 0.0453125
0 0.203125 0.72578125 0.125 0.040625
0 0.315625 0.71171875 0.0671875 0.028125
0 0.38828125 0.7 0.0484375 0.021875
0 0.50859375 0.678125 0.159375 0.053125
0 0.64765625 0.65859375 0.1171875 0.0375
0 0.73125 0.640625 0.025 0.021875
0 0.19921875 0.76484375 0.1546875 0.046875
0 0.3140625 0.74921875 0.0421875 0.0265625
0 0.37421875 0.7375 0.0484375 0.021875
0 0.4671875 0.72421875 0.11875 0.04375
0 0.17890625 0.80703125 0.11875 0.04375
0 0.2953125 0.7875 0.096875 0.0328125
0 0.396875 0.771875 0.0953125 0.034375
0 0.53203125 0.7515625 0.15 0.046875
0 0.64921875 0.734375 0.0515625 0.025
0 0.74453125 0.71484375 0.121875 0.040625