0 0.3 0.63515625 0.3578125 0.0921875
0 0.26171875 0.7671875 0.209375 0.0921875
0 0.1171875 0.68125 0.1828125 0.0703125
0 0.44453125 0.3546875 0.153125 0.0734375
0 0.13046875 0.80390625 0.225 0.0640625
0 0.39140625 0.45546875 0.15 0.059375
0 0.79765625 0.9140625 0.146875 0.065625
0 0.16015625 0.8890625 0.1515625 0.0765625
0 0.221875 0.5015625 0.1171875 0.078125
0 0.378125 0.15234375 0.1296875 0.0765625
0 0.6125 0.4890625 0.115625 0.08125
0 0.23203125 0.43671875 0.1234375 0.0578125
0 0.35390625 0.0578125 0.146875 0.0546875
0 0.61640625 0.3046875 0.1171875 0.0640625
0 0.56171875 0.078125 0.1390625 0.053125
0 0.48515625 0.28125 0.1046875 0.078125
0 0.15859375 0.1828125 0.140625 0.046875
0 0.17734375 0.24140625 0.09375 0.0421875
0 0.24765625 0.25390625 0.01875 0.0125
0 0.75 0.71015625 0.121875 0.046875
0 0.22578125 0.11953125 0.1203125 0.05
0 0.41640625 0.86171875 0.1890625 0.078125
0 0.57734375 0.7515625 0.096875 0.0578125
0 0.0828125 0.7328125 0.1140625 0.05
0 0.6375 0.35390625 0.0875 0.05
0 0.81796875 0.30390625 0.0921875 0.053125
0 0.084375 0.4734375 0.0765625 0.04375
0 0.15078125 0.48046875 0.0203125 0.021875
0 0.096875 0.41484375 0.084375 0.0484375
0 0.14609375 0.43125 0.0171875 0.0140625
0 0.4390625 0.9234375 0.0625 0.046875
0 0.48828125 0.94140625 0.0125 0.0171875
0 0.478125 0.734375 0.0765625 0.04375
0 0.29609375 0.9015625 0.065625 0.059375
0 0.18046875 0.30546875 0.0765625 0.0515625
0 0.7390625 0.78046875 0.06875 0.046875
0 0.69296875 0.08203125 0.0671875 0.05
0 0.6875 0.15625 0.0609375 0.0421875
0 0.29375 0.2484375 0.053125 0.0421875
0 0.52265625 0.8 0.0671875 0.046875
0 0.584375 0.68203125 0.0671875 0.0375
0 0.03828125 0.8484375 0.046875 0.0453125
0 0.08984375 0.29765625 0.053125 0.0390625
0 0.271875 0.31171875 0.05625 0.0375
0 0.5078125 0.47421875 0.0515625 0.0421875
0 0.721875 0.2953125 0.0546875 0.0421875
0 0.6140625 0.89765625 0.1859375 0.096875
0 0.271875 0.18984375 0.04375 0.0359375
0 0.30546875 0.19765625 0.0125 0.015625
0 0.55 0.14609375 0.059375 0.0390625
0 0.115625 0.11171875 0.0484375 0.040625
0 0.3484375 0.7109375 0.046875 0.0390625
0 0.66484375 0.7734375 0.0390625 0.0390625
0 0.83359375 0.79453125 0.05625 0.0328125
0 0.44296875 0.7921875 0.046875 0.03125
0 0.2390625 0.70390625 0.034375 0.0390625
0 0.51484375 0.665625 0.0390625 0.046875
0 0.28671875 0.70625 0.040625 0.0296875
0 0.6140625 0.14765625 0.025 0.0421875
0 0.36796875 0.9140625 0.01875 0.05625
0 0.4015625 0.71875 0.028125 0.05625
0 0.84375 0.71953125 0.025 0.040625
0 0.4859375 0.14453125 0.0328125 0.0265625
0 0.271875 0.8203125 0.028125 0.04375
0 0.33671875 0.321875 0.0203125 0.0375
0 0.35625 0.25546875 0.021875 0.0390625
0 0.38984375 0.7796875 0.025 0.034375
0 0.4578125 0.0703125 0.015625 0.05
0 0.5546875 0.34453125 0.01875 0.0296875
0 0.6578125 0.6953125 0.0234375 0.0234375
0 0.30078125 0.8296875 0.015625 0.025
0 0.3953125 0.26796875 0.015625 0.0234375