0 0.353125 0.08125 0.14375 0.0421875
0 0.54921875 0.08984375 0.171875 0.0390625
0 0.20234375 0.1671875 0.1671875 0.0328125
0 0.18515625 0.1953125 0.1203125 0.0265625
0 0.309375 0.20390625 0.0984375 0.0328125
0 0.171875 0.21953125 0.11875 0.0265625
0 0.2984375 0.2265625 0.10625 0.0265625
0 0.19609375 0.24765625 0.1765625 0.040625
0 0.18046875 0.27578125 0.1484375 0.04375
0 0.30390625 0.28203125 0.0640625 0.028125
0 0.15078125 0.2984375 0.0890625 0.025
0 0.25078125 0.30703125 0.078125 0.034375
0 0.16953125 0.32109375 0.1234375 0.028125
0 0.2828125 0.33671875 0.0859375 0.03125
0 0.1609375 0.353125 0.1203125 0.028125
0 0.28671875 0.3609375 0.109375 0.028125
0 0.178125 0.375 0.146875 0.0265625
0 0.3125 0.38515625 0.0875 0.025
0 0.15 0.3953125 0.0953125 0.0265625
0 0.21953125 0.39921875 0.025 0.021875
0 0.29375 0.40703125 0.1 0.025
0 0.1609375 0.4234375 0.11875 0.0234375
0 0.26171875 0.42890625 0.05625 0.0234375
0 0.18359375 0.44609375 0.153125 0.040625
0 0.32578125 0.46171875 0.125 0.034375
0 0.1828125 0.4765625 0.1640625 0.0359375
0 0.1578125 0.49609375 0.10625 0.025
0 0.240625 0.5046875 0.040625 0.0171875
0 0.30234375 0.51171875 0.0546875 0.01875
0 0.1421875 0.521875 0.08125 0.028125
0 0.2421875 0.5265625 0.0921875 0.0265625
0 0.1328125 0.5421875 0.0578125 0.021875
0 0.21796875 0.55625 0.0765625 0.028125
0 0.16953125 0.575 0.1453125 0.046875
0 0.29765625 0.58515625 0.0703125 0.028125
0 0.1484375 0.58984375 0.09375 0.025
0 0.25078125 0.60234375 0.0859375 0.0328125
0 0.17578125 0.615625 0.128125 0.0234375
0 0.31328125 0.62890625 0.1328125 0.034375
0 0.1546875 0.63359375 0.1078125 0.021875
0 0.290625 0.6484375 0.140625 0.0375
0 0.1765625 0.65390625 0.1390625 0.0296875
0 0.28515625 0.66796875 0.05 0.025
0 0.37890625 0.678125 0.1265625 0.0265625
0 0.1734375 0.67890625 0.146875 0.0390625
0 0.17265625 0.703125 0.1171875 0.0375
0 0.15625 0.715625 0.1046875 0.0296875
0 0.15859375 0.74609375 0.1125 0.0390625
0 0.25859375 0.75234375 0.06875 0.0203125
0 0.33046875 0.7609375 0.065625 0.028125
0 0.159375 0.75859375 0.115625 0.0328125
0 0.28125 0.775 0.1140625 0.03125
0 0.14140625 0.77890625 0.071875 0.015625
0 0.21484375 0.784375 0.05625 0.0203125
0 0.15390625 0.7984375 0.103125 0.0265625
0 0.23359375 0.80546875 0.0328125 0.0203125
0 0.303125 0.81953125 0.078125 0.0328125
0 0.14765625 0.81953125 0.0796875 0.021875
0 0.23984375 0.828125 0.0828125 0.0234375
0 0.3125 0.84140625 0.0453125 0.0171875
0 0.39453125 0.853125 0.0875 0.034375
0 0.14296875 0.86015625 0.071875 0.0234375
0 0.153125 0.8421875 0.078125 0.0234375
0 0.2203125 0.8484375 0.034375 0.0203125
0 0.32734375 0.86640625 0.153125 0.0359375
0 0.215625 0.86640625 0.0609375 0.0234375
0 0.3 0.8796875 0.0765625 0.021875
0 0.37109375 0.88828125 0.0265625 0.0203125
0 0.4296875 0.89296875 0.059375 0.01875
0 0.50859375 0.903125 0.0703125 0.03125
0 0.08125 0.96484375 0.065625 0.03125
0 0.2 0.9671875 0.1484375 0.04375
0 0.965625 0.16953125 0.06875 0.0578125
0 0.96171875 0.22578125 0.0625 0.0234375
0 0.95234375 0.30234375 0.05625 0.0328125
0 0.96015625 0.3953125 0.0796875 0.0375