0 0.13203125 0.13671875 0.0390625 0.0234375
0 0.175 0.14296875 0.021875 0.0109375
0 0.24140625 0.14296875 0.0921875 0.0296875
0 0.33046875 0.1375 0.059375 0.0171875
0 0.44296875 0.13359375 0.146875 0.025
0 0.9875 0.09921875 0.0109375 0.0171875
0 0.8265625 0.0984375 0.2015625 0.05625
0 0.27890625 0.17265625 0.10625 0.021875
0 0.35 0.171875 0.025 0.0125
0 0.4 0.16953125 0.0640625 0.01875
0 0.47265625 0.16484375 0.071875 0.0296875
0 0.78203125 0.14140625 0.090625 0.0265625
0 0.27421875 0.20390625 0.1046875 0.0203125
0 0.3484375 0.203125 0.0328125 0.0171875
0 0.4140625 0.2 0.065625 0.0203125
0 0.484375 0.1921875 0.0578125 0.0203125
0 0.77890625 0.1828125 0.090625 0.03125
0 0.259375 0.2390625 0.08125 0.015625
0 0.346875 0.2453125 0.0640625 0.0265625
0 0.44765625 0.228125 0.1015625 0.021875
0 0.534375 0.2234375 0.065625 0.025
0 0.7890625 0.2203125 0.0765625 0.03125
0 0.2546875 0.271875 0.090625 0.0234375
0 0.35 0.27734375 0.05625 0.0265625
0 0.45078125 0.2625 0.109375 0.0234375
0 0.546875 0.25390625 0.0609375 0.021875
0 0.21328125 0.3046875 0.096875 0.025
0 0.34140625 0.30546875 0.1359375 0.025
0 0.475 0.2984375 0.1078125 0.0234375
0 0.2609375 0.34765625 0.115625 0.0328125
0 0.38984375 0.3390625 0.096875 0.0203125
0 0.77578125 0.2921875 0.0453125 0.028125
0 0.159375 0.38046875 0.06875 0.021875
0 0.26796875 0.3796875 0.1078125 0.0203125
0 0.39609375 0.3765625 0.096875 0.021875
0 0.81328125 0.33671875 0.1109375 0.0296875
0 0.12578125 0.45546875 0.0296875 0.015625
0 0.24609375 0.4578125 0.121875 0.0359375
0 0.35234375 0.44921875 0.0609375 0.0234375
0 0.42578125 0.45078125 0.0765625 0.0171875
0 0.53359375 0.43828125 0.140625 0.0296875
0 0.253125 0.4921875 0.1109375 0.021875
0 0.33671875 0.490625 0.0265625 0.0171875
0 0.396875 0.4890625 0.0796875 0.01875
0 0.475 0.48828125 0.071875 0.028125
0 0.771875 0.4203125 0.04375 0.0265625
0 0.78125 0.46484375 0.04375 0.0296875
0 0.25625 0.53515625 0.1140625 0.028125
0 0.33828125 0.53359375 0.0265625 0.015625
0 0.4 0.52890625 0.0765625 0.021875
0 0.484375 0.5203125 0.071875 0.0203125
0 0.78125 0.50625 0.046875 0.025
0 0.2390625 0.57578125 0.0921875 0.021875
0 0.33515625 0.571875 0.0640625 0.028125
0 0.43828125 0.565625 0.115625 0.025
0 0.53671875 0.56640625 0.065625 0.028125
0 0.81796875 0.553125 0.1046875 0.028125
0 0.19375 0.61484375 0.10625 0.028125
0 0.35234375 0.6109375 0.175 0.0296875
0 0.51953125 0.6109375 0.1296875 0.0265625
0 0.24765625 0.6640625 0.128125 0.0421875
0 0.384375 0.65625 0.121875 0.0328125
0 0.7953125 0.64765625 0.1140625 0.03125
0 0.9078125 0.646875 0.096875 0.0296875
0 0.98203125 0.63515625 0.0359375 0.0296875
0 0.12265625 0.70390625 0.071875 0.0359375
0 0.2390625 0.7078125 0.125 0.0296875
0 0.3703125 0.7 0.1125 0.034375
0 0.8375 0.69375 0.125 0.0296875