0 0.09375 0.171875 0.03125 0.23125
0 0.18359375 0.2 0.125 0.2734375
0 0.403125 0.17890625 0.1109375 0.209375
0 0.48984375 0.196875 0.0390625 0.109375
0 0.634375 0.1875 0.21875 0.3328125
0 0.821875 0.2140625 0.13125 0.134375
0 0.94453125 0.16484375 0.1 0.2484375
0 0.13046875 0.5359375 0.1390625 0.38125
0 0.32734375 0.44375 0.2140625 0.3046875
0 0.51640625 0.440625 0.121875 0.1546875
0 0.28828125 0.7203125 0.0875 0.203125
0 0.38359375 0.721875 0.0609375 0.2875
0 0.5015625 0.71640625 0.11875 0.2328125
0 0.68125 0.85390625 0.2 0.25
0 0.88515625 0.896875 0.16875 0.1453125
0 0.3 0.2640625 0.1125 0.2875