0 0.12578125 0.021875 0.0859375 0.04375
0 0.184375 0.009375 0.034375 0.01875
0 0.2265625 0.01171875 0.059375 0.0234375
0 0.271875 0.01015625 0.0375 0.0203125
0 0.30234375 0.009375 0.0234375 0.01875
0 0.35703125 0.015625 0.0859375 0.03125
0 0.421875 0.01875 0.046875 0.0375
0 0.51171875 0.040625 0.1453125 0.08125
0 0.07578125 0.09609375 0.034375 0.0734375
0 0.128125 0.10625 0.05625 0.0609375
0 0.2 0.11875 0.09375 0.0703125
0 0.3140625 0.1578125 0.109375 0.1015625
0 0.43359375 0.16484375 0.084375 0.0734375
0 0.55546875 0.20546875 0.1125 0.115625
0 0.66875 0.20390625 0.0859375 0.0640625
0 0.74921875 0.22265625 0.04375 0.05625
0 0.8203125 0.23203125 0.071875 0.0640625
0 0.90703125 0.25546875 0.084375 0.0578125
0 0.97734375 0.26171875 0.0453125 0.0453125
0 0.1015625 0.19375 0.1125 0.090625
0 0.19375 0.22265625 0.0625 0.059375
0 0.3 0.23671875 0.128125 0.0859375
0 0.40234375 0.25390625 0.0625 0.06875
0 0.51953125 0.275 0.1546875 0.0953125
0 0.05703125 0.259375 0.053125 0.0609375
0 0.11953125 0.2859375 0.1125 0.1109375
0 0.2125 0.3296875 0.0796875 0.075
0 0.2890625 0.32421875 0.059375 0.06875
0 0.36171875 0.34296875 0.0640625 0.065625
0 0.4640625 0.375 0.1328125 0.0828125
0 0.5671875 0.39453125 0.0625 0.0765625
0 0.640625 0.41953125 0.0890625 0.0734375
0 0.72109375 0.4375 0.0546875 0.046875
0 0.78828125 0.44609375 0.059375 0.0640625
0 0.88203125 0.4859375 0.1265625 0.0875
0 0.97265625 0.49140625 0.0546875 0.0953125
0 0.0640625 0.371875 0.109375 0.0953125
0 0.17109375 0.3828125 0.1140625 0.0953125
0 0.246875 0.415625 0.0375 0.04375
0 0.33828125 0.43046875 0.1171875 0.115625
0 0.45 0.45703125 0.1 0.0828125
0 0.5640625 0.47890625 0.1140625 0.084375
0 0.01875 0.43203125 0.0375 0.059375
0 0.1109375 0.45625 0.165625 0.109375
0 0.2203125 0.4859375 0.0515625 0.06875
0 0.3015625 0.509375 0.0953125 0.0734375
0 0.41640625 0.5625 0.1125 0.0953125
0 0.49375 0.56953125 0.0453125 0.0515625
0 0.59453125 0.59921875 0.146875 0.115625
0 0.728125 0.63828125 0.10625 0.109375
0 0.815625 0.65234375 0.0875 0.071875
0 0.89609375 0.6703125 0.0765625 0.0703125
0 0.0859375 0.525 0.171875 0.103125
0 0.21328125 0.559375 0.0796875 0.0671875
0 0.01328125 0.58125 0.0265625 0.0625
0 0.1421875 0.60859375 0.140625 0.08125
0 0.25546875 0.6359375 0.065625 0.0625
0 0.37265625 0.66875 0.14375 0.084375
0 0.4765625 0.69453125 0.0546875 0.0453125
0 0.540625 0.6921875 0.059375 0.0578125
0 0.65390625 0.71953125 0.153125 0.084375
0 0.76875 0.7390625 0.0625 0.06875
0 0.85703125 0.7609375 0.1 0.078125
0 0.9328125 0.78046875 0.0578125 0.059375
0 0.00859375 0.6515625 0.0171875 0.06875
0 0.05703125 0.6875 0.071875 0.0890625
0 0.16640625 0.70234375 0.15 0.0875
0 0.27109375 0.73203125 0.0453125 0.0515625
0 0.37265625 0.7578125 0.1359375 0.1140625
0 0.52421875 0.79453125 0.1484375 0.115625
0 0.03984375 0.7578125 0.0796875 0.103125
0 0.18046875 0.7953125 0.2109375 0.121875
0 0.328125 0.84375 0.0859375 0.059375
0 0.4328125 0.8703125 0.121875 0.10625
0 0.55859375 0.88984375 0.140625 0.0796875
0 0.66171875 0.896875 0.0734375 0.0734375
0 0.7390625 0.91328125 0.0734375 0.0640625
0 0.82578125 0.94140625 0.115625 0.08125
0 0.025 0.83359375 0.05 0.0859375
0 0.06484375 0.85546875 0.0484375 0.065625
0 0.12265625 0.878125 0.0984375 0.1015625
0 0.1875 0.88828125 0.034375 0.0421875
0 0.23515625 0.909375 0.071875 0.0953125
0 0.2953125 0.915625 0.0421875 0.0453125
0 0.328125 0.9203125 0.0390625 0.0453125
0 0.37265625 0.946875 0.05625 0.078125
0 0.4296875 0.940625 0.0484375 0.053125
0 0.53828125 0.959375 0.1703125 0.08125
0 0.68046875 0.96796875 0.1046875 0.0640625
0 0.01015625 0.89453125 0.0203125 0.0453125
0 0.04921875 0.58515625 0.053125 0.0703125