0 0.4171875 0.2265625 0.303125 0.03125
0 0.7296875 0.2125 0.1359375 0.01875
0 0.853125 0.20859375 0.10625 0.015625
0 0.7109375 0.2359375 0.078125 0.01875
0 0.815625 0.23125 0.1 0.015625
0 0.728125 0.25703125 0.075 0.015625
0 0.8484375 0.25390625 0.1359375 0.015625
0 0.78515625 0.2796875 0.084375 0.0125
0 0.89375 0.27421875 0.125 0.0171875
0 0.13203125 0.271875 0.05 0.01875
0 0.23515625 0.271875 0.1203125 0.01875
0 0.346875 0.26875 0.059375 0.0125
0 0.51484375 0.26875 0.215625 0.025
0 0.125 0.31875 0.1546875 0.0125
0 0.328125 0.31796875 0.221875 0.0140625
0 0.1203125 0.34375 0.053125 0.015625
0 0.19921875 0.34453125 0.071875 0.0125
0 0.2921875 0.346875 0.078125 0.015625
0 0.46015625 0.340625 0.209375 0.0171875
0 0.7 0.3328125 0.2125 0.01875
0 0.88671875 0.328125 0.125 0.015625
0 0.128125 0.36875 0.071875 0.009375
0 0.2140625 0.3671875 0.06875 0.0125
0 0.30625 0.36875 0.075 0.015625
0 0.46484375 0.36328125 0.209375 0.01875
0 0.68984375 0.359375 0.184375 0.015625
0 0.86953125 0.353125 0.134375 0.015625
0 0.140625 0.4171875 0.1296875 0.015625
0 0.28515625 0.41640625 0.128125 0.0140625
0 0.15390625 0.44296875 0.15 0.0140625
0 0.30625 0.4421875 0.1171875 0.0125
0 0.4828125 0.4375 0.178125 0.0140625
0 0.66171875 0.43671875 0.1421875 0.0171875
0 0.7625 0.43046875 0.046875 0.015625
0 0.815625 0.42890625 0.0328125 0.0140625
0 0.9125 0.425 0.13125 0.01875
0 0.159375 0.4671875 0.1546875 0.01875
0 0.3390625 0.465625 0.18125 0.015625
0 0.534375 0.4625 0.10625 0.0140625
0 0.6890625 0.45859375 0.1734375 0.015625
0 0.1546875 0.515625 0.2125 0.01875
0 0.33125 0.5140625 0.084375 0.0125
0 0.4609375 0.5140625 0.1140625 0.015625
0 0.58203125 0.5109375 0.103125 0.0171875
0 0.75078125 0.50625 0.1 0.0125
0 0.88203125 0.5046875 0.14375 0.0203125
0 0.45078125 0.5390625 0.075 0.01875
0 0.56796875 0.5375 0.13125 0.025
0 0.74375 0.5359375 0.10625 0.01875
0 0.88671875 0.53203125 0.1625 0.0140625
0 0.32265625 0.57734375 0.040625 0.0125
0 0.46640625 0.575 0.0375 0.009375
0 0.0796875 0.6203125 0.128125 0.01875
0 0.078125 0.6390625 0.115625 0.015625
0 0.19453125 0.63671875 0.096875 0.01875
0 0.43671875 0.6171875 0.15625 0.0203125
0 0.66796875 0.6125 0.25625 0.015625
0 0.48125 0.6390625 0.18125 0.015625
0 0.909375 0.63828125 0.175 0.0234375
0 0.071875 0.66875 0.121875 0.015625
0 0.16171875 0.66640625 0.053125 0.0109375
0 0.24453125 0.6640625 0.1 0.0125
0 0.48671875 0.665625 0.18125 0.0140625
0 0.715625 0.66640625 0.24375 0.021875
0 0.05703125 0.684375 0.06875 0.0125
0 0.14609375 0.6828125 0.090625 0.0125
0 0.075 0.7 0.128125 0.0125
0 0.2046875 0.696875 0.096875 0.021875
0 0.1046875 0.7234375 0.115625 0.015625
0 0.2703125 0.7203125 0.1765625 0.015625
0 0.4171875 0.71953125 0.05 0.015625
0 0.56015625 0.71875 0.165625 0.015625
0 0.24453125 0.7578125 0.24375 0.025
0 0.4265625 0.746875 0.065625 0.0171875
0 0.48515625 0.74375 0.034375 0.0125
0 0.59296875 0.7578125 0.14375 0.0234375
0 0.865625 0.75625 0.1453125 0.021875
0 0.06015625 0.7984375 0.1109375 0.0125
0 0.17890625 0.79296875 0.084375 0.0140625
0 0.28515625 0.7890625 0.0875 0.0125
0 0.08515625 0.81875 0.1109375 0.015625
0 0.6140625 0.815625 0.196875 0.021875
0 0.07578125 0.8453125 0.071875 0.0125
0 0.2203125 0.84140625 0.2 0.0265625
0 0.07265625 0.26875 0.025 0.0046875
0 0.06640625 0.34375 0.021875 0.0046875
0 0.06484375 0.3703125 0.021875 0.00625
0 0.71796875 0.2828125 0.0296875 0.0125
0 0.45859375 0.4640625 0.0328125 0.015625
0 0.703125 0.6390625 0.225 0.01875
0 0.2109375 0.8171875 0.121875 0.021875
0 0.39296875 0.81328125 0.225 0.021875