0 0.5375 0.05390625 0.08125 0.0671875
0 0.596875 0.04375 0.0375 0.0515625
0 0.05625 0.19453125 0.0421875 0.0546875
0 0.0921875 0.19765625 0.0546875 0.05625
0 0.1859375 0.19765625 0.134375 0.065625
0 0.3453125 0.2 0.1703125 0.0953125
0 0.46171875 0.18359375 0.040625 0.05
0 0.51953125 0.1828125 0.0703125 0.0421875
0 0.59921875 0.159375 0.0765625 0.0640625
0 0.67109375 0.15078125 0.0765625 0.0609375
0 0.746875 0.13515625 0.0609375 0.065625
0 0.84296875 0.12421875 0.1078125 0.0703125
0 0.121875 0.3140625 0.128125 0.0734375
0 0.23359375 0.33203125 0.090625 0.065625
0 0.38359375 0.31640625 0.175 0.1
0 0.0671875 0.44375 0.0421875 0.0421875
0 0.13671875 0.4375 0.0640625 0.0703125
0 0.23828125 0.42890625 0.1171875 0.0828125
0 0.37421875 0.421875 0.1484375 0.0734375
0 0.5046875 0.41171875 0.090625 0.06875
0 0.62578125 0.4046875 0.109375 0.0546875
0 0.72421875 0.39609375 0.0390625 0.04375
0 0.85078125 0.384375 0.1515625 0.1078125
0 0.16171875 0.571875 0.16875 0.1015625
0 0.29296875 0.55625 0.0484375 0.05
0 0.3953125 0.5546875 0.14375 0.0875
0 0.515625 0.5328125 0.0734375 0.06875
0 0.65078125 0.52890625 0.2 0.0921875
0 0.83984375 0.49921875 0.1375 0.071875
0 0.9328125 0.49375 0.0421875 0.046875
0 0.12734375 0.69453125 0.0890625 0.071875
0 0.296875 0.684375 0.196875 0.10625
0 0.48828125 0.665625 0.165625 0.1046875
0 0.09296875 0.840625 0.0359375 0.0453125
0 0.14375 0.82421875 0.0734375 0.078125
0 0.22890625 0.82734375 0.0875 0.05
0 0.31171875 0.81328125 0.0421875 0.0546875
0 0.36953125 0.79609375 0.046875 0.0640625
0 0.446875 0.79609375 0.0453125 0.0484375
0 0.5171875 0.78046875 0.065625 0.0609375
0 0.6296875 0.784375 0.1171875 0.09375
0 0.73515625 0.75546875 0.0765625 0.0625
0 0.82265625 0.75625 0.103125 0.0984375
0 0.896875 0.73359375 0.046875 0.0609375
0 0.959375 0.73671875 0.08125 0.0640625
0 0.15703125 0.9640625 0.0921875 0.071875