0 0.3796875 0.0578125 0.1 0.0796875
0 0.47890625 0.0859375 0.03125 0.0390625
0 0.59453125 0.11328125 0.1171875 0.1109375
0 0.684375 0.10078125 0.03125 0.03125
0 0.75703125 0.10859375 0.13125 0.1046875
0 0.3859375 0.15234375 0.121875 0.075
0 0.48671875 0.16015625 0.0484375 0.0734375
0 0.69765625 0.20625 0.1078125 0.090625
0 0.81640625 0.19921875 0.10625 0.0640625
0 0.1640625 0.3 0.103125 0.0703125
0 0.2984375 0.33515625 0.165625 0.115625
0 0.059375 0.4140625 0.021875 0.009375
0 0.13984375 0.44609375 0.13125 0.14375
0 0.24140625 0.42578125 0.0453125 0.0609375
0 0.34453125 0.43359375 0.121875 0.0640625
0 0.4921875 0.43046875 0.1078125 0.053125
0 0.65390625 0.41953125 0.1515625 0.0984375
0 0.76953125 0.428125 0.046875 0.0515625
0 0.86875 0.44140625 0.1171875 0.053125
0 0.09765625 0.515625 0.0828125 0.05625
0 0.1953125 0.50703125 0.053125 0.071875
0 0.31328125 0.5109375 0.11875 0.06875
0 0.45390625 0.51875 0.084375 0.065625
0 0.6265625 0.53359375 0.2703125 0.1390625
0 0.5890625 0.17734375 0.0734375 0.0625