0 0.7484375 0.20703125 0.08125 0.0390625
0 0.81875 0.2265625 0.05 0.03125
0 0.209375 0.08203125 0.025 0.0171875
0 0.2390625 0.090625 0.0203125 0.015625
0 0.271875 0.09921875 0.028125 0.0171875
0 0.303125 0.1078125 0.021875 0.015625
0 0.33671875 0.11640625 0.01875 0.0140625
0 0.3671875 0.12578125 0.0234375 0.015625
0 0.39921875 0.13359375 0.021875 0.015625
0 0.73046875 0.23203125 0.0640625 0.0328125
0 0.86640625 0.26875 0.0171875 0.0203125
0 0.940625 0.290625 0.0171875 0.01875
0 0.26796875 0.16796875 0.1921875 0.096875
0 0.48828125 0.2171875 0.190625 0.0953125
0 0.71015625 0.28203125 0.19375 0.09375
0 0.24921875 0.209375 0.1875 0.078125
0 0.3625 0.22890625 0.028125 0.0328125
0 0.4328125 0.25 0.10625 0.0578125
0 0.5234375 0.27265625 0.0515625 0.0453125
0 0.590625 0.30390625 0.1078125 0.0546875
0 0.1765625 0.23203125 0.0296875 0.0265625
0 0.27421875 0.259375 0.14375 0.05625
0 0.43671875 0.30859375 0.1375 0.0640625
0 0.54453125 0.33984375 0.0734375 0.0390625
0 0.6734375 0.3703125 0.125 0.05625
0 0.7671875 0.3984375 0.0734375 0.0359375
0 0.15625 0.27265625 0.05 0.0296875
0 0.225 0.2875 0.0875 0.05
0 0.2953125 0.31015625 0.0515625 0.034375
0 0.3875 0.33671875 0.10625 0.053125
0 0.46171875 0.359375 0.03125 0.025
0 0.50703125 0.37109375 0.0375 0.0359375
0 0.15078125 0.31640625 0.04375 0.0296875
0 0.2234375 0.33359375 0.08125 0.0453125
0 0.3140625 0.371875 0.0984375 0.0671875
0 0.39375 0.38203125 0.05 0.0375
0 0.4828125 0.41015625 0.0921875 0.046875
0 0.546875 0.43671875 0.034375 0.0203125
0 0.6 0.44609375 0.05 0.03125
0 0.68203125 0.47421875 0.103125 0.0515625
0 0.28671875 0.4015625 0.128125 0.0578125
0 0.3921875 0.43671875 0.0421875 0.0234375
0 0.48125 0.459375 0.121875 0.0546875
0 0.5828125 0.4984375 0.1078125 0.0515625
0 0.17578125 0.41953125 0.128125 0.0671875
0 0.28046875 0.4484375 0.0546875 0.0484375
0 0.35234375 0.4765625 0.1140625 0.059375
0 0.48671875 0.51796875 0.1078125 0.059375
0 0.58828125 0.53359375 0.0703125 0.040625
0 0.68984375 0.56171875 0.1390625 0.0609375
0 0.815625 0.60859375 0.08125 0.05
0 0.34375 0.509375 0.2375 0.0984375
0 0.17734375 0.5078125 0.03125 0.034375
0 0.23984375 0.52578125 0.075 0.05
0 0.34609375 0.56796875 0.090625 0.0609375
0 0.43046875 0.58046875 0.05 0.0390625
0 0.5015625 0.6109375 0.0796875 0.0546875
0 0.58203125 0.6234375 0.0609375 0.0390625
0 0.66875 0.66484375 0.10625 0.053125
0 0.1546875 0.55703125 0.18125 0.075
0 0.34609375 0.621875 0.1625 0.065625
0 0.16015625 0.60859375 0.1890625 0.096875
0 0.26640625 0.64296875 0.0265625 0.01875
0 0.39375 0.67421875 0.19375 0.078125
0 0.50234375 0.7 0.0265625 0.0296875
0 0.59140625 0.7328125 0.146875 0.078125
0 0.7359375 0.77109375 0.1296875 0.05
0 0.853125 0.8015625 0.0640625 0.0375
0 0.90703125 0.8203125 0.053125 0.0359375
0 0.06796875 0.62734375 0.0734375 0.0453125
0 0.1328125 0.659375 0.0703125 0.0421875
0 0.2171875 0.675 0.09375 0.04375
0 0.2953125 0.6984375 0.0625 0.0375
0 0.35625 0.7109375 0.0375 0.0328125
0 0.42265625 0.725 0.0828125 0.046875
0 0.525 0.7578125 0.115625 0.0546875
0 0.63046875 0.79375 0.084375 0.04375
0 0.7359375 0.815625 0.0953125 0.05
0 0.10234375 0.6859375 0.1421875 0.0625
0 0.209375 0.7265625 0.0671875 0.04375
0 0.29765625 0.753125 0.0984375 0.05625
0 0.3796875 0.76328125 0.084375 0.046875
0 0.12265625 0.740625 0.1359375 0.0609375
0 0.31953125 0.79921875 0.2078125 0.0890625
0 0.5546875 0.86328125 0.1328125 0.06875
0 0.09453125 0.78828125 0.1453125 0.0796875
0 0.3078125 0.84375 0.2140625 0.0890625
0 0.62265625 0.94609375 0.2359375 0.090625
0 0.06484375 0.8234375 0.1296875 0.06875
0 0.16953125 0.85234375 0.11875 0.0625
0 0.3578125 0.90390625 0.2 0.096875
0 0.59140625 0.96171875 0.2078125 0.0765625
0 0.0875 0.87734375 0.175 0.0921875
0 0.29609375 0.934375 0.10625 0.059375
0 0.40234375 0.96484375 0.0953125 0.046875
0 0.50859375 0.98046875 0.1046875 0.0390625
0 0.4625 0.93828125 0.0078125 0.0078125
0 0.18671875 0.9125 0.00625 0.00625