0 0.10234375 0.18125 0.10625 0.103125
0 0.2546875 0.159375 0.1640625 0.0796875
0 0.47578125 0.11015625 0.2359375 0.1109375
0 0.63671875 0.06796875 0.0734375 0.0703125
0 0.76484375 0.0546875 0.1921875 0.0953125
0 0.20078125 0.271875 0.13125 0.08125
0 0.3 0.24921875 0.0578125 0.0703125
0 0.39609375 0.240625 0.084375 0.0703125
0 0.5171875 0.22421875 0.1328125 0.1453125
0 0.6515625 0.1734375 0.1203125 0.075
0 0.82421875 0.12265625 0.228125 0.1328125
0 0.14609375 0.390625 0.0890625 0.0765625
0 0.24453125 0.3734375 0.0671875 0.0734375
0 0.34296875 0.35390625 0.1203125 0.071875
0 0.49375 0.3203125 0.146875 0.0828125
0 0.2109375 0.4953125 0.1 0.0734375
0 0.3125 0.4578125 0.0796875 0.078125
0 0.45546875 0.45 0.1953125 0.096875
0 0.58203125 0.4109375 0.0546875 0.0609375
0 0.6890625 0.40546875 0.1375 0.090625
0 0.84921875 0.3765625 0.175 0.1125
0 0.10703125 0.6265625 0.0671875 0.06875
0 0.1984375 0.6015625 0.1046875 0.0875
0 0.37265625 0.58984375 0.215625 0.1640625
0 0.54609375 0.52890625 0.121875 0.0828125
0 0.659375 0.5109375 0.09375 0.0671875
0 0.8046875 0.4984375 0.1796875 0.1375
0 0.928125 0.4609375 0.0625 0.0609375
0 0.1546875 0.73203125 0.11875 0.0765625
0 0.28515625 0.71015625 0.103125 0.071875
0 0.37421875 0.68828125 0.0703125 0.0578125
0 0.52421875 0.6625 0.2078125 0.0828125
0 0.696875 0.62109375 0.109375 0.0796875
0 0.82578125 0.6421875 0.1015625 0.1859375
0 0.91171875 0.575 0.0546875 0.0640625
0 0.18828125 0.86171875 0.1328125 0.10625
0 0.31796875 0.8046875 0.0984375 0.0671875
0 0.45546875 0.81953125 0.13125 0.121875
0 0.58046875 0.759375 0.121875 0.09375
0 0.7125 0.73828125 0.1203125 0.0796875
0 0.890625 0.70390625 0.196875 0.090625
0 0.2578125 0.9515625 0.234375 0.096875
0 0.484375 0.928125 0.1515625 0.1078125
0 0.6546875 0.88671875 0.178125 0.0734375
0 0.83125 0.83984375 0.1796875 0.1140625
0 0.95390625 0.82109375 0.0921875 0.1578125