0 0.10078125 0.0875 0.028125 0.03125
0 0.35 0.0703125 0.05 0.040625
0 0.59296875 0.0625 0.05625 0.0421875
0 0.640625 0.0609375 0.0203125 0.0140625
0 0.7390625 0.05546875 0.1625 0.05625
0 0.8625 0.0625 0.0640625 0.03125
0 0.9328125 0.0765625 0.0578125 0.0375
0 0.92890625 0.1109375 0.046875 0.0328125
0 0.1890625 0.1328125 0.165625 0.0546875
0 0.5015625 0.12265625 0.3890625 0.071875
0 0.80703125 0.12421875 0.1671875 0.053125
0 0.13515625 0.19140625 0.040625 0.0234375
0 0.36640625 0.19140625 0.0640625 0.0390625
0 0.428125 0.184375 0.0234375 0.021875
0 0.496875 0.1796875 0.08125 0.0296875
0 0.61953125 0.17890625 0.1125 0.03125
0 0.7140625 0.1765625 0.046875 0.025
0 0.76171875 0.18046875 0.03125 0.0265625
0 0.80234375 0.18359375 0.034375 0.025
0 0.878125 0.1921875 0.0875 0.0515625
0 0.09296875 0.22890625 0.096875 0.03125
0 0.165625 0.22421875 0.01875 0.0203125
0 0.21171875 0.2203125 0.046875 0.0296875
0 0.2640625 0.225 0.04375 0.0265625
0 0.334375 0.21171875 0.05625 0.03125
0 0.3875 0.21640625 0.0296875 0.021875
0 0.4265625 0.215625 0.0328125 0.025
0 0.4984375 0.21328125 0.0765625 0.0421875
0 0.60546875 0.21328125 0.090625 0.0265625
0 0.69765625 0.209375 0.08125 0.0390625
0 0.81328125 0.221875 0.121875 0.0328125
0 0.134375 0.259375 0.0421875 0.040625
0 0.20546875 0.25625 0.071875 0.0265625
0 0.27265625 0.25625 0.034375 0.0234375
0 0.34375 0.25 0.0734375 0.03125
0 0.5859375 0.2578125 0.3859375 0.06875
0 0.1421875 0.3140625 0.06875 0.034375
0 0.20703125 0.31328125 0.0484375 0.03125
0 0.27265625 0.31328125 0.0625 0.0296875
0 0.32890625 0.31328125 0.0296875 0.025
0 0.459375 0.30859375 0.2046875 0.065625
0 0.15546875 0.35390625 0.065625 0.0234375
0 0.25625 0.35625 0.0828125 0.0328125
0 0.39609375 0.35234375 0.134375 0.0359375
0 0.14140625 0.415625 0.0609375 0.0328125
0 0.209375 0.41796875 0.065625 0.0296875
0 0.2828125 0.41796875 0.0625 0.0234375
0 0.3390625 0.41640625 0.0328125 0.0265625
0 0.40859375 0.41328125 0.0734375 0.0359375
0 0.52421875 0.41484375 0.140625 0.0484375
0 0.6890625 0.421875 0.1 0.040625
0 0.8515625 0.425 0.203125 0.0578125
0 0.17890625 0.45859375 0.1296875 0.04375
0 0.2890625 0.45546875 0.05 0.0296875
0 0.3578125 0.45625 0.0671875 0.0234375
0 0.41875 0.4609375 0.028125 0.0234375
0 0.47109375 0.46015625 0.0421875 0.0203125
0 0.63203125 0.4640625 0.103125 0.0390625
0 0.73046875 0.4609375 0.06875 0.0375
0 0.7953125 0.46328125 0.0390625 0.0390625
0 0.06796875 0.5265625 0.0375 0.028125
0 0.20390625 0.528125 0.1296875 0.0421875
0 0.38359375 0.5328125 0.1734375 0.040625
0 0.6015625 0.53515625 0.1859375 0.040625
0 0.84375 0.5421875 0.1875 0.0578125
0 0.1609375 0.5625 0.0515625 0.025
0 0.23359375 0.56328125 0.078125 0.028125
0 0.3171875 0.5671875 0.0640625 0.028125
0 0.39921875 0.56640625 0.0453125 0.0328125
0 0.4890625 0.578125 0.0828125 0.0484375
0 0.64296875 0.5796875 0.1734375 0.05
0 0.78359375 0.5859375 0.053125 0.046875
0 0.83515625 0.578125 0.0375 0.0296875
0 0.8890625 0.58203125 0.0359375 0.03125
0 0.23828125 0.6015625 0.2421875 0.0484375
0 0.43515625 0.61328125 0.109375 0.0484375
0 0.53125 0.61171875 0.03125 0.028125
0 0.57890625 0.61640625 0.0546875 0.025
0 0.6453125 0.6171875 0.059375 0.034375
0 0.75625 0.61328125 0.0890625 0.0375
0 0.2640625 0.6453125 0.278125 0.0484375
0 0.25234375 0.6859375 0.2578125 0.059375
0 0.4875 0.7015625 0.1578125 0.053125
0 0.69765625 0.70703125 0.1796875 0.046875
0 0.84765625 0.70859375 0.08125 0.0375
0 0.9046875 0.71328125 0.0265625 0.028125
0 0.9421875 0.71015625 0.03125 0.028125
0 0.775 0.75546875 0.1140625 0.034375
0 0.86484375 0.75703125 0.025 0.0265625
0 0.9109375 0.75546875 0.0515625 0.03125
0 0.9609375 0.7609375 0.0234375 0.028125
0 0.08359375 0.75859375 0.134375 0.0546875
0 0.2015625 0.76171875 0.078125 0.034375
0 0.3640625 0.76484375 0.178125 0.04375
0 0.2953125 0.81328125 0.3203125 0.071875
0 0.5375 0.8234375 0.1421875 0.0421875
0 0.15546875 0.88046875 0.05625 0.0390625
0 0.38046875 0.90078125 0.328125 0.0796875
0 0.71015625 0.91875 0.25 0.0484375
0 0.0234375 0.5265625 0.046875 0.0375
0 0.1171875 0.0515625 0.0328125 0.0125
0 0.15 0.08515625 0.0515625 0.0359375
0 0.18359375 0.0875 0.0140625 0.0140625
0 0.24453125 0.07265625 0.09375 0.0515625
0 0.3921875 0.0703125 0.01875 0.0125
0 0.46953125 0.06484375 0.134375 0.05625
0 0.6296875 0.315625 0.1140625 0.05
0 0.52734375 0.4609375 0.0546875 0.028125
0 0.7234375 0.55078125 0.0046875 0.009375
0 0.24453125 0.18671875 0.153125 0.04375