0 0.26171875 0.0875 0.0625 0.025
0 0.36171875 0.10234375 0.11875 0.0515625
0 0.2765625 0.12265625 0.0765625 0.03125
0 0.25859375 0.146875 0.0171875 0.00625
0 0.34375 0.16015625 0.0984375 0.0390625
0 0.44140625 0.17578125 0.075 0.0390625
0 0.5265625 0.184375 0.040625 0.028125
0 0.5046875 0.21015625 0.009375 0.0046875
0 0.55078125 0.2171875 0.028125 0.0234375
0 0.6125 0.228125 0.059375 0.0296875
0 0.6703125 0.23515625 0.0296875 0.025
0 0.7265625 0.24296875 0.040625 0.0234375
0 0.7875 0.25859375 0.046875 0.0359375
0 0.8546875 0.271875 0.046875 0.0296875
0 0.55 0.25234375 0.0359375 0.0203125
0 0.6140625 0.26015625 0.046875 0.028125
0 0.678125 0.271875 0.040625 0.021875
0 0.74140625 0.27890625 0.0515625 0.0265625
0 0.80625 0.29140625 0.0359375 0.0234375
0 0.57890625 0.29140625 0.0890625 0.0484375
0 0.6578125 0.30234375 0.0328125 0.025
0 0.715625 0.3078125 0.0375 0.0234375
0 0.8 0.32109375 0.078125 0.0328125
0 0.32109375 0.2671875 0.065625 0.0296875
0 0.20703125 0.3 0.01875 0.015625
0 0.2703125 0.3078125 0.075 0.0359375
0 0.36015625 0.3234375 0.0765625 0.034375
0 0.4328125 0.33125 0.015625 0.015625
0 0.49140625 0.3484375 0.0671875 0.0390625
0 0.57265625 0.3578125 0.0546875 0.0296875
0 0.63828125 0.37421875 0.0421875 0.028125
0 0.696875 0.37734375 0.01875 0.0140625
0 0.790625 0.3953125 0.10625 0.04375
0 0.2921875 0.35078125 0.0734375 0.040625
0 0.3671875 0.3640625 0.01875 0.0125
0 0.43046875 0.3703125 0.05 0.0234375
0 0.49296875 0.3796875 0.025 0.0234375
0 0.5625 0.3859375 0.0390625 0.025
0 0.621875 0.3984375 0.025 0.021875
0 0.68359375 0.40859375 0.05 0.025
0 0.753125 0.425 0.0359375 0.03125
0 0.81875 0.43984375 0.071875 0.034375
0 0.1921875 0.36953125 0.021875 0.015625
0 0.2578125 0.37890625 0.0703125 0.03125
0 0.3359375 0.390625 0.0171875 0.0171875
0 0.4 0.40234375 0.0546875 0.0234375
0 0.534375 0.41796875 0.1546875 0.0546875
0 0.6375 0.434375 0.0234375 0.0234375
0 0.6875 0.44375 0.0171875 0.0125
0 0.74140625 0.45546875 0.0453125 0.0265625
0 0.821875 0.47109375 0.0734375 0.0421875
0 0.27109375 0.41875 0.0484375 0.03125
0 0.3421875 0.42734375 0.04375 0.028125
0 0.39453125 0.43203125 0.025 0.0234375
0 0.45390625 0.44375 0.0515625 0.0296875
0 0.53359375 0.45703125 0.0546875 0.0265625
0 0.60859375 0.46640625 0.0390625 0.025
0 0.6734375 0.484375 0.0515625 0.0453125
0 0.7453125 0.4890625 0.0390625 0.028125
0 0.7984375 0.49921875 0.025 0.01875
0 0.84921875 0.509375 0.04375 0.0265625
0 0.2546875 0.45078125 0.0265625 0.01875
0 0.30703125 0.4578125 0.0375 0.021875
0 0.4109375 0.47734375 0.1265625 0.0515625
0 0.56484375 0.49375 0.1359375 0.05625
0 0.16953125 0.47109375 0.0234375 0.0203125
0 0.23984375 0.48125 0.0828125 0.0390625
0 0.33125 0.49609375 0.0609375 0.0328125
0 0.41328125 0.51328125 0.0859375 0.046875
0 0.48828125 0.5296875 0.0375 0.028125
0 0.58671875 0.5359375 0.1203125 0.046875
0 0.7015625 0.5578125 0.0921875 0.046875
0 0.77578125 0.571875 0.0234375 0.0140625
0 0.84453125 0.58515625 0.05 0.0328125
0 0.2671875 0.52890625 0.0890625 0.0421875
0 0.346875 0.5390625 0.0328125 0.0296875
0 0.40625 0.5421875 0.0390625 0.0265625
0 0.50234375 0.5640625 0.10625 0.0546875
0 0.22734375 0.55625 0.0953125 0.0515625
0 0.3375 0.56875 0.0921875 0.0484375
0 0.41015625 0.5875 0.0234375 0.01875
0 0.5015625 0.6015625 0.1203125 0.05625
0 0.62578125 0.62578125 0.0984375 0.040625
0 0.72734375 0.63984375 0.071875 0.034375
0 0.78828125 0.6546875 0.034375 0.028125
0 0.84296875 0.6609375 0.04375 0.03125
0 0.178125 0.58125 0.1046875 0.0421875
0 0.13828125 0.61171875 0.0171875 0.0078125
0 0.20625 0.63203125 0.0890625 0.046875
0 0.275 0.63671875 0.0234375 0.021875
0 0.32265625 0.646875 0.05625 0.0296875
0 0.3828125 0.65703125 0.0421875 0.0296875
0 0.4703125 0.671875 0.109375 0.05
0 0.584375 0.690625 0.0921875 0.0421875
0 0.67578125 0.7078125 0.04375 0.03125
0 0.75078125 0.721875 0.071875 0.0375
0 0.2046875 0.66875 0.084375 0.034375
0 0.2953125 0.6875 0.0546875 0.0453125
0 0.36484375 0.6953125 0.0421875 0.028125
0 0.42890625 0.70859375 0.046875 0.025
0 0.48359375 0.71953125 0.0234375 0.0203125
0 0.58203125 0.73359375 0.1125 0.0453125
0 0.69453125 0.759375 0.08125 0.0484375
0 0.76171875 0.76796875 0.0265625 0.01875
0 0.81796875 0.7828125 0.053125 0.0390625
0 0.22734375 0.70546875 0.1421875 0.059375
0 0.365625 0.74140625 0.1015625 0.05
0 0.11484375 0.728125 0.015625 0.00625
0 0.1765625 0.7453125 0.0546875 0.0265625
0 0.2765625 0.7625 0.0953125 0.0375
0 0.36953125 0.7796875 0.0390625 0.0234375
0 0.43125 0.79296875 0.0578125 0.04375
0 0.50625 0.80390625 0.090625 0.0421875
0 0.58125 0.815625 0.0265625 0.0109375
0 0.62578125 0.834375 0.0296875 0.0265625
0 0.696875 0.840625 0.09375 0.053125
0 0.7625 0.85546875 0.0265625 0.021875
0 0.8140625 0.86171875 0.04375 0.03125
0 0.175 0.78671875 0.0625 0.0453125
0 0.1046875 0.80859375 0.0171875 0.009375
0 0.1671875 0.821875 0.053125 0.0296875
0 0.2109375 0.8359375 0.0171875 0.0125
0 0.25625 0.8453125 0.0578125 0.034375
0 0.32421875 0.859375 0.0734375 0.046875
0 0.4203125 0.88203125 0.1 0.053125
0 0.1015625 0.85 0.015625 0.0078125
0 0.16015625 0.8578125 0.03125 0.0234375
0 0.23203125 0.875 0.0859375 0.040625
0 0.2921875 0.8890625 0.021875 0.009375
0 0.365625 0.90625 0.0828125 0.046875
0 0.446875 0.9265625 0.0578125 0.0375
0 0.496875 0.9328125 0.0296875 0.025
0 0.56796875 0.94375 0.090625 0.0453125
0 0.65390625 0.959375 0.0421875 0.034375
0 0.734375 0.97734375 0.0765625 0.0359375
0 0.46328125 0.971875 0.1390625 0.053125
0 0.99140625 0.18203125 0.0171875 0.0484375
0 0.99453125 0.21328125 0.0109375 0.0109375
0 0.996875 0.25078125 0.00625 0.0078125
0 0.59453125 0.1921875 0.0796875 0.0390625