0 0.0046875 0.1546875 0.009375 0.05
0 0.0625 0.1578125 0.06875 0.0703125
0 0.13828125 0.13046875 0.0546875 0.053125
0 0.203125 0.121875 0.071875 0.0546875
0 0.28515625 0.1109375 0.0453125 0.0421875
0 0.3703125 0.11328125 0.0984375 0.08125
0 0.4390625 0.09609375 0.0359375 0.059375
0 0.46875 0.09453125 0.015625 0.0234375
0 0.52890625 0.08046875 0.0828125 0.0515625
0 0.57421875 0.20625 0.0296875 0.0328125
0 0.51484375 0.22578125 0.0671875 0.053125
0 0.446875 0.2203125 0.0546875 0.046875
0 0.390625 0.22890625 0.03125 0.0328125
0 0.34453125 0.22890625 0.034375 0.0484375
0 0.26015625 0.24921875 0.1265625 0.096875
0 0.1765625 0.2546875 0.03125 0.0390625
0 0.6265625 0.19765625 0.0390625 0.0359375
0 0.6953125 0.1921875 0.0890625 0.0734375
0 0.75703125 0.1703125 0.034375 0.0453125
0 0.81328125 0.18203125 0.0625 0.0609375
0 0.8734375 0.15546875 0.040625 0.0359375
0 0.91953125 0.14375 0.03125 0.0375
0 0.034375 0.27421875 0.0484375 0.05
0 0.0046875 0.28515625 0.009375 0.0578125
0 0.0203125 0.41796875 0.034375 0.03125
0 0.06875 0.41171875 0.0609375 0.078125
0 0.12109375 0.390625 0.0375 0.05
0 0.1890625 0.3984375 0.0671875 0.0578125
0 0.26171875 0.37421875 0.05625 0.0484375
0 0.321875 0.3703125 0.028125 0.0328125
0 0.38203125 0.3609375 0.0640625 0.0390625
0 0.459375 0.34453125 0.0671875 0.0484375
0 0.53359375 0.33984375 0.04375 0.0359375
0 0.60859375 0.33125 0.0859375 0.0671875
0 0.7125 0.31875 0.109375 0.0828125
0 0.0390625 0.54453125 0.0453125 0.059375
0 0.0953125 0.52578125 0.078125 0.0578125
0 0.18203125 0.509375 0.0421875 0.0578125
0 0.24453125 0.5109375 0.075 0.0796875
0 0.3234375 0.49140625 0.0546875 0.0578125
0 0.42578125 0.4890625 0.103125 0.0828125
0 0.53671875 0.47109375 0.0421875 0.075
0 0.5859375 0.45859375 0.0359375 0.03125
0 0.64375 0.4546875 0.0734375 0.0703125
0 0.83125 0.4203125 0.0609375 0.0390625
0 0.76640625 0.42421875 0.0421875 0.05
0 0.71328125 0.43828125 0.028125 0.03125
0 0.93046875 0.4125 0.1203125 0.0890625
0 0.06640625 0.67109375 0.0625 0.0765625
0 0.11328125 0.6578125 0.0265625 0.04375
0 0.16328125 0.65703125 0.0390625 0.0328125
0 0.24609375 0.65 0.1046875 0.078125
0 0.50703125 0.47265625 0.034375 0.0359375
0 0.3078125 0.6265625 0.0265625 0.04375
0 0.36875 0.61484375 0.053125 0.0515625
0 0.43671875 0.61015625 0.034375 0.0359375
0 0.49765625 0.59453125 0.0546875 0.0515625
0 0.55546875 0.60078125 0.0421875 0.0546875
0 0.11171875 0.28203125 0.0859375 0.0640625
0 0.63359375 0.57578125 0.0890625 0.0671875
0 0.70625 0.5625 0.0484375 0.05
0 0.77578125 0.56015625 0.0453125 0.0359375
0 0.82109375 0.5453125 0.021875 0.046875
0 0.5921875 0.70859375 0.040625 0.0421875
0 0.6546875 0.69921875 0.053125 0.0515625
0 0.7546875 0.6875 0.121875 0.075
0 0.840625 0.66796875 0.028125 0.04375
0 0.88125 0.66015625 0.04375 0.0453125
0 0.97578125 0.54140625 0.0484375 0.0640625
0 0.89140625 0.54453125 0.0921875 0.0828125
0 0.94765625 0.6484375 0.0671875 0.05625
0 0.53359375 0.73359375 0.0421875 0.0515625
0 0.446875 0.74140625 0.1265625 0.0796875
0 0.3578125 0.75703125 0.028125 0.0296875
0 0.31796875 0.75546875 0.03125 0.0515625
0 0.23984375 0.78125 0.1078125 0.09375
0 0.24765625 0.90625 0.08125 0.075
0 0.1328125 0.91875 0.121875 0.0921875
0 0.0796875 0.790625 0.05 0.0546875
0 0.1421875 0.78203125 0.0625 0.0578125