0 0.4921875 0.05546875 0.1234375 0.0828125
0 0.34140625 0.078125 0.153125 0.1015625
0 0.28125 0.13828125 0.084375 0.053125
0 0.28203125 0.2125 0.0984375 0.05625
0 0.40234375 0.2359375 0.1046875 0.0859375
0 0.48125 0.25546875 0.0375 0.0375
0 0.553125 0.2796875 0.090625 0.0765625
0 0.22734375 0.275 0.0828125 0.0546875
0 0.29140625 0.284375 0.034375 0.0421875
0 0.346875 0.30078125 0.0734375 0.05
0 0.4234375 0.32265625 0.0375 0.0421875
0 0.51796875 0.34296875 0.1015625 0.059375
0 0.31015625 0.36640625 0.1546875 0.10625
0 0.45 0.4 0.0953125 0.0578125
0 0.3265625 0.440625 0.0609375 0.046875
0 0.40390625 0.47578125 0.075 0.0640625
0 0.475 0.478125 0.05625 0.0515625
0 0.540625 0.51171875 0.053125 0.0484375
0 0.60234375 0.5203125 0.0484375 0.0578125
0 0.64921875 0.525 0.028125 0.04375
0 0.71796875 0.5421875 0.103125 0.0625
0 0.81953125 0.5765625 0.0875 0.0875
0 0.8890625 0.58828125 0.03125 0.0421875
0 0.23359375 0.50078125 0.021875 0.025
0 0.31796875 0.515625 0.0890625 0.0484375
0 0.44609375 0.5609375 0.1515625 0.1
0 0.56796875 0.57109375 0.0921875 0.0625
0 0.6734375 0.60703125 0.08125 0.0734375
0 0.7515625 0.62421875 0.0546875 0.053125
0 0.815625 0.6421875 0.0515625 0.04375
0 0.878125 0.65390625 0.053125 0.0515625
0 0.2453125 0.57421875 0.084375 0.0609375
0 0.32421875 0.596875 0.0265625 0.0359375
0 0.39375 0.60859375 0.0734375 0.0609375
0 0.51875 0.64140625 0.1328125 0.06875
0 0.23515625 0.65234375 0.1375 0.084375
0 0.3625 0.69140625 0.0984375 0.0578125
0 0.22265625 0.73828125 0.0296875 0.040625
0 0.3234375 0.75625 0.13125 0.0796875
0 0.43515625 0.78203125 0.0703125 0.0625
0 0.521875 0.80546875 0.06875 0.0515625
0 0.5890625 0.8234375 0.03125 0.0421875
0 0.6734375 0.8359375 0.1140625 0.0734375
0 0.75546875 0.86484375 0.03125 0.04375
0 0.82578125 0.88984375 0.0890625 0.0859375
0 0.1671875 0.79765625 0.040625 0.053125
0 0.22578125 0.8140625 0.040625 0.0515625
0 0.27265625 0.83125 0.028125 0.0296875
0 0.35 0.8484375 0.084375 0.059375
0 0.4453125 0.8671875 0.0953125 0.065625
0 0.55234375 0.89609375 0.096875 0.05625
0 0.45546875 0.95625 0.1546875 0.0875