0 0.05390625 0.1859375 0.0734375 0.0625
0 0.21953125 0.17734375 0.2 0.1015625
0 0.42578125 0.14609375 0.1546875 0.065625
0 0.58984375 0.13125 0.10625 0.06875
0 0.72421875 0.1234375 0.1234375 0.0578125
0 0.64609375 0.18515625 0.265625 0.090625
0 0.77578125 0.24296875 0.1796875 0.06875
0 0.63984375 0.26328125 0.0625 0.0390625
0 0.5234375 0.26015625 0.075 0.065625
0 0.3703125 0.2703125 0.14375 0.0625
0 0.8390625 0.29375 0.1234375 0.0625
0 0.71640625 0.3046875 0.05625 0.0484375
0 0.6109375 0.309375 0.0734375 0.0546875
0 0.871875 0.35703125 0.165625 0.084375
0 0.84765625 0.4265625 0.275 0.109375
0 0.74296875 0.36484375 0.0796875 0.0640625
0 0.5859375 0.37734375 0.175 0.071875
0 0.81796875 0.4796875 0.2078125 0.090625
0 0.63828125 0.49609375 0.1078125 0.040625
0 0.475 0.3171875 0.1296875 0.05625
0 0.59140625 0.434375 0.190625 0.05625
0 0.48828125 0.4953125 0.1359375 0.0609375
0 0.47421875 0.55 0.1390625 0.0640625
0 0.35625 0.22578125 0.3015625 0.121875
0 0.28984375 0.34296875 0.1765625 0.0734375
0 0.32421875 0.39453125 0.3140625 0.0921875
0 0.0984375 0.2359375 0.1484375 0.06875
0 0.128125 0.2953125 0.234375 0.0765625
0 0.090625 0.35546875 0.134375 0.0671875
0 0.08046875 0.434375 0.0984375 0.078125
0 0.403125 0.46015625 0.134375 0.09375
0 0.2609375 0.45625 0.1484375 0.0796875
0 0.28125 0.51015625 0.1171875 0.065625
0 0.0828125 0.46015625 0.1390625 0.0796875
0 0.10859375 0.52109375 0.1765625 0.0796875
0 0.2921875 0.5640625 0.1125 0.065625
0 0.10078125 0.58359375 0.146875 0.0765625
0 0.18203125 0.64296875 0.0921875 0.028125
0 0.3390625 0.634375 0.2078125 0.11875