0 0.06171875 0.08359375 0.10625 0.05
0 0.4265625 0.04296875 0.2 0.0609375
0 0.609375 0.025 0.140625 0.05
0 0.15 0.103125 0.1953125 0.0546875
0 0.05703125 0.17421875 0.0875 0.025
0 0.23125 0.146875 0.2015625 0.071875
0 0.5609375 0.115625 0.325 0.0921875
0 0.053125 0.23125 0.0703125 0.025
0 0.50546875 0.18203125 0.0765625 0.0265625
0 0.6546875 0.1671875 0.078125 0.05625
0 0.096875 0.28359375 0.1125 0.0375
0 0.221875 0.27109375 0.121875 0.0265625
0 0.10859375 0.325 0.0859375 0.0609375
0 0.2296875 0.315625 0.0953125 0.05625
0 0.34609375 0.29765625 0.0578125 0.053125
0 0.44453125 0.28359375 0.0625 0.0640625
0 0.0796875 0.396875 0.0453125 0.028125
0 0.140625 0.38984375 0.06875 0.03125
0 0.20390625 0.3796875 0.053125 0.025
0 0.26171875 0.37421875 0.0578125 0.025
0 0.3578125 0.3640625 0.1203125 0.03125
0 0.50390625 0.36640625 0.1421875 0.0703125
0 0.640625 0.3578125 0.0921875 0.06875
0 0.778125 0.3421875 0.1671875 0.0671875
0 0.275 0.428125 0.371875 0.10625
0 0.11953125 0.509375 0.13125 0.0578125
0 0.20078125 0.49375 0.0203125 0.0328125
0 0.25234375 0.4890625 0.078125 0.0375
0 0.37421875 0.48515625 0.16875 0.053125
0 0.51015625 0.4640625 0.0953125 0.040625
0 0.1875 0.55546875 0.159375 0.0859375
0 0.3234375 0.54765625 0.0671875 0.03125
0 0.47421875 0.528125 0.2 0.1375
0 0.63671875 0.48828125 0.1796875 0.121875
0 0.83046875 0.4828125 0.1625 0.10625
0 0.24765625 0.6484375 0.259375 0.1421875
0 0.45546875 0.61171875 0.1625 0.096875
0 0.6859375 0.596875 0.2859375 0.103125
0 0.16484375 0.7359375 0.1171875 0.0859375
0 0.3078125 0.73515625 0.128125 0.09375
0 0.41796875 0.7109375 0.1 0.103125
0 0.51484375 0.6859375 0.1046875 0.078125
0 0.68125 0.67734375 0.184375 0.1234375
0 0.20703125 0.82109375 0.175 0.1171875
0 0.33203125 0.7921875 0.0375 0.034375
0 0.5140625 0.76953125 0.29375 0.1296875
0 0.1796875 0.071875 0.053125 0.025