0 0.2328125 0.08359375 0.1421875 0.06875
0 0.34921875 0.121875 0.0890625 0.0625
0 0.43046875 0.13046875 0.08125 0.053125
0 0.5625 0.15703125 0.1796875 0.115625
0 0.69453125 0.18046875 0.1203125 0.0734375
0 0.78203125 0.21875 0.0828125 0.09375
0 0.89609375 0.228125 0.14375 0.0828125
0 0.19453125 0.1375 0.1 0.0578125
0 0.3015625 0.16484375 0.121875 0.06875
0 0.44375 0.1984375 0.1359375 0.0734375
0 0.5625 0.22578125 0.071875 0.0484375
0 0.6546875 0.23984375 0.1046875 0.06875
0 0.7453125 0.26953125 0.084375 0.05
0 0.84375 0.29140625 0.109375 0.0640625
0 0.21484375 0.221875 0.1765625 0.0734375
0 0.34375 0.253125 0.0609375 0.0859375
0 0.4328125 0.26171875 0.109375 0.0640625
0 0.565625 0.30390625 0.134375 0.0734375
0 0.70703125 0.32890625 0.14375 0.0671875
0 0.82890625 0.35 0.09375 0.0640625
0 0.24609375 0.2875 0.284375 0.165625
0 0.1359375 0.33359375 0.0734375 0.05625
0 0.28125 0.36953125 0.209375 0.1015625
0 0.4140625 0.38984375 0.078125 0.0578125
0 0.50078125 0.40625 0.090625 0.0625
0 0.63984375 0.44375 0.18125 0.0984375
0 0.7765625 0.4609375 0.1046875 0.0703125
0 0.18359375 0.42265625 0.2125 0.1140625
0 0.359375 0.44765625 0.1109375 0.059375
0 0.4765625 0.4671875 0.1203125 0.0609375
0 0.590625 0.48359375 0.1265625 0.06875
0 0.6984375 0.51015625 0.0921875 0.05
0 0.8171875 0.5359375 0.1265625 0.075
0 0.1140625 0.4390625 0.0828125 0.0515625
0 0.221875 0.4640625 0.1390625 0.0703125
0 0.35390625 0.49921875 0.1171875 0.05625
0 0.67265625 0.57265625 0.1984375 0.0796875