0 0.17421875 0.03125 0.1015625 0.0625
0 0.27890625 0.02265625 0.0390625 0.0359375
0 0.39609375 0.02734375 0.1265625 0.0515625
0 0.51015625 0.046875 0.0421875 0.05
0 0.5546875 0.040625 0.0203125 0.0234375
0 0.68515625 0.05 0.1796875 0.0765625
0 0.84375 0.06171875 0.1 0.0859375
0 0.296875 0.22421875 0.0734375 0.046875
0 0.32890625 0.26484375 0.1453125 0.065625
0 0.62109375 0.240625 0.05 0.0328125
0 0.65859375 0.28203125 0.15 0.05625
0 0.121875 0.43515625 0.0828125 0.0546875
0 0.21328125 0.43046875 0.0921875 0.0421875
0 0.1515625 0.48203125 0.1609375 0.06875
0 0.45234375 0.453125 0.1578125 0.0640625
0 0.75234375 0.45 0.0796875 0.053125
0 0.77421875 0.47734375 0.1359375 0.0640625
0 0.23515625 0.65078125 0.059375 0.0484375
0 0.28359375 0.70234375 0.1703125 0.071875
0 0.64296875 0.64765625 0.146875 0.053125
0 0.6421875 0.6953125 0.1625 0.0609375