0 0.37890625 0.0984375 0.4859375 0.175
0 0.7109375 0.16640625 0.0734375 0.0546875
0 0.28046875 0.1640625 0.3453125 0.1296875
0 0.84921875 0.19296875 0.128125 0.0609375
0 0.553125 0.21875 0.1 0.065625
0 0.8140625 0.2828125 0.371875 0.146875
0 0.31015625 0.2671875 0.4796875 0.1625
0 0.6 0.32421875 0.134375 0.0890625
0 0.790625 0.3578125 0.1765625 0.0875
0 0.3203125 0.3671875 0.596875 0.184375
0 0.74140625 0.45390625 0.125 0.0859375
0 0.30078125 0.50546875 0.5828125 0.196875
0 0.76953125 0.58359375 0.3375 0.13125
0 0.20625 0.578125 0.4125 0.146875
0 0.57265625 0.64296875 0.340625 0.121875
0 0.87109375 0.70625 0.20625 0.10625
0 0.403125 0.71875 0.36875 0.1296875