0 0.28046875 0.00859375 0.1359375 0.0171875
0 0.425 0.01875 0.1375 0.0375
0 0.6203125 0.03359375 0.2234375 0.059375
0 0.8296875 0.05546875 0.09375 0.046875
0 0.94296875 0.06875 0.1140625 0.05
0 0.159375 0.03828125 0.121875 0.053125
0 0.309375 0.06015625 0.1578125 0.0671875
0 0.46171875 0.07578125 0.1203125 0.05625
0 0.6390625 0.08828125 0.2109375 0.06875
0 0.8234375 0.1078125 0.1015625 0.0453125
0 0.94921875 0.12734375 0.1015625 0.0453125
0 0.15234375 0.10625 0.153125 0.084375
0 0.28671875 0.1140625 0.0671875 0.040625
0 0.40234375 0.13125 0.125 0.05625
0 0.52890625 0.1484375 0.046875 0.0421875
0 0.66640625 0.1640625 0.2 0.05625
0 0.81875 0.1828125 0.1125 0.053125
0 0.94140625 0.20234375 0.1171875 0.0546875
0 0.15546875 0.1609375 0.2125 0.075
0 0.353125 0.184375 0.1578125 0.0578125
0 0.45078125 0.19453125 0.04375 0.0359375
0 0.5578125 0.2125 0.103125 0.0453125
0 0.66484375 0.221875 0.06875 0.0375
0 0.75703125 0.234375 0.0953125 0.0546875
0 0.90390625 0.25234375 0.153125 0.0546875
0 0.1109375 0.2296875 0.1265625 0.065625
0 0.24765625 0.23125 0.1140625 0.0671875
0 0.3765625 0.2609375 0.0828125 0.05625
0 0.5109375 0.2671875 0.1265625 0.053125
0 0.6390625 0.28671875 0.071875 0.05625
0 0.74296875 0.29140625 0.090625 0.0515625
0 0.88984375 0.31328125 0.1515625 0.065625
0 0.996875 0.34140625 0.00625 0.0609375
0 0.11484375 0.29296875 0.196875 0.084375
0 0.29140625 0.32421875 0.1234375 0.06875
0 0.43984375 0.33046875 0.1234375 0.0578125
0 0.609375 0.3515625 0.134375 0.0546875
0 0.78984375 0.3796875 0.19375 0.084375
0 0.9296875 0.39140625 0.05625 0.0515625
0 0.98046875 0.38828125 0.0390625 0.0421875
0 0.06328125 0.35546875 0.0828125 0.053125
0 0.203125 0.37109375 0.1734375 0.0625
0 0.3921875 0.39765625 0.15625 0.0578125
0 0.58671875 0.41484375 0.19375 0.065625
0 0.76015625 0.43828125 0.0875 0.05
0 0.8625 0.4453125 0.1234375 0.0546875
0 0.9765625 0.46953125 0.046875 0.0296875
0 0.0890625 0.43515625 0.175 0.0875
0 0.32421875 0.46640625 0.234375 0.0875
0 0.56875 0.4828125 0.19375 0.0828125
0 0.78046875 0.4984375 0.1484375 0.0703125
0 0.9453125 0.5234375 0.109375 0.065625
0 0.0875 0.51953125 0.175 0.0921875
0 0.3390625 0.54296875 0.2578125 0.09375
0 0.71328125 0.584375 0.384375 0.0953125
0 0.95703125 0.62265625 0.06875 0.046875
0 0.0421875 0.57109375 0.084375 0.0609375
0 0.14375 0.58203125 0.0859375 0.0609375
0 0.30625 0.60390625 0.1484375 0.0671875
0 0.490625 0.62890625 0.1578125 0.0734375
0 0.67578125 0.64453125 0.1484375 0.065625
0 0.82890625 0.675 0.103125 0.06875
0 0.9515625 0.6859375 0.0671875 0.0515625
0 0.01796875 0.65546875 0.0359375 0.0546875
0 0.08203125 0.65703125 0.065625 0.046875
0 0.2265625 0.671875 0.2109375 0.0765625
0 0.475 0.696875 0.2359375 0.075
0 0.7546875 0.73203125 0.225 0.078125
0 0.94140625 0.75078125 0.071875 0.0421875
0 0.09921875 0.7265625 0.1984375 0.08125
0 0.2171875 0.7390625 0.0359375 0.0515625
0 0.35859375 0.76328125 0.1859375 0.0796875
0 0.53515625 0.77578125 0.1296875 0.06875
0 0.64296875 0.78515625 0.0859375 0.053125
0 0.85 0.80859375 0.24375 0.0828125
0 0.0578125 0.8046875 0.115625 0.078125
0 0.27109375 0.834375 0.209375 0.06875
0 0.440625 0.8453125 0.1109375 0.065625
0 0.6421875 0.8828125 0.175 0.0625
0 0.86953125 0.8984375 0.184375 0.096875
0 0.5859375 0.97890625 0.053125 0.03125
0 0.73203125 0.96875 0.1890625 0.0625
0 0.91484375 0.9828125 0.0734375 0.034375