0 0.19921875 0.128125 0.1265625 0.05
0 0.3265625 0.15234375 0.096875 0.040625
0 0.38046875 0.16484375 0.01875 0.0125
0 0.4390625 0.17734375 0.0828125 0.0359375
0 0.5296875 0.19765625 0.0796875 0.0359375
0 0.58828125 0.21015625 0.0390625 0.028125
0 0.6421875 0.22578125 0.075 0.0375
0 0.74140625 0.24453125 0.103125 0.040625
0 0.83046875 0.2640625 0.04375 0.028125
0 0.93359375 0.28671875 0.1046875 0.0453125
0 0.44921875 0.225 0.0859375 0.0359375
0 0.1890625 0.2234375 0.128125 0.046875
0 0.3265625 0.25234375 0.0859375 0.03125
0 0.38515625 0.26015625 0.025 0.015625
0 0.4546875 0.27734375 0.08125 0.0375
0 0.56484375 0.303125 0.09375 0.040625
0 0.6265625 0.31640625 0.0296875 0.025
0 0.690625 0.3296875 0.0734375 0.0375
0 0.78984375 0.35 0.103125 0.04375
0 0.8796875 0.37265625 0.0375 0.028125
0 0.95703125 0.3859375 0.0859375 0.04375
0 0.45703125 0.32421875 0.0953125 0.0375
0 0.14921875 0.31015625 0.0796875 0.0328125
0 0.26640625 0.33515625 0.11875 0.040625
0 0.33671875 0.34765625 0.0203125 0.0125
0 0.41640625 0.365625 0.125 0.0484375
0 0.5140625 0.3890625 0.04375 0.0265625
0 0.62890625 0.40859375 0.1328125 0.0453125
0 0.765625 0.4390625 0.1046875 0.0453125
0 0.83515625 0.453125 0.0265625 0.021875
0 0.93515625 0.47109375 0.128125 0.0453125
0 0.384375 0.4078125 0.0484375 0.03125
0 0.465625 0.41875 0.0875 0.0375
0 0.24140625 0.4171875 0.2921875 0.1046875
0 0.43359375 0.45546875 0.0734375 0.0328125
0 0.484375 0.465625 0.0296875 0.021875
0 0.5515625 0.4828125 0.075 0.034375
0 0.646875 0.50078125 0.0921875 0.0390625
0 0.75078125 0.528125 0.0953125 0.034375
0 0.85390625 0.54375 0.0796875 0.0359375
0 0.92421875 0.55859375 0.040625 0.0296875
0 0.12578125 0.43984375 0.0703125 0.0328125
0 0.17734375 0.453125 0.034375 0.028125
0 0.24609375 0.4671875 0.084375 0.0375
0 0.29140625 0.47578125 0.028125 0.015625
0 0.34375 0.48515625 0.065625 0.0328125
0 0.42109375 0.50390625 0.0546875 0.028125
0 0.4984375 0.521875 0.071875 0.0328125
0 0.56953125 0.5375 0.04375 0.0265625
0 0.64453125 0.55 0.06875 0.03125
0 0.13125 0.48671875 0.0859375 0.0375
0 0.2046875 0.50390625 0.028125 0.0234375
0 0.27578125 0.5171875 0.08125 0.0328125
0 0.3359375 0.53125 0.028125 0.0171875
0 0.38359375 0.54140625 0.046875 0.021875
0 0.434375 0.5484375 0.021875 0.0109375
0 0.4984375 0.5625 0.078125 0.0359375
0 0.56953125 0.57421875 0.040625 0.0296875
0 0.125 0.5328125 0.0875 0.040625
0 0.225 0.55078125 0.0671875 0.0328125
0 0.28046875 0.55859375 0.0234375 0.0203125
0 0.3484375 0.57734375 0.0734375 0.0375
0 0.44375 0.59453125 0.0796875 0.034375
0 0.4984375 0.60625 0.0234375 0.0171875
0 0.54140625 0.61875 0.0484375 0.025
0 0.58984375 0.6234375 0.021875 0.0109375
0 0.65625 0.64609375 0.0875 0.0453125
0 0.7484375 0.659375 0.0734375 0.0359375
0 0.82890625 0.67890625 0.0390625 0.025
0 0.10546875 0.57890625 0.0640625 0.0296875
0 0.196875 0.59375 0.0671875 0.034375
0 0.253125 0.60078125 0.0296875 0.021875
0 0.31015625 0.61796875 0.0578125 0.0265625
0 0.3796875 0.6265625 0.071875 0.0328125
0 0.43828125 0.6390625 0.0296875 0.01875
0 0.49375 0.65234375 0.0578125 0.0265625
0 0.534375 0.65546875 0.0234375 0.01875
0 0.63203125 0.6859375 0.159375 0.0578125
0 0.76796875 0.70859375 0.0734375 0.0328125
0 0.83359375 0.72109375 0.0359375 0.025
0 0.109375 0.62421875 0.10625 0.04375
0 0.22890625 0.64453125 0.0671875 0.0328125
0 0.28828125 0.65625 0.0359375 0.025
0 0.3671875 0.67109375 0.0984375 0.0421875
0 0.45625 0.68671875 0.0828125 0.0375
0 0.53046875 0.70546875 0.0296875 0.015625
0 0.565625 0.7109375 0.04375 0.025
0 0.6015625 0.7171875 0.0203125 0.0125
0 0.66796875 0.7328125 0.096875 0.0359375
0 0.7625 0.7546875 0.065625 0.0328125
0 0.81875 0.76328125 0.0375 0.028125
0 0.1078125 0.66875 0.075 0.0375
0 0.175 0.678125 0.0328125 0.025
0 0.23671875 0.68984375 0.071875 0.0359375
0 0.29609375 0.703125 0.0421875 0.028125
0 0.33359375 0.7078125 0.0203125 0.015625
0 0.39375 0.72265625 0.0890625 0.040625
0 0.4890625 0.740625 0.1046875 0.05
0 0.6265625 0.771875 0.11875 0.053125
0 0.10234375 0.71640625 0.1015625 0.04375
0 0.1796875 0.72734375 0.03125 0.021875
0 0.24296875 0.73671875 0.06875 0.0328125
0 0.31328125 0.75 0.040625 0.025
0 0.3546875 0.76015625 0.021875 0.0140625
0 0.440625 0.78046875 0.0921875 0.04375