0 0.2625 0.15234375 0.2140625 0.1359375
0 0.409375 0.1421875 0.0828125 0.1046875
0 0.6140625 0.1703125 0.3015625 0.1109375
0 0.2015625 0.25625 0.0921875 0.059375
0 0.309375 0.303125 0.109375 0.11875
0 0.4203125 0.29375 0.128125 0.0734375
0 0.53125 0.3125 0.0859375 0.06875
0 0.6203125 0.33828125 0.0796875 0.05
0 0.72109375 0.34375 0.1140625 0.075
0 0.87421875 0.3734375 0.16875 0.075
0 0.15078125 0.3375 0.0484375 0.0515625
0 0.25078125 0.375 0.13125 0.090625
0 0.4046875 0.40078125 0.14375 0.1046875
0 0.5265625 0.403125 0.078125 0.065625
0 0.61796875 0.4328125 0.09375 0.0484375
0 0.72109375 0.4578125 0.1296875 0.075
0 0.86953125 0.4921875 0.16875 0.096875
0 0.11796875 0.2484375 0.0171875 0.015625