0 0.08046875 0.03671875 0.0796875 0.0484375
0 0.22265625 0.0375 0.203125 0.040625
0 0.40078125 0.03515625 0.0765625 0.0375
0 0.45390625 0.03359375 0.0359375 0.028125
0 0.53515625 0.0296875 0.1078125 0.0421875
0 0.68203125 0.02890625 0.16875 0.0421875
0 0.275 0.1109375 0.090625 0.028125
0 0.03125 0.1046875 0.053125 0.0671875
0 0.065625 0.1140625 0.059375 0.03125
0 0.1625 0.1109375 0.13125 0.034375
0 0.02578125 0.18125 0.0515625 0.065625
0 0.0625 0.19140625 0.0875 0.0515625
0 0.190625 0.18671875 0.1609375 0.034375
0 0.36484375 0.1796875 0.165625 0.040625
0 0.5265625 0.18203125 0.1359375 0.0359375
0 0.64765625 0.16875 0.0890625 0.0328125
0 0.7734375 0.17265625 0.20625 0.0453125
0 0.440625 0.275 0.18125 0.08125
0 0.26015625 0.25859375 0.1453125 0.0359375
0 0.1046875 0.2609375 0.134375 0.0421875
0 0.0203125 0.25546875 0.040625 0.0484375
0 0.01953125 0.3375 0.0390625 0.05625
0 0.1265625 0.346875 0.153125 0.0671875
0 0.28125 0.33359375 0.125 0.034375
0 0.415625 0.3359375 0.0984375 0.0265625
0 0.540625 0.32578125 0.1 0.03125
0 0.69765625 0.321875 0.1859375 0.0484375
0 0.878125 0.3265625 0.14375 0.0609375
0 0.12421875 0.403125 0.159375 0.0453125
0 0.26171875 0.4109375 0.121875 0.0484375
0 0.49921875 0.403125 0.2921875 0.0375
0 0.7984375 0.40234375 0.2421875 0.059375
0 0.92734375 0.45859375 0.1421875 0.0453125
0 0.78046875 0.46484375 0.1359375 0.0515625
0 0.61875 0.47265625 0.153125 0.0359375
0 0.45234375 0.478125 0.1734375 0.034375
0 0.2875 0.4796875 0.128125 0.0328125
0 0.12421875 0.48203125 0.178125 0.0453125
0 0.0609375 0.5703125 0.11875 0.0625
0 0.18359375 0.55546875 0.084375 0.0375
0 0.30546875 0.56015625 0.1609375 0.0359375
0 0.08203125 0.6609375 0.1109375 0.0984375
0 0.20625 0.65 0.1171875 0.0625
0 0.334375 0.62890625 0.125 0.0484375
0 0.459375 0.64296875 0.1140625 0.08125
0 0.590625 0.6203125 0.1296875 0.04375
0 0.73125 0.6265625 0.1578125 0.04375
0 0.89765625 0.60234375 0.1234375 0.0671875
0 0.8546875 0.61875 0.103125 0.053125
0 0.7640625 0.7078125 0.084375 0.059375
0 0.90390625 0.70546875 0.1921875 0.0734375
0 0.66640625 0.709375 0.0953125 0.0484375
0 0.48203125 0.721875 0.225 0.075
0 0.346875 0.703125 0.0921875 0.046875
0 0.26953125 0.7171875 0.0671875 0.078125
0 0.1328125 0.7046875 0.15625 0.05625
0 0.0953125 0.80703125 0.1734375 0.0921875
0 0.29609375 0.784375 0.20625 0.05625
0 0.44375 0.1125 0.1921875 0.040625
0 0.021875 0.46640625 0.04375 0.0703125
0 0.0234375 0.3953125 0.046875 0.0625
0 0.015625 0.621875 0.025 0.0625
0 0.0265625 0.70390625 0.0375 0.08125