0 0.12109375 0.265625 0.1796875 0.090625
0 0.3375 0.240625 0.14375 0.1140625
0 0.49609375 0.17421875 0.18125 0.1375
0 0.64375 0.1484375 0.090625 0.084375
0 0.08125 0.384375 0.0671875 0.05625
0 0.2359375 0.3375 0.175 0.10625
0 0.4578125 0.28984375 0.165625 0.096875
0 0.5921875 0.25 0.034375 0.0234375
0 0.67421875 0.23203125 0.078125 0.0765625
0 0.76484375 0.20390625 0.0765625 0.0828125
0 0.2171875 0.4703125 0.2625 0.165625
0 0.3984375 0.39765625 0.0609375 0.0640625
0 0.53203125 0.35625 0.1828125 0.1328125
0 0.7203125 0.34453125 0.178125 0.1140625
0 0.2765625 0.55234375 0.309375 0.15
0 0.503125 0.50234375 0.0859375 0.0796875
0 0.68671875 0.45859375 0.209375 0.1203125
0 0.240625 0.675 0.175 0.1125
0 0.3921875 0.659375 0.071875 0.0609375
0 0.54296875 0.62578125 0.1734375 0.1203125
0 0.765625 0.575 0.2765625 0.2
0 0.2734375 0.96640625 0.09375 0.0671875
0 0.48046875 0.91953125 0.24375 0.125
0 0.7640625 0.846875 0.153125 0.1140625