0 0.434375 0.03203125 0.140625 0.0640625
0 0.6109375 0.0515625 0.1015625 0.05
0 0.71953125 0.07421875 0.0734375 0.0375
0 0.809375 0.08828125 0.0265625 0.0265625
0 0.82421875 0.09140625 0.009375 0.00625
0 0.8421875 0.09765625 0.025 0.025
0 0.86328125 0.1 0.0171875 0.0078125
0 0.89375 0.10625 0.0484375 0.0265625
0 0.4640625 0.1015625 0.1953125 0.0765625
0 0.6609375 0.1390625 0.1328125 0.0671875
0 0.7890625 0.15234375 0.0578125 0.05625
0 0.42890625 0.146875 0.1546875 0.065625
0 0.5875 0.17578125 0.08125 0.0453125
0 0.7734375 0.21171875 0.2125 0.0671875
0 0.42578125 0.20390625 0.1765625 0.071875
0 0.6328125 0.23984375 0.1953125 0.0859375
0 0.82421875 0.28203125 0.1765625 0.1078125
0 0.4078125 0.265625 0.1734375 0.090625
0 0.5453125 0.290625 0.071875 0.065625
0 0.684375 0.30234375 0.18125 0.0703125
0 0.41953125 0.325 0.1984375 0.071875
0 0.646875 0.36328125 0.1875 0.075
0 0.83125 0.39921875 0.165625 0.08125
0 0.33828125 0.38203125 0.0625 0.0515625
0 0.5125 0.403125 0.234375 0.0890625
0 0.725 0.44609375 0.15625 0.0703125
0 0.346875 0.4234375 0.08125 0.0515625
0 0.5234375 0.44921875 0.2578125 0.0953125