0 0.2390625 0.3 0.1515625 0.0390625
0 0.253125 0.5421875 0.15625 0.034375
0 0.228125 0.24765625 0.1109375 0.0390625
0 0.23359375 0.39765625 0.1109375 0.0390625
0 0.2234375 0.26875 0.1234375 0.03125
0 0.23671875 0.75078125 0.1125 0.0359375
0 0.3984375 0.796875 0.0984375 0.0375
0 0.24921875 0.85546875 0.1046875 0.0328125
0 0.23828125 0.42265625 0.1125 0.0296875
0 0.4375 0.87421875 0.08125 0.0359375
0 0.275 0.51328125 0.0984375 0.034375
0 0.23046875 0.6203125 0.0984375 0.03125
0 0.228125 0.34453125 0.1140625 0.03125
0 0.3375 0.6390625 0.103125 0.03125
0 0.5703125 0.59140625 0.128125 0.03125
0 0.34765625 0.23984375 0.0953125 0.03125
0 0.30078125 0.5953125 0.0921875 0.03125
0 0.38671875 0.84609375 0.1 0.0296875
0 0.41640625 0.20546875 0.0875 0.028125
0 0.68984375 0.58125 0.0953125 0.03125
0 0.415625 0.65859375 0.103125 0.0265625
0 0.765625 0.353125 0.0953125 0.0328125
0 0.38203125 0.13125 0.0828125 0.028125
0 0.3765625 0.265625 0.0734375 0.0359375
0 0.53046875 0.7046875 0.0875 0.028125
0 0.4453125 0.81484375 0.0734375 0.0296875
0 0.36015625 0.61328125 0.08125 0.028125
0 0.3171875 0.665625 0.0734375 0.03125
0 0.3109375 0.21484375 0.0625 0.0296875
0 0.76953125 0.4078125 0.0828125 0.028125
0 0.4859375 0.83828125 0.078125 0.0296875
0 0.24765625 0.1140625 0.0625 0.0265625
0 0.77109375 0.3765625 0.0828125 0.0265625
0 0.21953125 0.80625 0.084375 0.0265625
0 0.375 0.53359375 0.071875 0.0265625
0 0.4203125 0.70859375 0.0796875 0.0265625
0 0.51484375 0.67734375 0.08125 0.0265625
0 0.753125 0.275 0.0703125 0.0265625
0 0.3984375 0.18046875 0.0765625 0.0265625
0 0.74140625 0.19921875 0.0703125 0.03125
0 0.29609375 0.7984375 0.0703125 0.028125
0 0.75390625 0.29921875 0.0765625 0.0265625
0 0.215625 0.59609375 0.071875 0.0296875
0 0.1828125 0.14375 0.0671875 0.0265625
0 0.240625 0.2171875 0.065625 0.0265625
0 0.7484375 0.221875 0.06875 0.028125
0 0.3734375 0.56015625 0.125 0.028125
0 0.3875 0.50859375 0.06875 0.0234375
0 0.6015625 0.67109375 0.0765625 0.0234375
0 0.73984375 0.17578125 0.0671875 0.025
0 0.7734375 0.32421875 0.1078125 0.028125
0 0.51875 0.25078125 0.0875 0.0296875
0 0.7515625 0.24765625 0.071875 0.028125
0 0.35625 0.44140625 0.0609375 0.028125
0 0.35390625 0.39296875 0.065625 0.028125
0 0.334375 0.7171875 0.0671875 0.025
0 0.23671875 0.3703125 0.0609375 0.0265625
0 0.5234375 0.27578125 0.1109375 0.0265625
0 0.48828125 0.5515625 0.0671875 0.0234375
0 0.26875 0.16328125 0.0578125 0.0265625
0 0.41875 0.5828125 0.1078125 0.025
0 0.3359375 0.875 0.0625 0.0296875
0 0.5171875 0.65078125 0.0703125 0.0265625
0 0.25234375 0.5671875 0.0515625 0.0265625
0 0.5140625 0.3 0.0703125 0.0234375
0 0.4859375 0.628125 0.065625 0.021875
0 0.496875 0.37734375 0.075 0.021875
0 0.7390625 0.1484375 0.0734375 0.025
0 0.3625 0.82109375 0.0609375 0.028125
0 0.84140625 0.403125 0.05625 0.0296875
0 0.23203125 0.77734375 0.065625 0.025
0 0.1921875 0.7796875 0.06875 0.0375
0 0.6921875 0.5390625 0.075 0.021875
0 0.4578125 0.3296875 0.0671875 0.0203125
0 0.728125 0.12578125 0.065625 0.021875
0 0.33359375 0.69140625 0.0578125 0.0265625
0 0.45390625 0.35625 0.0953125 0.0265625
0 0.175 0.1703125 0.046875 0.025
0 0.54375 0.3484375 0.065625 0.0203125
0 0.10078125 0.125 0.0421875 0.01875
0 0.440625 0.25546875 0.05625 0.0234375
0 0.5015625 0.57578125 0.0640625 0.025
0 0.28203125 0.44296875 0.05 0.0234375
0 0.12890625 0.7859375 0.0546875 0.021875
0 0.571875 0.42890625 0.05 0.0265625
0 0.62890625 0.54296875 0.046875 0.0234375
0 0.31328125 0.265625 0.04375 0.0203125
0 0.56171875 0.396875 0.0453125 0.021875
0 0.57421875 0.54609375 0.0453125 0.0234375
0 0.35546875 0.10703125 0.034375 0.01875
0 0.35625 0.41328125 0.046875 0.0171875
0 0.21328125 0.16875 0.025 0.028125
0 0.61328125 0.265625 0.0375 0.01875
0 0.428125 0.153125 0.20625 0.0296875
0 0.59140625 0.24453125 0.03125 0.0171875
0 0.31484375 0.10703125 0.0203125 0.015625
0 0.4796875 0.5921875 0.046875 0.021875
0 0.36015625 0.21015625 0.021875 0.0109375
0 0.34453125 0.18046875 0.0125 0.009375
0 0.41328125 0.765625 0.0203125 0.0109375
0 0.46328125 0.7890625 0.0171875 0.0140625
0 0.509375 0.34921875 0.015625 0.0109375
0 0.58828125 0.2671875 0.0171875 0.0109375
0 0.4046875 0.434375 0.0125 0.0125
0 0.44296875 0.55390625 0.0140625 0.0109375
0 0.3953125 0.4109375 0.0125 0.0109375
0 0.396875 0.3859375 0.0125 0.0109375
0 0.57109375 0.24453125 0.0140625 0.0109375
0 0.4796875 0.403125 0.065625 0.034375
0 0.46796875 0.43984375 0.090625 0.040625
0 0.33984375 0.7671875 0.115625 0.0359375
0 0.46875 0.75546875 0.0734375 0.0359375
0 0.540625 0.809375 0.090625 0.040625
0 0.5515625 0.89921875 0.1 0.04375
0 0.5171875 0.78203125 0.0796875 0.025
0 0.54609375 0.86328125 0.0921875 0.0421875
0 0.72109375 0.10234375 0.0796875 0.021875