0 0.55859375 0.06484375 0.2625 0.09375
0 0.7515625 0.10859375 0.115625 0.053125
0 0.61796875 0.09921875 0.096875 0.0359375
0 0.25234375 0.0296875 0.1671875 0.059375
0 0.20546875 0.05390625 0.1015625 0.0515625
0 0.33984375 0.0859375 0.0921875 0.04375
0 0.27109375 0.0640625 0.009375 0.00625
0 0.3421875 0.115625 0.1015625 0.0515625
0 0.41328125 0.12890625 0.028125 0.021875
0 0.45546875 0.13515625 0.071875 0.046875
0 0.71953125 0.175 0.0875 0.040625
0 0.8203125 0.2 0.08125 0.0359375
0 0.353125 0.15546875 0.1234375 0.0625
0 0.725 0.2125 0.078125 0.040625
0 0.18671875 0.1546875 0.0859375 0.0453125
0 0.24765625 0.165625 0.0125 0.00625
0 0.30390625 0.178125 0.0546875 0.0375
0 0.3953125 0.19453125 0.0984375 0.0515625
0 0.71328125 0.2375 0.0484375 0.0328125
0 0.75703125 0.24921875 0.025 0.021875
0 0.8140625 0.2578125 0.0875 0.0453125
0 0.7203125 0.27265625 0.05 0.034375
0 0.79921875 0.2890625 0.0796875 0.0421875
0 0.71328125 0.30859375 0.0453125 0.0328125
0 0.17109375 0.221875 0.06875 0.0375
0 0.2578125 0.240625 0.096875 0.046875
0 0.325 0.2515625 0.0125 0.0078125
0 0.37890625 0.25703125 0.0765625 0.04375
0 0.46328125 0.28203125 0.0953125 0.0515625
0 0.575 0.29765625 0.109375 0.053125
0 0.7328125 0.34375 0.096875 0.0546875
0 0.82890625 0.35859375 0.08125 0.04375
0 0.3796875 0.28671875 0.0796875 0.0375
0 0.4328125 0.29765625 0.028125 0.021875
0 0.5203125 0.31328125 0.1109375 0.0515625
0 0.3921875 0.31953125 0.103125 0.0515625
0 0.59296875 0.3640625 0.10625 0.05
0 0.17109375 0.31640625 0.0734375 0.040625
0 0.2421875 0.33046875 0.0140625 0.0078125
0 0.33359375 0.3453125 0.1109375 0.053125
0 0.56953125 0.390625 0.0875 0.0390625
0 0.6671875 0.40625 0.1015625 0.0515625
0 0.32734375 0.36953125 0.078125 0.0375
0 0.565625 0.41796875 0.0796875 0.040625
0 0.65625 0.4359375 0.0765625 0.034375
0 0.3328125 0.3921875 0.096875 0.0484375
0 0.5578125 0.44765625 0.0828125 0.040625
0 0.64375 0.459375 0.071875 0.040625
0 0.17109375 0.39921875 0.09375 0.0453125
0 0.2375 0.41640625 0.0140625 0.00625
0 0.3140625 0.43515625 0.0953125 0.0453125
0 0.55625 0.47265625 0.071875 0.034375
0 0.3171875 0.459375 0.0859375 0.040625
0 0.56796875 0.4984375 0.1203125 0.05
0 0.328125 0.4890625 0.1046875 0.046875
0 0.5640625 0.5265625 0.10625 0.0453125
0 0.33515625 0.51171875 0.0734375 0.0375
0 0.3953125 0.51875 0.053125 0.0296875
0 0.540625 0.55 0.0671875 0.0359375
0 0.396875 0.534375 0.065625 0.0359375
0 0.56328125 0.57265625 0.0953125 0.046875
0 0.17421875 0.5140625 0.1296875 0.05
0 0.25078125 0.53203125 0.0109375 0.0046875
0 0.32109375 0.5453125 0.090625 0.0484375
0 0.38828125 0.55703125 0.059375 0.03125
0 0.309375 0.5625 0.0640625 0.0375
0 0.5390625 0.5921875 0.08125 0.040625
0 0.61640625 0.6046875 0.0640625 0.0359375
0 0.12578125 0.565625 0.0640625 0.0328125
0 0.1859375 0.58125 0.053125 0.034375
0 0.2375 0.5953125 0.009375 0.0046875
0 0.3015625 0.609375 0.0453125 0.03125
0 0.4 0.621875 0.1375 0.05625
0 0.53984375 0.63359375 0.059375 0.034375
0 0.63671875 0.65 0.071875 0.04375
0 0.7609375 0.66953125 0.084375 0.0375
0 0.72734375 0.68828125 0.059375 0.0375
0 0.796875 0.70078125 0.084375 0.0453125
0 0.74140625 0.71015625 0.084375 0.046875
0 0.32421875 0.6375 0.090625 0.0484375
0 0.3953125 0.6484375 0.0328125 0.0203125
0 0.44453125 0.66015625 0.0546875 0.034375
0 0.37109375 0.65859375 0.075 0.0328125
0 0.11953125 0.6375 0.0796875 0.0375
0 0.190625 0.6515625 0.0640625 0.0296875
0 0.24375 0.6640625 0.0125 0.00625
0 0.32421875 0.67734375 0.0671875 0.034375
0 0.3875 0.68359375 0.0546875 0.03125
0 0.3203125 0.70078125 0.0671875 0.04375
0 0.40390625 0.71015625 0.08125 0.0390625
0 0.08984375 0.70703125 0.0671875 0.034375
0 0.16328125 0.72109375 0.0578125 0.028125
0 0.22421875 0.7328125 0.0203125 0.0203125
0 0.07265625 0.73203125 0.0671875 0.0359375
0 0.1296875 0.74140625 0.0328125 0.025
0 0.19609375 0.75703125 0.059375 0.0359375
0 0.0859375 0.765625 0.0875 0.0375
0 0.22578125 0.7953125 0.0640625 0.0375
0 0.3109375 0.8140625 0.109375 0.053125
0 0.45859375 0.840625 0.08125 0.0359375
0 0.5421875 0.86015625 0.06875 0.0328125
0 0.68515625 0.88359375 0.0859375 0.046875
0 0.0796875 0.7859375 0.0765625 0.0375
0 0.23203125 0.8171875 0.065625 0.03125
0 0.29140625 0.83203125 0.05625 0.0296875
0 0.46171875 0.865625 0.08125 0.034375
0 0.5625 0.88359375 0.1109375 0.0484375
0 0.7171875 0.90078125 0.1015625 0.053125
0 0.0875 0.80703125 0.1046875 0.046875
0 0.228125 0.8390625 0.0640625 0.0375
0 0.46015625 0.88671875 0.0859375 0.0421875
0 0.534375 0.9015625 0.0546875 0.034375
0 0.6671875 0.91875 0.06875 0.040625
0 0.46484375 0.91015625 0.0671875 0.0390625
0 0.49453125 0.934375 0.1234375 0.0625
0 0.29296875 0.85625 0.0625 0.0296875
0 0.81015625 0.71953125 0.0625 0.0375
0 0.7453125 0.925 0.0890625 0.059375
0 0.68359375 0.65625 0.0140625 0.0078125
0 0.5859375 0.63984375 0.0234375 0.015625