0 0.29453125 0.034375 0.28125 0.0375
0 0.2078125 0.09140625 0.0875 0.03125
0 0.37890625 0.08125 0.1640625 0.03125
0 0.07265625 0.1375 0.125 0.04375
0 0.23515625 0.15625 0.20625 0.0515625
0 0.1015625 0.1953125 0.090625 0.0296875
0 0.07890625 0.1671875 0.0546875 0.0359375
0 0.0875 0.27734375 0.175 0.0421875
0 0.16953125 0.3046875 0.20625 0.046875
0 0.42890625 0.2921875 0.296875 0.0578125
0 0.03828125 0.32578125 0.0765625 0.0296875
0 0.18359375 0.3421875 0.159375 0.04375
0 0.1375 0.38828125 0.01875 0.0078125
0 0.22734375 0.3796875 0.09375 0.03125
0 0.50546875 0.4609375 0.0328125 0.0125
0 0.08125 0.509375 0.1265625 0.0328125
0 0.2109375 0.51328125 0.0984375 0.021875
0 0.3359375 0.51484375 0.10625 0.0265625
0 0.4640625 0.51328125 0.15 0.0296875
0 0.05 0.5484375 0.0359375 0.0265625
0 0.2046875 0.55625 0.1578125 0.03125
0 0.3296875 0.546875 0.1453125 0.0390625
0 0.05546875 0.61015625 0.028125 0.0265625
0 0.18828125 0.61015625 0.0921875 0.040625
0 0.27109375 0.6015625 0.04375 0.025
0 0.37421875 0.60703125 0.1203125 0.040625
0 0.1921875 0.42578125 0.1625 0.0296875
0 0.1796875 0.46953125 0.134375 0.034375
0 0.2953125 0.465625 0.0328125 0.028125
0 0.37109375 0.4640625 0.0328125 0.028125
0 0.44296875 0.4640625 0.06875 0.034375
0 0.5875 0.453125 0.1171875 0.0515625
0 0.7046875 0.46328125 0.1203125 0.0625
0 0.815625 0.46875 0.0703125 0.0328125
0 0.62890625 0.5921875 0.3078125 0.05625
0 0.81796875 0.59609375 0.0484375 0.03125
0 0.553125 0.6359375 0.225 0.04375