0 0.253125 0.13125 0.0984375 0.046875
0 0.4953125 0.10234375 0.1984375 0.05
0 0.13203125 0.18515625 0.065625 0.034375
0 0.26953125 0.16875 0.190625 0.05625
0 0.51875 0.1359375 0.26875 0.075
0 0.13125 0.228125 0.0609375 0.03125
0 0.28359375 0.20859375 0.2203125 0.06875
0 0.525 0.18125 0.05625 0.03125
0 0.634375 0.16484375 0.13125 0.0546875
0 0.15625 0.26953125 0.075 0.0328125
0 0.23515625 0.2609375 0.078125 0.025
0 0.3203125 0.2890625 0.0578125 0.0296875
0 0.4828125 0.26484375 0.0375 0.03125
0 0.12890625 0.528125 0.0359375 0.0265625
0 0.18984375 0.51796875 0.0828125 0.0296875
0 0.2796875 0.509375 0.090625 0.0359375
0 0.35546875 0.496875 0.05625 0.025
0 0.56953125 0.475 0.3375 0.09375
0 0.27109375 0.5640625 0.275 0.0875
0 0.478125 0.53125 0.0984375 0.0609375
0 0.715625 0.50625 0.328125 0.1046875
0 0.184375 0.6234375 0.2625 0.075
0 0.40859375 0.58515625 0.0859375 0.0296875
0 0.50703125 0.57265625 0.10625 0.0328125
0 0.69453125 0.5515625 0.240625 0.08125
0 0.2 0.6890625 0.1515625 0.0515625
0 0.35 0.66875 0.084375 0.04375
0 0.52421875 0.653125 0.196875 0.0625
0 0.71171875 0.62265625 0.1296875 0.0484375
0 0.246875 0.72578125 0.2203125 0.0703125
0 0.4265625 0.696875 0.0625 0.0421875
0 0.546875 0.684375 0.0953125 0.040625
0 0.68515625 0.66875 0.125 0.04375
0 0.79921875 0.653125 0.065625 0.0375
0 0.221875 0.76328125 0.1875 0.0609375
0 0.4046875 0.74453125 0.0828125 0.0390625
0 0.59296875 0.72734375 0.2140625 0.059375
0 0.76171875 0.709375 0.06875 0.0421875
0 0.25234375 0.80078125 0.2734375 0.084375
0 0.47890625 0.77578125 0.0921875 0.0375
0 0.62578125 0.7578125 0.1578125 0.0484375
0 0.76328125 0.73828125 0.0703125 0.0421875
0 0.196875 0.8515625 0.1484375 0.053125
0 0.3953125 0.8265625 0.1890625 0.0640625
0 0.34453125 0.871875 0.11875 0.04375
0 0.50078125 0.86015625 0.1703125 0.071875
0 0.25234375 0.30234375 0.065625 0.0484375
0 0.4453125 0.28125 0.065625 0.0640625
0 0.36640625 0.11796875 0.046875 0.028125