0 0.34296875 0.0984375 0.1625 0.1359375
0 0.459375 0.075 0.0234375 0.0390625
0 0.8859375 0.09765625 0.1421875 0.09375
0 0.9640625 0.078125 0.0234375 0.028125
0 0.79765625 0.1546875 0.1734375 0.0546875
0 0.80859375 0.20234375 0.146875 0.053125
0 0.31796875 0.1703125 0.1703125 0.0640625
0 0.16640625 0.26953125 0.0640625 0.046875
0 0.44609375 0.31484375 0.15625 0.0546875
0 0.16484375 0.40625 0.1078125 0.053125
0 0.45625 0.43046875 0.0921875 0.0421875
0 0.809375 0.3515625 0.1078125 0.0703125
0 0.6875 0.39375 0.1078125 0.0484375
0 0.78359375 0.40859375 0.0296875 0.0171875
0 0.8703125 0.41328125 0.15 0.053125
0 0.4140625 0.534375 0.146875 0.0515625
0 0.80546875 0.47421875 0.1390625 0.046875
0 0.375 0.62265625 0.078125 0.0390625
0 0.63046875 0.58125 0.1359375 0.0765625
0 0.78828125 0.58984375 0.146875 0.0921875
0 0.1390625 0.72421875 0.1625 0.05
0 0.2703125 0.7359375 0.04375 0.0421875
0 0.36171875 0.7390625 0.103125 0.0484375
0 0.15234375 0.7703125 0.1046875 0.03125
0 0.315625 0.784375 0.1515625 0.0359375
0 0.66953125 0.771875 0.13125 0.0421875
0 0.56953125 0.803125 0.078125 0.04375
0 0.778125 0.82265625 0.1203125 0.059375
0 0.09609375 0.85546875 0.04375 0.0453125
0 0.14765625 0.840625 0.05625 0.0515625
0 0.19296875 0.8625 0.015625 0.00625
0 0.27109375 0.86953125 0.1359375 0.059375
0 0.56171875 0.87421875 0.11875 0.059375
0 0.8234375 0.9 0.071875 0.040625