0 0.078125 0.1875 0.15625 0.15
0 0.29453125 0.1171875 0.265625 0.1640625
0 0.45859375 0.10625 0.0796875 0.1578125
0 0.57578125 0.0703125 0.2328125 0.140625
0 0.07734375 0.334375 0.1546875 0.121875
0 0.24609375 0.32421875 0.16875 0.1953125
0 0.46328125 0.2625 0.2765625 0.1671875
0 0.11953125 0.52890625 0.2046875 0.1578125
0 0.2515625 0.47421875 0.0734375 0.0984375
0 0.3390625 0.4625 0.0984375 0.0984375
0 0.478125 0.4609375 0.20625 0.1953125
0 0.61796875 0.40859375 0.0890625 0.096875
0 0.73125 0.39140625 0.1703125 0.121875
0 0.89453125 0.38828125 0.1484375 0.146875
0 0.08359375 0.67421875 0.071875 0.090625
0 0.16015625 0.665625 0.1015625 0.1078125
0 0.29375 0.63984375 0.1890625 0.14375
0 0.4296875 0.5921875 0.1046875 0.109375
0 0.546875 0.59453125 0.1390625 0.1171875
0 0.6421875 0.57734375 0.075 0.09375
0 0.74296875 0.54765625 0.15 0.1234375
0 0.1234375 0.85234375 0.078125 0.0921875
0 0.25 0.80703125 0.171875 0.1296875
0 0.42109375 0.775 0.1609375 0.1109375
0 0.6671875 0.73046875 0.3234375 0.165625
0 0.84609375 0.69921875 0.0578125 0.0734375
0 0.9390625 0.68046875 0.121875 0.1140625
0 0.20390625 0.9609375 0.2046875 0.078125