0 0.534375 0.021875 0.1375 0.04375
0 0.3359375 0.13359375 0.2640625 0.14375
0 0.5375 0.08671875 0.109375 0.053125
0 0.6828125 0.07578125 0.140625 0.071875
0 0.2515625 0.2078125 0.3 0.10625
0 0.4265625 0.1875 0.0265625 0.0390625
0 0.50625 0.178125 0.0859375 0.0421875
0 0.671875 0.16328125 0.228125 0.096875
0 0.82109375 0.121875 0.05 0.0265625
0 0.884375 0.10703125 0.08125 0.0375
0 0.115625 0.27578125 0.1421875 0.053125
0 0.2921875 0.2578125 0.1359375 0.046875
0 0.39765625 0.23671875 0.0578125 0.0359375
0 0.54375 0.21171875 0.1734375 0.0640625
0 0.64765625 0.19765625 0.021875 0.0328125
0 0.76484375 0.17109375 0.1546875 0.0578125
0 0.17265625 0.31640625 0.1453125 0.0609375
0 0.30078125 0.29453125 0.053125 0.03125
0 0.490625 0.265625 0.2421875 0.0703125
0 0.77109375 0.209375 0.0265625 0.0265625
0 0.2171875 0.36875 0.18125 0.0984375
0 0.3640625 0.33125 0.0546875 0.0296875
0 0.471875 0.3109375 0.1125 0.05
0 0.63046875 0.3015625 0.146875 0.0796875
0 0.81640625 0.24921875 0.034375 0.028125
0 0.8328125 0.3078125 0.228125 0.103125
0 0.67890625 0.32109375 0.0625 0.0296875
0 0.54765625 0.34609375 0.14375 0.053125
0 0.40390625 0.37265625 0.0796875 0.0375
0 0.2109375 0.41171875 0.246875 0.0984375
0 0.1203125 0.4671875 0.065625 0.0328125
0 0.21875 0.44453125 0.1 0.04375
0 0.40625 0.41171875 0.2484375 0.078125
0 0.70546875 0.35078125 0.0515625 0.046875
0 0.24453125 0.4828125 0.29375 0.096875
0 0.68828125 0.40078125 0.0171875 0.0265625
0 0.7671875 0.425 0.03125 0.028125
0 0.4703125 0.49375 0.18125 0.059375
0 0.2375 0.53671875 0.2609375 0.084375
0 0.20859375 0.5953125 0.178125 0.1125
0 0.45 0.553125 0.296875 0.1203125
0 0.684375 0.509375 0.15 0.0765625
0 0.81640625 0.46484375 0.0296875 0.0328125
0 0.834375 0.51328125 0.040625 0.0375
0 0.6421875 0.571875 0.1734375 0.1015625
0 0.50234375 0.578125 0.0765625 0.0359375
0 0.41015625 0.59765625 0.0453125 0.0234375
0 0.26796875 0.63359375 0.228125 0.0875
0 0.29140625 0.6796875 0.25 0.1046875
0 0.31171875 0.70546875 0.334375 0.1015625
0 0.378125 0.03984375 0.159375 0.0765625