0 0.059375 0.09375 0.04375 0.046875
0 0.11640625 0.090625 0.05625 0.059375
0 0.1734375 0.08359375 0.0609375 0.059375
0 0.24296875 0.0765625 0.0921875 0.071875
0 0.3296875 0.07265625 0.0625 0.0546875
0 0.3921875 0.075 0.0671875 0.0578125
0 0.45625 0.065625 0.0625 0.06875
0 0.559375 0.06171875 0.1 0.053125
0 0.6484375 0.0484375 0.0734375 0.0515625
0 0.74453125 0.0609375 0.075 0.075
0 0.821875 0.04453125 0.0609375 0.0453125
0 0.13203125 0.1984375 0.10625 0.078125
0 0.26328125 0.2 0.11875 0.0875
0 0.38359375 0.17578125 0.1140625 0.065625
0 0.4859375 0.171875 0.0578125 0.040625
0 0.58359375 0.16015625 0.0796875 0.0515625
0 0.7 0.15078125 0.1359375 0.0671875
0 0.82421875 0.16328125 0.0828125 0.078125
0 0.88984375 0.16328125 0.04375 0.0875
0 0.11484375 0.30703125 0.06875 0.084375
0 0.1859375 0.28828125 0.040625 0.0703125
0 0.24296875 0.29296875 0.0484375 0.05
0 0.3640625 0.29453125 0.146875 0.0703125
0 0.49140625 0.30078125 0.0515625 0.0703125
0 0.5671875 0.28046875 0.059375 0.053125
0 0.67890625 0.2734375 0.125 0.071875
0 0.78203125 0.2625 0.05 0.059375
0 0.8546875 0.25703125 0.046875 0.05
0 0.165625 0.4171875 0.1578125 0.065625
0 0.3078125 0.41171875 0.096875 0.0671875
0 0.39453125 0.403125 0.0765625 0.08125
0 0.49140625 0.3875 0.059375 0.0453125
0 0.58359375 0.3953125 0.109375 0.096875
0 0.690625 0.38046875 0.0625 0.0515625
0 0.78984375 0.36875 0.090625 0.05625
0 0.171875 0.52421875 0.1453125 0.115625
0 0.3296875 0.5359375 0.103125 0.096875