0 0.178125 0.05703125 0.06875 0.0296875
0 0.22265625 0.06015625 0.00625 0.0234375
0 0.25546875 0.0625 0.0453125 0.0265625
0 0.325 0.06796875 0.0890625 0.0296875
0 0.39140625 0.07421875 0.0296875 0.0265625
0 0.30625 0.1375 0.140625 0.0453125
0 0.1875 0.234375 0.0640625 0.028125
0 0.228125 0.234375 0.0046875 0.0171875
0 0.25546875 0.23671875 0.0359375 0.0203125
0 0.31875 0.24609375 0.08125 0.028125
0 0.38828125 0.246875 0.0546875 0.025
0 0.60703125 0.271875 0.33125 0.0640625
0 0.6203125 0.3078125 0.15625 0.065625
0 0.15546875 0.29609375 0.021875 0.0234375
0 0.75703125 0.35 0.0359375 0.0265625
0 0.36328125 0.36953125 0.021875 0.021875
0 0.4953125 0.3984375 0.028125 0.03125
0 0.1375 0.39296875 0.03125 0.028125
0 0.32421875 0.41796875 0.021875 0.025
0 0.55 0.46953125 0.03125 0.0234375
0 0.71484375 0.471875 0.0265625 0.025
0 0.31953125 0.49375 0.359375 0.090625
0 0.165625 0.51328125 0.0921875 0.0296875
0 0.3265625 0.53203125 0.0859375 0.034375
0 0.16875 0.56171875 0.084375 0.0359375
0 0.696875 0.6109375 0.15625 0.05
0 0.2234375 0.61171875 0.20625 0.0515625
0 0.41328125 0.62890625 0.0984375 0.03125
0 0.6125 0.65 0.1578125 0.0703125
0 0.74296875 0.64765625 0.0453125 0.0296875
0 0.184375 0.646875 0.1578125 0.040625
0 0.146875 0.7046875 0.05 0.0296875
0 0.2171875 0.72109375 0.0578125 0.059375
0 0.18359375 0.75859375 0.05 0.0296875
0 0.334375 0.76875 0.14375 0.0421875
0 0.48203125 0.7765625 0.04375 0.03125
0 0.57421875 0.7859375 0.090625 0.0375
0 0.7125 0.78828125 0.1125 0.0421875
0 0.36640625 0.65703125 0.165625 0.053125
0 0.42578125 0.60234375 0.2984375 0.084375
0 0.54375 0.55078125 0.21875 0.09375
0 0.64296875 0.521875 0.1953125 0.08125
0 0.196875 0.80390625 0.090625 0.0390625
0 0.33515625 0.8109375 0.0796875 0.0390625
0 0.46953125 0.8296875 0.1296875 0.065625
0 0.59921875 0.8265625 0.0828125 0.0375
0 0.40625 0.8578125 0.459375 0.1015625
0 0.7390625 0.559375 0.1125 0.0359375