0 0.2046875 0.02890625 0.18125 0.0578125
0 0.33984375 0.03515625 0.025 0.0453125
0 0.4875 0.0828125 0.1875 0.165625
0 0.6828125 0.078125 0.1203125 0.1046875
0 0.85625 0.11953125 0.1515625 0.1109375
0 0.409375 0.14609375 0.103125 0.0921875
0 0.65625 0.171875 0.25625 0.125
0 0.8796875 0.2171875 0.1953125 0.1328125
0 0.440625 0.20234375 0.6890625 0.265625
0 0.72265625 0.396875 0.440625 0.15625
0 0.21875 0.4140625 0.3109375 0.14375
0 0.4390625 0.45078125 0.1046875 0.034375
0 0.49921875 0.57578125 0.725 0.228125
0 0.54296875 0.6609375 0.4015625 0.1546875
0 0.09296875 0.7078125 0.1859375 0.128125
0 0.2671875 0.72578125 0.1234375 0.0625
0 0.528125 0.87109375 0.5984375 0.190625