0 0.30546875 0.04609375 0.1453125 0.0859375
0 0.15703125 0.0859375 0.0390625 0.04375
0 0.19375 0.0859375 0.0234375 0.0296875
0 0.25234375 0.0875 0.0671875 0.0484375
0 0.41015625 0.10390625 0.0734375 0.0421875
0 0.5359375 0.1171875 0.1703125 0.08125
0 0.69453125 0.115625 0.09375 0.05
0 0.81875 0.128125 0.1046875 0.0546875
0 0.8890625 0.1390625 0.0375 0.0328125
0 0.95546875 0.1390625 0.0609375 0.034375
0 0.0953125 0.19453125 0.028125 0.034375
0 0.17734375 0.20859375 0.1484375 0.0765625
0 0.27421875 0.2234375 0.0328125 0.059375
0 0.3640625 0.2125 0.1203125 0.0515625
0 0.47578125 0.221875 0.0640625 0.053125
0 0.559375 0.23046875 0.06875 0.0453125
0 0.69296875 0.2328125 0.134375 0.065625
0 0.81328125 0.24921875 0.059375 0.0359375
0 0.91328125 0.25234375 0.13125 0.0609375
0 0.14375 0.3109375 0.1515625 0.0671875
0 0.25625 0.31953125 0.0375 0.034375
0 0.32890625 0.3203125 0.0859375 0.0515625
0 0.42421875 0.334375 0.0265625 0.028125
0 0.5265625 0.33828125 0.1296875 0.05625
0 0.6609375 0.35625 0.1046875 0.06875
0 0.77734375 0.353125 0.109375 0.0625
0 0.87578125 0.3640625 0.0515625 0.0546875
0 0.94609375 0.375 0.1015625 0.084375
0 0.08515625 0.43203125 0.05625 0.0484375
0 0.18515625 0.43828125 0.1265625 0.06875
0 0.66484375 0.4859375 0.1140625 0.1828125
0 0.86875 0.5125 0.1640625 0.11875