0 0.02734375 0.21796875 0.0375 0.0359375
0 0.115625 0.2109375 0.0859375 0.096875
0 0.228125 0.18984375 0.103125 0.0734375
0 0.37265625 0.16875 0.1421875 0.096875
0 0.5828125 0.1484375 0.2265625 0.1046875
0 0.73984375 0.10078125 0.071875 0.0515625
0 0.8421875 0.10703125 0.075 0.0671875
0 0.91328125 0.0828125 0.0359375 0.046875
0 0.05390625 0.26171875 0.0796875 0.059375
0 0.16875 0.24765625 0.1125 0.05
0 0.3515625 0.2359375 0.203125 0.0921875
0 0.51171875 0.19296875 0.0828125 0.0453125
0 0.6296875 0.1859375 0.103125 0.0609375
0 0.753125 0.153125 0.096875 0.0609375
0 0.84453125 0.13828125 0.0375 0.0421875
0 0.9078125 0.128125 0.0515625 0.0609375
0 0.025 0.35078125 0.040625 0.034375
0 0.06171875 0.34765625 0.0125 0.0546875
0 0.18125 0.32578125 0.128125 0.06875
0 0.3109375 0.31875 0.1109375 0.0625
0 0.459375 0.2859375 0.1296875 0.0546875
0 0.58515625 0.2625 0.0859375 0.0484375
0 0.66875 0.25 0.0296875 0.034375
0 0.76015625 0.24609375 0.1328125 0.071875
0 0.90546875 0.2109375 0.1328125 0.078125
0 0.0671875 0.40859375 0.065625 0.0765625
0 0.2484375 0.3609375 0.2640625 0.08125
0 0.42265625 0.340625 0.0078125 0.03125
0 0.5109375 0.3234375 0.115625 0.05625
0 0.66640625 0.2984375 0.1359375 0.0578125
0 0.78671875 0.28203125 0.04375 0.04375
0 0.9015625 0.2625 0.1328125 0.059375
0 0.0859375 0.4421875 0.084375 0.05625
0 0.17421875 0.421875 0.046875 0.0578125
0 0.28203125 0.40390625 0.115625 0.05
0 0.0453125 0.515625 0.0296875 0.0328125
0 0.103125 0.50234375 0.0984375 0.078125
0 0.203125 0.50078125 0.06875 0.05
0 0.31875 0.47734375 0.1125 0.06875
0 0.50546875 0.4546875 0.2390625 0.109375
0 0.6859375 0.43359375 0.1125 0.08125
0 0.80078125 0.4015625 0.0453125 0.0421875
0 0.9125 0.4046875 0.1046875 0.06875
0 0.08515625 0.57109375 0.0765625 0.06875
0 0.19296875 0.54609375 0.06875 0.040625
0 0.2828125 0.534375 0.06875 0.053125
0 0.38984375 0.5265625 0.0796875 0.0734375
0 0.515625 0.50390625 0.0765625 0.0671875
0 0.628125 0.478125 0.071875 0.0390625
0 0.78203125 0.45390625 0.1015625 0.05
0 0.92890625 0.428125 0.084375 0.05625
0 0.10078125 0.6046875 0.0984375 0.0734375
0 0.20078125 0.59921875 0.0859375 0.0734375
0 0.33828125 0.5828125 0.0734375 0.0671875
0 0.46640625 0.5546875 0.096875 0.071875
0 0.59921875 0.52265625 0.0875 0.0625
0 0.7390625 0.51484375 0.1 0.084375
0 0.0546875 0.7 0.0265625 0.0375
0 0.103125 0.69765625 0.0515625 0.059375
0 0.19765625 0.69140625 0.084375 0.075
0 0.340625 0.64765625 0.1265625 0.0734375
0 0.453125 0.6390625 0.0578125 0.05
0 0.59296875 0.615625 0.1546875 0.06875
0 0.81953125 0.58828125 0.2296875 0.075
0 0.97734375 0.58046875 0.0453125 0.0640625
0 0.1109375 0.7421875 0.0828125 0.0515625
0 0.228125 0.73515625 0.1078125 0.090625
0 0.34921875 0.703125 0.1109375 0.071875
0 0.50390625 0.684375 0.1390625 0.0875
0 0.63203125 0.665625 0.0515625 0.05
0 0.70546875 0.659375 0.053125 0.071875
0 0.78828125 0.64140625 0.1046875 0.0703125
0 0.9234375 0.625 0.15 0.065625
0 0.15390625 0.79453125 0.15 0.0890625
0 0.3265625 0.77109375 0.109375 0.0796875
0 0.4734375 0.7296875 0.1046875 0.0515625
0 0.61015625 0.7125 0.1171875 0.0703125
0 0.79609375 0.684375 0.2265625 0.08125
0 0.959375 0.6640625 0.08125 0.05
0 0.08984375 0.87578125 0.0203125 0.0296875
0 0.14453125 0.878125 0.0546875 0.0671875
0 0.24453125 0.871875 0.1 0.084375
0 0.61875 0.81328125 0.16875 0.0953125
0 0.78828125 0.778125 0.134375 0.06875
0 0.909375 0.75859375 0.053125 0.05625
0 0.9765625 0.75546875 0.046875 0.0515625
0 0.14296875 0.9265625 0.1109375 0.0578125
0 0.30078125 0.8953125 0.1046875 0.0515625
0 0.47421875 0.875 0.1328125 0.0625
0 0.6046875 0.85625 0.059375 0.0453125
0 0.70078125 0.846875 0.1125 0.0625
0 0.8359375 0.81640625 0.084375 0.0484375
0 0.9484375 0.8078125 0.103125 0.059375
0 0.30546875 0.9578125 0.084375 0.0671875
0 0.4296875 0.92578125 0.078125 0.040625
0 0.5296875 0.9140625 0.03125 0.028125
0 0.66640625 0.88671875 0.14375 0.065625
0 0.41484375 0.8296875 0.165625 0.0765625
0 0.159375 0.96953125 0.134375 0.0609375