0 0.140625 0.22109375 0.1921875 0.1140625
0 0.3578125 0.21171875 0.1875 0.1125
0 0.559375 0.171875 0.103125 0.0765625
0 0.70234375 0.1671875 0.1640625 0.0765625
0 0.10703125 0.36484375 0.1 0.0890625
0 0.2421875 0.34921875 0.103125 0.084375
0 0.4578125 0.334375 0.2734375 0.1765625
0 0.71171875 0.2828125 0.1765625 0.1015625
0 0.1359375 0.49609375 0.040625 0.0140625
0 0.2203125 0.475 0.115625 0.0984375
0 0.39765625 0.45390625 0.175 0.1046875
0 0.61875 0.4265625 0.196875 0.1046875
0 0.2515625 0.5921875 0.2421875 0.125
0 0.48203125 0.59453125 0.1609375 0.1203125
0 0.68125 0.53671875 0.20625 0.1359375
0 0.8265625 0.50859375 0.078125 0.078125
0 0.21484375 0.71875 0.1140625 0.0703125
0 0.396875 0.7078125 0.1890625 0.146875
0 0.59921875 0.659375 0.209375 0.1296875
0 0.80390625 0.621875 0.146875 0.0859375
0 0.26796875 0.815625 0.1609375 0.084375
0 0.55 0.76171875 0.146875 0.071875
0 0.65703125 0.81171875 0.0734375 0.0578125
0 0.8328125 0.7796875 0.190625 0.0828125
0 0.309375 0.8796875 0.14375 0.078125