0 0.2 0.08046875 0.03125 0.071875
0 0.271875 0.040625 0.015625 0.0171875
0 0.340625 0.1203125 0.134375 0.1234375
0 0.51171875 0.0921875 0.2296875 0.184375
0 0.6515625 0.0640625 0.065625 0.084375
0 0.746875 0.065625 0.15625 0.13125
0 0.86875 0.02578125 0.10625 0.0515625
0 0.08515625 0.29375 0.1671875 0.171875
0 0.22109375 0.2359375 0.10625 0.096875
0 0.34765625 0.21328125 0.1484375 0.1125
0 0.5359375 0.18828125 0.1515625 0.134375
0 0.671875 0.12421875 0.1375 0.1140625
0 0.7734375 0.16953125 0.13125 0.1328125
0 0.8859375 0.1296875 0.125 0.1078125
0 0.08046875 0.35859375 0.1609375 0.1328125
0 0.2328125 0.34296875 0.1578125 0.1296875
0 0.33515625 0.3140625 0.0296875 0.065625
0 0.42109375 0.2796875 0.1546875 0.10625
0 0.51953125 0.26484375 0.03125 0.06875
0 0.56796875 0.26796875 0.0703125 0.0421875
0 0.61796875 0.259375 0.03125 0.0390625
0 0.7640625 0.22734375 0.2703125 0.18125
0 0.92265625 0.1890625 0.053125 0.053125
0 0.0984375 0.49140625 0.1234375 0.134375
0 0.19765625 0.4453125 0.11875 0.1515625
0 0.321875 0.396875 0.0296875 0.0703125
0 0.39921875 0.39453125 0.1171875 0.1390625
0 0.5328125 0.3359375 0.1671875 0.1140625
0 0.63046875 0.315625 0.034375 0.0734375
0 0.71171875 0.29453125 0.159375 0.1140625
0 0.8578125 0.26171875 0.1640625 0.1140625
0 0.0765625 0.596875 0.14375 0.1140625
0 0.1671875 0.55234375 0.046875 0.0515625
0 0.23984375 0.56875 0.121875 0.14375
0 0.321875 0.509375 0.078125 0.0546875
0 0.4421875 0.484375 0.15625 0.184375
0 0.6046875 0.43359375 0.196875 0.0875
0 0.74453125 0.39375 0.0578125 0.0515625
0 0.8765625 0.359375 0.23125 0.1875
0 0.0984375 0.62734375 0.128125 0.1171875
0 0.215625 0.678125 0.1140625 0.1421875
0 0.3171875 0.57734375 0.1578125 0.1125
0 0.4015625 0.571875 0.04375 0.06875
0 0.48828125 0.53125 0.1453125 0.1265625
0 0.58828125 0.52890625 0.0390625 0.0609375
0 0.734375 0.49765625 0.2609375 0.1765625
0 0.88828125 0.47578125 0.1046875 0.1703125
0 0.94140625 0.48671875 0.1171875 0.1484375
0 0.11796875 0.71875 0.125 0.121875
0 0.28671875 0.67734375 0.1140625 0.1
0 0.3640625 0.6828125 0.0375 0.0390625
0 0.41875 0.64765625 0.0875 0.09375
0 0.50625 0.63203125 0.1234375 0.1640625
0 0.6453125 0.5890625 0.19375 0.1265625
0 0.76953125 0.55703125 0.0328125 0.0796875
0 0.8234375 0.5375 0.1171875 0.1109375
0 0.93671875 0.52265625 0.1265625 0.1296875
0 0.11328125 0.81015625 0.05 0.0671875
0 0.2609375 0.7765625 0.21875 0.1734375
0 0.434375 0.76171875 0.140625 0.1046875
0 0.52265625 0.71953125 0.0390625 0.065625
0 0.65625 0.7015625 0.1921875 0.1421875
0 0.790625 0.68828125 0.11875 0.153125
0 0.84296875 0.64140625 0.0453125 0.0796875
0 0.91875 0.615625 0.1625 0.171875
0 0.15 0.91015625 0.090625 0.1109375
0 0.26171875 0.86328125 0.1484375 0.16875
0 0.4046875 0.80234375 0.1703125 0.1203125
0 0.53671875 0.81875 0.0984375 0.1125
0 0.64609375 0.74609375 0.1390625 0.1109375
0 0.75234375 0.75390625 0.04375 0.059375
0 0.87421875 0.7078125 0.21875 0.1203125
0 0.15703125 0.959375 0.0453125 0.08125
0 0.2265625 0.934375 0.125 0.1265625
0 0.3859375 0.9109375 0.1953125 0.13125
0 0.51484375 0.8921875 0.09375 0.159375
0 0.61953125 0.88046875 0.1640625 0.096875
0 0.7265625 0.85 0.04375 0.04375
0 0.8296875 0.81015625 0.1640625 0.10625
0 0.96015625 0.77109375 0.0640625 0.071875