0 0.66171875 0.37578125 0.2234375 0.0890625
0 0.31015625 0.36953125 0.1328125 0.0640625
0 0.603125 0.1484375 0.15 0.0640625
0 0.59140625 0.2 0.115625 0.0578125
0 0.21328125 0.13046875 0.10625 0.0609375
0 0.31953125 0.24453125 0.103125 0.065625
0 0.446875 0.14921875 0.1296875 0.046875
0 0.465625 0.19609375 0.1 0.0578125
0 0.6515625 0.54140625 0.1625 0.0375
0 0.56015625 0.25390625 0.1296875 0.0515625
0 0.8828125 0.5734375 0.1921875 0.0328125
0 0.328125 0.66171875 0.140625 0.0328125
0 0.328125 0.140625 0.0984375 0.0578125
0 0.81328125 0.27421875 0.0890625 0.0578125
0 0.5 0.37265625 0.0765625 0.053125
0 0.74609375 0.50703125 0.096875 0.040625
0 0.21484375 0.190625 0.090625 0.040625
0 0.2078125 0.2390625 0.0796875 0.0578125
0 0.49765625 0.53828125 0.109375 0.040625
0 0.4625 0.07890625 0.0765625 0.0421875
0 0.609375 0.578125 0.09375 0.0421875
0 0.3171875 0.19609375 0.08125 0.0421875
0 0.3734375 0.58671875 0.0671875 0.046875
0 0.846875 0.5015625 0.0953125 0.0359375
0 0.565625 0.07890625 0.10625 0.028125
0 0.43125 0.2421875 0.0828125 0.04375
0 0.846875 0.1703125 0.071875 0.05625
0 0.72734375 0.2546875 0.0765625 0.0390625
0 0.78671875 0.53828125 0.0890625 0.03125
0 0.3828125 0.53984375 0.08125 0.034375
0 0.7375 0.5796875 0.06875 0.0375
0 0.09296875 0.53359375 0.1015625 0.0265625
0 0.9359375 0.15625 0.0671875 0.0484375
0 0.0765625 0.621875 0.0703125 0.0328125
0 0.20390625 0.35703125 0.0640625 0.0375
0 0.51796875 0.50859375 0.065625 0.040625
0 0.1453125 0.49609375 0.2078125 0.0328125
0 0.77578125 0.14765625 0.0671875 0.034375
0 0.45 0.5796875 0.0703125 0.0234375
0 0.88125 0.53671875 0.0625 0.0296875
0 0.37109375 0.496875 0.0609375 0.0296875
0 0.41328125 0.36328125 0.0453125 0.0359375
0 0.70234375 0.153125 0.0453125 0.034375
0 0.65390625 0.24921875 0.0328125 0.04375
0 0.72421875 0.621875 0.0546875 0.025
0 0.3875 0.19140625 0.03125 0.0453125
0 0.5171875 0.57265625 0.0484375 0.03125
0 0.68125 0.57890625 0.040625 0.0359375
0 0.14375 0.3546875 0.0203125 0.0359375
0 0.14375 0.18984375 0.0234375 0.03125
0 0.4625 0.5 0.0234375 0.021875
0 0.89453125 0.64921875 0.09375 0.0453125
0 0.13828125 0.1265625 0.0171875 0.0296875
0 0.97265625 0.81328125 0.0125 0.0234375
0 0.1453125 0.25234375 0.0234375 0.04375
0 0.425 0.49609375 0.0296875 0.028125
0 0.6265625 0.49609375 0.1390625 0.0515625
0 0.93125 0.49921875 0.0546875 0.0375