0 0.36328125 0.228125 0.084375 0.0765625
0 0.46484375 0.2359375 0.071875 0.0328125
0 0.5734375 0.21953125 0.103125 0.09375
0 0.71953125 0.2265625 0.115625 0.0953125
0 0.32109375 0.33984375 0.1 0.0921875
0 0.465625 0.34453125 0.1390625 0.078125
0 0.55859375 0.359375 0.0421875 0.05
0 0.646875 0.3453125 0.0515625 0.0546875
0 0.75 0.3390625 0.1046875 0.0703125
0 0.34609375 0.49453125 0.225 0.1515625
0 0.5953125 0.48671875 0.228125 0.16875
0 0.7421875 0.459375 0.090625 0.096875
0 0.334375 0.590625 0.159375 0.090625
0 0.72421875 0.578125 0.128125 0.09375
0 0.259375 0.73515625 0.0765625 0.090625
0 0.384375 0.76015625 0.1796875 0.1828125
0 0.5578125 0.728125 0.1109375 0.084375
0 0.70703125 0.72265625 0.1296875 0.06875
0 0.51484375 0.59765625 0.0359375 0.075
0 0.59296875 0.59140625 0.1265625 0.0953125