0 0.08671875 0.06015625 0.0640625 0.0328125
0 0.21953125 0.05703125 0.159375 0.0703125
0 0.3125 0.0609375 0.0171875 0.0328125
0 0.73671875 0.028125 0.1546875 0.05625
0 0.08671875 0.1421875 0.0328125 0.0625
0 0.15703125 0.13984375 0.084375 0.08125
0 0.265625 0.146875 0.0703125 0.08125
0 0.390625 0.11875 0.1453125 0.10625
0 0.51875 0.11484375 0.0859375 0.075
0 0.61796875 0.0859375 0.0890625 0.059375
0 0.70234375 0.075 0.0484375 0.0546875
0 0.84140625 0.05625 0.153125 0.075
0 0.12109375 0.21875 0.0859375 0.0734375
0 0.24609375 0.2125 0.090625 0.078125
0 0.36953125 0.19375 0.0984375 0.06875
0 0.4921875 0.2015625 0.0984375 0.0859375
0 0.609375 0.1859375 0.1 0.0953125
0 0.72421875 0.15390625 0.075 0.0640625
0 0.80078125 0.14609375 0.0375 0.0484375
0 0.8765625 0.134375 0.0828125 0.0640625
0 0.1625 0.29375 0.128125 0.0765625
0 0.2625 0.28671875 0.01875 0.05625
0 0.32421875 0.28359375 0.0671875 0.0515625
0 0.4265625 0.2875 0.115625 0.0859375
0 0.5515625 0.2609375 0.065625 0.053125
0 0.7 0.2328125 0.1453125 0.0765625
0 0.82109375 0.23828125 0.0859375 0.0796875
0 0.896875 0.21640625 0.05 0.0578125
0 0.14375 0.3703125 0.090625 0.0734375
0 0.259375 0.36875 0.1078125 0.053125
0 0.40234375 0.3546875 0.0859375 0.065625
0 0.53125 0.33984375 0.1046875 0.071875
0 0.6171875 0.33359375 0.028125 0.059375
0 0.70234375 0.3296875 0.0765625 0.0578125
0 0.82421875 0.315625 0.1078125 0.0765625
0 0.178125 0.4703125 0.146875 0.0953125
0 0.26875 0.46953125 0.0140625 0.0296875
0 0.315625 0.4359375 0.071875 0.071875
0 0.40390625 0.43828125 0.084375 0.0859375
0 0.5484375 0.4171875 0.134375 0.0703125
0 0.671875 0.41171875 0.059375 0.05625
0 0.746875 0.41640625 0.078125 0.084375
0 0.840625 0.38984375 0.0953125 0.0765625
0 0.94296875 0.3859375 0.0515625 0.0703125
0 0.1890625 0.5390625 0.0703125 0.046875
0 0.29375 0.54375 0.0890625 0.0796875
0 0.4203125 0.5171875 0.0859375 0.059375
0 0.50546875 0.51015625 0.0515625 0.06875
0 0.609375 0.490625 0.1046875 0.06875
0 0.74296875 0.50234375 0.071875 0.0671875
0 0.8625 0.47109375 0.0875 0.0640625
0 0.9609375 0.45625 0.078125 0.0625
0 0.28046875 0.640625 0.10625 0.0796875
0 0.4203125 0.64765625 0.06875 0.0765625
0 0.54375 0.61015625 0.0984375 0.0625
0 0.6203125 0.6140625 0.0328125 0.0421875
0 0.72734375 0.6078125 0.096875 0.084375
0 0.85390625 0.60078125 0.090625 0.0984375
0 0.91484375 0.609375 0.025 0.0296875
0 0.9640625 0.58359375 0.071875 0.0703125
0 0.18359375 0.73984375 0.0625 0.0671875
0 0.25546875 0.7203125 0.0625 0.0515625
0 0.37578125 0.7265625 0.128125 0.090625
0 0.51796875 0.7078125 0.090625 0.0640625
0 0.62890625 0.68203125 0.096875 0.075
0 0.78125 0.671875 0.0875 0.0609375
0 0.890625 0.678125 0.096875 0.06875
0 0.96875 0.6625 0.0625 0.05
0 0.3859375 0.79921875 0.084375 0.0640625
0 0.503125 0.7875 0.09375 0.065625
0 0.5796875 0.78515625 0.03125 0.0375
0 0.6859375 0.7828125 0.08125 0.075
0 0.821875 0.76640625 0.128125 0.0875
0 0.62890625 0.84765625 0.209375 0.0921875
0 0.76875 0.83671875 0.0265625 0.05625
0 0.29140625 0.95078125 0.10625 0.09375
0 0.44375 0.9453125 0.171875 0.109375
0 0.59453125 0.925 0.0765625 0.08125
0 0.71953125 0.909375 0.1015625 0.0640625
0 0.76953125 0.93671875 0.034375 0.028125
0 0.8515625 0.9328125 0.0625 0.0609375