0 0.165625 0.16171875 0.1453125 0.1734375
0 0.29453125 0.16484375 0.1109375 0.134375
0 0.45390625 0.19921875 0.1765625 0.246875
0 0.68046875 0.1703125 0.34375 0.3375
0 0.2265625 0.403125 0.071875 0.128125
0 0.35390625 0.40625 0.1578125 0.0953125
0 0.49921875 0.42734375 0.1625 0.21875
0 0.6078125 0.35859375 0.0671875 0.1109375
0 0.73046875 0.34765625 0.11875 0.1390625
0 0.3265625 0.58828125 0.2359375 0.1578125
0 0.51015625 0.54765625 0.1015625 0.1171875
0 0.7234375 0.51484375 0.2734375 0.1625
0 0.3 0.73984375 0.1453125 0.1125
0 0.4015625 0.77890625 0.1625 0.2390625
0 0.57421875 0.68515625 0.2453125 0.1484375
0 0.7296875 0.65859375 0.0703125 0.1140625
0 0.84921875 0.65234375 0.178125 0.1453125
0 0.36875 0.89921875 0.296875 0.2015625
0 0.67578125 0.84375 0.225 0.21875