0 0.06484375 0.16171875 0.1015625 0.0390625
0 0.23203125 0.14609375 0.0953125 0.0453125
0 0.35234375 0.12578125 0.1171875 0.040625
0 0.45546875 0.11328125 0.05 0.0328125
0 0.82109375 0.13046875 0.209375 0.0546875
0 0.06640625 0.215625 0.053125 0.0265625
0 0.121875 0.20546875 0.0234375 0.0109375
0 0.2125 0.1984375 0.0921875 0.028125
0 0.3296875 0.18515625 0.0921875 0.03125
0 0.46875 0.17578125 0.10625 0.028125
0 0.865625 0.16484375 0.1171875 0.0328125
0 0.0734375 0.2546875 0.05625 0.0234375
0 0.228125 0.2421875 0.1296875 0.040625
0 0.3171875 0.225 0.0421875 0.01875
0 0.4234375 0.21484375 0.1421875 0.03125
0 0.58671875 0.20234375 0.1359375 0.04375
0 0.0828125 0.296875 0.0671875 0.0265625
0 0.15546875 0.284375 0.0203125 0.0046875
0 0.25078125 0.275 0.1390625 0.03125
0 0.3578125 0.26640625 0.0390625 0.025
0 0.42734375 0.26015625 0.0953125 0.0265625
0 0.5828125 0.246875 0.15 0.05
0 0.090625 0.3390625 0.0640625 0.025
0 0.1546875 0.31953125 0.0578125 0.03125
0 0.1703125 0.328125 0.0140625 0.0078125
0 0.2515625 0.3265625 0.1125 0.03125
0 0.39140625 0.3171875 0.1453125 0.0484375
0 0.55078125 0.28359375 0.13125 0.0390625
0 0.5359375 0.3078125 0.10625 0.034375
0 0.69765625 0.26640625 0.1546875 0.05
0 0.6734375 0.29296875 0.159375 0.059375
0 0.078125 0.396875 0.0578125 0.0265625
0 0.16796875 0.3796875 0.08125 0.034375
0 0.28828125 0.37734375 0.1484375 0.04375
0 0.4625 0.3609375 0.15 0.0578125
0 0.58046875 0.35 0.0578125 0.0265625
0 0.72578125 0.3171875 0.11875 0.03125
0 0.6921875 0.3421875 0.165625 0.0421875
0 0.88046875 0.3265625 0.20625 0.0484375
0 0.28671875 0.40859375 0.1640625 0.04375
0 0.45078125 0.39921875 0.1203125 0.0453125
0 0.7203125 0.35859375 0.1046875 0.028125
0 0.6828125 0.37421875 0.153125 0.0421875
0 0.88125 0.36171875 0.2140625 0.0453125
0 0.06640625 0.46328125 0.0625 0.028125
0 0.16171875 0.4515625 0.121875 0.03125
0 0.2921875 0.45234375 0.125 0.05
0 0.42578125 0.4421875 0.084375 0.0328125
0 0.53359375 0.4375 0.09375 0.03125
0 0.675 0.428125 0.1609375 0.0453125
0 0.79453125 0.42109375 0.06875 0.028125
0 0.5734375 0.46484375 0.1109375 0.0390625
0 0.71796875 0.4546875 0.1 0.0296875
0 0.075 0.53046875 0.059375 0.0296875
0 0.15546875 0.521875 0.08125 0.0234375
0 0.21171875 0.51875 0.01875 0.00625
0 0.30703125 0.5109375 0.1171875 0.0359375
0 0.465625 0.5078125 0.190625 0.0453125
0 0.65390625 0.4984375 0.15 0.04375
0 0.8125 0.490625 0.1625 0.0375
0 0.85703125 0.465625 0.1453125 0.0375
0 0.153125 0.54453125 0.0421875 0.0296875
0 0.2046875 0.56328125 0.05625 0.0265625
0 0.20234375 0.53828125 0.05625 0.01875
0 0.25625 0.559375 0.034375 0.021875
0 0.46484375 0.5328125 0.1359375 0.0359375
0 0.6265625 0.525 0.11875 0.04375
0 0.0859375 0.60234375 0.05625 0.0296875
0 0.1984375 0.5921875 0.1140625 0.0328125
0 0.33671875 0.58984375 0.1671875 0.0453125
0 0.503125 0.56875 0.128125 0.05
0 0.08203125 0.659375 0.0765625 0.0296875
0 0.2484375 0.65390625 0.1609375 0.0484375
0 0.396875 0.63515625 0.0875 0.0296875
0 0.50390625 0.6265625 0.1 0.034375
0 0.59765625 0.61328125 0.0703125 0.0421875
0 0.30078125 0.6671875 0.0453125 0.0234375
0 0.4109375 0.65546875 0.1234375 0.028125
0 0.1 0.72421875 0.0734375 0.0359375
0 0.2296875 0.7125 0.1015625 0.028125
0 0.303125 0.71796875 0.0125 0.0140625
0 0.3984375 0.70078125 0.1296875 0.0421875
0 0.54296875 0.69453125 0.159375 0.0453125
0 0.65703125 0.67421875 0.0671875 0.03125
0 0.7125 0.671875 0.01875 0.00625
0 0.79765625 0.6671875 0.103125 0.0375
0 0.228125 0.740625 0.0953125 0.034375
0 0.23515625 0.79765625 0.065625 0.028125
0 0.1453125 0.23359375 0.0546875 0.0296875
0 0.13125 0.24609375 0.0203125 0.0078125