0 0.3359375 0.26796875 0.1328125 0.0765625
0 0.13203125 0.3625 0.103125 0.0796875
0 0.26875 0.35625 0.0875 0.053125
0 0.3609375 0.33984375 0.0359375 0.0328125
0 0.42890625 0.334375 0.0578125 0.0359375
0 0.5375 0.328125 0.1046875 0.053125
0 0.628125 0.315625 0.0375 0.0421875
0 0.725 0.3109375 0.121875 0.090625
0 0.8234375 0.29609375 0.0375 0.03125
0 0.14453125 0.42890625 0.1296875 0.090625
0 0.25546875 0.4203125 0.021875 0.034375
0 0.3625 0.41328125 0.1296875 0.075
0 0.490625 0.39375 0.065625 0.040625
0 0.58125 0.38828125 0.059375 0.0375
0 0.70625 0.38359375 0.1203125 0.06875
0 0.82109375 0.359375 0.0703125 0.04375
0 0.90546875 0.3578125 0.0640625 0.0578125
0 0.37421875 0.53046875 0.084375 0.05625
0 0.16875 0.62109375 0.1109375 0.0515625
0 0.31484375 0.6078125 0.0609375 0.0515625
0 0.51328125 0.5953125 0.0328125 0.040625
0 0.64765625 0.58125 0.171875 0.0703125
0 0.75859375 0.571875 0.0265625 0.021875
0 0.85703125 0.5609375 0.1328125 0.065625
0 0.1265625 0.6953125 0.025 0.0328125
0 0.2234375 0.68671875 0.115625 0.05625
0 0.34453125 0.67578125 0.065625 0.040625
0 0.446875 0.67265625 0.08125 0.0609375
0 0.521875 0.66171875 0.0296875 0.0265625
0 0.68359375 0.65 0.2421875 0.0890625
0 0.16796875 0.82421875 0.0765625 0.0515625
0 0.30078125 0.8125 0.0515625 0.0484375
0 0.403125 0.80546875 0.0921875 0.05625
0 0.51875 0.81171875 0.10625 0.1015625
0 0.60078125 0.80546875 0.0328125 0.034375
0 0.66328125 0.80546875 0.0375 0.046875
0 0.72578125 0.796875 0.0203125 0.03125
0 0.834375 0.790625 0.140625 0.0671875
0 0.95234375 0.7734375 0.0703125 0.0515625
0 0.2640625 0.88828125 0.028125 0.0390625
0 0.321875 0.8859375 0.046875 0.0375
0 0.39375 0.8796875 0.025 0.0328125
0 0.4609375 0.8765625 0.071875 0.046875
0 0.2625 0.6203125 0.0140625 0.0109375
0 0.2453125 0.81484375 0.0265625 0.0203125
0 0.4234375 0.59921875 0.103125 0.05625