0 0.14296875 0.01015625 0.0546875 0.0203125
0 0.1921875 0.0109375 0.034375 0.021875
0 0.31640625 0.0265625 0.1828125 0.053125
0 0.134375 0.06796875 0.05 0.053125
0 0.271875 0.0953125 0.15 0.0796875
0 0.4921875 0.10625 0.1875 0.0953125
0 0.7640625 0.14140625 0.2734375 0.09375
0 0.12421875 0.109375 0.0515625 0.05
0 0.21875 0.18828125 0.0859375 0.05
0 0.2328125 0.234375 0.175 0.0828125
0 0.47421875 0.2578125 0.215625 0.0765625
0 0.81015625 0.29296875 0.18125 0.0796875
0 0.94765625 0.33671875 0.1046875 0.0546875
0 0.259375 0.28984375 0.228125 0.1
0 0.528125 0.31171875 0.221875 0.0765625
0 0.79140625 0.3453125 0.178125 0.0828125
0 0.94296875 0.37734375 0.1140625 0.0515625
0 0.20859375 0.30390625 0.115625 0.0484375
0 0.4890625 0.346875 0.2609375 0.0953125
0 0.7453125 0.40234375 0.1890625 0.0796875
0 0.875 0.4359375 0.065625 0.0390625
0 0.7171875 0.45 0.1578125 0.0578125
0 0.75703125 0.55 0.0515625 0.0296875
0 0.84921875 0.5859375 0.115625 0.075