0 0.80859375 0.37734375 0.265625 0.103125
0 0.0796875 0.20859375 0.1328125 0.05625
0 0.2078125 0.35078125 0.1171875 0.053125
0 0.371875 0.22421875 0.125 0.0515625
0 0.71171875 0.08515625 0.1125 0.0484375
0 0.25078125 0.39921875 0.1234375 0.046875
0 0.16484375 0.475 0.1078125 0.0453125
0 0.721875 0.61875 0.096875 0.040625
0 0.62109375 0.275 0.1046875 0.0421875
0 0.43125 0.83984375 0.09375 0.0546875
0 0.44453125 0.1453125 0.1140625 0.04375
0 0.640625 0.69921875 0.0890625 0.04375
0 0.54765625 0.609375 0.084375 0.04375
0 0.49609375 0.7609375 0.0921875 0.0375
0 0.31484375 0.86640625 0.115625 0.0421875
0 0.5203125 0.13125 0.0265625 0.025
0 0.56640625 0.1171875 0.05625 0.028125
0 0.28046875 0.275 0.0875 0.04375
0 0.49921875 0.22421875 0.0796875 0.0421875
0 0.46484375 0.60234375 0.0765625 0.0390625
0 0.1359375 0.28359375 0.075 0.0421875
0 0.11328125 0.23046875 0.0828125 0.0421875
0 0.396875 0.53203125 0.0796875 0.0359375
0 0.2640625 0.16328125 0.0671875 0.03125
0 0.334375 0.43125 0.0875 0.0375
0 0.1890625 0.18046875 0.0703125 0.0328125
0 0.25703125 0.44921875 0.075 0.0390625
0 0.30234375 0.55625 0.078125 0.0359375
0 0.571875 0.1703125 0.08125 0.034375
0 0.5796875 0.54140625 0.0703125 0.0328125
0 0.64140625 0.4265625 0.0875 0.0390625
0 0.2234375 0.37421875 0.0796875 0.0296875
0 0.88359375 0.5734375 0.046875 0.034375
0 0.6625 0.659375 0.0640625 0.0359375
0 0.71484375 0.225 0.0703125 0.0359375
0 0.3265625 0.5203125 0.059375 0.0359375
0 0.4390625 0.721875 0.0703125 0.0359375
0 0.48828125 0.39609375 0.059375 0.034375
0 0.51484375 0.271875 0.071875 0.03125
0 0.4765625 0.73671875 0.078125 0.0359375
0 0.496875 0.5609375 0.06875 0.0328125
0 0.63515625 0.72421875 0.0828125 0.0359375
0 0.546875 0.36875 0.04375 0.0421875
0 0.303125 0.29921875 0.053125 0.034375
0 0.31484375 0.3234375 0.065625 0.03125
0 0.55390625 0.66015625 0.0640625 0.0328125
0 0.5953125 0.67734375 0.059375 0.03125
0 0.38359375 0.65 0.0703125 0.03125
0 0.32421875 0.690625 0.0515625 0.034375
0 0.5609375 0.71796875 0.059375 0.03125
0 0.58046875 0.82578125 0.059375 0.028125
0 0.40625 0.3265625 0.0578125 0.034375
0 0.8 0.00546875 0.040625 0.0109375
0 0.35859375 0.36953125 0.05625 0.03125
0 0.5421875 0.5796875 0.0515625 0.0265625
0 0.1828125 0.3 0.071875 0.0296875
0 0.159375 0.24296875 0.0390625 0.028125
0 0.50390625 0.5046875 0.0484375 0.04375
0 0.621875 0.246875 0.05 0.03125
0 0.57890625 0.45546875 0.05 0.05
0 0.14140625 0.39375 0.059375 0.03125
0 0.1515625 0.41875 0.053125 0.03125
0 0.4046875 0.7875 0.05625 0.028125
0 0.2390625 0.60078125 0.0546875 0.03125
0 0.20234375 0.51875 0.05625 0.0265625
0 0.4359375 0.29296875 0.05625 0.0265625
0 0.63984375 0.55390625 0.05 0.028125
0 0.3890625 0.615625 0.046875 0.028125
0 0.190625 0.49609375 0.0578125 0.028125
0 0.56796875 0.74375 0.059375 0.034375
0 0.2109375 0.26171875 0.0515625 0.028125
0 0.80390625 0.5953125 0.0578125 0.0296875
0 0.27109375 0.24609375 0.0609375 0.028125
0 0.39140625 0.24453125 0.05 0.028125
0 0.50078125 0.33046875 0.0390625 0.0421875
0 0.31640625 0.49140625 0.06875 0.0296875
0 0.3765625 0.48203125 0.046875 0.034375
0 0.23515625 0.31328125 0.05625 0.0265625
0 0.29765625 0.64140625 0.03125 0.03125
0 0.7515625 0.69453125 0.04375 0.0328125
0 0.29140625 0.471875 0.046875 0.025
0 0.2125 0.55 0.0296875 0.034375
0 0.63359375 0.09921875 0.0453125 0.025
0 0.46953125 0.62421875 0.0546875 0.028125
0 0.70703125 0.7046875 0.04375 0.03125
0 0.41640625 0.3515625 0.0453125 0.028125
0 0.37421875 0.7078125 0.0375 0.025
0 0.43125 0.57578125 0.040625 0.028125
0 0.28828125 0.61171875 0.0484375 0.0265625
0 0.46484375 0.51328125 0.0390625 0.0296875
0 0.12890625 0.34296875 0.03125 0.0328125
0 0.54609375 0.48984375 0.05 0.0328125
0 0.40625 0.41015625 0.034375 0.0265625
0 0.48046875 0.8546875 0.046875 0.025
0 0.53359375 0.29609375 0.04375 0.025
0 0.38671875 0.7421875 0.028125 0.0296875
0 0.3515625 0.16875 0.0375 0.0203125
0 0.46171875 0.3484375 0.0265625 0.0328125
0 0.471875 0.3125 0.0421875 0.025
0 0.18046875 0.209375 0.0421875 0.028125
0 0.296875 0.18515625 0.0453125 0.0234375
0 0.8453125 0.00234375 0.0375 0.0046875
0 0.246875 0.48515625 0.0296875 0.028125
0 0.5265625 0.84296875 0.0265625 0.0234375
0 0.34296875 0.346875 0.0421875 0.01875
0 0.23984375 0.19765625 0.0484375 0.0234375
0 0.1125 0.253125 0.0375 0.025
0 0.61328125 0.65 0.0296875 0.0328125
0 0.37109375 0.31171875 0.028125 0.0296875
0 0.346875 0.259375 0.028125 0.028125
0 0.28828125 0.359375 0.0265625 0.0265625
0 0.49921875 0.1890625 0.0453125 0.025
0 0.496875 0.67578125 0.0375 0.0234375
0 0.69375 0.25625 0.0375 0.021875
0 0.45078125 0.68671875 0.034375 0.021875
0 0.63984375 0.15078125 0.034375 0.0234375
0 0.7671875 0.20859375 0.0234375 0.021875
0 0.73046875 0.24921875 0.028125 0.025
0 0.64296875 0.521875 0.0296875 0.0203125
0 0.57734375 0.26015625 0.0265625 0.0203125
0 0.5953125 0.56328125 0.0234375 0.021875
0 0.146875 0.50703125 0.025 0.0171875
0 0.79609375 0.203125 0.021875 0.01875
0 0.6765625 0.515625 0.01875 0.015625
0 0.3453125 0.5984375 0.021875 0.0203125
0 0.434375 0.234375 0.01875 0.0171875
0 0.1734375 0.328125 0.0359375 0.021875
0 0.1546875 0.53203125 0.025 0.01875
0 0.45859375 0.20078125 0.0265625 0.021875
0 0.25625 0.50546875 0.025 0.0203125
0 0.3921875 0.5859375 0.03125 0.021875
0 0.70390625 0.1375 0.0203125 0.0171875
0 0.65625 0.64140625 0.015625 0.015625
0 0.62734375 0.81484375 0.0171875 0.0140625
0 0.540625 0.69609375 0.0234375 0.015625
0 0.49375 0.70703125 0.01875 0.015625
0 0.34140625 0.62890625 0.015625 0.0125
0 0.67421875 0.14375 0.01875 0.0140625
0 0.665625 0.23359375 0.015625 0.0125
0 0.8546875 0.58671875 0.015625 0.0125
0 0.25859375 0.5375 0.0140625 0.0140625
0 0.27890625 0.53203125 0.0203125 0.01875
0 0.75546875 0.24296875 0.015625 0.0109375
0 0.42109375 0.69921875 0.015625 0.0125
0 0.05078125 0.23984375 0.025 0.021875
0 0.06875 0.2890625 0.028125 0.021875
0 0.08125 0.34921875 0.028125 0.0203125
0 0.13203125 0.309375 0.025 0.0203125
0 0.09765625 0.4078125 0.025 0.021875
0 0.44140625 0.40390625 0.03125 0.0203125
0 0.23671875 0.88125 0.028125 0.0265625
0 0.1375 0.365625 0.028125 0.0234375