0 0.06328125 0.16328125 0.1265625 0.0734375
0 0.56796875 0.03671875 0.1515625 0.0734375
0 0.09453125 0.190625 0.0640625 0.034375
0 0.1171875 0.21640625 0.0640625 0.04375
0 0.6453125 0.065625 0.0828125 0.046875
0 0.0640625 0.25 0.0578125 0.0390625
0 0.12890625 0.23984375 0.05625 0.040625
0 0.221875 0.2140625 0.1234375 0.0515625
0 0.33515625 0.19375 0.0984375 0.0625
0 0.56015625 0.125 0.0609375 0.04375
0 0.65703125 0.1 0.1265625 0.053125
0 0.7703125 0.0734375 0.08125 0.0484375
0 0.196875 0.278125 0.21875 0.0921875
0 0.4 0.23125 0.18125 0.0828125
0 0.10859375 0.35703125 0.0578125 0.0453125
0 0.17265625 0.34296875 0.059375 0.040625
0 0.23359375 0.33203125 0.03125 0.0578125
0 0.4796875 0.29609375 0.078125 0.05625
0 0.20859375 0.42578125 0.1328125 0.08125
0 0.5875 0.33203125 0.128125 0.0796875
0 0.5578125 0.4109375 0.1140625 0.0671875
0 0.64296875 0.38515625 0.0640625 0.0375
0 0.7140625 0.3640625 0.03125 0.025
0 0.7625 0.346875 0.05625 0.0421875
0 0.8359375 0.33359375 0.0765625 0.05625
0 0.41171875 0.50234375 0.1828125 0.0953125
0 0.1921875 0.609375 0.025 0.0234375
0 0.1765625 0.67421875 0.1453125 0.0640625
0 0.31953125 0.6484375 0.1125 0.0703125
0 0.32578125 0.66640625 0.040625 0.0296875
0 0.39296875 0.65234375 0.0265625 0.0390625
0 0.4375 0.63984375 0.0390625 0.0296875
0 0.515625 0.62109375 0.0828125 0.046875
0 0.64375 0.5921875 0.1609375 0.075
0 0.77890625 0.5734375 0.0828125 0.0578125
0 0.19921875 0.73125 0.065625 0.0421875
0 0.26796875 0.7109375 0.053125 0.0390625
0 0.33828125 0.6953125 0.0640625 0.040625
0 0.42578125 0.68984375 0.0890625 0.06875
0 0.503125 0.67109375 0.0421875 0.040625
0 0.55390625 0.646875 0.059375 0.0375
0 0.64140625 0.62890625 0.1171875 0.0671875
0 0.221875 0.75703125 0.0890625 0.046875
0 0.35703125 0.72109375 0.125 0.05625
0 0.5359375 0.6890625 0.1671875 0.084375
0 0.20625 0.81640625 0.1203125 0.0609375
0 0.3296875 0.7859375 0.090625 0.053125
0 0.45625 0.759375 0.1234375 0.0625
0 0.57421875 0.74140625 0.0734375 0.0625
0 0.63046875 0.71796875 0.0453125 0.0390625
0 0.71171875 0.7015625 0.071875 0.0484375
0 0.1984375 0.8859375 0.078125 0.05
0 0.61953125 0.8125 0.0515625 0.040625
0 0.7546875 0.78203125 0.028125 0.028125
0 0.79296875 0.771875 0.0296875 0.04375
0 0.86640625 0.75703125 0.0375 0.034375
0 0.6203125 0.8734375 0.046875 0.040625
0 0.69765625 0.85703125 0.075 0.0421875
0 0.76640625 0.83828125 0.0328125 0.0375
0 0.80390625 0.83046875 0.0375 0.05625
0 0.8734375 0.81484375 0.0265625 0.034375
0 0.6953125 0.88671875 0.0796875 0.0453125
0 0.771875 0.8703125 0.0296875 0.028125
0 0.8015625 0.86953125 0.025 0.040625
0 0.8765625 0.8453125 0.0328125 0.028125
0 0.33203125 0.33515625 0.0578125 0.0453125
0 0.190625 0.1359375 0.121875 0.0703125
0 0.71484375 0.0140625 0.1265625 0.028125
0 0.17578125 0.17421875 0.09375 0.05
0 0.065625 0.31328125 0.053125 0.040625
0 0.5484375 0.20078125 0.10625 0.075
0 0.36640625 0.31953125 0.0375 0.078125
0 0.3890625 0.2859375 0.03125 0.0390625
0 0.39296875 0.3265625 0.034375 0.0484375
0 0.41875 0.30390625 0.040625 0.0765625
0 0.571875 0.278125 0.103125 0.0765625
0 0.2890625 0.40703125 0.021875 0.015625
0 0.375 0.38984375 0.1640625 0.09375
0 0.1875 0.490625 0.0984375 0.05
0 0.296875 0.4640625 0.103125 0.0515625
0 0.18125 0.5484375 0.0328125 0.0421875
0 0.22109375 0.540625 0.01875 0.0140625
0 0.26171875 0.52734375 0.08125 0.0890625
0 0.309375 0.515625 0.01875 0.0171875
0 0.25390625 0.6046875 0.059375 0.04375
0 0.34140625 0.56953125 0.0328125 0.0296875
0 0.44765625 0.55390625 0.1328125 0.0625
0 0.52421875 0.5296875 0.025 0.034375
0 0.5484375 0.521875 0.0328125 0.034375
0 0.5921875 0.5078125 0.0578125 0.0390625
0 0.64140625 0.4953125 0.0421875 0.0296875
0 0.7125 0.48125 0.084375 0.040625
0 0.84296875 0.46484375 0.1390625 0.0828125
0 0.690625 0.79765625 0.0828125 0.046875
0 0.63984375 0.9046875 0.0234375 0.0203125
0 0.2765625 0.86171875 0.0375 0.034375
0 0.346875 0.83984375 0.096875 0.0609375
0 0.44296875 0.82109375 0.1 0.0546875
0 0.26796875 0.90234375 0.0375 0.0328125
0 0.3 0.89453125 0.021875 0.03125
0 0.3359375 0.88359375 0.040625 0.0484375
0 0.371875 0.8765625 0.0421875 0.053125
0 0.425 0.86796875 0.05 0.04375
0 0.4890625 0.84921875 0.075 0.0640625
0 0.2984375 0.95078125 0.025 0.0296875
0 0.33984375 0.9359375 0.0390625 0.046875
0 0.3984375 0.9203125 0.0796875 0.059375
0 0.309375 0.9796875 0.025 0.028125
0 0.35078125 0.97265625 0.015625 0.021875
0 0.39453125 0.9625 0.0640625 0.0453125
0 0.43828125 0.9515625 0.0265625 0.0328125
0 0.50625 0.965625 0.165625 0.0671875
0 0.184375 0.4578125 0.03125 0.021875
0 0.5453125 0.38046875 0.0234375 0.025
0 0.1390625 0.74453125 0.0359375 0.021875
0 0.153125 0.775 0.0390625 0.025
0 0.3 0.5796875 0.0328125 0.0265625
0 0.2578125 0.68515625 0.0421875 0.0265625