0 0.2125 0.05 0.1609375 0.0796875
0 0.53984375 0.125 0.4875 0.18125
0 0.196875 0.17421875 0.115625 0.071875
0 0.5703125 0.26171875 0.5265625 0.2234375
0 0.87890625 0.35 0.2421875 0.19375
0 0.365625 0.28515625 0.190625 0.1
0 0.734375 0.38359375 0.515625 0.246875
0 0.1421875 0.4015625 0.1046875 0.0734375
0 0.31328125 0.41875 0.1359375 0.0875
0 0.41484375 0.434375 0.0546875 0.096875
0 0.69609375 0.4796875 0.496875 0.2
0 0.140625 0.52890625 0.0828125 0.0875
0 0.521875 0.59375 0.5203125 0.2078125
0 0.9 0.659375 0.1671875 0.121875
0 0.446875 0.68515625 0.503125 0.1875
0 0.72734375 0.73984375 0.184375 0.1109375
0 0.0875 0.7203125 0.140625 0.1015625
0 0.3625 0.81796875 0.384375 0.225
0 0.7375 0.87109375 0.3375 0.15625
0 0.06953125 0.83671875 0.13125 0.090625
0 0.34140625 0.9 0.384375 0.19375