0 0.1625 0.1421875 0.08125 0.04375
0 0.26875 0.13203125 0.08125 0.040625
0 0.39296875 0.1390625 0.1046875 0.034375
0 0.48203125 0.140625 0.025 0.025
0 0.53671875 0.1421875 0.04375 0.025
0 0.6578125 0.1640625 0.15 0.040625
0 0.1765625 0.23984375 0.0578125 0.025
0 0.2421875 0.2359375 0.04375 0.01875
0 0.3078125 0.23046875 0.01875 0.025
0 0.371875 0.23671875 0.0703125 0.021875
0 0.45859375 0.24296875 0.0984375 0.0453125
0 0.534375 0.2484375 0.0234375 0.025
0 0.62578125 0.26796875 0.128125 0.0546875
0 0.175 0.28046875 0.0125 0.025
0 0.22421875 0.2859375 0.05 0.0328125
0 0.38984375 0.2890625 0.203125 0.0375
0 0.5640625 0.2875 0.078125 0.034375
0 0.68125 0.29453125 0.1265625 0.0234375
0 0.7640625 0.29921875 0.01875 0.021875
0 0.834375 0.30859375 0.0875 0.0234375
0 0.71796875 0.32734375 0.1375 0.0296875
0 0.25546875 0.3421875 0.109375 0.028125
0 0.1765625 0.33828125 0.015625 0.028125
0 0.4296875 0.35 0.128125 0.0375
0 0.17734375 0.3921875 0.01875 0.03125
0 0.3140625 0.3890625 0.21875 0.046875
0 0.559375 0.40078125 0.178125 0.040625
0 0.1859375 0.43828125 0.0265625 0.028125
0 0.2578125 0.44609375 0.1125 0.028125
0 0.41484375 0.4515625 0.0890625 0.0234375
0 0.4921875 0.4546875 0.046875 0.0171875
0 0.56015625 0.453125 0.0421875 0.0234375
0 0.62578125 0.46640625 0.08125 0.04375
0 0.70234375 0.45625 0.046875 0.034375
0 0.184375 0.5484375 0.103125 0.028125
0 0.34453125 0.5578125 0.1796875 0.025
0 0.46953125 0.559375 0.03125 0.025
0 0.57109375 0.5625 0.1375 0.034375
0 0.68203125 0.5609375 0.046875 0.025
0 0.76640625 0.5640625 0.0796875 0.021875
0 0.83671875 0.5640625 0.034375 0.0234375
0 0.2625 0.60625 0.1265625 0.0375
0 0.21171875 0.7125 0.1703125 0.0453125
0 0.3578125 0.715625 0.125 0.028125
0 0.48984375 0.721875 0.121875 0.0375
0 0.5921875 0.7171875 0.0625 0.028125
0 0.68359375 0.72421875 0.096875 0.028125
0 0.809375 0.7171875 0.06875 0.034375
0 0.453125 0.7671875 0.1421875 0.0296875
0 0.5640625 0.76484375 0.065625 0.028125
0 0.6828125 0.7734375 0.046875 0.021875
0 0.7578125 0.77734375 0.0640625 0.034375
0 0.82890625 0.7640625 0.0625 0.028125
0 0.01796875 0.340625 0.0359375 0.0328125
0 0.2703125 0.28203125 0.009375 0.003125
0 0.334375 0.43984375 0.009375 0.00625
0 0.4390625 0.3921875 0.009375 0.00625
0 0.328125 0.33828125 0.009375 0.00625
0 0.14765625 0.01640625 0.03125 0.0328125
0 0.5140625 0.3015625 0.009375 0.0296875
0 0.134375 0.24375 0.00625 0.0078125
0 0.11875 0.69375 0.0078125 0.00625
0 0.71015625 0.259375 0.015625 0.025
0 0.6109375 0.31484375 0.0515625 0.025
0 0.75390625 0.715625 0.0296875 0.028125