0 0.1296875 0.01796875 0.04375 0.01875
0 0.13515625 0.05078125 0.0625 0.01875
0 0.22265625 0.0640625 0.059375 0.0234375
0 0.28984375 0.0734375 0.0640625 0.01875
0 0.37578125 0.07734375 0.0734375 0.01875
0 0.14609375 0.090625 0.01875 0.015625
0 0.24609375 0.09921875 0.1546875 0.025
0 0.4375 0.1109375 0.1515625 0.0234375
0 0.58203125 0.1203125 0.109375 0.0234375
0 0.171875 0.1203125 0.0109375 0.0109375
0 0.2296875 0.12578125 0.071875 0.01875
0 0.31484375 0.1296875 0.0609375 0.0171875
0 0.38828125 0.13671875 0.046875 0.015625
0 0.47734375 0.140625 0.078125 0.021875
0 0.565625 0.14453125 0.0546875 0.0203125
0 0.60234375 0.14765625 0.015625 0.009375
0 0.66171875 0.15234375 0.0703125 0.0203125
0 0.7796875 0.16015625 0.1046875 0.0203125
0 0.8984375 0.175 0.075 0.0265625
0 0.1796875 0.146875 0.0109375 0.015625
0 0.24609375 0.1515625 0.075 0.0171875
0 0.3484375 0.16015625 0.065625 0.0171875
0 0.4890625 0.28046875 0.1328125 0.03125
0 0.25703125 0.30234375 0.11875 0.0265625
0 0.1703125 0.38046875 0.18125 0.034375
0 0.21171875 0.43828125 0.096875 0.01875
0 0.3359375 0.47421875 0.075 0.0203125
0 0.434375 0.36328125 0.1078125 0.021875
0 0.55390625 0.37265625 0.0953125 0.01875
0 0.425 0.39296875 0.1453125 0.0265625
0 0.565625 0.40234375 0.0796875 0.0203125
0 0.484375 0.42578125 0.0828125 0.0234375
0 0.46328125 0.50703125 0.0921875 0.0171875
0 0.73125 0.31875 0.2046875 0.03125
0 0.7265625 0.4078125 0.0515625 0.0203125
0 0.8484375 0.421875 0.159375 0.03125
0 0.715625 0.46953125 0.0765625 0.0203125
0 0.8078125 0.478125 0.084375 0.021875
0 0.65 0.49609375 0.134375 0.03125
0 0.6734375 0.534375 0.1484375 0.0265625
0 0.13359375 0.915625 0.1046875 0.025