0 0.33125 0.05546875 0.184375 0.046875
0 0.28984375 0.078125 0.0890625 0.025
0 0.0703125 0.1203125 0.01875 0.0140625
0 0.13125 0.12109375 0.071875 0.0171875
0 0.20625 0.12421875 0.075 0.0140625
0 0.109375 0.140625 0.0234375 0.0109375
0 0.15625 0.14296875 0.0703125 0.015625
0 0.1984375 0.14296875 0.015625 0.0125
0 0.215625 0.1453125 0.0140625 0.009375
0 0.2359375 0.14453125 0.03125 0.0125
0 0.27109375 0.14609375 0.0375 0.0125
0 0.30859375 0.1484375 0.0296875 0.009375
0 0.35078125 0.14765625 0.0515625 0.01875
0 0.38671875 0.15 0.015625 0.0125
0 0.4140625 0.15390625 0.0328125 0.0140625
0 0.4578125 0.15390625 0.0546875 0.01875
0 0.4953125 0.15546875 0.01875 0.01875
0 0.52734375 0.15546875 0.0375 0.0171875
0 0.5578125 0.1578125 0.0171875 0.0125
0 0.6 0.159375 0.0640625 0.0203125
0 0.64921875 0.1609375 0.025 0.009375
0 0.69921875 0.1625 0.0734375 0.0203125
0 0.10859375 0.1609375 0.0203125 0.0140625
0 0.1515625 0.16171875 0.0609375 0.01875
0 0.21796875 0.16640625 0.06875 0.0140625
0 0.26015625 0.165625 0.0140625 0.0125
0 0.27890625 0.16796875 0.021875 0.009375
0 0.3265625 0.16875 0.0734375 0.015625
0 0.390625 0.1703125 0.0515625 0.015625
0 0.4328125 0.17265625 0.0296875 0.015625
0 0.46015625 0.17578125 0.021875 0.009375
0 0.50546875 0.1765625 0.0671875 0.01875
0 0.56484375 0.17734375 0.0453125 0.0140625
0 0.615625 0.18125 0.0484375 0.01875
0 0.65078125 0.18203125 0.0171875 0.0140625
0 0.68046875 0.1828125 0.0328125 0.0140625
0 0.7375 0.18515625 0.0796875 0.0203125
0 0.11015625 0.1828125 0.03125 0.0109375
0 0.15546875 0.1859375 0.05625 0.01875
0 0.21171875 0.18828125 0.0484375 0.0171875
0 0.27265625 0.18984375 0.0671875 0.0234375
0 0.31484375 0.19140625 0.01875 0.015625
0 0.33828125 0.1921875 0.0234375 0.009375
0 0.38515625 0.19296875 0.065625 0.0171875
0 0.45859375 0.196875 0.0734375 0.0171875
0 0.5046875 0.19765625 0.0234375 0.0140625
0 0.534375 0.19921875 0.028125 0.0109375
0 0.578125 0.2015625 0.0546875 0.01875
0 0.6328125 0.20390625 0.05 0.0140625
0 0.66640625 0.2046875 0.0171875 0.015625
0 0.6921875 0.20625 0.028125 0.0109375
0 0.7421875 0.20703125 0.0703125 0.015625
0 0.8203125 0.21171875 0.078125 0.01875
0 0.871875 0.21640625 0.0234375 0.01875
0 0.90078125 0.215625 0.034375 0.015625
0 0.1234375 0.2046875 0.0625 0.01875
0 0.1828125 0.20546875 0.04375 0.0125
0 0.215625 0.20703125 0.01875 0.0140625
0 0.24921875 0.2109375 0.034375 0.0125
0 0.29765625 0.21015625 0.0625 0.01875
0 0.37109375 0.2140625 0.0734375 0.01875
0 0.06171875 0.24375 0.021875 0.0140625
0 0.115625 0.2453125 0.0515625 0.015625
0 0.1828125 0.2484375 0.0796875 0.0171875
0 0.09609375 0.2671875 0.021875 0.0125
0 0.121875 0.26796875 0.028125 0.0140625
0 0.165625 0.271875 0.05625 0.0140625
0 0.20390625 0.27421875 0.0171875 0.015625
0 0.22421875 0.275 0.015625 0.009375
0 0.25625 0.27421875 0.0453125 0.015625
0 0.32109375 0.2796875 0.0765625 0.01875
0 0.3890625 0.28125 0.05625 0.01875
0 0.43203125 0.284375 0.0234375 0.0109375
0 0.48671875 0.28671875 0.0796875 0.01875
0 0.5421875 0.290625 0.0296875 0.0125
0 0.57265625 0.29140625 0.03125 0.0203125
0 0.59921875 0.2953125 0.01875 0.0171875
0 0.62265625 0.29609375 0.021875 0.015625
0 0.64453125 0.29453125 0.0125 0.0140625
0 0.67109375 0.2953125 0.0359375 0.0171875
0 0.696875 0.29765625 0.021875 0.0125
0 0.7234375 0.29765625 0.0203125 0.0140625
0 0.76015625 0.2984375 0.05 0.015625
0 0.79375 0.30234375 0.021875 0.0171875
0 0.81953125 0.3015625 0.03125 0.015625
0 0.859375 0.30703125 0.0359375 0.0171875
0 0.88671875 0.30859375 0.0203125 0.0203125
0 0.09296875 0.28671875 0.015625 0.0125
0 0.1171875 0.28984375 0.028125 0.009375
0 0.1421875 0.2890625 0.0203125 0.0125
0 0.18515625 0.29296875 0.065625 0.0171875
0 0.22734375 0.2953125 0.015625 0.0109375
0 0.2453125 0.2953125 0.0125 0.0078125
0 0.275 0.296875 0.0453125 0.015625
0 0.33359375 0.30078125 0.0640625 0.0171875
0 0.37265625 0.30390625 0.0203125 0.0125
0 0.39921875 0.30390625 0.028125 0.0125
0 0.4328125 0.3046875 0.0359375 0.015625
0 0.465625 0.3078125 0.028125 0.009375
0 0.49296875 0.30859375 0.028125 0.0109375
0 0.54609375 0.31171875 0.084375 0.01875
0 0.62578125 0.315625 0.0734375 0.01875
0 0.6828125 0.31796875 0.0390625 0.0140625
0 0.7140625 0.31875 0.021875 0.0125
0 0.17265625 0.31328125 0.090625 0.025
0 0.1171875 0.33046875 0.0484375 0.0140625
0 0.1625 0.33203125 0.034375 0.0125
0 0.1953125 0.33671875 0.028125 0.0109375
0 0.2234375 0.3375 0.028125 0.009375
0 0.24609375 0.33828125 0.0171875 0.015625
0 0.26640625 0.3390625 0.0140625 0.009375
0 0.30390625 0.3421875 0.0625 0.0171875
0 0.3453125 0.3453125 0.01875 0.015625
0 0.36796875 0.34609375 0.025 0.0140625
0 0.4109375 0.34921875 0.05625 0.0171875
0 0.46484375 0.35 0.0484375 0.0140625
0 0.4984375 0.353125 0.0234375 0.0171875
0 0.5234375 0.35234375 0.021875 0.015625
0 0.55234375 0.35546875 0.03125 0.015625
0 0.61796875 0.36015625 0.0984375 0.021875
0 0.7078125 0.3640625 0.08125 0.01875
0 0.159375 0.353125 0.0328125 0.015625
0 0.1875 0.3546875 0.028125 0.0125
0 0.23984375 0.3578125 0.0734375 0.0171875
0 0.2859375 0.359375 0.0140625 0.0125
0 0.30078125 0.36171875 0.0125 0.0078125
0 0.33359375 0.3625 0.0453125 0.015625
0 0.4015625 0.3671875 0.0875 0.015625
0 0.053125 0.38984375 0.0203125 0.0125
0 0.0828125 0.390625 0.015625 0.0140625
0 0.12578125 0.39375 0.0625 0.0171875
0 0.18984375 0.39921875 0.0609375 0.01875
0 0.23203125 0.4 0.0203125 0.0171875
0 0.2546875 0.40234375 0.021875 0.0109375
0 0.29765625 0.403125 0.0609375 0.0171875
0 0.35859375 0.40703125 0.0515625 0.015625
0 0.42265625 0.4125 0.075 0.0171875
0 0.47109375 0.41484375 0.0171875 0.0125
0 0.49296875 0.41640625 0.0296875 0.0140625
0 0.525 0.41953125 0.03125 0.0125
0 0.5671875 0.42109375 0.0515625 0.015625
0 0.1109375 0.41328125 0.0640625 0.01875
0 0.1578125 0.41640625 0.025 0.0125
0 0.1859375 0.41875 0.028125 0.0109375
0 0.225 0.41953125 0.0453125 0.015625
0 0.30703125 0.42734375 0.1140625 0.01875
0 0.10859375 0.4328125 0.0484375 0.0140625
0 0.14609375 0.43515625 0.025 0.0125
0 0.17734375 0.43671875 0.034375 0.0171875
0 0.2109375 0.43984375 0.0328125 0.0140625
0 0.28984375 0.44609375 0.1171875 0.01875
0 0.39609375 0.4546875 0.096875 0.01875
0 0.5125 0.46171875 0.128125 0.021875
0 0.0984375 0.45390625 0.0390625 0.0140625
0 0.14375 0.45703125 0.04375 0.0125
0 0.259375 0.47578125 0.1671875 0.0421875
0 0.359375 0.49296875 0.0125 0.0125
0 0.3796875 0.4953125 0.021875 0.009375
0 0.425 0.49609375 0.0609375 0.015625
0 0.49921875 0.50234375 0.0796875 0.0171875
0 0.54765625 0.50703125 0.0203125 0.015625
0 0.57265625 0.51015625 0.0296875 0.015625
0 0.6203125 0.51015625 0.05 0.015625
0 0.67578125 0.515625 0.059375 0.01875
0 0.58203125 0.496875 0.046875 0.0234375
0 0.0484375 0.49296875 0.021875 0.009375
0 0.13046875 0.49765625 0.1203125 0.0203125
0 0.22421875 0.50546875 0.0640625 0.0171875
0 0.0953125 0.5140625 0.05 0.015625
0 0.1328125 0.5171875 0.0265625 0.0125
0 0.20234375 0.52265625 0.10625 0.0203125
0 0.29765625 0.53359375 0.0859375 0.01875
0 0.415625 0.5390625 0.1421875 0.0265625
0 0.503125 0.5453125 0.028125 0.0125
0 0.53359375 0.5484375 0.0296875 0.0109375
0 0.59375 0.553125 0.0859375 0.0171875
0 0.690625 0.5609375 0.1171875 0.028125
0 0.7671875 0.56796875 0.03125 0.0125
0 0.83671875 0.57265625 0.0328125 0.0171875
0 0.83125 0.58515625 0.0125 0.0140625
0 0.09921875 0.534375 0.0484375 0.015625
0 0.15703125 0.5390625 0.06875 0.015625
0 0.23125 0.54375 0.0765625 0.015625
0 0.30703125 0.55 0.06875 0.015625
0 0.35625 0.55546875 0.0203125 0.015625
0 0.42734375 0.56171875 0.11875 0.025
0 0.53203125 0.5703125 0.0859375 0.0203125
0 0.078125 0.55625 0.015625 0.0140625
0 0.1015625 0.55703125 0.0265625 0.0125
0 0.16875 0.5625 0.109375 0.01875
0 0.2640625 0.57109375 0.0859375 0.0171875
0 0.31875 0.5734375 0.01875 0.0140625
0 0.34375 0.5765625 0.0265625 0.0109375
0 0.3796875 0.5796875 0.04375 0.0171875
0 0.41875 0.58203125 0.028125 0.0109375
0 0.446875 0.584375 0.025 0.0109375
0 0.47890625 0.5890625 0.034375 0.0140625
0 0.50859375 0.590625 0.01875 0.009375
0 0.54296875 0.59296875 0.05 0.0171875
0 0.609375 0.5953125 0.0296875 0.0140625
0 0.64609375 0.59765625 0.034375 0.0140625
0 0.7078125 0.60390625 0.08125 0.01875
0 0.7578125 0.59375 0.0671875 0.0171875
0 0.83046875 0.596875 0.0734375 0.015625
0 0.0828125 0.57734375 0.025 0.015625
0 0.10546875 0.5796875 0.01875 0.015625
0 0.1375 0.58046875 0.0390625 0.0140625
0 0.16640625 0.58125 0.0125 0.0125
0 0.23828125 0.58828125 0.1265625 0.0234375
0 0.44375 0.6046875 0.03125 0.0109375
0 0.46875 0.60625 0.0140625 0.0125
0 0.4921875 0.609375 0.03125 0.0140625
0 0.54609375 0.61328125 0.0734375 0.01875
0 0.6046875 0.6171875 0.028125 0.0125
0 0.628125 0.6203125 0.0171875 0.0109375
0 0.65 0.621875 0.01875 0.009375
0 0.6875 0.62578125 0.053125 0.01875
0 0.73125 0.62890625 0.03125 0.015625
0 0.7859375 0.63125 0.084375 0.0203125
0 0.8671875 0.63984375 0.075 0.0171875
0 0.0375 0.61484375 0.015625 0.009375
0 0.1015625 0.61875 0.0859375 0.015625
0 0.1546875 0.62421875 0.01875 0.015625
0 0.18125 0.625 0.028125 0.0125
0 0.23203125 0.628125 0.06875 0.01875
0 0.30546875 0.63359375 0.0734375 0.015625
0 0.21015625 0.64765625 0.05 0.0140625
0 0.0265625 0.734375 0.01875 0.0125
0 0.09375 0.73984375 0.0921875 0.021875
0 0.153125 0.746875 0.021875 0.0109375
0 0.19921875 0.75 0.059375 0.0171875
0 0.1671875 0.753125 0.0109375 0.00625
0 0.19921875 0.765625 0.0703125 0.01875
0 0.36328125 0.5984375 0.125 0.028125
0 0.80234375 0.56953125 0.0296875 0.0125