0 0.0203125 0.253125 0.040625 0.05625
0 0.075 0.228125 0.053125 0.0359375
0 0.159375 0.20625 0.0765625 0.065625
0 0.02265625 0.3203125 0.0453125 0.05
0 0.28671875 0.2109375 0.0375 0.0359375
0 0.340625 0.196875 0.0578125 0.0359375
0 0.39765625 0.18671875 0.0328125 0.04375
0 0.4453125 0.17421875 0.0578125 0.040625
0 0.50703125 0.1453125 0.0421875 0.028125
0 0.56953125 0.12578125 0.0609375 0.0421875
0 0.65390625 0.09609375 0.084375 0.0453125
0 0.7234375 0.0703125 0.03125 0.028125
0 0.7640625 0.05078125 0.04375 0.03125
0 0.83359375 0.025 0.0640625 0.040625
0 0.87890625 0.0125 0.0234375 0.025
0 0.05703125 0.36484375 0.1140625 0.0796875
0 0.1421875 0.33671875 0.053125 0.04375
0 0.22890625 0.30703125 0.11875 0.075
0 0.33515625 0.2640625 0.078125 0.04375
0 0.3984375 0.24140625 0.01875 0.015625
0 0.44375 0.23046875 0.046875 0.0390625
0 0.503125 0.20625 0.053125 0.040625
0 0.58671875 0.184375 0.0859375 0.0484375
0 0.675 0.14609375 0.0625 0.040625
0 0.75859375 0.109375 0.11875 0.0734375
0 0.15546875 0.4046875 0.0453125 0.0328125
0 0.19453125 0.38125 0.0359375 0.0578125
0 0.25546875 0.35625 0.0609375 0.0390625
0 0.3421875 0.33359375 0.0671875 0.0515625
0 0.43046875 0.28203125 0.1 0.075
0 0.17734375 0.46875 0.1109375 0.0703125
0 0.27578125 0.43359375 0.0546875 0.0390625
0 0.36640625 0.39453125 0.09375 0.05625
0 0.48984375 0.35859375 0.0953125 0.0625
0 0.5640625 0.31953125 0.05625 0.0359375
0 0.6171875 0.29453125 0.0578125 0.04375
0 0.19765625 0.5203125 0.0234375 0.0328125
0 0.2875 0.4859375 0.0203125 0.0296875
0 0.334375 0.4671875 0.0234375 0.025
0 0.4953125 0.40859375 0.0125 0.01875
0 0.56953125 0.378125 0.0171875 0.021875
0 0.61171875 0.36171875 0.021875 0.0296875
0 0.15625 0.265625 0.1921875 0.0921875