0 0.18046875 0.2234375 0.1828125 0.1015625
0 0.34921875 0.22578125 0.1015625 0.0953125
0 0.4734375 0.2234375 0.1015625 0.090625
0 0.1421875 0.34765625 0.0890625 0.075
0 0.27578125 0.3640625 0.125 0.115625
0 0.3890625 0.34921875 0.0625 0.046875
0 0.5328125 0.34765625 0.1578125 0.1046875
0 0.1640625 0.45078125 0.1078125 0.08125
0 0.26953125 0.4375 0.0390625 0.0828125
0 0.39921875 0.43828125 0.121875 0.0671875
0 0.53046875 0.46171875 0.075 0.0890625
0 0.621875 0.4359375 0.0640625 0.0390625
0 0.7640625 0.42890625 0.1875 0.0953125
0 0.19296875 0.55625 0.15625 0.0734375
0 0.415625 0.540625 0.190625 0.078125
0 0.7515625 0.5265625 0.0640625 0.08125
0 0.88515625 0.4953125 0.184375 0.075
0 0.296875 0.6640625 0.0390625 0.040625
0 0.4203125 0.66875 0.1265625 0.103125
0 0.5578125 0.62578125 0.0921875 0.0671875
0 0.671875 0.61640625 0.0546875 0.0671875
0 0.78125 0.609375 0.0953125 0.059375
0 0.19375 0.76796875 0.1359375 0.0796875
0 0.4203125 0.76640625 0.2375 0.1234375
0 0.62578125 0.72109375 0.1046875 0.0875
0 0.74609375 0.703125 0.1046875 0.078125
0 0.85 0.7171875 0.0796875 0.0890625
0 0.20078125 0.89375 0.1328125 0.1015625
0 0.3109375 0.8890625 0.021875 0.0234375
0 0.4125 0.87109375 0.1390625 0.109375
0 0.61171875 0.8390625 0.1359375 0.0921875
0 0.75 0.81953125 0.11875 0.0890625
0 0.871875 0.81015625 0.0890625 0.1078125
0 0.1953125 0.9625 0.134375 0.075
0 0.69140625 0.515625 0.0234375 0.0546875
0 0.59453125 0.54453125 0.1703125 0.115625
0 0.175 0.6734375 0.1234375 0.075