0 0.3046875 0.01640625 0.025 0.015625
0 0.35234375 0.01328125 0.1953125 0.0265625
0 0.521875 0.0296875 0.125 0.059375
0 0.65703125 0.05859375 0.13125 0.0703125
0 0.80546875 0.08984375 0.1359375 0.0609375
0 0.89609375 0.1125 0.0484375 0.0546875
0 0.93203125 0.121875 0.0234375 0.021875
0 0.975 0.13828125 0.05 0.0640625
0 0.22109375 0.01171875 0.1484375 0.0234375
0 0.41796875 0.0421875 0.1625 0.075
0 0.26875 0.04375 0.1953125 0.0859375
0 0.45625 0.08984375 0.15 0.0625
0 0.65390625 0.1359375 0.2171875 0.0765625
0 0.83359375 0.18046875 0.14375 0.0640625
0 0.93828125 0.196875 0.046875 0.0421875
0 0.98671875 0.21484375 0.0265625 0.0296875
0 0.265625 0.0921875 0.2578125 0.0921875
0 0.48046875 0.13828125 0.165625 0.0640625
0 0.6453125 0.1765625 0.1421875 0.0578125
0 0.75625 0.1953125 0.046875 0.040625
0 0.88125 0.23203125 0.1875 0.090625
0 0.99140625 0.25078125 0.0171875 0.0453125
0 0.171875 0.10078125 0.0734375 0.040625
0 0.2453125 0.11875 0.065625 0.034375
0 0.3375 0.14296875 0.09375 0.046875
0 0.4453125 0.16484375 0.1046875 0.053125
0 0.56796875 0.2 0.1265625 0.0546875
0 0.21328125 0.1515625 0.221875 0.0984375
0 0.41640625 0.19453125 0.1546875 0.065625
0 0.56875 0.2296875 0.1453125 0.0625
0 0.7078125 0.26171875 0.1171875 0.0546875
0 0.83984375 0.28671875 0.0390625 0.0421875
0 0.91015625 0.303125 0.0875 0.0453125
0 0.97890625 0.3265625 0.0421875 0.046875
0 0.121875 0.16640625 0.0484375 0.0375
0 0.20390625 0.18984375 0.11875 0.0515625
0 0.34921875 0.23203125 0.1765625 0.0828125
0 0.4640625 0.2515625 0.0359375 0.0375
0 0.53515625 0.2671875 0.1 0.0453125
0 0.6671875 0.29375 0.159375 0.0625
0 0.796875 0.315625 0.0765625 0.04375
0 0.88125 0.3390625 0.084375 0.0515625
0 0.96171875 0.37265625 0.0765625 0.0703125
0 0.15625 0.21328125 0.1359375 0.059375
0 0.28046875 0.2484375 0.06875 0.05625
0 0.40234375 0.2734375 0.1453125 0.0625
0 0.5421875 0.30625 0.1140625 0.05
0 0.67734375 0.33671875 0.1203125 0.05625
0 0.7625 0.3546875 0.046875 0.0390625
0 0.82109375 0.3765625 0.0765625 0.05625
0 0.9 0.37890625 0.0796875 0.0484375
0 0.96953125 0.41015625 0.0609375 0.0671875
0 0.1328125 0.2546875 0.1171875 0.0671875
0 0.24921875 0.28359375 0.1125 0.0625
0 0.35703125 0.2984375 0.0859375 0.0546875
0 0.453125 0.3296875 0.096875 0.065625
0 0.58046875 0.3578125 0.146875 0.075
0 0.7078125 0.38203125 0.0796875 0.0375
0 0.1734375 0.3046875 0.20625 0.071875
0 0.18046875 0.3390625 0.19375 0.071875
0 0.3953125 0.38828125 0.234375 0.0828125
0 0.08046875 0.36640625 0.046875 0.034375
0 0.29609375 0.41015625 0.33125 0.1078125
0 0.47578125 0.4453125 0.05625 0.04375
0 0.5484375 0.4625 0.078125 0.04375
0 0.68046875 0.49140625 0.1640625 0.065625
0 0.09921875 0.4109375 0.0765625 0.0359375
0 0.2 0.42890625 0.05625 0.040625
0 0.3390625 0.46796875 0.1625 0.0734375
0 0.45859375 0.490625 0.053125 0.0453125
0 0.63359375 0.528125 0.2734375 0.096875
0 0.09375 0.45 0.08125 0.0453125
0 0.21953125 0.471875 0.053125 0.0390625
0 0.31640625 0.4953125 0.1109375 0.059375
0 0.4375 0.5234375 0.0828125 0.0546875
0 0.56171875 0.54765625 0.16875 0.065625
0 0.1234375 0.4890625 0.2109375 0.078125
0 0.40859375 0.54921875 0.321875 0.109375
0 0.67421875 0.621875 0.128125 0.0796875
0 0.8609375 0.6578125 0.21875 0.0921875
0 0.05078125 0.52109375 0.0984375 0.05
0 0.20625 0.56796875 0.2 0.084375
0 0.34921875 0.59609375 0.0703125 0.0578125
0 0.534375 0.6265625 0.265625 0.0875
0 0.79453125 0.68515625 0.2375 0.0890625
0 0.059375 0.5625 0.11875 0.059375
0 0.2390625 0.5984375 0.146875 0.0671875
0 0.3953125 0.634375 0.15 0.059375
0 0.528125 0.6640625 0.090625 0.04375
0 0.64765625 0.68828125 0.121875 0.053125
0 0.79375 0.71640625 0.1390625 0.053125
0 0.90390625 0.740625 0.08125 0.05
0 0.0890625 0.61015625 0.175 0.075
0 0.25234375 0.65 0.1375 0.0625
0 0.3734375 0.671875 0.09375 0.0453125
0 0.521875 0.709375 0.1703125 0.0765625
0 0.06171875 0.64765625 0.1234375 0.0703125
0 0.21796875 0.684375 0.175 0.0734375
0 0.396875 0.715625 0.1546875 0.0625
0 0.6171875 0.7703125 0.265625 0.1015625
0 0.81015625 0.80546875 0.1015625 0.0609375
0 0.90234375 0.825 0.0859375 0.0578125
0 0.0984375 0.69453125 0.196875 0.0921875
0 0.2984375 0.74375 0.153125 0.0671875
0 0.45 0.7671875 0.115625 0.0578125
0 0.6015625 0.8109375 0.1609375 0.075
0 0.72890625 0.834375 0.096875 0.0421875
0 0.8375 0.8578125 0.1109375 0.0578125
0 0.14375 0.7578125 0.2875 0.121875
0 0.36796875 0.8046875 0.178125 0.084375
0 0.47265625 0.8171875 0.071875 0.046875
0 0.61328125 0.846875 0.171875 0.0734375
0 0.7359375 0.871875 0.0671875 0.0421875
0 0.853125 0.890625 0.1390625 0.065625
0 0.15 0.79765625 0.3 0.1046875
0 0.4640625 0.87265625 0.2109375 0.103125
0 0.68046875 0.89765625 0.1734375 0.1
0 0.84609375 0.9328125 0.146875 0.06875
0 0.10390625 0.84453125 0.2078125 0.0859375
0 0.25234375 0.8671875 0.0609375 0.046875
0 0.4546875 0.91484375 0.31875 0.1234375
0 0.11640625 0.88359375 0.2328125 0.1140625
0 0.3703125 0.92578125 0.2078125 0.0875
0 0.54921875 0.96484375 0.115625 0.053125
0 0.76640625 0.94921875 0.2265625 0.1015625
0 0.73203125 0.95859375 0.3109375 0.0828125
0 0.6265625 0.98125 0.096875 0.0375
0 0.696875 0.9921875 0.05 0.015625
0 0.82578125 0.40390625 0.1328125 0.0578125
0 0.91953125 0.43046875 0.0625 0.05625
0 0.5890625 0.08203125 0.15625 0.0625
0 0.74140625 0.11640625 0.1125 0.046875
0 0.534375 0.11484375 0.01875 0.0109375
0 0.796875 0.284375 0.05 0.021875
0 0.96796875 0.440625 0.0640625 0.046875
0 0.590625 0.596875 0.0375 0.0171875
0 0.65546875 0.72578125 0.059375 0.040625
0 0.82109375 0.76796875 0.2359375 0.090625