0 0.15390625 0.121875 0.0421875 0.0140625
0 0.190625 0.12578125 0.03125 0.0125
0 0.23515625 0.12890625 0.0359375 0.015625
0 0.26484375 0.13203125 0.021875 0.0140625
0 0.296875 0.13515625 0.0390625 0.015625
0 0.10625 0.14375 0.01875 0.0125
0 0.16328125 0.14921875 0.0640625 0.021875
0 0.21875 0.15390625 0.046875 0.015625
0 0.25234375 0.15703125 0.021875 0.015625
0 0.2765625 0.159375 0.0265625 0.0125
0 0.33515625 0.16484375 0.0828125 0.01875
0 0.15078125 0.17109375 0.04375 0.0140625
0 0.17890625 0.1734375 0.01875 0.0125
0 0.20625 0.17578125 0.03125 0.0140625
0 0.240625 0.1796875 0.0359375 0.0140625
0 0.3 0.18671875 0.0859375 0.025
0 0.37109375 0.19375 0.0546875 0.01875
0 0.42578125 0.196875 0.046875 0.0171875
0 0.459375 0.1984375 0.0171875 0.0140625
0 0.4953125 0.20234375 0.0515625 0.0171875
0 0.52734375 0.20546875 0.0171875 0.0125
0 0.58984375 0.21328125 0.10625 0.025
0 0.22890625 0.20390625 0.0296875 0.0171875
0 0.25859375 0.20546875 0.0296875 0.015625
0 0.2953125 0.20859375 0.046875 0.0203125
0 0.3703125 0.21640625 0.1046875 0.0234375
0 0.21875 0.221875 0.0546875 0.0171875
0 0.2984375 0.23125 0.10625 0.025
0 0.365625 0.23828125 0.03125 0.0109375
0 0.41640625 0.24296875 0.0734375 0.01875
0 0.49765625 0.253125 0.0875 0.0234375
0 0.553125 0.25625 0.0203125 0.0140625
0 0.59453125 0.26015625 0.0609375 0.0171875
0 0.64453125 0.2640625 0.034375 0.0171875
0 0.67109375 0.26796875 0.0171875 0.0109375
0 0.6859375 0.26796875 0.0140625 0.0125
0 0.7078125 0.27109375 0.025 0.0125
0 0.77421875 0.2765625 0.109375 0.025
0 0.8640625 0.28515625 0.0671875 0.0203125
0 0.92421875 0.29296875 0.0453125 0.0125
0 0.14765625 0.240625 0.046875 0.0171875
0 0.18125 0.24375 0.021875 0.0140625
0 0.21171875 0.246875 0.0296875 0.0140625
0 0.24765625 0.24921875 0.0375 0.015625
0 0.27421875 0.2546875 0.0140625 0.0078125
0 0.31015625 0.25546875 0.0625 0.0203125
0 0.3734375 0.2625 0.0578125 0.01875
0 0.41015625 0.26796875 0.01875 0.015625
0 0.43046875 0.26953125 0.0140625 0.009375
0 0.49296875 0.27421875 0.1 0.021875
0 0.3515625 0.28515625 0.3234375 0.053125
0 0.55 0.30625 0.075 0.0265625
0 0.60546875 0.309375 0.034375 0.015625
0 0.63984375 0.3140625 0.03125 0.015625
0 0.671875 0.315625 0.021875 0.0140625
0 0.703125 0.3203125 0.04375 0.0140625
0 0.72890625 0.32109375 0.0109375 0.0109375
0 0.14609375 0.2859375 0.046875 0.0171875
0 0.175 0.28828125 0.0171875 0.0125
0 0.20703125 0.290625 0.0421875 0.0140625
0 0.2390625 0.29453125 0.0171875 0.0140625
0 0.26640625 0.29609375 0.034375 0.015625
0 0.328125 0.3046875 0.0953125 0.0265625
0 0.41015625 0.31171875 0.065625 0.01875
0 0.45234375 0.315625 0.0140625 0.0125
0 0.4984375 0.321875 0.06875 0.01875
0 0.5515625 0.3265625 0.0296875 0.015625
0 0.5921875 0.33046875 0.046875 0.01875
0 0.6234375 0.33359375 0.0140625 0.0125
0 0.64296875 0.33515625 0.021875 0.0109375
0 0.68671875 0.34140625 0.0609375 0.021875
0 0.76484375 0.3484375 0.0953125 0.0265625
0 0.84921875 0.35625 0.071875 0.01875
0 0.90234375 0.3625 0.0359375 0.0171875
0 0.93046875 0.36328125 0.021875 0.0203125
0 0.96796875 0.36875 0.0546875 0.021875
0 0.1546875 0.3109375 0.0671875 0.021875
0 0.209375 0.31484375 0.04375 0.015625
0 0.27578125 0.32265625 0.0890625 0.0234375
0 0.34765625 0.3296875 0.0515625 0.015625
0 0.471875 0.3421875 0.190625 0.0375
0 0.153125 0.33359375 0.0171875 0.0140625
0 0.17578125 0.3359375 0.0265625 0.0140625
0 0.22109375 0.34140625 0.0609375 0.0203125
0 0.29453125 0.346875 0.0875 0.0234375
0 0.2171875 0.36171875 0.053125 0.0171875
0 0.2515625 0.36640625 0.01875 0.015625
0 0.275 0.36953125 0.0296875 0.0140625
0 0.32109375 0.375 0.0703125 0.0234375
0 0.384375 0.37890625 0.0546875 0.01875
0 0.42734375 0.384375 0.0328125 0.0140625
0 0.490625 0.390625 0.096875 0.0265625
0 0.17265625 0.38046875 0.0296875 0.0171875
0 0.1984375 0.3828125 0.0234375 0.015625
0 0.246875 0.38828125 0.0640625 0.01875
0 0.4515625 0.41015625 0.3578125 0.0515625
0 0.6640625 0.43203125 0.0171875 0.0125
0 0.72578125 0.4390625 0.0625 0.0234375
0 0.7796875 0.44375 0.0515625 0.0171875
0 0.1734375 0.403125 0.0296875 0.015625
0 0.1984375 0.40546875 0.0265625 0.0125
0 0.24296875 0.4109375 0.0640625 0.0234375
0 0.40546875 0.42890625 0.271875 0.0453125
0 0.65 0.453125 0.01875 0.0109375
0 0.690625 0.45859375 0.03125 0.0203125
0 0.71171875 0.46015625 0.015625 0.0109375
0 0.7578125 0.4640625 0.08125 0.021875
0 0.82578125 0.47265625 0.071875 0.0203125
0 0.17265625 0.42421875 0.03125 0.015625
0 0.1953125 0.428125 0.025 0.0140625
0 0.23515625 0.43125 0.0578125 0.021875
0 0.3671875 0.44765625 0.2140625 0.0421875
0 0.52109375 0.46171875 0.0203125 0.0125
0 0.1578125 0.4484375 0.0234375 0.01875
0 0.21328125 0.45546875 0.0640625 0.025
0 0.2765625 0.46171875 0.06875 0.0203125
0 0.34609375 0.46796875 0.0625 0.0203125
0 0.38125 0.4796875 0.015625 0.03125
0 0.396875 0.471875 0.0125 0.0109375
0 0.4125 0.47421875 0.01875 0.0171875
0 0.46171875 0.47734375 0.0734375 0.021875
0 0.5046875 0.48203125 0.0171875 0.0125
0 0.52265625 0.484375 0.021875 0.0171875
0 0.553125 0.4875 0.040625 0.0171875
0 0.69609375 0.503125 0.0609375 0.0234375
0 0.7328125 0.50625 0.0140625 0.009375
0 0.76328125 0.50859375 0.0453125 0.01875
0 0.83203125 0.5171875 0.0953125 0.025
0 0.39453125 0.490625 0.0109375 0.0078125
0 0.41171875 0.49296875 0.0203125 0.015625
0 0.4609375 0.496875 0.075 0.01875
0 0.50703125 0.50234375 0.0140625 0.0140625
0 0.534375 0.5015625 0.05 0.025
0 0.2359375 0.49765625 0.028125 0.0140625
0 0.26640625 0.5015625 0.0296875 0.0109375
0 0.29609375 0.5046875 0.034375 0.01875
0 0.33046875 0.509375 0.03125 0.015625
0 0.35625 0.51015625 0.01875 0.0171875
0 0.39375 0.51484375 0.0546875 0.0203125
0 0.43046875 0.51796875 0.021875 0.0125
0 0.453125 0.52109375 0.021875 0.0171875
0 0.4984375 0.525 0.0703125 0.0203125
0 0.55078125 0.5296875 0.0421875 0.015625
0 0.5875 0.53515625 0.03125 0.0140625
0 0.6171875 0.5375 0.0328125 0.015625
0 0.6734375 0.54453125 0.08125 0.0234375
0 0.19140625 0.51640625 0.01875 0.0109375
0 0.23203125 0.5203125 0.05625 0.021875
0 0.31796875 0.528125 0.121875 0.0328125
0 0.3171875 0.55078125 0.1828125 0.0375
0 0.51484375 0.5703125 0.1984375 0.0375
0 0.678125 0.58984375 0.0203125 0.009375
0 0.73984375 0.5953125 0.08125 0.0203125
0 0.815625 0.60703125 0.0625 0.0203125
0 0.2390625 0.565625 0.0359375 0.0203125
0 0.27421875 0.56796875 0.0296875 0.0171875
0 0.32265625 0.5734375 0.0703125 0.0203125
0 0.3890625 0.58046875 0.065625 0.01875
0 0.43671875 0.584375 0.0265625 0.0125
0 0.46640625 0.58671875 0.0328125 0.015625
0 0.51875 0.59609375 0.0640625 0.0234375
0 0.265625 0.58984375 0.034375 0.0125
0 0.30546875 0.59296875 0.0421875 0.0140625
0 0.346875 0.5984375 0.0359375 0.0171875
0 0.3859375 0.6 0.040625 0.0140625
0 0.42890625 0.60546875 0.04375 0.0171875
0 0.48515625 0.61171875 0.0703125 0.0203125
0 0.54375 0.61875 0.0296875 0.015625
0 0.5828125 0.621875 0.0421875 0.015625
0 0.6203125 0.6265625 0.0390625 0.01875
0 0.65546875 0.63046875 0.0265625 0.015625
0 0.6875 0.63359375 0.0421875 0.015625
0 0.73828125 0.6390625 0.059375 0.0203125
0 0.18515625 0.60390625 0.01875 0.0125
0 0.225 0.6078125 0.053125 0.01875
0 0.33671875 0.61796875 0.171875 0.03125
0 0.3078125 0.6359375 0.1796875 0.034375
0 0.553125 0.6625 0.2875 0.0515625
0 0.06796875 0.66015625 0.021875 0.0125
0 0.14453125 0.6640625 0.0921875 0.021875
0 0.20078125 0.66953125 0.0171875 0.0125
0 0.22421875 0.671875 0.0265625 0.0140625
0 0.27421875 0.67734375 0.0703125 0.0171875
0 0.1390625 0.68515625 0.0484375 0.0171875
0 0.20625 0.6921875 0.0828125 0.021875
0 0.2671875 0.69765625 0.034375 0.0125
0 0.28828125 0.7 0.0109375 0.0125
0 0.303125 0.7015625 0.0171875 0.0109375
0 0.33125 0.70546875 0.0359375 0.0125
0 0.3609375 0.70859375 0.025 0.0109375
0 0.4859375 0.72109375 0.2015625 0.0375
0 0.121875 0.70390625 0.0234375 0.0140625
0 0.15390625 0.70625 0.0390625 0.0140625
0 0.190625 0.7109375 0.0328125 0.015625
0 0.23203125 0.71484375 0.046875 0.0140625
0 0.265625 0.71640625 0.021875 0.0125
0 0.2875 0.71953125 0.0265625 0.0125
0 0.31875 0.72421875 0.0359375 0.015625
0 0.3640625 0.72890625 0.0546875 0.01875
0 0.43671875 0.7359375 0.08125 0.0203125
0 0.49453125 0.74375 0.0265625 0.0140625
0 0.51875 0.74765625 0.0171875 0.0140625
0 0.53828125 0.74765625 0.01875 0.0125
0 0.5625 0.75078125 0.03125 0.0140625
0 0.609375 0.75703125 0.0640625 0.0203125
0 0.65703125 0.76171875 0.0296875 0.0140625
0 0.684375 0.765625 0.0296875 0.0140625
0 0.715625 0.76953125 0.03125 0.0125
0 0.7734375 0.77578125 0.0796875 0.01875
0 0.8328125 0.78125 0.0328125 0.0140625
0 0.86875 0.78515625 0.0390625 0.015625
0 0.9 0.78984375 0.028125 0.0109375
0 0.15078125 0.73359375 0.040625 0.021875
0 0.3125 0.7453125 0.23125 0.0390625
0 0.30546875 0.7625 0.046875 0.0171875
0 0.14453125 0.76875 0.0484375 0.015625
0 0.20234375 0.77421875 0.06875 0.01875
0 0.2515625 0.78046875 0.028125 0.0125
0 0.35859375 0.79140625 0.175 0.0375
0 0.14140625 0.79140625 0.04375 0.0171875
0 0.178125 0.79453125 0.03125 0.0140625
0 0.2078125 0.79609375 0.025 0.0125
0 0.23125 0.80078125 0.0171875 0.0125
0 0.28046875 0.80546875 0.0765625 0.0203125
0 0.33984375 0.81171875 0.0421875 0.015625
0 0.36875 0.815625 0.0171875 0.0125
0 0.39296875 0.81796875 0.0265625 0.0140625
0 0.4359375 0.82265625 0.05625 0.0171875
0 0.1421875 0.8125 0.034375 0.021875
0 0.19140625 0.809375 0.0453125 0.0171875
0 0.1890625 0.825 0.0390625 0.0140625
0 0.2609375 0.8234375 0.025 0.0125
0 0.29375 0.8265625 0.0359375 0.015625
0 0.31953125 0.83046875 0.0171875 0.0109375
0 0.35 0.83359375 0.0375 0.0125
0 0.41328125 0.840625 0.0828125 0.0265625
0 0.14921875 0.840625 0.0359375 0.0234375
0 0.2859375 0.85078125 0.2265625 0.040625
0 0.25234375 0.86328125 0.04375 0.01875
0 0.41953125 0.87421875 0.015625 0.009375
0 0.590625 0.884375 0.3125 0.0484375
0 0.55 0.89609375 0.0375 0.0171875
0 0.14609375 0.871875 0.0390625 0.0171875
0 0.05234375 0.8015625 0.034375 0.0203125
0 0.0984375 0.8078125 0.025 0.0140625
0 0.9734375 0.296875 0.053125 0.01875