0 0.2734375 0.08671875 0.1015625 0.0484375
0 0.5265625 0.0671875 0.2 0.0390625
0 0.146875 0.1375 0.0625 0.028125
0 0.30625 0.11953125 0.190625 0.05625
0 0.52421875 0.10078125 0.228125 0.053125
0 0.146875 0.1828125 0.05625 0.0265625
0 0.30859375 0.16875 0.1515625 0.0515625
0 0.55078125 0.14921875 0.05625 0.0265625
0 0.634375 0.13984375 0.0578125 0.0390625
0 0.71015625 0.13515625 0.0859375 0.04375
0 0.16796875 0.2265625 0.0734375 0.028125
0 0.2484375 0.2203125 0.0796875 0.01875
0 0.64609375 0.33203125 0.0390625 0.0390625
0 0.57890625 0.39765625 0.1390625 0.053125
0 0.73671875 0.29140625 0.1171875 0.040625
0 0.13515625 0.4921875 0.0328125 0.025
0 0.19609375 0.484375 0.0796875 0.025
0 0.28359375 0.4796875 0.0875 0.0296875
0 0.359375 0.471875 0.053125 0.021875
0 0.55234375 0.4609375 0.2859375 0.0828125
0 0.75703125 0.434375 0.1140625 0.053125
0 0.1734375 0.5375 0.065625 0.0703125
0 0.36171875 0.528125 0.2828125 0.0921875
0 0.6546875 0.5 0.2390625 0.0515625
0 0.4109375 0.56328125 0.0859375 0.0265625
0 0.51171875 0.55546875 0.109375 0.0265625
0 0.1984375 0.61171875 0.1359375 0.0375
0 0.43203125 0.6 0.2796875 0.0609375
0 0.6953125 0.575 0.2046875 0.053125
0 0.2453125 0.65078125 0.14375 0.0484375
0 0.41328125 0.6328125 0.1390625 0.0328125
0 0.5453125 0.62109375 0.0625 0.025
0 0.725 0.60703125 0.2390625 0.0546875
0 0.18359375 0.69453125 0.034375 0.0234375
0 0.28515625 0.6875 0.159375 0.0515625
0 0.4875 0.66640625 0.2296875 0.05
0 0.64921875 0.65078125 0.0421875 0.0328125
0 0.81171875 0.64453125 0.23125 0.0625
0 0.275 0.73046875 0.2421875 0.0546875
0 0.43203125 0.71640625 0.0609375 0.03125
0 0.515625 0.71015625 0.084375 0.0328125
0 0.64765625 0.7015625 0.178125 0.059375
0 0.821875 0.6859375 0.125 0.0453125
0 0.2 0.7765625 0.1015625 0.0453125
0 0.39375 0.76328125 0.24375 0.0546875
0 0.56875 0.74140625 0.0453125 0.0265625
0 0.6765625 0.73125 0.1234375 0.0375
0 0.76953125 0.72421875 0.0375 0.0265625
0 0.26484375 0.81796875 0.2078125 0.05
0 0.4078125 0.79921875 0.0703125 0.028125
0 0.546875 0.78359375 0.1796875 0.046875
0 0.69921875 0.77109375 0.1015625 0.0359375
0 0.81015625 0.7640625 0.0453125 0.0375
0 0.28125 0.8515625 0.196875 0.04375
0 0.46015625 0.83359375 0.1203125 0.0375
0 0.5671875 0.82734375 0.0828125 0.0390625
0 0.74296875 0.8140625 0.215625 0.0515625
0 0.26171875 0.896875 0.190625 0.059375
0 0.4265625 0.884375 0.1078125 0.04375
0 0.596875 0.86640625 0.1984375 0.0515625
0 0.7265625 0.846875 0.053125 0.028125
0 0.81953125 0.840625 0.115625 0.0359375
0 0.20859375 0.93046875 0.084375 0.0375
0 0.33828125 0.92109375 0.1375 0.0375
0 0.47421875 0.909375 0.0984375 0.028125
0 0.565625 0.90078125 0.053125 0.025
0 0.6984375 0.8890625 0.196875 0.040625
0 0.8515625 0.8765625 0.0859375 0.0328125
0 0.5046875 0.94140625 0.2671875 0.053125
0 0.1359375 0.35 0.115625 0.0828125
0 0.23984375 0.34296875 0.103125 0.0859375
0 0.33203125 0.35390625 0.096875 0.1
0 0.43359375 0.33828125 0.14375 0.1203125
0 0.53828125 0.3171875 0.1875 0.1046875
0 0.38828125 0.07734375 0.05 0.0265625
0 0.18828125 0.265625 0.09375 0.0546875
0 0.328125 0.25234375 0.1171875 0.078125
0 0.17734375 0.38515625 0.0390625 0.04375
0 0.38203125 0.36796875 0.05625 0.0484375
0 0.5828125 0.3515625 0.0484375 0.04375
0 0.74296875 0.3390625 0.04375 0.04375
0 0.74609375 0.91953125 0.16875 0.053125