0 0.13203125 0.11328125 0.1546875 0.0515625
0 0.4671875 0.12421875 0.4828125 0.090625
0 0.140625 0.23828125 0.1078125 0.0515625
0 0.52421875 0.25234375 0.515625 0.128125
0 0.859375 0.278125 0.2515625 0.1484375
0 0.32734375 0.31484375 0.1828125 0.0671875
0 0.7078125 0.34140625 0.4984375 0.15625
0 0.13046875 0.471875 0.096875 0.05625
0 0.3015625 0.45625 0.1265625 0.0640625
0 0.40390625 0.4515625 0.0390625 0.0921875
0 0.68828125 0.4421875 0.4890625 0.109375
0 0.153125 0.596875 0.06875 0.0765625
0 0.5390625 0.58828125 0.5109375 0.1125
0 0.92265625 0.5796875 0.153125 0.0953125
0 0.48359375 0.6921875 0.496875 0.0953125
0 0.76953125 0.6921875 0.1734375 0.0796875
0 0.13671875 0.7953125 0.128125 0.078125
0 0.42578125 0.83828125 0.3640625 0.159375
0 0.80390625 0.81875 0.328125 0.096875
0 0.1421875 0.9125 0.121875 0.06875
0 0.42109375 0.92265625 0.3703125 0.1265625