0 0.45703125 0.56484375 0.0953125 0.0625
0 0.4234375 0.49453125 0.2375 0.090625
0 0.38359375 0.103125 0.159375 0.0765625
0 0.6625 0.4921875 0.1984375 0.0703125
0 0.53359375 0.23203125 0.178125 0.071875
0 0.22890625 0.49921875 0.15625 0.0859375
0 0.50859375 0.15859375 0.134375 0.0734375
0 0.60625 0.8515625 0.1125 0.075
0 0.4015625 0.63984375 0.121875 0.0578125
0 0.21328125 0.278125 0.128125 0.059375
0 0.18046875 0.1515625 0.1015625 0.0578125
0 0.84375 0.1921875 0.11875 0.06875
0 0.22421875 0.790625 0.1 0.0703125
0 0.646875 0.765625 0.0953125 0.0625
0 0.38125 0.234375 0.0859375 0.0625
0 0.10703125 0.49921875 0.096875 0.0796875
0 0.22421875 0.228125 0.0921875 0.075
0 0.80546875 0.43203125 0.1109375 0.0546875
0 0.3171875 0.85703125 0.1 0.0484375
0 0.4875 0.85078125 0.0828125 0.065625
0 0.86875 0.24453125 0.11875 0.0375
0 0.84609375 0.1234375 0.1015625 0.0453125
0 0.375 0.15390625 0.0953125 0.053125
0 0.48125 0.7796875 0.0875 0.053125
0 0.5171875 0.640625 0.0828125 0.05
0 0.27734375 0.5640625 0.0953125 0.04375
0 0.68203125 0.43046875 0.084375 0.0421875
0 0.809375 0.49765625 0.09375 0.053125
0 0.6421875 0.10234375 0.0921875 0.0484375
0 0.809375 0.76796875 0.0796875 0.0609375
0 0.725 0.62734375 0.084375 0.0578125
0 0.0796875 0.70234375 0.0796875 0.0625
0 0.63828125 0.178125 0.103125 0.0453125
0 0.14765625 0.6359375 0.075 0.05625
0 0.27890625 0.1515625 0.08125 0.0546875
0 0.26640625 0.09140625 0.0703125 0.0546875
0 0.18125 0.08046875 0.084375 0.0453125
0 0.3484375 0.41484375 0.075 0.0546875
0 0.24140625 0.70703125 0.078125 0.05
0 0.21171875 0.86171875 0.0859375 0.040625
0 0.13125 0.78359375 0.071875 0.04375
0 0.24609375 0.41640625 0.0765625 0.0453125
0 0.96015625 0.62421875 0.0671875 0.0484375
0 0.51875 0.42421875 0.0828125 0.0421875
0 0.3890625 0.7796875 0.06875 0.0484375
0 0.82109375 0.83046875 0.0796875 0.05
0 0.67890625 0.23984375 0.078125 0.04375
0 0.7265625 0.83515625 0.0734375 0.059375
0 0.09921875 0.2828125 0.06875 0.046875
0 0.36640625 0.56484375 0.06875 0.040625
0 0.15078125 0.21171875 0.0703125 0.0375
0 0.8296875 0.6328125 0.078125 0.04375
0 0.8984375 0.82734375 0.06875 0.0453125
0 0.9125 0.496875 0.0734375 0.04375
0 0.88515625 0.7578125 0.053125 0.04375
0 0.73359375 0.1140625 0.0703125 0.0453125
0 0.090625 0.56875 0.059375 0.0484375
0 0.30390625 0.79609375 0.05 0.0453125
0 0.30390625 0.63984375 0.065625 0.0359375
0 0.73125 0.76484375 0.059375 0.04375
0 0.1640625 0.415625 0.05625 0.0390625
0 0.90390625 0.4375 0.0640625 0.040625
0 0.43125 0.42109375 0.059375 0.0390625
0 0.121875 0.86015625 0.0609375 0.0359375
0 0.40703125 0.8625 0.0578125 0.040625
0 0.30234375 0.22421875 0.0390625 0.053125
0 0.159375 0.56484375 0.05 0.0421875
0 0.228125 0.63515625 0.053125 0.0453125
0 0.95 0.7546875 0.05625 0.04375
0 0.57265625 0.56171875 0.046875 0.0421875
0 0.1578125 0.7015625 0.05 0.0390625
0 0.65 0.63515625 0.0546875 0.0359375
0 0.31796875 0.71171875 0.075 0.0359375
0 0.09765625 0.1390625 0.05 0.0390625
0 0.940625 0.18671875 0.05625 0.04375
0 0.77109375 0.2390625 0.053125 0.0359375
0 0.7375 0.17421875 0.0578125 0.03125
0 0.57265625 0.7796875 0.0546875 0.034375
0 0.55390625 0.1046875 0.05625 0.034375
0 0.90078125 0.625 0.0421875 0.034375
0 0.5234375 0.5625 0.040625 0.0328125
0 0.0640625 0.86328125 0.04375 0.0390625
0 0.59765625 0.6375 0.0359375 0.0328125
0 0.50234375 0.09609375 0.034375 0.028125
0 0.95703125 0.253125 0.034375 0.03125
0 0.2078125 0.56796875 0.0265625 0.0265625
0 0.08984375 0.21484375 0.0234375 0.025
0 0.925 0.1234375 0.0265625 0.0234375
0 0.96015625 0.825 0.0390625 0.0578125
0 0.59140625 0.42578125 0.053125 0.0375