0 0.46015625 0.02109375 0.0765625 0.03125
0 0.09140625 0.1078125 0.0671875 0.0265625
0 0.2375 0.11640625 0.0234375 0.0171875
0 0.3046875 0.1078125 0.1 0.034375
0 0.40625 0.0953125 0.0953125 0.0390625
0 0.80390625 0.20390625 0.075 0.01875
0 0.2 0.22265625 0.2046875 0.0328125
0 0.365625 0.2296875 0.0765625 0.0203125
0 0.44375 0.23359375 0.0671875 0.0234375
0 0.16640625 0.25390625 0.05 0.0171875
0 0.221875 0.26015625 0.0328125 0.0171875
0 0.28515625 0.2609375 0.05 0.0171875
0 0.34140625 0.26015625 0.021875 0.0171875
0 0.434375 0.2671875 0.1453125 0.028125
0 0.18046875 0.29296875 0.1234375 0.025
0 0.27265625 0.29296875 0.034375 0.01875
0 0.3296875 0.29609375 0.053125 0.01875
0 0.4078125 0.3 0.06875 0.0203125
0 0.5 0.30234375 0.08125 0.0203125
0 0.20390625 0.3265625 0.08125 0.0203125
0 0.29296875 0.33359375 0.06875 0.0203125
0 0.396875 0.3359375 0.1140625 0.028125
0 0.47578125 0.33515625 0.0203125 0.0203125
0 0.53515625 0.3390625 0.08125 0.021875
0 0.20078125 0.36328125 0.1578125 0.028125
0 0.32265625 0.365625 0.0640625 0.01875
0 0.409375 0.3703125 0.0859375 0.0203125
0 0.4984375 0.3734375 0.0640625 0.01875
0 0.58515625 0.37890625 0.0703125 0.0234375
0 0.65 0.3796875 0.05 0.01875
0 0.30625 0.4 0.14375 0.021875
0 0.225 0.43203125 0.1046875 0.028125
0 0.390625 0.4359375 0.20625 0.0296875
0 0.1640625 0.46484375 0.09375 0.0234375
0 0.225 0.465625 0.0234375 0.0125
0 0.27109375 0.4671875 0.0515625 0.0171875
0 0.38359375 0.471875 0.140625 0.0328125
0 0.490625 0.47734375 0.0359375 0.01875
0 0.5921875 0.48046875 0.1359375 0.025
0 0.68359375 0.48203125 0.03125 0.021875
0 0.22890625 0.50234375 0.096875 0.0203125
0 0.37734375 0.50859375 0.1859375 0.0265625
0 0.1546875 0.52890625 0.128125 0.025
0 0.23984375 0.5328125 0.025 0.0203125
0 0.35546875 0.5390625 0.1859375 0.0328125
0 0.15859375 0.565625 0.140625 0.03125
0 0.32109375 0.57421875 0.165625 0.0328125
0 0.434375 0.5796875 0.034375 0.01875
0 0.54453125 0.58125 0.1640625 0.0265625
0 0.18203125 0.60234375 0.140625 0.028125
0 0.3015625 0.609375 0.090625 0.0234375
0 0.36953125 0.60859375 0.0234375 0.0171875
0 0.45625 0.6125 0.125 0.03125
0 0.1453125 0.634375 0.10625 0.021875
0 0.26953125 0.640625 0.1171875 0.0234375
0 0.38984375 0.64609375 0.125 0.0265625
0 0.47734375 0.64921875 0.0234375 0.0203125
0 0.5765625 0.65390625 0.15625 0.025
0 0.71796875 0.66328125 0.096875 0.0234375
0 0.17265625 0.6671875 0.1140625 0.028125
0 0.26171875 0.67421875 0.0375 0.0171875
0 0.40078125 0.68203125 0.23125 0.0359375
0 0.175 0.709375 0.1515625 0.0296875
0 0.321875 0.71484375 0.1328125 0.03125
0 0.4671875 0.7203125 0.1359375 0.0265625
0 0.55859375 0.72421875 0.0234375 0.01875
0 0.6375 0.73359375 0.1078125 0.0203125
0 0.73828125 0.73671875 0.0640625 0.0171875
0 0.153125 0.740625 0.0953125 0.021875
0 0.26484375 0.74921875 0.1046875 0.0265625
0 0.33671875 0.74921875 0.015625 0.015625
0 0.403125 0.753125 0.090625 0.025
0 0.1578125 0.77890625 0.1109375 0.021875
0 0.2828125 0.7859375 0.0921875 0.025
0 0.390625 0.78984375 0.096875 0.025
0 0.45703125 0.7921875 0.0203125 0.0203125
0 0.509375 0.80078125 0.0640625 0.0203125
0 0.39921875 0.12421875 0.0875 0.028125