0 0.13359375 0.0984375 0.059375 0.0578125
0 0.23125 0.0890625 0.0640625 0.05
0 0.37890625 0.11484375 0.196875 0.0953125
0 0.5046875 0.13828125 0.046875 0.0453125
0 0.59609375 0.15625 0.1234375 0.071875
0 0.746875 0.1796875 0.153125 0.078125
0 0.2265625 0.12109375 0.1015625 0.05625
0 0.225 0.20546875 0.128125 0.08125
0 0.46640625 0.24296875 0.0984375 0.06875
0 0.5640625 0.2625 0.084375 0.0546875
0 0.7046875 0.2890625 0.15 0.090625
0 0.84609375 0.3078125 0.04375 0.04375
0 0.91953125 0.32265625 0.0921875 0.0578125
0 0.9859375 0.33984375 0.028125 0.0546875
0 0.17421875 0.2546875 0.05 0.0515625
0 0.23359375 0.2703125 0.0625 0.05
0 0.31328125 0.27890625 0.0640625 0.040625
0 0.4015625 0.3046875 0.0984375 0.0828125
0 0.5265625 0.32109375 0.13125 0.08125
0 0.61875 0.3484375 0.0109375 0.0125
0 0.67265625 0.35625 0.0609375 0.0515625
0 0.7484375 0.36171875 0.0609375 0.0421875
0 0.81953125 0.378125 0.0625 0.0625
0 0.93359375 0.390625 0.1328125 0.06875
0 0.13515625 0.30546875 0.0828125 0.05625
0 0.2515625 0.33515625 0.159375 0.0875
0 0.34765625 0.35 0.0109375 0.0109375
0 0.43203125 0.3625 0.0640625 0.05
0 0.5109375 0.37734375 0.0453125 0.034375
0 0.59140625 0.38984375 0.10625 0.0578125
0 0.68984375 0.409375 0.0421875 0.0421875
0 0.75 0.41875 0.040625 0.0421875
0 0.8828125 0.44296875 0.19375 0.0875
0 0.17421875 0.41015625 0.228125 0.103125
0 0.1078125 0.46640625 0.0578125 0.0453125
0 0.1953125 0.4828125 0.11875 0.075
0 0.27265625 0.4984375 0.028125 0.034375
0 0.3296875 0.50625 0.0546875 0.0453125
0 0.41640625 0.52109375 0.090625 0.059375
0 0.54375 0.54765625 0.14375 0.084375
0 0.09375 0.51484375 0.0453125 0.04375
0 0.18359375 0.5375 0.1 0.06875
0 0.26640625 0.5484375 0.0421875 0.04375
0 0.31875 0.5546875 0.0421875 0.046875
0 0.41015625 0.5703125 0.0984375 0.05625
0 0.49453125 0.5921875 0.0515625 0.0375
0 0.55625 0.6046875 0.0265625 0.0296875
0 0.66875 0.625 0.1484375 0.0625
0 0.753125 0.54296875 0.1265625 0.1328125
0 0.703125 0.7109375 0.165625 0.221875
0 0.84296875 0.746875 0.1765625 0.20625
0 0.32421875 0.2125 0.0578125 0.0609375
0 0.79765625 0.30234375 0.0375 0.0375