0 0.2734375 0.4171875 0.3 0.090625
0 0.453125 0.4015625 0.021875 0.01875
0 0.196875 0.50234375 0.0296875 0.01875
0 0.30703125 0.51171875 0.146875 0.0578125
0 0.46875 0.51015625 0.1671875 0.084375
0 0.7078125 0.5015625 0.271875 0.096875
0 0.2703125 0.62109375 0.1171875 0.0484375
0 0.396875 0.625 0.078125 0.0859375
0 0.51953125 0.60234375 0.1 0.0578125
0 0.721875 0.590625 0.2453125 0.065625
0 0.25703125 0.70859375 0.0625 0.0625
0 0.409375 0.7296875 0.16875 0.0984375
0 0.52734375 0.6859375 0.0328125 0.0265625