0 0.0796875 0.13203125 0.0953125 0.0921875
0 0.22578125 0.125 0.128125 0.0875
0 0.34296875 0.1046875 0.0515625 0.0875
0 0.4859375 0.11484375 0.209375 0.1359375
0 0.66640625 0.05546875 0.13125 0.103125
0 0.79140625 0.0359375 0.0859375 0.071875
0 0.89296875 0.03125 0.0828125 0.0625
0 0.096875 0.2796875 0.1484375 0.15625
0 0.22578125 0.24921875 0.0328125 0.0640625
0 0.33046875 0.23125 0.0984375 0.075
0 0.41640625 0.23359375 0.04375 0.05
0 0.496875 0.209375 0.071875 0.0765625
0 0.59609375 0.18984375 0.090625 0.0875
0 0.7328125 0.21953125 0.1453125 0.1953125
0 0.8296875 0.1625 0.0328125 0.0484375
0 0.90390625 0.18125 0.0875 0.1078125
0 0.06796875 0.39765625 0.0796875 0.1015625
0 0.1296875 0.38203125 0.0375 0.071875
0 0.21640625 0.35859375 0.08125 0.090625
0 0.26171875 0.2984375 0.0421875 0.065625
0 0.26953125 0.36640625 0.0234375 0.0421875
0 0.31875 0.35390625 0.0828125 0.0796875
0 0.3953125 0.33515625 0.0328125 0.0640625
0 0.4671875 0.340625 0.08125 0.0734375
0 0.56484375 0.3375 0.1046875 0.0984375
0 0.6671875 0.3125 0.0859375 0.075
0 0.73046875 0.30703125 0.025 0.0453125
0 0.80859375 0.28515625 0.1078125 0.06875
0 0.90703125 0.271875 0.0375 0.0484375
0 0.53125 0.44609375 0.059375 0.115625
0 0.434375 0.49453125 0.134375 0.16875
0 0.3234375 0.48515625 0.0921875 0.0734375
0 0.225 0.49453125 0.0609375 0.071875
0 0.13515625 0.49296875 0.059375 0.08125
0 0.05234375 0.5140625 0.0453125 0.0453125
0 0.14609375 0.603125 0.115625 0.09375
0 0.29609375 0.603125 0.121875 0.0890625
0 0.38046875 0.58515625 0.0546875 0.0671875
0 0.4875 0.58828125 0.1171875 0.1515625
0 0.58203125 0.5765625 0.053125 0.09375
0 0.6578125 0.55390625 0.0921875 0.075
0 0.05703125 0.73671875 0.0375 0.0671875
0 0.11484375 0.728125 0.065625 0.090625
0 0.2546875 0.75703125 0.1078125 0.1109375
0 0.33828125 0.72734375 0.05 0.0875
0 0.478125 0.7046875 0.190625 0.11875
0 0.61328125 0.675 0.0671875 0.06875
0 0.71171875 0.684375 0.1078125 0.103125
0 0.8 0.65078125 0.0828125 0.084375
0 0.8796875 0.6328125 0.065625 0.071875
0 0.95 0.62265625 0.0765625 0.0703125
0 0.95390625 0.75703125 0.0921875 0.1328125
0 0.8390625 0.75 0.1125 0.1234375
0 0.75234375 0.790625 0.0328125 0.05
0 0.70078125 0.80078125 0.0375 0.071875
0 0.596875 0.82890625 0.153125 0.1734375
0 0.48203125 0.85390625 0.103125 0.1609375
0 0.3796875 0.8203125 0.096875 0.06875
0 0.2796875 0.8328125 0.05625 0.0609375
0 0.18125 0.8875 0.134375 0.146875
0 0.07578125 0.85078125 0.05625 0.0875
0 0.11640625 0.971875 0.0953125 0.05625
0 0.2125 0.9734375 0.0265625 0.053125
0 0.29296875 0.96171875 0.0859375 0.0765625
0 0.4265625 0.93984375 0.15 0.1203125
0 0.571875 0.94375 0.134375 0.1125
0 0.74609375 0.909375 0.1765625 0.0796875
0 0.86484375 0.88984375 0.0578125 0.065625
0 0.9484375 0.884375 0.103125 0.15
0 0.71015625 0.53359375 0.0375 0.0984375