0 0.16904790660225444 0.08911764705882354 0.02461755233494364 0.027551742919389978
0 0.1503623188405797 0.13594771241830064 0.11040056360708535 0.040759803921568624
0 0.24102858293075685 0.11152777777777777 0.01739331723027375 0.014907407407407407
0 0.29432367149758454 0.1060702614379085 0.02885668276972625 0.021228213507625274
0 0.3707628824476651 0.109229302832244 0.044989935587761674 0.027549019607843138
0 0.3987902576489533 0.08509803921568627 0.04419082125603865 0.014967320261437909
0 0.33042069243156197 0.09026960784313726 0.03739130434782609 0.02071623093681917
0 0.45739533011272143 0.08337418300653594 0.041646537842190016 0.017265795206971676
0 0.3752194041867955 0.12991557734204792 0.224621578099839 0.028695533769063183
0 0.35249798711755237 0.14916666666666667 0.26836151368760064 0.02122004357298475
0 0.3512278582930757 0.1649673202614379 0.035648148148148144 0.018341503267973853
0 0.2930495169082125 0.19082516339869282 0.09510466988727859 0.028679193899782136
0 0.39178341384863125 0.19111383442265795 0.038619162640901775 0.021209150326797384
0 0.43318840579710144 0.1850789760348584 0.03394524959742351 0.018338779956427017
0 0.46206521739130435 0.20433006535947712 0.022902576489533012 0.015460239651416123
0 0.4121678743961353 0.20633986928104575 0.015686392914653787 0.011437908496732025
0 0.2418780193236715 0.20748910675381263 0.03438003220611917 0.014885620915032679
0 0.25461755233494365 0.22673747276688455 0.04287238325281804 0.028099128540305014
0 0.33551529790660223 0.2276007625272331 0.03310185185185185 0.017181372549019608
0 0.38838566827697263 0.22674019607843138 0.04116747181964574 0.016606753812636165
0 0.2495209339774557 0.24800108932461873 0.06750402576489534 0.018899782135076253
0 0.3384883252818035 0.2491503267973856 0.041594202898550724 0.01775054466230937
0 0.4268196457326892 0.24541666666666664 0.11043880837359098 0.016151960784313725
0 0.3329710144927536 0.26983660130718956 0.24122987117552336 0.023627450980392158
0 0.3198047504025765 0.3129330065359477 0.05522745571658615 0.02823257080610022
0 0.362481884057971 0.31034858387799563 0.020831320450885666 0.024210239651416124
0 0.4410446859903382 0.3074754901960784 0.011493558776167472 0.017314814814814814
0 0.4612157809983897 0.306900871459695 0.012769726247987117 0.021909041394335513
0 0.2482487922705314 0.32959967320261435 0.05734702093397745 0.030533769063180827
0 0.4520873590982286 0.3456862745098039 0.06670088566827698 0.027088779956427014
0 0.37140297906602254 0.36522331154684096 0.18135466988727858 0.023646514161220045
0 0.22892713365539452 0.3703948801742919 0.01870169082125604 0.014452614379084967
0 0.28328301127214167 0.38503812636165574 0.038238727858293076 0.017309368191721134
0 0.23168679549114332 0.39135893246187364 0.051400966183574884 0.025354030501089322
0 0.34973832528180354 0.41089324618736384 0.26793880837359096 0.026356209150326798
0 0.35249798711755237 0.43043028322440086 0.2692109500805153 0.02750272331154684
0 0.25886272141706923 0.45197712418300656 0.09043478260869564 0.025773420479302832
0 0.34273349436392914 0.46433278867102395 0.10189613526570049 0.022897603485838778
0 0.339549114331723 0.48960784313725486 0.10996376811594202 0.028651960784313722
0 0.3711855877616747 0.5091448801742919 0.1672926731078905 0.02979847494553377
0 0.3306320450885668 0.5298338779956427 0.04626610305958132 0.022897603485838778
0 0.32468599033816425 0.6694253812636166 0.039472624798711754 0.020648148148148145
0 0.3953925120772947 0.6697140522875817 0.04753623188405797 0.014327342047930283
0 0.45251006441223834 0.6679901960784314 0.041163446054750405 0.01892429193899782
0 0.2401791465378422 0.6858033769063181 0.01909219001610306 0.015473856209150327
0 0.2964472624798712 0.6849400871459694 0.02885668276972625 0.021794662309368194
0 0.37755636070853466 0.6883877995642702 0.06367351046698873 0.022943899782135076
0 0.3692733494363929 0.709074074074074 0.2203743961352657 0.02408769063180828
0 0.33933373590982285 0.7334967320261438 0.25817028985507245 0.02925653594771242
0 0.35823470209339775 0.7461383442265795 0.04286634460547504 0.02235566448801743
0 0.29495974235104666 0.7679738562091504 0.09977455716586152 0.02120098039215686
0 0.38944847020933976 0.7728567538126361 0.03734500805152979 0.021775599128540303
0 0.43106481481481485 0.7696977124183007 0.03734299516908213 0.016604030501089325
0 0.2435768921095008 0.7854983660130719 0.03862721417069243 0.02062363834422658
0 0.41025563607085347 0.7932570806100219 0.013562801932367148 0.016598583877995645
0 0.46185386473429946 0.7946949891067537 0.03272946859903381 0.01960239651416122
0 0.25631843800322063 0.8099237472766885 0.046306360708534625 0.024776688453159043
0 0.33445450885668276 0.8113589324618736 0.03781803542673108 0.020754357298474944
0 0.3852012882447665 0.8099210239651417 0.04079307568438003 0.013284313725490196
0 0.23423510466988728 0.8251497821350762 0.04460547504025765 0.02420479302832244
0 0.3395511272141707 0.8308959694989108 0.03781803542673108 0.017309368191721134
0 0.43021336553945255 0.8343436819172113 0.11717793880837359 0.035699891067538125
0 0.30345611916264087 0.853306100217865 0.17710346215780998 0.02650871459694989
0 0.31895330112721415 0.8929547930283224 0.045841384863123995 0.021919934640522873
0 0.362481884057971 0.8978404139433551 0.014838969404186796 0.03054193899782135
0 0.252493961352657 0.9084694989106754 0.07514694041867954 0.026519607843137255
0 0.45293478260869563 0.9386220043572985 0.06749194847020934 0.036266339869281045
0 0.15949476650563607 0.6723066448801743 0.020797101449275362 0.027627995642701526
0 0.13804951690821257 0.7128159041394335 0.10447665056360708 0.039703159041394334
0 0.5330314009661835 0.08114106753812636 0.040094605475040256 0.020021786492374728
0 0.5964673913043478 0.07824346405228758 0.037737520128824475 0.020547385620915033
0 0.6427818035426731 0.08061274509803922 0.03384259259259259 0.02633986928104575
0 0.710499194847021 0.0814025054466231 0.08132045088566828 0.024760348583877996
0 0.5326409017713365 0.10694444444444444 0.04396940418679549 0.016868191721132898
0 0.5799275362318841 0.10404684095860567 0.03267914653784219 0.018444989106753813
0 0.6532850241545893 0.12352941176470589 0.2517854267310789 0.022625272331154685
0 0.6476429146537842 0.14591230936819172 0.2692995169082126 0.02736111111111111
0 0.5365338164251208 0.16671296296296295 0.051751207729468604 0.02998910675381264
0 0.6390821256038648 0.18040305010893248 0.0980595813204509 0.024719498910675382
0 0.6388888888888888 0.2033115468409586 0.10856682769726249 0.026296296296296297
0 0.6406400966183574 0.24280773420479304 0.07392914653784219 0.02312636165577342
0 0.6766384863123993 0.22332244008714597 0.16772141706924315 0.026290849673202617
0 0.8811553945249597 0.3863099128540305 0.05056360708534621 0.0183578431372549
0 0.8496316425120773 0.42554193899782133 0.11750603864734299 0.028355119825708062
0 0.625462962962963 0.38578431372549016 0.042795893719806764 0.0183578431372549
0 0.6896779388083736 0.38525871459694994 0.04279186795491143 0.014144880174291939
0 0.7540881642512077 0.38130718954248366 0.043955314009661836 0.019937363834422656
0 0.5382850241545893 0.40445533769063186 0.016336553945249598 0.01366285403050109
0 0.5949114331723028 0.4007679738562091 0.03540257648953301 0.021034858387799563
0 0.6743035426731079 0.40550925925925924 0.04863123993558776 0.017875816993464053
0 0.6686594202898551 0.4263099128540305 0.23660628019323673 0.027875816993464052
0 0.6274053945249597 0.445531045751634 0.22882648953301127 0.02102668845315904
0 0.6519263285024155 0.4642265795206972 0.038123993558776166 0.01628267973856209
0 0.5851811594202898 0.4842374727668845 0.08054951690821256 0.023651960784313725
0 0.6906501610305958 0.4858169934640523 0.03695450885668277 0.02049019607843137
0 0.7313204508856682 0.4860811546840959 0.03344806763285024 0.016805555555555556
0 0.5388687600644122 0.5037227668845317 0.03384863123993559 0.01732843137254902
0 0.7122504025764895 0.5074074074074074 0.013991545893719808 0.013112745098039216
0 0.7647906602254428 0.5050381263616558 0.03111111111111111 0.02312091503267974
0 0.6328562801932368 0.5274183006535947 0.03734702093397745 0.017322984749455338
0 0.6799476650563607 0.5253131808278867 0.04045692431561997 0.017322984749455338
0 0.5308896940418679 0.5471677559912854 0.03968800322061192 0.022058823529411766
0 0.6289653784219001 0.5476933551198258 0.024893317230273753 0.017845860566448803
0 0.7293739935587762 0.5450599128540305 0.11128623188405797 0.018899782135076253
0 0.6172866344605474 0.569812091503268 0.22026368760064413 0.03153322440087146
0 0.6135909822866344 0.6122031590413944 0.05096819645732689 0.027837690631808278
0 0.6589331723027375 0.6135212418300653 0.01944243156199678 0.028363289760348586
0 0.7389090177133656 0.6074645969498911 0.00892914653784219 0.013093681917211329
0 0.75914653784219 0.608254357298475 0.0058152173913043476 0.016778322440087146
0 0.7762721417069243 0.6098366013071896 0.0034782608695652175 0.0072984749455337694
0 0.5388687600644122 0.6282652505446622 0.05408615136876006 0.020988562091503266
0 0.752530193236715 0.6466748366013072 0.06575080515297906 0.023137254901960783
0 0.5277777777777778 0.6716884531590414 0.02956924315619968 0.013126361655773421
0 0.5956904186795491 0.6695806100217865 0.03540257648953301 0.020501089324618738
0 0.6379166666666667 0.6727423747276688 0.0427938808373591 0.026819172113289762
0 0.7122504025764895 0.6687908496732027 0.082487922705314 0.02102668845315904
0 0.5310849436392915 0.6919635076252723 0.04941626409017713 0.027342047930283227
0 0.5760366344605475 0.689330065359477 0.0381280193236715 0.02207516339869281
0 0.6527012882447665 0.713818082788671 0.2661855877616747 0.028918845315904138
0 0.5849859098228664 0.7314596949891068 0.14709943639291465 0.014694989106753813
0 0.6256561996779388 0.748047385620915 0.0930012077294686 0.02574891067538126
0 0.6215700483091787 0.7722712418300655 0.10817834138486311 0.026797385620915035
0 0.677999194847021 0.7891230936819171 0.1922403381642512 0.021527777777777778
0 0.625072463768116 0.8133469498910676 0.03812600644122383 0.019417211328976034