0 0.14884060873047655 0.12626148028092923 0.1184621545855026 0.018354943273905997
0 0.3295835002002403 0.08797136682874122 0.038940728874649576 0.019619124797406805
0 0.40077693231878253 0.08702323068611562 0.044335202242691225 0.020251215559157213
0 0.45918702442931514 0.08290923824959481 0.037298758510212256 0.015189086980010804
0 0.3734481377653184 0.12452188006482982 0.21815778934721666 0.0193030794165316
0 0.3497557068482179 0.14777957860615884 0.2664817781337605 0.017720151269584008
0 0.35726271525831 0.16565910318746624 0.03284140969162996 0.013606158833063209
0 0.3006127352823388 0.18369800108049703 0.10626351621946335 0.017404105888708808
0 0.3902202643171806 0.18765262020529444 0.030728874649579498 0.013924905456509994
0 0.43221065278334003 0.18464613722312262 0.033075690828994794 0.009810913019989195
0 0.2548698438125751 0.20933009184224746 0.05465758910692831 0.016139924365207996
0 0.4125070084100921 0.20363317125877906 0.013370044052863435 0.0104430037817396
0 0.464699639567481 0.20347379794705564 0.024395274329195034 0.01139113992436521
0 0.26120344413295954 0.22341166936790924 0.03917501001201441 0.0145569962182604
0 0.3343912695234281 0.22673419773095624 0.035891069283139766 0.015505132360886006
0 0.38916499799759713 0.22262020529443544 0.038940728874649576 0.014240950837385196
0 0.2490048057669203 0.24413830361966504 0.06966960352422907 0.015505132360886006
0 0.3346255506607929 0.24841166936790923 0.029791750100120144 0.018987034035656405
0 0.40499999999999997 0.24176391139924364 0.05747096515818983 0.0145569962182604
0 0.45918702442931514 0.24271474878444083 0.04199038846615939 0.013290113452188007
0 0.3188386063275931 0.2669151809832523 0.20381257509010814 0.0259967585089141
0 0.3009631557869443 0.10537547271745003 0.02955746896275531 0.0145569962182604
0 0.3164156988386063 0.30289573203673686 0.03761513816579896 0.011790923824959481
0 0.36041049259110935 0.30839816315505136 0.01583299959951942 0.0202052944354403
0 0.4387885462555066 0.3056780118854673 0.009022827392871446 0.006893571042679633
0 0.45808370044052865 0.30171799027552676 0.006305566680016019 0.0142247433819557
0 0.4733580296355626 0.3062641815235008 0.003370044052863436 0.005426796326310102
0 0.2566479775730877 0.32317666126418154 0.07332799359231076 0.026418152350081037
0 0.4518261914297157 0.3413749324689357 0.057661193432118535 0.018787142085359265
0 0.2282519022827393 0.3608941112911939 0.03089707649179015 0.016731496488384658
0 0.2954885863035643 0.361923284710967 0.03307368842611133 0.012328471096704484
0 0.3378093712454946 0.3664721772015127 0.037208650380456544 0.026123716909778497
0 0.39024829795754906 0.36236358725013507 0.03851421706047257 0.014970286331712589
0 0.4385542651181417 0.361482982171799 0.042865438526231474 0.016145326850351163
0 0.23380056067280736 0.38437601296596435 0.04591109331197437 0.0196677471636953
0 0.282867440929115 0.3805618584548892 0.02872246696035242 0.016731496488384658
0 0.35162595114136963 0.40551053484602917 0.26067280736884263 0.023190167477039437
0 0.34564277132559074 0.42473797947055647 0.26306768121746094 0.026418152350081037
0 0.30625951141369645 0.4414694759589411 0.08507809371245495 0.016437061048082117
0 0.3211633960752904 0.4683279308481902 0.11314777733279935 0.023776337115072932
0 0.3175730877052463 0.5017882225823879 0.05548458149779735 0.01907887628309022
0 0.3288886663996796 0.4863776337115073 0.12772527032438927 0.02582928146947596
0 0.16728273928714457 0.08890329551593733 0.013742490989187024 0.018916801728795247
0 0.1574669603524229 0.6637547271745002 0.01261914297156588 0.017023230686115613
0 0.14092110532639165 0.7029092382495948 0.10572687224669604 0.025726634251755805
0 0.32905686824189023 0.663517017828201 0.03617741289547457 0.022247433819556996
0 0.3934321185422507 0.6626175040518639 0.03617741289547457 0.01758238789843328
0 0.4551481778133761 0.6626175040518639 0.038305967160592716 0.016866558616963803
0 0.23994393271926312 0.6802025931928688 0.018089707649179016 0.013276607239330092
0 0.2974028834601522 0.6843300918422474 0.03458149779735683 0.00717720151269584
0 0.3823928714457349 0.6843300918422474 0.0704925911093312 0.013635872501350621
0 0.3710873047657189 0.7055024311183145 0.22079094913896677 0.029424635332252837
0 0.34382058470164195 0.7259562398703403 0.2689387264717661 0.02870880605078336
0 0.35047256708049657 0.7444354403025392 0.031123348017621146 0.01399513776337115
0 0.2992651181417701 0.7618422474338196 0.09097717260712855 0.019378714208535926
0 0.4111233480176212 0.7661480280929228 0.07794152983580296 0.012917341977309562
0 0.25324389267120545 0.782655321447866 0.05958750500600721 0.024403025391680173
0 0.4051361633960753 0.7955726634251756 0.017557068482178615 0.01794165316045381
0 0.4621966359631558 0.7912668827660724 0.027931517821385664 0.015072933549432739
0 0.26388466159391266 0.8022123176661264 0.05745895074088907 0.021890869800108053
0 0.3314517420905086 0.8086709886547812 0.03671005206247497 0.016148028092922744
0 0.3865158189827793 0.8072366288492706 0.040434521425710857 0.011842247433819559
0 0.24526431718061673 0.8180010804970286 0.06650380456547858 0.019737979470556454
0 0.3314517420905086 0.8253565640194489 0.019152983580296358 0.012201512695840086
0 0.42588706447737285 0.8319962182603998 0.10480977172607128 0.026196650459211237
0 0.2987324789747697 0.8454538087520259 0.17397276732078495 0.025118854673149647
0 0.3170865038045655 0.8852863317125877 0.040965158189827794 0.013635872501350621
0 0.35858430116139367 0.8930010804970286 0.018620344413295953 0.024043760129659645
0 0.43918702442931523 0.8876175040518639 0.01064076892270725 0.019737979470556454
0 0.4551481778133761 0.8899513776337115 0.008512214657589107 0.019378714208535926
0 0.47230476571886265 0.8915667206915181 0.0029255106127352823 0.0068179362506753105
0 0.243668402082499 0.900356564019449 0.0505426511814177 0.027271745002701242
0 0.44889667601121347 0.9360642895732036 0.06144973968762515 0.03767963263101027
0 0.5343492190628755 0.08044840626688277 0.039831798157789346 0.016998919502971367
0 0.5965718862635162 0.07817125877903836 0.03285542651181418 0.014267963263101027
0 0.6394413295955146 0.08302809292274446 0.03938125750901081 0.024589411129119394
0 0.7117921505806969 0.078322528363047 0.08011413696435722 0.01639384116693679
0 0.5313135762915498 0.10594813614262562 0.045008009611533846 0.024891950297136683
0 0.5814957949539447 0.10017828200972448 0.0373568281938326 0.01396542409508374
0 0.657559070885062 0.12325229605618584 0.2565418502202643 0.021858454889249056
0 0.6477693231878254 0.13827930848190167 0.2725190228273929 0.019124797406807132
0 0.540652783340008 0.163322528363047 0.057835402482979574 0.021858454889249056
0 0.6261653984781739 0.17834954078876283 0.09024028834601522 0.020945434900054027
0 0.599273127753304 0.2094651539708266 0.09856627953544253 0.02975148568341437
0 0.6434921906287545 0.21781469475958942 0.1622507008410092 0.023981631550513235
0 0.6234641569883861 0.2405834683954619 0.07133760512615138 0.020945434900054027
0 0.8695855026031237 0.383730415991356 0.015764917901481778 0.01883846569421934
0 0.8506668001601921 0.42486223662884925 0.11402883460152183 0.02888438681793625
0 0.6276291549859832 0.3803349540788763 0.03841409691629956 0.020248514316585628
0 0.6967200640768922 0.37917071853052403 0.04801561874249099 0.013933009184224743
0 0.7542330796956347 0.3776769313884387 0.040869042851421705 0.01958400864397623
0 0.5426531838205847 0.39927606699081575 0.02856627953544253 0.016256077795786063
0 0.589943932719263 0.3996083198271205 0.0231457749299159 0.01293354943273906
0 0.6763996796155387 0.40077255537547274 0.06402683219863836 0.021239870340356563
0 0.6714697637164598 0.4207104267963263 0.23250300360432516 0.024559697460831982
0 0.649547456948338 0.44164775796866557 0.2753624349219063 0.019975688816855755
0 0.6523848618342011 0.46108860075634794 0.035702843412094516 0.011007563479200433
0 0.5947456948338006 0.47969746083198267 0.1051661994393272 0.02222042139384117
0 0.6905626752102523 0.4821907077255537 0.03373047657188626 0.01457590491626148
0 0.7314497396876252 0.4810264721772015 0.03520624749699639 0.01291464073473798
0 0.7820664797757308 0.4828552133981632 0.0034301161393672404 0.007355483522420313
0 0.5480716860232279 0.5021285791464074 0.05172006407689227 0.0212182603997839
0 0.5884661593912696 0.501464073473798 0.003932719263115739 0.00925445705024311
0 0.7111293552262715 0.5006347920043219 0.014271125350420504 0.012911939492166395
0 0.7644553464156989 0.5036250675310643 0.025352422907488986 0.0182279848730416
0 0.5613716459751702 0.5183954619124798 0.047775330396475774 0.017922744462452726
0 0.6318161794152983 0.5178984332793085 0.037919503404084905 0.015596974608319828
0 0.6877272727272727 0.5203916801728795 0.04234881858229876 0.012606699081577527
0 0.5463476171405687 0.5444867639113993 0.07782739287144574 0.02422744462452728
0 0.6342791349619544 0.5421609940572664 0.033978774529435325 0.010934629929767693
0 0.7299719663596316 0.5393354943273906 0.11550660792951542 0.016582928146947597
0 0.6049679615538647 0.5669178822258238 0.1886643972767321 0.023889789303079417
0 0.6145754905887064 0.6064478660183685 0.04679014817781337 0.023911399243652078
0 0.6587885462555065 0.6082739059967585 0.017476972366840208 0.02490815775256618
0 0.7384701641970365 0.6036223662884928 0.00737284741690028 0.012282549972987574
0 0.7573127753303964 0.6017963263101026 0.008602322787344813 0.012614802809292275
0 0.7730756908289947 0.606283090221502 0.0021986383660392472 0.007628309022150189
0 0.5435142170604725 0.6270502431118314 0.04507008410092111 0.0272312263641275
0 0.7544813776531838 0.6453295515937332 0.05910092110532639 0.01991626148028093
0 0.5281237484981978 0.6647703943814155 0.033496195434521425 0.016256077795786063
0 0.5952422907488987 0.6651026472177202 0.03275330396475771 0.015591572123176661
0 0.6892090508610332 0.6644381415451107 0.04136964357228674 0.01631010264721772
0 0.6406868241890269 0.6684278768233387 0.04432719263115739 0.02561588330632091
0 0.7360072086503804 0.6644381415451107 0.04235082098518222 0.018968125337655323
0 0.6569403283940729 0.7084710967044842 0.2581237484981978 0.026620745542949756
0 0.64721065278334 0.7264154511075095 0.27856627953544255 0.020642895732036738
0 0.5202422907488987 0.7450243111831443 0.01921305566680016 0.014578606158833062
0 0.6087885462555066 0.7631361426256078 0.07955146175410492 0.018989735278227983
0 0.6155626752102523 0.7902133981631551 0.10984781738085704 0.02330091842247434
0 0.6388366039247096 0.8116477579686655 0.14063476171405687 0.028870880605078336
0 0.6350220264317181 0.8279308481901675 0.07242290748898679 0.017566180443003784