0 0.17288791384124452 0.0935290962724591 0.014144395692062226 0.021474926253687316
0 0.14716394096529717 0.12615446500402253 0.09659353809333865 0.021418610887637437
0 0.16479856402074192 0.6621721641190668 0.02717391304347826 0.02052829176722982
0 0.13514559234144397 0.7046178600160901 0.09501994415636218 0.029281308661839634
0 0.3283566015157559 0.09216411906677394 0.028522138013562025 0.014491820863502279
0 0.39507977662544874 0.09019844462322339 0.032114080574391704 0.017814427460445162
0 0.4561846828879138 0.09246446768570662 0.03750099720781811 0.02294985250737463
0 0.24646988432389308 0.11119603110753552 0.015721978460311127 0.011466881201394476
0 0.2983645791783008 0.10983641727004559 0.02515556441962505 0.014186108876374363
0 0.3818228958915038 0.11134620541700187 0.056376146788990826 0.015998927326360955
0 0.37699042680494615 0.1309841780638241 0.2197008376545672 0.026267095736122285
0 0.35463701635420825 0.15198176454813622 0.2648583964898285 0.018710109949048002
0 0.3578978859194256 0.16920085813891125 0.033238930993218986 0.013266291230893
0 0.29959912245712006 0.18551622418879055 0.09637016354208217 0.016285867524805576
0 0.39586557638611886 0.18808259587020648 0.03458516154766653 0.014773397693751677
0 0.4357419226166733 0.18793242156074014 0.033909054646988436 0.010847412174845803
0 0.24646988432389308 0.2077205685170287 0.034593139210211406 0.013561276481630464
0 0.4106920622257679 0.21406543309198175 0.01616274431591544 0.013561276481630464
0 0.46438571998404465 0.2071171895950657 0.01885520542481053 0.01718691338160365
0 0.2625329078579976 0.2297747385358005 0.03975867570801755 0.02020380799141861
0 0.3365556441962505 0.2323411102172164 0.0327901874750698 0.015065701260391525
0 0.3889010769844436 0.22781174577634755 0.03773035500598325 0.016275140788415125
0 0.2530973274830475 0.25076964333601504 0.07300957319505384 0.022314293376240277
0 0.33307339449541284 0.24805309734513276 0.02672516952532908 0.012043443282381334
0 0.4306860789788592 0.25137570394207565 0.11231352213801356 0.021710914454277284
0 0.3472237734343837 0.27266559399302764 0.25766852812126045 0.026251005631536605
0 0.23534902273633826 0.2871681415929203 0.0316733147187874 0.01234915526950925
0 0.3226266453928999 0.3075596674711719 0.042676505783805344 0.013252882810404935
0 0.36373952931790987 0.3152641458836149 0.018410450737933785 0.02261464199517297
0 0.44225568408456317 0.3078626977742022 0.010093737534902274 0.01566908018235452
0 0.4605664140406861 0.3072593188522392 0.009868368568009572 0.012646822204344328
0 0.475729956122856 0.3123947438991687 0.002903869166334264 0.0029793510324483776
0 0.24523334662943755 0.322212389380531 0.052790187475069805 0.01838562617323679
0 0.45135420821699246 0.3454572271386431 0.05749501396090945 0.017809064092249933
0 0.2335520542481053 0.36494502547599894 0.029427602712405267 0.01327433628318584
0 0.3007239728759473 0.36494502547599894 0.03661148783406462 0.01629659426119603
0 0.34262265656162744 0.37068382944489137 0.040428799361787 0.021732367927058193
0 0.4164200239329876 0.3678144274604451 0.08558037495013962 0.01780638240815232
0 0.23579776625448742 0.3876025744167337 0.043354607100119666 0.023542504692947174
0 0.2860091743119266 0.3857897559667471 0.032794176306342245 0.016291230893000806
0 0.35621061029118467 0.4081469562885492 0.26081372157957716 0.026559399302762136
0 0.3496948544076585 0.4311075355323143 0.2626106900678101 0.02413515687851971
0 0.25590546469884323 0.44560740144810945 0.07727762265656163 0.030174309466344862
0 0.3344216194654966 0.4631295253419147 0.09187475069804547 0.01869133816036471
0 0.33779018747506984 0.48879860552426924 0.11973274830474671 0.022333065164923574
0 0.36486039090546474 0.5084365781710914 0.14691264459513362 0.02595333869670153
0 0.3607060231352214 0.5279216948243497 0.06626246509772636 0.023231429337624027
0 0.3266713203031512 0.665811209439528 0.03189270043877144 0.01690533655135425
0 0.39451735141603506 0.6664172700455887 0.036382130035899476 0.014489139179404666
0 0.45315117670522537 0.6726092786269777 0.03907459114479457 0.024456958970233308
0 0.2398424411647387 0.6813703405738804 0.019092540885520544 0.013577366586216144
0 0.2943218986836857 0.6813703405738804 0.022907857997606702 0.015390185036202736
0 0.3789030714000798 0.6872620005363369 0.05772437175907459 0.0235478680611424
0 0.370364978061428 0.7062939125770984 0.21992620662145992 0.027168141592920355
0 0.3478978859194256 0.7250254759989273 0.2626126844834464 0.02414320193081255
0 0.351158755484643 0.7429900777688389 0.03189070602313522 0.012378653794582997
0 0.2935341045073793 0.7630812550281577 0.09592142002393299 0.028388307857334406
0 0.38732748304746706 0.7676133011531241 0.03458516154766653 0.016299275945293644
0 0.42900079776625455 0.7641378385626173 0.033909054646988436 0.015395548404397962
0 0.46202632628639806 0.7901206757843926 0.029413641802951734 0.01659694288012872
0 0.4058615875548464 0.7911772593188523 0.018183087355404866 0.016899973183159025
0 0.2405165536497806 0.7790962724591043 0.03257080175508576 0.019954411370340572
0 0.2479297965696051 0.7976722982032717 0.022237734343837256 0.015387503352105123
0 0.3234144395692062 0.7978251541968356 0.01504387714399681 0.01629391257709842
0 0.3828340646190666 0.802357200321802 0.03952732349421619 0.015084473049074818
0 0.24736737136019146 0.8159506570126038 0.07188671719186278 0.018101367658889783
0 0.32498603909054646 0.8209359077500671 0.013246908655763862 0.013569321533923304
0 0.42911248504188276 0.8238053097345133 0.11590745911447946 0.021727004558862964
0 0.31487435181491824 0.8413274336283185 0.20510171519744716 0.026556717618664523
0 0.3168986836856801 0.8828667203003486 0.04425009972078181 0.0220166264414052
0 0.35846031112883925 0.8867953875033522 0.019084563222975668 0.02503620273531778
0 0.4361906661348225 0.8866452131938858 0.007877941763063423 0.010311075355323144
0 0.45562425209413643 0.8851354250469294 0.009451535700039888 0.014540091177259318
0 0.471013163143199 0.8898176454813623 0.00293777423214998 0.0069884687583802625
0 0.23535101715197446 0.8990265486725664 0.0442600717989629 0.027219093590775005
0 0.44933187076186676 0.9333118798605524 0.05030714000797767 0.035915795119334945
0 0.8729537295572397 0.39176186645213196 0.01762465097726366 0.01724591043175114
0 0.8598564020741922 0.4295038884419415 0.12827483047467092 0.030925181013676587
0 0.5289928201037096 0.0927433628318584 0.024451535700039887 0.009595065701260392
0 0.6014758675708017 0.09035130061678735 0.03245113681691265 0.01796728345400912
0 0.6463881132828081 0.09124966478948779 0.03867371360191464 0.019761330115312416
0 0.7204268049461507 0.08706355591311345 0.08625049860390906 0.022150710646285866
0 0.5372197846031113 0.11367390721373022 0.042682489030714 0.011992491284526683
0 0.5870243318707619 0.11157951193349423 0.030229357798165137 0.018567980691874496
0 0.6619485440765857 0.13131402520783053 0.2547865975269246 0.01737731295253419
0 0.6499421619465496 0.14984982569053365 0.26723773434383724 0.02089031912040762
0 0.5605664140406861 0.1704800214534728 0.08761069006781012 0.02387503352105122
0 0.6357179896290387 0.187822472512738 0.09561826884722777 0.01908822740681148
0 0.6343837255684085 0.21084741217484582 0.11429397686477863 0.022177527487262
0 0.675957319505385 0.23087691069991956 0.1529537295572397 0.02027621346205417
0 0.6499481451934583 0.2515071064628587 0.07160749900279219 0.024456958970233308
0 0.629936178699641 0.39021453472780904 0.03778619864379737 0.019699651381067308
0 0.6879656960510571 0.3929069455618128 0.029333865177502996 0.02866720300348619
0 0.7584463502193857 0.3914132475194422 0.0448923015556442 0.024553499597747386
0 0.6710690067810131 0.4111450791096809 0.046260470682090146 0.018498256905336553
0 0.598585959313921 0.407857334406007 0.03558436378141205 0.02029230356663985
0 0.539443558037495 0.4090533655135425 0.021352213801356202 0.013116116921426654
0 0.6741783007578779 0.43148028962188256 0.2267710410849621 0.02336551354250469
0 0.6526106900678101 0.45001609010458565 0.27524132429198245 0.022174845803164388
0 0.6539489429597128 0.4688522392062215 0.03514359792580774 0.02267095736122285
0 0.59547467092142 0.48888441941539285 0.09606102911846828 0.02087422901582194
0 0.6930793777423215 0.4870930544381872 0.03600319106501795 0.01979082864038616
0 0.7348783406461906 0.4903807991418611 0.035111687275628245 0.017996781979082863
0 0.786240526525728 0.4915768302493966 0.005315117670522536 0.012016626441405203
0 0.541222576785002 0.509514615178332 0.03735939369764659 0.011898632341110216
0 0.7117570801755085 0.5148994368463394 0.016435979258077382 0.019198176454813625
0 0.7693418428400479 0.5095172968624296 0.02848025528520144 0.021587556985787074
0 0.6919684882329478 0.525063019576294 0.046262465097726364 0.022660230624832394
0 0.6310470682090148 0.5307455081791366 0.023135221380135622 0.01847412174845803
0 0.5374411647387316 0.549882005899705 0.04668528121260471 0.019801555376776615
0 0.6406082967690467 0.5483856261732368 0.044010769844435575 0.020262805041566103
0 0.7355444754686876 0.5480852775543041 0.11915436777024332 0.018468758380262806
0 0.6312664539289988 0.5729015821936175 0.230775827682489 0.028629659426119603
0 0.6183725568408456 0.6144435505497453 0.04578978859194256 0.024475730758916597
0 0.6623972875947348 0.6168356127648162 0.01732748304746709 0.025671761866452134
0 0.742217790187475 0.6111531241619736 0.012433187076186679 0.013113435237329042
0 0.7613382528919026 0.6099570930544382 0.005317112086158755 0.019093590775006705
0 0.7764579178300758 0.6147412174845803 0.005315117670522536 0.013113435237329042
0 0.5730155564419624 0.6314856529900778 0.12316713203031511 0.027463126843657815
0 0.7551116872756283 0.650922499329579 0.06668129238133226 0.022174845803164388
0 0.5305504587155963 0.6718530437114508 0.032010370961308335 0.017396084741217486
0 0.5999202233745513 0.6700589970501475 0.034674910251296376 0.01978814695628855
0 0.6450538492221779 0.6751407884151247 0.03867371360191464 0.02158219361759185
0 0.7119784603111289 0.6757388039688924 0.0826924611088951 0.032346473585411636
0 0.5839130434782608 0.6918852239206221 0.03558436378141205 0.019192813086618396
0 0.5336637415237335 0.6939769375167606 0.046252493019545274 0.02457495307052829
0 0.6568348623853211 0.7152078305175651 0.2641244515357 0.02757039420756235
0 0.6526106900678101 0.7352400107267364 0.27435380933386516 0.029369804237060874
0 0.5574511368169126 0.7540761598283722 0.09026126844834463 0.028774470367390722
0 0.656615476665337 0.7732126575489408 0.10003789389708814 0.027583802628050415
0 0.6408296769046669 0.792947170823277 0.09425807738332669 0.026390453204612495
0 0.6933007578779418 0.8132743362831858 0.1654048663741524 0.029814963797264685
0 0.6561727163940966 0.8312174845803165 0.06982848025528521 0.01802628050415661