0 0.15892656500802568 0.08983801295896328 0.01330056179775281 0.02687095032397408
0 0.13349117174959874 0.12960043196544277 0.09471508828250401 0.03474352051835853
0 0.3289747191011236 0.08430885529157667 0.03716292134831461 0.013701403887688986
0 0.3923756019261637 0.07904157667386609 0.02854935794542536 0.02107451403887689
0 0.45636235955056187 0.0774622030237581 0.038330658105939004 0.02318034557235421
0 0.3000140449438202 0.10537526997840173 0.023858346709470304 0.013706803455723542
0 0.23974317817014448 0.10590172786177106 0.019165329052969502 0.015812634989200863
0 0.37808988764044943 0.10590172786177106 0.053988764044943814 0.02213282937365011
0 0.37378210272873197 0.12249190064794815 0.21992776886035312 0.016341792656587473
0 0.3479514446227929 0.14592872570194385 0.2645445425361156 0.022140928725701944
0 0.35382624398073836 0.16199244060475163 0.03911918138041733 0.016352591792656586
0 0.3009911717495987 0.18437634989200863 0.08843298555377208 0.017877969762419007
0 0.3886556982343499 0.185164686825054 0.0344201444622793 0.02472462203023758
0 0.42818418940609954 0.18437634989200863 0.036765650080256826 0.016825053995680347
0 0.4792576243980738 0.18569384449244059 0.007411717495987158 0.006876349892008639
0 0.2577467897271268 0.2038633909287257 0.06458667736757624 0.024260259179265657
0 0.40392054574638847 0.20965712742980563 0.0188061797752809 0.021101511879049677
0 0.46145064205457464 0.20649838012958963 0.02737158908507223 0.014781317494600432
0 0.2602909309791332 0.22124460043196545 0.039931781701444624 0.017942764578833693
0 0.3338663723916533 0.2225620950323974 0.03837078651685393 0.024792116630669547
0 0.3855276886035313 0.22177105831533478 0.041502808988764045 0.020051295896328293
0 0.24835473515248796 0.2462607991360691 0.07397873194221509 0.021636069114470843
0 0.3342576243980738 0.24441684665226784 0.02271468699839486 0.014789416846652269
0 0.42622792937399684 0.2417845572354212 0.10803370786516855 0.01900107991360691
0 0.31860553772070627 0.2662769978401728 0.21213483146067416 0.027958963282937364
0 0.31821027287319426 0.3034071274298056 0.04068619582664527 0.014800215982721382
0 0.358717897271268 0.3070923326133909 0.01524478330658106 0.024281857451403887
0 0.43601123595505614 0.3020896328293737 0.010152487961476726 0.014273758099352052
0 0.4544060995184591 0.3034071274298056 0.006237961476725521 0.015853131749460042
0 0.4694743178170145 0.3031425485961123 0.008976725521669343 0.01216792656587473
0 0.24952648475120387 0.32657937365010803 0.07786918138041735 0.026393088552915767
0 0.450688202247191 0.34079913606911444 0.056723515248796146 0.02323704103671706
0 0.23054574638844302 0.3616036717062635 0.03286516853932585 0.014287257019438445
0 0.2941432584269663 0.3621301295896328 0.03559991974317817 0.015340172786177105
0 0.3373876404494382 0.36607991360691144 0.04068418940609952 0.029559935205183584
0 0.408615569823435 0.35949784017278613 0.07903491171749599 0.01955183585313175
0 0.23270064205457464 0.3844843412526998 0.04814807383627608 0.02213282937365011
0 0.27692215088282507 0.38369330453563716 0.030122391653290528 0.015283477321814254
0 0.3493218298555377 0.4002834773218143 0.25945626003210276 0.018974082073434127
0 0.3454073033707865 0.4274082073434125 0.27119783306581063 0.025828833693304538
0 0.24365569823434993 0.44399838012958964 0.055170545746388445 0.018984881209503236
0 0.32036316211878013 0.46085313174946 0.0950862760834671 0.02109341252699784
0 0.3197792937399679 0.4853428725701944 0.09629012841091493 0.02268088552915767
0 0.3450180577849117 0.5050944924406047 0.15378812199036918 0.025315874730021597
0 0.3397371589085072 0.520890928725702 0.06967897271268057 0.024187365010799138
0 0.15834069020866773 0.6633423326133909 0.012909309791332264 0.020575053995680343
0 0.13896869983948637 0.7015253779697623 0.11036918138041735 0.020056695464362853
0 0.32329855537720703 0.658866090712743 0.04303370786516854 0.015834233261339092
0 0.38689606741573035 0.660707343412527 0.03794341894060996 0.016360691144708422
0 0.4491211878009631 0.6599190064794817 0.04420144462279294 0.020045896328293736
0 0.3739827447833066 0.6854616630669546 0.06302768860353129 0.019524838012958963
0 0.2941432584269663 0.6804589632829374 0.041107544141252006 0.018998380129589633
0 0.23778691813804176 0.6801943844492441 0.019969903691813805 0.016363390928725702
0 0.36556380417335477 0.702054535637149 0.22227528089887638 0.030588552915766738
0 0.3461978330658106 0.7241738660907128 0.27279695024077044 0.02427375809935205
0 0.34423756019261637 0.7415523758099352 0.03171749598715891 0.015750539956803457
0 0.29746789727126804 0.7594600431965443 0.09626003210272872 0.022176025917926567
0 0.3843519261637239 0.7623569114470842 0.03207263242375602 0.019541036717062633
0 0.4264225521669342 0.7628833693304535 0.037156902086677365 0.017435205183585312
0 0.24620184590690208 0.7807721382289416 0.06262841091492777 0.0278914686825054
0 0.4029414125200642 0.7878806695464363 0.016807784911717496 0.018936285097192224
0 0.4569502407704655 0.7828806695464363 0.025415329052969504 0.013191144708423325
0 0.37985152487961477 0.802365010799136 0.0411115569823435 0.018407127429805617
0 0.3279955858747994 0.8002591792656587 0.036803772070626004 0.017354211663066953
0 0.2608788121990369 0.8036825053995681 0.05675963081861958 0.024198164146868248
0 0.2422893258426966 0.8221139308855292 0.07202247191011235 0.027356911447084232
0 0.3307343499197432 0.8205372570194385 0.0289446227929374 0.018990280777537796
0 0.42368178170144466 0.8221166306695464 0.11308186195826646 0.020045896328293736
0 0.328782102728732 0.8442386609071274 0.24187800963081862 0.024262958963282937
0 0.3540208667736758 0.8897948164146868 0.018410914927768862 0.029011879049676025
0 0.31312399678972713 0.8818952483801296 0.04776083467094703 0.01847732181425486
0 0.4313162118780096 0.8884773218142549 0.003936597110754414 0.011633369330453565
0 0.45225321027287324 0.8850539956803455 0.009024879614767254 0.0174244060475162
0 0.4686898073836276 0.8890064794816415 0.004329855537720706 0.015845032397408206
0 0.23622191011235955 0.9040172786177106 0.06458467094703049 0.03849622030237581
0 0.4457945425361156 0.9303509719222463 0.0649438202247191 0.03534287257019438
0 0.5333587479935795 0.08113660907127429 0.029530497592295347 0.013534017278617711
0 0.5975521669341893 0.07978401727861771 0.03254213483146067 0.015153887688984883
0 0.6406741573033707 0.08479481641468682 0.043041733547351524 0.024919006479481642
0 0.7162821027287319 0.08072354211663067 0.08537921348314606 0.01773488120950324
0 0.5351785714285714 0.10322894168466523 0.04697030497592295 0.023485421166306693
0 0.5830337078651686 0.10179265658747301 0.03023675762439807 0.01486501079913607
0 0.6575722311396469 0.12405777537796976 0.2568820224719101 0.02588282937365011
0 0.6531239967897271 0.14057775377969764 0.2757403691813804 0.018704103671706263
0 0.5275280898876404 0.1647597192224622 0.030951043338683787 0.02589362850971922
0 0.6307102728731943 0.18008099352051835 0.08645064205457464 0.021106911447084237
0 0.635158507223114 0.2068952483801296 0.10530898876404494 0.02302915766738661
0 0.6565068218298555 0.22413336933045358 0.15085072231139648 0.02303185745140389
0 0.6364065008025682 0.24328563714902807 0.06725722311396469 0.02005939524838013
0 0.6276865971107544 0.38571544276457886 0.036282102728731946 0.01576403887688985
0 0.6895987158908508 0.3785313174946004 0.03129815409309791 0.019595032397408205
0 0.7579133226324237 0.3828401727861771 0.03983346709470305 0.018636609071274297
0 0.5951324237560193 0.4027159827213823 0.02740569823434992 0.016322894168466523
0 0.5364225521669342 0.4075026997840173 0.01743780096308186 0.015364470842332613
0 0.6758988764044943 0.40534827213822894 0.058695826645264855 0.01775917926565875
0 0.6739386035313001 0.421627969762419 0.22983948635634027 0.018720302375809936
0 0.651709470304976 0.44461123110151185 0.2750501605136436 0.02341252699784017
0 0.5969081059390048 0.4831560475161987 0.10637841091492778 0.017178725701943846
0 0.6917315409309792 0.48650917926565873 0.03485553772070626 0.017178725701943846
0 0.7314044943820225 0.4838768898488121 0.0344983948635634 0.019692224622030238
0 0.7847772873194221 0.48507289416846655 0.007453852327447833 0.010593952483801296
0 0.5535032102728732 0.505183585313175 0.06511837881219903 0.019217062634989204
0 0.713615569823435 0.5030291576673867 0.014602728731942216 0.014908207343412527
0 0.7669863563402889 0.5047030237580994 0.02524478330658106 0.019090172786177105
0 0.563465088282504 0.5260124190064794 0.05230939004815409 0.02353131749460043
0 0.6376504815409311 0.5209854211663068 0.03558988764044944 0.017305615550755937
0 0.6863944622792937 0.5238579913606911 0.03841492776886035 0.01347462203023758
0 0.5470987158908507 0.5422813174946004 0.07223314606741572 0.016708963282937365
0 0.6355156500802568 0.5439578833693305 0.024895666131621186 0.01633099352051836
0 0.7299799357945425 0.5434800215982721 0.11490971107544141 0.01633099352051836
0 0.6081219903691814 0.5700539956803455 0.18929775280898878 0.027348812095032395
0 0.6155898876404494 0.6066846652267818 0.043398876404494385 0.02400377969762419
0 0.660244783306581 0.609079373650108 0.014576645264847513 0.02304805615550756
0 0.7401223916532905 0.6078806695464363 0.012792937399678973 0.013949784017278618
0 0.7589807383627609 0.6054886609071274 0.006422552166934189 0.021609071274298057
0 0.7758808186195826 0.609079373650108 0.0032203049759229538 0.010599352051835853
0 0.5351765650080257 0.6298920086393088 0.03771067415730337 0.029244060475161985
0 0.7557784911717497 0.6502267818574514 0.05335473515248797 0.023949784017278614
0 0.532508025682183 0.6662661987041036 0.03023876404494382 0.013895788336933045
0 0.5969101123595506 0.6693790496760259 0.03735152487961477 0.022038336933045355
0 0.6397853130016051 0.6705777537796976 0.03983948635634029 0.02347462203023758
0 0.7152146869983949 0.665310475161987 0.08680176565008026 0.022516198704103672
0 0.5317977528089888 0.6921247300215984 0.04304975922953451 0.01964902807775378
0 0.5782303370786517 0.6902078833693305 0.031304173354735156 0.016773758099352054
0 0.6527688603531301 0.7103185745140389 0.26933587479935794 0.025396868250539956
0 0.6444060995184591 0.7292332613390928 0.26826845906902086 0.02300755939524838
0 0.5878350722311396 0.7471868250539957 0.08040529695024078 0.01864740820734341
0 0.6179012841091492 0.7682586393088553 0.09926163723916534 0.017748380129589632
0 0.6412058587479936 0.7910016198704103 0.14088884430176565 0.02589362850971922
0 0.6284008828250401 0.8084773218142548 0.06334269662921348 0.022464902807775376
0 0.8692817014446228 0.39001619870410364 0.007092696629213483 0.021565874730021597
0 0.8472191011235956 0.42664686825053993 0.10743178170144463 0.029713822894168466