0 0.17376498800959234 0.08943714821763603 0.017651878497202237 0.01983650495845618
0 0.15197641886490806 0.12420262664165102 0.11135891286970424 0.025942106673813994
0 0.33383892885691446 0.08561779683730904 0.034740207833733015 0.0175422138836773
0 0.3983513189448441 0.08714553738943982 0.046982414068745 0.011428571428571429
0 0.4560271782573941 0.08752881265076387 0.04441646682653877 0.024419726614848567
0 0.37528177458033574 0.10816135084427768 0.03960231814548361 0.020667381399088715
0 0.29738409272581934 0.10720450281425892 0.02336131095123901 0.016464754757437684
0 0.24483213429256598 0.10930581613508443 0.01566147082334133 0.012262128115786652
0 0.37385491606714627 0.12783436076119004 0.2207254196642686 0.02555883141248995
0 0.32401678657074345 0.14827392120075047 0.2110611510791367 0.01676494237469847
0 0.35548561151079133 0.16603055481104262 0.028471223021582732 0.01257571696596087
0 0.29552957633892885 0.18876440632538194 0.08914268585131895 0.0228866255695524
0 0.3920863309352518 0.18513535245242563 0.029894084732214228 0.014864647547574376
0 0.43409672262190246 0.18627981774323238 0.03644284572342127 0.011806486196730099
0 0.24682853717026382 0.20633878316805146 0.0338968824940048 0.014559099437148218
0 0.41259392486011187 0.20500134012329135 0.01565147881694644 0.010276065398016619
0 0.46628097521982415 0.2059555079067274 0.02276978417266187 0.010656660412757974
0 0.26064148681055155 0.22563387831680515 0.037032374100719426 0.02258643795229161
0 0.3386810551558753 0.22505762530152776 0.03815747402078337 0.016001072098633076
0 0.39009192645883295 0.22276601447333155 0.0384392486011191 0.016003752345215762
0 0.2435531574740208 0.2466470115250603 0.05013189448441247 0.014183864915572234
0 0.3346942446043165 0.243205574912892 0.02334732214228617 0.017909407665505226
0 0.43124700239808156 0.24396944518895738 0.10935651478816948 0.016378986866791744
0 0.2882673860911271 0.26632002144197264 0.13898681055155876 0.026689895470383276
0 0.3204536370903277 0.30412757973733584 0.04100519584332534 0.014492093272581077
0 0.36417266187050357 0.3069900830876441 0.016794564348521186 0.021750201018493703
0 0.4395083932853717 0.30699276333422676 0.005681454836131095 0.00646743500402037
0 0.46001598721023185 0.3031707317073171 0.007959632294164668 0.017930849638166713
0 0.47625099920063946 0.3081372286250335 0.003401278976818545 0.007995175556151165
0 0.24426458832933653 0.3207477887965693 0.048709032773780976 0.020278745644599302
0 0.45488808952837734 0.3419485392656124 0.056378896882494006 0.02136156526400429
0 0.23144684252597925 0.3662101313320825 0.0270603517186251 0.010353792548914501
0 0.29923461231015186 0.3627713749664969 0.03331734612310152 0.01562583757705709
0 0.342242206235012 0.36754757437684266 0.04128896882494005 0.027467166979362103
0 0.41672262190247805 0.3635352452425623 0.08372302158273381 0.020975609756097562
0 0.2361470823341327 0.3858885017421603 0.046145083932853714 0.02220316269096757
0 0.28656075139888093 0.3839774859287054 0.037032374100719426 0.016853390511927097
0 0.35106714628297364 0.405942106673814 0.2685771382893685 0.026314660948807293
0 0.3050699440447642 0.4260010720986331 0.17886091127098322 0.02057893326186009
0 0.35277777777777775 0.44604931653712143 0.2628796962430056 0.02555883141248995
0 0.34935851318944844 0.4712650763870276 0.2685771382893685 0.027847761994103458
0 0.23928057553956833 0.48540069686411147 0.04956235011990408 0.02020101849370142
0 0.3435231814548361 0.5014473331546503 0.09910871302957634 0.02096220852318413
0 0.33982014388489207 0.5280005360493165 0.10708433253397283 0.02821763602251407
0 0.3711550759392486 0.5444224068614313 0.15951039168665068 0.021436612168319488
0 0.3544884092725819 0.5635218440096489 0.051542765787370104 0.022112034307156258
0 0.32614908073541166 0.6632162958992227 0.03530975219824141 0.018314124899490754
0 0.3859612310151878 0.6660814794961136 0.0313189448441247 0.021752881265076386
0 0.4527517985611511 0.6681827928169392 0.03957434052757794 0.026719378182792818
0 0.24056155075939248 0.6794532296971322 0.01964828137490008 0.014108818011257036
0 0.2945343725019984 0.6828919860627177 0.026766586730615508 0.008759045832216563
0 0.3701538768984812 0.6836558563387831 0.039578337330135896 0.020986330742428304
0 0.36815747402078336 0.7052425623157331 0.22243405275779377 0.029766818547306353
0 0.34166866506794563 0.7252988474939694 0.25148880895283776 0.025561511659072635
0 0.35121302957633893 0.7417287590458321 0.033029576338928855 0.014859287054409006
0 0.2956734612310152 0.7636960600375234 0.09797162270183853 0.025170195658000535
0 0.4086051159072742 0.7661806486196729 0.07033772981614708 0.013326186009112838
0 0.48095123900879294 0.7673277941570624 0.00482414068745004 0.007303671937818279
0 0.23913669064748203 0.7785982310372553 0.03161870503597122 0.017622621281157866
0 0.4120243804956035 0.7845188957384079 0.014512390087929657 0.012559635486464755
0 0.458876898481215 0.7864299115518628 0.018211430855315746 0.011793084963816671
0 0.2585051958433253 0.7971160546770303 0.043013589128697044 0.019509514875368537
0 0.3336970423661071 0.802079871348164 0.033884892086330935 0.007995175556151165
0 0.3809772182254197 0.8080005360493165 0.04128697042366107 0.02136692575716966
0 0.23942246203037568 0.8200375234521576 0.04927857713828937 0.012637362637362638
0 0.33312749800159874 0.8225194317877245 0.03160671462829736 0.014486732779415706
0 0.42227617905675463 0.8229027070490486 0.09255395683453237 0.013722862503350308
0 0.3046482813749001 0.8439158402573037 0.17289368505195843 0.02219512195121951
0 0.31959832134292565 0.8825033503082284 0.04385491606714628 0.019059233449477353
0 0.3594744204636291 0.8901420530688823 0.019928057553956834 0.02822567676226213
0 0.23814148681055158 0.9027526132404181 0.058677058353317345 0.0321415170195658
0 0.4510431654676259 0.9316001072098633 0.06292965627498001 0.0401688555347092
0 0.16237210231814547 0.6632243366389707 0.01766986410871303 0.015314928973465558
0 0.14656274980015987 0.7010479764138301 0.10850719424460432 0.03442508710801394
0 0.5327238209432454 0.08409273653176093 0.025545563549160672 0.017842401500938083
0 0.5987849720223821 0.08147413562047709 0.03048361310951239 0.020270704904851247
0 0.6436111111111111 0.08619136960600375 0.03934052757793765 0.02131868131868132
0 0.7167106314948042 0.08147413562047709 0.08181654676258994 0.02097024926293219
0 0.5358493205435652 0.10454837845081748 0.042224220623501195 0.019587242026266417
0 0.5847122302158274 0.10227552934870007 0.03100519584332534 0.01713749664969177
0 0.6582014388489208 0.12692039667649424 0.25408273381294966 0.023784508174752077
0 0.6519544364508394 0.14212543554006968 0.26765787370103916 0.018509782900026802
0 0.5411910471622702 0.16502278209595284 0.04977218225419664 0.022350576253015276
0 0.6486910471622702 0.18162690967569015 0.11882693844924061 0.022696328062181723
0 0.6355315747402078 0.20399892790136692 0.10501598721023181 0.02129455909943715
0 0.6760551558752997 0.22602251407129456 0.16990407673860913 0.024784240150093808
0 0.6657613908872901 0.24594746716697935 0.06018784972022382 0.020584293755025462
0 0.6261490807354116 0.38156526400428836 0.039864108713029575 0.017099973197534174
0 0.6862210231814548 0.38628249798981507 0.03647282174260592 0.023042079871348164
0 0.752156274980016 0.3836638970785312 0.03910871302957634 0.02135352452425623
0 0.5951378896882494 0.4004422406861431 0.022160271782573942 0.02135620477083892
0 0.5396282973621104 0.40271508978826054 0.016944444444444446 0.016813186813186814
0 0.6781414868105515 0.4023639774859287 0.06044764188649081 0.01674618064861967
0 0.672406075139888 0.4228142589118199 0.22828137490007994 0.026880192977753955
0 0.655341726618705 0.44361297239346015 0.281209032773781 0.023730903243098365
0 0.6507773780975219 0.4623157330474404 0.03386890487609912 0.014288394532296972
0 0.6903916866506794 0.48032162958992225 0.030765387689848118 0.016129723934601985
0 0.7339128697042366 0.4831171267756634 0.03490607513988809 0.012535513267220586
0 0.7843405275779377 0.48329134280353797 0.0038908872901678654 0.009488072902707048
0 0.6257593924860112 0.48224336638970783 0.046398880895283774 0.015081747520771911
0 0.571552757793765 0.48032162958992225 0.05369304556354916 0.01752881265076387
0 0.5414528377298161 0.5002465826856071 0.038834932054356515 0.014735995711605467
0 0.7122821742605916 0.5018118466898954 0.014058752997601917 0.01079871348164031
0 0.764402478017586 0.49848834092736527 0.02447841726618705 0.01674350040203699
0 0.5535711430855316 0.5189413025998392 0.03857513988808953 0.016472795497185742
0 0.6340987210231815 0.520511927097293 0.036474820143884895 0.013243098365049584
0 0.6830935251798561 0.5275073706781024 0.05369904076738609 0.02381399088716162
0 0.5409312549960033 0.5416644331278477 0.05707833733013589 0.015775931385687482
0 0.6252378097521982 0.542361297239346 0.019816147082334132 0.012280889841865452
0 0.7038129496402878 0.540613776467435 0.06177857713828937 0.019273653176092198
0 0.7647961630695443 0.5400911283838112 0.046145083932853714 0.0175234521575985
0 0.6501298960831335 0.5677083891718038 0.2749540367705835 0.03011525060305548
0 0.6172881694644284 0.6056231573304743 0.04768185451638689 0.02338515143393192
0 0.7389948041566746 0.6049236129723934 0.008617106314948041 0.010174216027874565
0 0.661724620303757 0.6070222460466363 0.016690647482014386 0.024157062449745376
0 0.5560471622701839 0.6225783972125436 0.08574740207833732 0.021712677566336103
0 0.7539788169464429 0.6421522380058965 0.06304956035171863 0.02512463146609488
0 0.5282913669064748 0.6674912891986062 0.03075539568345324 0.010871080139372822
0 0.5983952837729816 0.6660922004824444 0.03440847322142286 0.014366121683194854
0 0.6410051958433254 0.6685392656124364 0.041968425259792164 0.02764942374698472
0 0.7148860911270983 0.6629455909943714 0.08233812949640287 0.02408737603859555
0 0.5333733013589129 0.6879415706244975 0.04665267785771383 0.020313588850174216
0 0.5795003996802558 0.6914366121683195 0.03204836131095124 0.025907263468239076
0 0.6615887290167866 0.7078638434735995 0.2514768185451639 0.03072098633074243
0 0.6501219024780176 0.7230715625837577 0.2759752198241407 0.013588850174216028
0 0.5564388489208634 0.7466711337443045 0.09069744204636292 0.02312248726882873
0 0.6299280575539568 0.764671669793621 0.0927677857713829 0.02406861431251675
0 0.6329236610711431 0.7891342803537926 0.10866306954436451 0.02827392120075047
0 0.6601578737010392 0.8106325381935138 0.14332334132693847 0.024422406861431253
0 0.6462170263788969 0.8284615384615384 0.06279576338928858 0.02022514071294559
0 0.8716506794564348 0.3866255695523988 0.02005395683453237 0.019563119807022245
0 0.8524940047961631 0.4215867059769499 0.12039168665067947 0.028686679174484052